,Timestamp,Quality,Lat,Lon
0,1626844017445,3.0,47.34627889003605,5.708248307928443
1,1626844023194,3.0,47.34627889003605,5.708248307928443
2,1626844029197,9.5,47.25614132825285,5.559718636795878
3,1626844035192,2.0,47.256053192540996,5.559216728433967
4,1626844041191,1.5,47.25573199801146,5.559258973225951
5,1626844047193,1.5,47.255289265885956,5.559072056785227
6,1626844053222,1.5,47.25464134477078,5.558790005743504
7,1626844059194,1.5,47.253903527744114,5.558464955538511
8,1626844065218,1.0,47.25302120670676,5.5580605287104845
9,1626844071191,3.0,47.25198604166508,5.557592650875449
10,1626844077189,1.5,47.25094861350954,5.5571013037115335
11,1626844083192,1.5,47.249773889780045,5.556523120030762
12,1626844089191,1.5,47.24852695595472,5.5559692438691854
13,1626844095191,2.5,47.247262923046954,5.555524751543999
14,1626844101195,1.5,47.24609259981662,5.555037595331669
15,1626844107184,1.5,47.24490790162236,5.5545078590512285
16,1626844113185,1.5,47.24370547570289,5.553989438340068
17,1626844119214,1.5,47.242528446950026,5.553409494459629
18,1626844125186,2.0,47.241394249722354,5.552557557821274
19,1626844131183,2.0,47.24018666893244,5.551702016964555
20,1626844137186,1.5,47.238938855007284,5.550815043970943
21,1626844143184,1.5,47.237711241468794,5.549956988543272
22,1626844149185,2.0,47.236502948217094,5.549128940328956
23,1626844155184,2.0,47.23522692918778,5.548421340063214
24,1626844161185,2.0,47.233929494395845,5.548204081133008
25,1626844167186,1.5,47.23272933159024,5.547805605456233
26,1626844173184,1.5,47.23151529673487,5.547290788963437
27,1626844179188,1.5,47.230254993774004,5.546759124845266
28,1626844185226,1.5,47.22895005717874,5.54622276686132
29,1626844191196,1.5,47.22764302510768,5.545678278431296
30,1626844197194,1.5,47.226353092119105,5.545111494138837
31,1626844203196,2.0,47.22506764344872,5.544548146426678
32,1626844209194,2.0,47.223811740986996,5.543952360749245
33,1626844215195,2.0,47.22252847161143,5.543480962514877
34,1626844221165,2.0,47.22120119724423,5.543265463784337
35,1626844227167,2.0,47.21987036056817,5.543079385533929
36,1626844233166,2.0,47.218621582724154,5.542905544862151
37,1626844239157,2.0,47.217464921996005,5.542487874627113
38,1626844245165,1.5,47.21622921992093,5.541809946298598
39,1626844251167,1.5,47.214940208941705,5.541252633556724
40,1626844257166,1.5,47.21363615244627,5.540722729638219
41,1626844263167,2.0,47.21238041762263,5.540209086611867
42,1626844269187,2.0,47.21121503971518,5.539221111685038
43,1626844275184,2.0,47.209963244386024,5.538216792047024
44,1626844281176,1.5,47.20868525560945,5.537164276465774
45,1626844287167,3.0,47.207498755306005,5.535911852493882
46,1626844293168,2.5,47.206428050994866,5.534611735492945
47,1626844299167,2.0,47.205452146008604,5.533384038135409
48,1626844305149,2.0,47.20452783163637,5.532217863947153
49,1626844311167,2.0,47.20365364104509,5.531110530719161
50,1626844317168,1.5,47.20281997695565,5.53007016889751
51,1626844323167,2.0,47.202055882662535,5.529170036315918
52,1626844329168,1.5,47.201252980157726,5.528358165174723
53,1626844335195,2.0,47.20049684867263,5.527592729777098
54,1626844341168,2.5,47.19986393116415,5.526897283270955
55,1626844347166,2.5,47.19928817823529,5.526241483166814
56,1626844353167,3.0,47.198844021186225,5.525584844872356
57,1626844359159,4.5,47.198461177758865,5.524878082796931
58,1626844365156,3.0,47.1980767417699,5.524289673194289
59,1626844371159,2.5,47.197694317437715,5.523917516693473
60,1626844377160,2.5,47.197387246415026,5.52367452532053
61,1626844383179,2.5,47.197079504840076,5.523401107639074
62,1626844389159,3.5,47.19670290593058,5.523485764861107
63,1626844395160,3.0,47.19641821458936,5.523761780932546
64,1626844401159,2.5,47.19615162815899,5.523821040987968
65,1626844407160,2.5,47.196001801639795,5.523416195064783
66,1626844413159,2.5,47.19569502398372,5.522808926180005
67,1626844419162,4.5,47.19529214780778,5.521907201036812
68,1626844425161,2.5,47.194756250828505,5.520916627719998
69,1626844431161,2.5,47.19413372687995,5.519737880676985
70,1626844437160,4.0,47.193541922606535,5.518618980422616
71,1626844443153,3.0,47.192943412810564,5.517510138452053
72,1626844449160,3.5,47.19234926160425,5.516370199620724
73,1626844455160,3.0,47.19171730801463,5.515161696821451
74,1626844461160,3.0,47.19106854870915,5.51388337276876
75,1626844467161,3.0,47.19041840638965,5.51263882778585
76,1626844473160,3.5,47.18977878335863,5.511419512331486
77,1626844479161,3.5,47.18908660579473,5.510129705071449
78,1626844485161,3.0,47.18836215790361,5.508816344663501
79,1626844491161,3.0,47.18762593343854,5.507431570440531
80,1626844497213,2.5,47.18685685191304,5.506031541153789
81,1626844503160,4.0,47.186005627736456,5.504597229883075
82,1626844509218,5.0,47.185062495991595,5.503032580018044
83,1626844515162,3.5,47.18414744362235,5.501605644822121
84,1626844521171,3.5,47.18327392358333,5.50024040043354
85,1626844527161,2.5,47.182274046353996,5.498794438317418
86,1626844533161,2.0,47.1811193972826,5.497437156736852
87,1626844539171,1.5,47.17988692224026,5.496241310611367
88,1626844545172,2.0,47.17866823542863,5.495051499456167
89,1626844551171,2.5,47.17745964881033,5.494414139539003
90,1626844557172,2.0,47.17629318125547,5.494495024904609
91,1626844563171,4.5,47.17527771368623,5.494704153388739
92,1626844569171,2.5,47.1749351033941,5.49478629603982
93,1626844575171,2.5,47.1749351033941,5.49478629603982
94,1626844581110,2.5,47.1749351033941,5.49478629603982
95,1626844587143,2.5,47.1749351033941,5.49478629603982
96,1626844593143,2.5,47.1749351033941,5.49478629603982
97,1626844599161,2.5,47.1749351033941,5.49478629603982
98,1626844605132,2.5,47.1749351033941,5.49478629603982
99,1626844611133,2.5,47.1749351033941,5.49478629603982
100,1626844617143,2.5,47.1749351033941,5.49478629603982
101,1626844623134,2.5,47.1749351033941,5.49478629603982
102,1626844629133,2.5,47.1749351033941,5.49478629603982
103,1626844635134,2.5,47.1749351033941,5.49478629603982
104,1626844641144,2.5,47.1749351033941,5.49478629603982
105,1626844647122,2.5,47.1749351033941,5.49478629603982
106,1626844653143,2.5,47.1749351033941,5.49478629603982
107,1626844659144,2.5,47.1749351033941,5.49478629603982
108,1626844665143,2.5,47.1749351033941,5.49478629603982
109,1626844671144,2.5,47.1749351033941,5.49478629603982
110,1626844677143,2.5,47.1749351033941,5.49478629603982
111,1626844683144,2.5,47.1749351033941,5.49478629603982
112,1626844689144,2.5,47.1749351033941,5.49478629603982
113,1626844695144,2.5,47.1749351033941,5.49478629603982
114,1626844701184,2.5,47.1749351033941,5.49478629603982
115,1626844707142,2.5,47.1749351033941,5.49478629603982
116,1626844713121,2.5,47.1749351033941,5.49478629603982
117,1626844719141,2.5,47.1749351033941,5.49478629603982
118,1626844725136,2.5,47.1749351033941,5.49478629603982
119,1626844731164,2.5,47.1749351033941,5.49478629603982
120,1626844737137,2.5,47.1749351033941,5.49478629603982
121,1626844743136,2.5,47.1749351033941,5.49478629603982
122,1626844749137,2.5,47.1749351033941,5.49478629603982
123,1626844755184,2.5,47.1749351033941,5.49478629603982
124,1626844761136,2.5,47.1749351033941,5.49478629603982
125,1626844767136,2.5,47.1749351033941,5.49478629603982
126,1626844773136,2.5,47.1749351033941,5.49478629603982
127,1626844779136,2.5,47.1749351033941,5.49478629603982
128,1626844785166,2.5,47.1749351033941,5.49478629603982
129,1626844791136,2.5,47.1749351033941,5.49478629603982
130,1626844797167,2.5,47.1749351033941,5.49478629603982
131,1626844803137,2.5,47.1749351033941,5.49478629603982
132,1626844809137,2.5,47.1749351033941,5.49478629603982
133,1626844815163,2.5,47.1749351033941,5.49478629603982
134,1626844821137,2.5,47.1749351033941,5.49478629603982
135,1626844827140,2.5,47.1749351033941,5.49478629603982
136,1626844833138,18.5,47.12856624741107,5.495225256308913
137,1626844839148,10.5,47.127146520651884,5.494780093431473
138,1626844845146,6.0,47.12624525651336,5.494615556672216
139,1626844851147,3.5,47.12538187857717,5.494479099288583
140,1626844857148,3.0,47.12444792501629,5.494389832019807
141,1626844863178,3.0,47.12341418489814,5.494300480931997
142,1626844869147,4.5,47.12224847171456,5.494171902537347
143,1626844875148,3.0,47.12095644325018,5.494184559211135
144,1626844881147,2.5,47.119642915204174,5.4945098608732215
145,1626844887201,4.5,47.11837879847735,5.495125260204077
146,1626844893147,3.0,47.1171922981739,5.496026733890176
147,1626844899147,2.5,47.116159605793655,5.497219059616327
148,1626844905148,2.5,47.11532464250922,5.498418090865017
149,1626844911148,3.0,47.11454550269991,5.499545121565461
150,1626844917181,4.0,47.113623702898614,5.500304941087961
151,1626844923165,3.0,47.112765312194824,5.500493785366416
152,1626844929209,3.0,47.111893091350794,5.500323800370097
153,1626844935150,2.0,47.111143497750156,5.500127747654915
154,1626844941120,2.5,47.1106803137809,5.499954326078296
155,1626844947147,2.0,47.11060466710478,5.499582253396512
156,1626844953119,2.0,47.110626501962535,5.498940870165825
157,1626844959119,2.0,47.110663801431656,5.498086167499423
158,1626844965120,1.5,47.11068131960928,5.497232722118497
159,1626844971119,2.0,47.110682870261364,5.495881726965308
160,1626844977120,2.0,47.110605295747526,5.494573563337326
161,1626844983119,4.5,47.110426006838686,5.493061551824212
162,1626844989120,2.5,47.110143578611314,5.491515090689063
163,1626844995119,2.0,47.109665600582964,5.489755980670452
164,1626845001119,2.0,47.10913435555994,5.487972730770707
165,1626845007120,3.0,47.10859627928585,5.486195515841246
166,1626845013150,2.0,47.10802978835999,5.484365243464708
167,1626845019146,1.5,47.107481444254525,5.48254813067615
168,1626845025120,2.0,47.10692999884486,5.4807916190475225
169,1626845031180,4.5,47.10649330168962,5.478984145447612
170,1626845037120,2.5,47.106334045529366,5.477514462545514
171,1626845043121,2.5,47.1061293175444,5.475960290059447
172,1626845049119,2.0,47.10557841695846,5.474568139761686
173,1626845055106,2.5,47.10469316225499,5.473598437383771
174,1626845061119,2.5,47.103719478473074,5.472994772717357
175,1626845067120,3.0,47.10276507306844,5.472416589036584
176,1626845073120,3.0,47.10185957606882,5.471919877454639
177,1626845079151,3.5,47.101172930561006,5.471545625478028
178,1626845085121,1.5,47.10076846182346,5.471195094287396
179,1626845091122,2.0,47.100602583959706,5.4707630909979335
180,1626845097123,2.5,47.100321287289255,5.470476765185595
181,1626845103122,2.0,47.099958183243864,5.470588663592935
182,1626845109114,2.0,47.09957911167294,5.470380708575249
183,1626845115123,2.5,47.09885160438717,5.469873184338212
184,1626845121179,2.0,47.09807435050607,5.469321236014366
185,1626845127122,4.0,47.09717853460461,5.4686961974948645
186,1626845133191,2.5,47.09600917529315,5.468197474256158
187,1626845139122,2.0,47.09473831113428,5.467961858958006
188,1626845145207,4.0,47.09328954108059,5.467695901170373
189,1626845151122,2.5,47.09192676935346,5.4674415942281485
190,1626845157123,2.0,47.090553143061705,5.467221569269896
191,1626845163123,2.0,47.08931534551085,5.467008920386434
192,1626845169123,2.0,47.08807499147952,5.466770958155394
193,1626845175122,2.5,47.08674759138376,5.466531487181783
194,1626845181124,2.0,47.08540916908533,5.466283550485969
195,1626845187123,2.0,47.084068777039654,5.4660403076559305
196,1626845193124,2.0,47.08271740470082,5.465783067047597
197,1626845199123,2.0,47.08139767404646,5.465537812560797
198,1626845205121,2.5,47.08020668942481,5.4650351498276
199,1626845211123,2.5,47.07914365455508,5.464246161282063
200,1626845217123,1.5,47.07822709344328,5.463244691491127
201,1626845223124,1.5,47.077376288361855,5.462140291929245
202,1626845229123,3.5,47.07648298703135,5.461010159924626
203,1626845235120,2.0,47.07555431406945,5.459793442860246
204,1626845241124,1.5,47.07470216788352,5.458678901195526
205,1626845247124,1.5,47.07383732311428,5.457569221034646
206,1626845253123,1.5,47.072998629882925,5.4564871173352
207,1626845259124,2.0,47.07216123584658,5.455500148236752
208,1626845265123,2.0,47.07122195977718,5.454685343429446
209,1626845271170,2.0,47.07018428016454,5.453983191400766
210,1626845277118,2.0,47.06907937768847,5.45333007350564
211,1626845283124,2.5,47.067972673103206,5.452682487666607
212,1626845289126,1.5,47.06690850667656,5.451949657872318
213,1626845295127,1.5,47.06580364611,5.451191933825612
214,1626845301117,2.0,47.06466006115079,5.450462205335498
215,1626845307096,5.0,47.06358688417822,5.4498447105288506
216,1626845313095,7.0,47.062416225671775,5.4491796903312215
217,1626845319095,3.5,47.061296696774654,5.448521878570318
218,1626845325088,2.0,47.060180604457855,5.447649238631129
219,1626845331088,2.5,47.05910231452435,5.446440987288952
220,1626845337088,2.0,47.05815976951271,5.444931825622916
221,1626845343088,1.5,47.05723449122161,5.443389052525163
222,1626845349111,1.5,47.05633389763535,5.441864971071482
223,1626845355087,1.5,47.05544348806143,5.440427307039499
224,1626845361089,4.0,47.054622899740934,5.439073126763105
225,1626845367095,2.5,47.05388738773764,5.437945928424597
226,1626845373097,2.0,47.05333032645286,5.437005311250687
227,1626845379096,2.0,47.05306742805988,5.4363250359892845
228,1626845385097,2.0,47.05305493902415,5.435781218111515
229,1626845391076,2.0,47.052692254073925,5.4354718420654535
230,1626845397090,2.0,47.052192399278276,5.435090130195022
231,1626845403098,3.5,47.05168927554041,5.434314301237464
232,1626845409099,2.0,47.05108267720789,5.4333086404949436
233,1626845415098,2.0,47.05040525179356,5.432157721370459
234,1626845421099,1.5,47.04964191187173,5.430923653766513
235,1626845427150,1.5,47.04883959610015,5.4296267218887815
236,1626845433099,1.5,47.048060204833746,5.428346805274487
237,1626845439131,1.5,47.04731459263712,5.4271139949560165
238,1626845445099,1.5,47.046607243828475,5.425974475219847
239,1626845451100,1.5,47.045981409028165,5.424963952973485
240,1626845457099,1.5,47.04547895584256,5.42412324808538
241,1626845463147,4.0,47.04521098639815,5.423436015844345
242,1626845469098,2.5,47.04491263255477,5.4231587424874315
243,1626845475099,1.5,47.04450791236013,5.422561867162585
244,1626845481098,2.5,47.044010907411575,5.421780170872808
245,1626845487099,1.5,47.04342999961227,5.420835698023439
246,1626845493099,1.5,47.04274222254753,5.4197424463927755
247,1626845499100,2.0,47.0419931318611,5.418514749035238
248,1626845505100,2.0,47.041179458610706,5.417192000895739
249,1626845511099,1.5,47.04023481812328,5.415924908593297
250,1626845517099,3.0,47.03906759619713,5.415025111287832
251,1626845523100,2.0,47.03773491550237,5.414640633389354
252,1626845529099,2.0,47.03639783430845,5.41434969753027
253,1626845535090,2.0,47.03514909837396,5.413549728691578
254,1626845541121,2.0,47.03410831745714,5.412210552021861
255,1626845547081,2.0,47.033282155171044,5.410630479454994
256,1626845553092,1.5,47.03256181441248,5.408992655575275
257,1626845559091,1.5,47.03184562269598,5.407360028475523
258,1626845565130,1.5,47.03112595248968,5.405686413869262
259,1626845571099,1.5,47.03039215877652,5.404011039063335
260,1626845577101,1.5,47.02975341584535,5.402257964015007
261,1626845583101,1.5,47.02922258991748,5.400438085198402
262,1626845589100,1.5,47.0287788938731,5.398588702082634
263,1626845595154,1.5,47.02820674516261,5.396750969812274
264,1626845601100,2.0,47.027532546780996,5.395051119849086
265,1626845607131,1.5,47.02672763261944,5.3934576362371445
266,1626845613100,2.0,47.02585436403752,5.3919473849236965
267,1626845619103,2.0,47.02494698110968,5.390459429472685
268,1626845625103,2.0,47.02405875083059,5.389013551175594
269,1626845631102,2.0,47.02318041119725,5.387555016204715
270,1626845637103,2.0,47.02228342182935,5.3860864229500285
271,1626845643102,2.5,47.02139108441771,5.384605173021555
272,1626845649103,2.5,47.02049811836332,5.383131382986903
273,1626845655072,2.5,47.01959614176303,5.381646445021033
274,1626845661103,3.0,47.01869387179613,5.380168799310923
275,1626845667103,3.0,47.01779097318649,5.3786789160221815
276,1626845673134,2.5,47.01688589528203,5.377200935035943
277,1626845679074,2.5,47.01599066611379,5.375713314861059
278,1626845685074,2.0,47.01509719714522,5.374214882031083
279,1626845691104,2.0,47.01417217031121,5.372769674286246
280,1626845697072,2.5,47.013276438228786,5.3712834790349016
281,1626845703072,2.0,47.01237320434302,5.369794936850667
282,1626845709074,2.5,47.0114674558863,5.368314692750573
283,1626845715075,2.0,47.01055982150138,5.366833945736289
284,1626845721073,2.0,47.00966245494782,5.365374572575091
285,1626845727075,2.0,47.008798699826,5.363943697884679
286,1626845733051,2.5,47.0079466374591,5.362550625577568
287,1626845739050,2.5,47.0071143982932,5.361158223822713
288,1626845745075,2.0,47.006317069754,5.359795829281211
289,1626845751075,3.0,47.005552304908626,5.358458580449224
290,1626845757104,2.0,47.00483217369765,5.3572086710482845
291,1626845763075,2.0,47.00418383348733,5.356094129383563
292,1626845769075,2.0,47.00370820239186,5.355349145829678
293,1626845775075,2.0,47.0035907300189,5.3548885602504015
294,1626845781085,3.5,47.003406034782536,5.3546008095145226
295,1626845787075,2.0,47.003116398118436,5.354446498677135
296,1626845793079,4.0,47.00274537317454,5.3538795467466125
297,1626845799075,2.0,47.00224941596389,5.353180998936296
298,1626845805076,2.0,47.001751069910824,5.352449342608453
299,1626845811075,2.0,47.000964637845755,5.351252825930715
300,1626845817077,2.0,47.00022988021374,5.350080449134111
301,1626845823104,3.0,46.99943498242647,5.3487842716276655
302,1626845829076,2.0,46.99856900610029,5.347400754690169
303,1626845835076,1.5,46.99768077582121,5.345947667956351
304,1626845841076,3.0,46.996782529167824,5.344463651999831
305,1626845847076,2.0,46.99587984010577,5.342979384586215
306,1626845853075,2.0,46.994968517683446,5.341519257053734
307,1626845859075,2.0,46.99406063184142,5.340052340179682
308,1626845865075,2.0,46.993152787908905,5.3385810647159815
309,1626845871076,2.0,46.99224272277206,5.337107107043267
310,1626845877076,2.0,46.99133563321084,5.335626108571887
311,1626845883076,2.0,46.99045050423592,5.33417704515159
312,1626845889107,2.0,46.989579917863004,5.33276142552495
313,1626845895100,2.0,46.98873850051314,5.331370197236538
314,1626845901075,1.5,46.98791724164039,5.330015765503049
315,1626845907077,1.5,46.987105035223074,5.32868430018425
316,1626845913075,2.0,46.986319567076855,5.3273726999759665
317,1626845919076,2.0,46.985542187467225,5.326094878837465
318,1626845925076,3.0,46.98479351587594,5.324863828718662
319,1626845931129,2.0,46.98405502829701,5.323652559891342
320,1626845937078,2.0,46.983332256786525,5.322488900274038
321,1626845943079,2.0,46.98266015388072,5.321402354165913
322,1626845949133,1.5,46.98204052168876,5.3204122837632895
323,1626845955086,2.0,46.981467744335525,5.319470325484872
324,1626845961099,1.5,46.98097425978631,5.318667171522974
325,1626845967078,2.0,46.98048966005445,5.317874997854234
326,1626845973080,3.0,46.97997828014196,5.317033203318715
327,1626845979080,2.0,46.979396156966686,5.3160888981074095
328,1626845985079,2.0,46.97875913232565,5.315051637589932
329,1626845991080,2.0,46.9781471695751,5.314012616872788
330,1626845997079,1.5,46.97746882215142,5.312940487638117
331,1626846003079,2.0,46.97678925935179,5.311848325654863
332,1626846009079,1.5,46.976138027384884,5.3107901103794575
333,1626846015080,1.5,46.97550196666271,5.3097522631287575
334,1626846021079,1.5,46.974854841828346,5.30869798734784
335,1626846027078,1.5,46.974146026186645,5.3075794223695985
336,1626846033050,1.5,46.973351421765976,5.306317023932934
337,1626846039079,1.5,46.97248087730259,5.304921939969064
338,1626846045050,1.5,46.97163107804953,5.303446473553778
339,1626846051095,1.5,46.970777339301996,5.3020538203418255
340,1626846057038,1.5,46.96995059028268,5.300698969513178
341,1626846063050,1.5,46.96913301944733,5.299373622983693
342,1626846069051,1.5,46.96834252215921,5.298081133514644
343,1626846075050,2.0,46.967567447572954,5.296825859695673
344,1626846081051,2.0,46.96681165136396,5.295614171773195
345,1626846087051,2.0,46.9660984352231,5.2943962812423715
346,1626846093051,2.0,46.96561978664249,5.2932645566761485
347,1626846099051,3.5,46.96517076808959,5.2922133821994075
348,1626846105050,2.0,46.96466173511,5.290954168885946
349,1626846111051,1.5,46.96414809208363,5.289541650563479
350,1626846117052,2.0,46.963677322491996,5.2879951894283295
351,1626846123051,1.5,46.96325282100588,5.286260638386012
352,1626846129091,1.5,46.96285631507635,5.284431204199791
353,1626846135036,3.0,46.9625860825181,5.282485261559486
354,1626846141051,2.0,46.96243688464165,5.280526410788298
355,1626846147053,1.5,46.96230386383832,5.278546689078212
356,1626846153051,1.5,46.96220923215151,5.276581300422548
357,1626846159080,2.0,46.96209645364434,5.274599064141512
358,1626846165106,1.5,46.96187227964401,5.272653372958303
359,1626846171051,1.5,46.961671868339174,5.27069971896708
360,1626846177053,1.5,46.961489645764225,5.268775653094052
361,1626846183051,1.5,46.96129195857793,5.266871117055416
362,1626846189052,1.5,46.961101521737874,5.264929533004762
363,1626846195051,2.0,46.960909953340895,5.262976298108698
364,1626846201051,2.0,46.96082722395658,5.261025661602616
365,1626846207052,1.5,46.96076226420701,5.259113749489188
366,1626846213082,1.5,46.9607019983232,5.2571899350732565
367,1626846219054,1.5,46.96063594892621,5.255275843665004
368,1626846225063,1.5,46.96056809742004,5.253254631534219
369,1626846231054,1.5,46.960508711636066,5.2513006422668695
370,1626846237053,2.0,46.96043344214559,5.249403985217214
371,1626846243051,1.5,46.96036764420568,5.247583016753198
372,1626846249083,1.5,46.96033151820302,5.246156081557273
373,1626846255054,1.5,46.96029245853424,5.244987728074194
374,1626846261055,1.5,46.9602558715269,5.2439888566732415
375,1626846267054,1.5,46.96022703777999,5.243116803467274
376,1626846273046,1.5,46.96020419709384,5.242376513779163
377,1626846279054,2.0,46.96019527036697,5.241849459707738
378,1626846285083,2.0,46.96015507914125,5.241174045950173
379,1626846291054,2.5,46.960136471316225,5.240369886159896
380,1626846297045,2.0,46.96011891122907,5.239567654207349
381,1626846303044,2.0,46.96008861064911,5.238789143040776
382,1626846309045,2.0,46.960069499909885,5.238179611042141
383,1626846315044,2.5,46.96002725511789,5.23762590251863
384,1626846321045,2.0,46.95999594870955,5.2367551904171705
385,1626846327045,2.5,46.959965648129575,5.235622208565474
386,1626846333045,2.0,46.95990039501339,5.234283534809947
387,1626846339045,2.0,46.95981590542942,5.233017364516853
388,1626846345045,3.0,46.95969696622342,5.2310231421142825
389,1626846351075,2.5,46.95955355186016,5.2291401475667945
390,1626846357045,2.0,46.959409466944635,5.227196551859379
391,1626846363047,2.5,46.959285917691886,5.225266115739942
392,1626846369047,2.0,46.95916291326285,5.2233126293867835
393,1626846375046,1.5,46.95902545005083,5.221348749473692
394,1626846381047,2.0,46.95890278089792,5.2193857077509165
395,1626846387047,2.0,46.95877575315536,5.217372793704271
396,1626846393047,1.5,46.95865362882614,5.215469263494015
397,1626846399047,1.5,46.9585255952552,5.213611498475076
398,1626846405027,1.5,46.95837530773133,5.21170268766582
399,1626846411027,1.5,46.95823051035404,5.209750374779105
400,1626846417052,2.0,46.95809677708894,5.2077688090503225
401,1626846423031,2.0,46.9579666480422,5.2057977207005015
402,1626846429032,2.0,46.95799162611365,5.203830236569047
403,1626846435030,2.0,46.958360387943685,5.202004658058287
404,1626846441035,2.0,46.95877499878407,5.2001878805458555
405,1626846447026,2.0,46.95920628961176,5.198321146890522
406,1626846453032,1.5,46.959647010080516,5.196442846208812
407,1626846459034,2.0,46.96007712744176,5.194571837782861
408,1626846465039,2.0,46.960500748828046,5.192739553749561
409,1626846471035,1.5,46.960934470407665,5.190861253067852
410,1626846477042,2.0,46.96136094164103,5.1889812760055065
411,1626846483051,2.5,46.96178447920829,5.187097610905767
412,1626846489032,2.5,46.962227756157525,5.185251999646424
413,1626846495031,2.5,46.962629542686045,5.183437904343009
414,1626846501058,2.5,46.96303652599454,5.18165054731071
415,1626846507034,2.0,46.96345989592373,5.179891102015971
416,1626846513034,1.5,46.963850911706686,5.178167447447778
417,1626846519035,3.0,46.96422290056944,5.176547644659877
418,1626846525031,2.0,46.964500425383456,5.175326820462941
419,1626846531036,2.0,46.9643554603681,5.17465735785663
420,1626846537026,2.0,46.96391591336578,5.174159472808243
421,1626846543038,2.0,46.963341166265316,5.173416165634991
422,1626846549044,2.0,46.962643163278706,5.172497509047388
423,1626846555038,2.0,46.96186364628375,5.171485561877488
424,1626846561033,2.0,46.96100106462836,5.170367332175374
425,1626846567060,2.0,46.96009355597197,5.1691856514662495
426,1626846573071,4.0,46.95907704066485,5.167880086228252
427,1626846579034,2.5,46.958124437369406,5.166658507660031
428,1626846585039,2.0,46.957108173519366,5.165352942422032
429,1626846591042,2.0,46.956069488078356,5.164022147655487
430,1626846597106,2.0,46.95505992975086,5.162712475284933
431,1626846603044,2.0,46.95406679995357,5.161435073241592
432,1626846609034,2.0,46.95305170956999,5.160124395042659
433,1626846615036,1.5,46.951873800717294,5.159141365438701
434,1626846621038,1.5,46.95067749358714,5.158262858167292
435,1626846627051,1.5,46.94951266050339,5.157399019226432
436,1626846633062,1.5,46.948355832137175,5.156552027910949
437,1626846639035,2.0,46.94717997685075,5.155674107372762
438,1626846645036,1.5,46.94595261476935,5.154776657000183
439,1626846651037,2.0,46.944752619601786,5.153905106708407
440,1626846657069,2.0,46.943518677726395,5.1529932394623765
441,1626846663037,2.5,46.94233213551343,5.152133088558912
442,1626846669036,3.0,46.941267005167894,5.1513375621289015
443,1626846675044,3.0,46.940318760462105,5.150641947984695
444,1626846681042,3.0,46.9396596075967,5.150165604427457
445,1626846687063,2.5,46.93894513417035,5.1496470998972645
446,1626846693032,2.0,46.93851007148624,5.1493401546031246
447,1626846699062,2.0,46.93808934185654,5.149014350026847
448,1626846705040,2.0,46.937548206187785,5.148631380870938
449,1626846711062,2.5,46.93700233474374,5.148225780576468
450,1626846717042,2.0,46.93652389571071,5.1477056834846735
451,1626846723046,2.0,46.93610685411841,5.146907977759838
452,1626846729040,2.0,46.93574894685298,5.146206999197601
453,1626846735035,2.5,46.93522503599525,5.1451139990240335
454,1626846741036,2.0,46.9347256841138,5.144055699929595
455,1626846747036,2.0,46.934239282272756,5.142917688935995
456,1626846753037,2.0,46.93382882047445,5.141754196956754
457,1626846759054,2.0,46.93344463594257,5.140663962811232
458,1626846765039,2.0,46.93278829101473,5.139595940709113
459,1626846771514,2.0,46.932038571685545,5.138374194502831
460,1626846777506,2.0,46.93129794672132,5.136841228231789
461,1626846783041,2.0,46.93081397563219,5.135765830054879
462,1626846789505,1.5,46.93007125519215,5.1341821532696486
463,1626846795507,1.5,46.929392530582845,5.13271582312882
464,1626846801512,1.5,46.92868065554649,5.131180677562952
465,1626846807511,1.5,46.927914256230004,5.129557689651847
466,1626846813060,2.0,46.9272649101913,5.128166629001498
467,1626846819507,1.5,46.92635870072991,5.126242898404597
468,1626846825513,1.5,46.9256134238094,5.124619072303176
469,1626846831539,2.0,46.92483763676137,5.123098762705922
470,1626846837553,2.0,46.923837717622526,5.121891601011157
471,1626846843507,2.0,46.9227855373174,5.120669268071652
472,1626846849038,1.5,46.92189839668571,5.1196201890707025
473,1626846855511,1.5,46.920655611902475,5.1181464828550824
474,1626846861510,2.0,46.91959064919502,5.116919372230769
475,1626846867507,1.5,46.9185654586181,5.11571053415537
476,1626846873507,2.0,46.91751617006958,5.114500606432556
477,1626846879508,2.0,46.916456194594495,5.1132597494870415
478,1626846885511,1.5,46.91539919469506,5.112046133726835
479,1626846891515,1.5,46.91434500273317,5.110822878777982
480,1626846897546,1.5,46.913290810771294,5.109577747061849
481,1626846903496,2.0,46.91224210895597,5.108341164886952
482,1626846909509,2.0,46.91116985399276,5.107133584097029
483,1626846915526,2.5,46.909900582395494,5.106395138427615
484,1626846921508,2.5,46.90873989835382,5.105410180985928
485,1626846927508,2.0,46.907716384157546,5.104109393432736
486,1626846933508,2.0,46.906869602389634,5.102558406069875
487,1626846939508,2.5,46.905995830893524,5.101032564416529
488,1626846945510,2.5,46.90508266445249,5.099540418013929
489,1626846951510,2.0,46.90430955961346,5.097911981865764
490,1626846957509,1.5,46.90358213614672,5.096360575407744
491,1626846963543,1.5,46.902892137877636,5.0948711950331935
492,1626846969517,1.5,46.90243716817349,5.093908198177815
493,1626846975536,1.5,46.901599774137146,5.0921216793358335
494,1626846981512,2.0,46.900969413109124,5.091053908690809
495,1626846987509,2.5,46.9003218272701,5.0900516007095575
496,1626846993518,2.5,46.89979787450284,5.089249955490232
497,1626846999509,3.0,46.89903621096164,5.088237756863236
498,1626847005524,2.5,46.89841548912228,5.087428232654928
499,1626847011513,2.0,46.89776136539877,5.086568836122751
500,1626847017511,2.0,46.89702229108661,5.0856277998536825
501,1626847023519,2.0,46.89634214155375,5.084736049175263
502,1626847029066,3.0,46.895430944859974,5.083569288253784
503,1626847035544,2.0,46.89428865909576,5.082095665857197
504,1626847041558,2.0,46.89329003915191,5.0807937048375615
505,1626847047511,3.0,46.892247581854456,5.079487720504403
506,1626847053512,2.5,46.891227588057525,5.0781679060310125
507,1626847059481,2.0,46.890242965891964,5.0769106205552825
508,1626847065514,2.0,46.889261780306704,5.075638750568032
509,1626847071481,2.0,46.8882400682196,5.0743287429213515
510,1626847077481,2.0,46.88723675440997,5.073014041408896
511,1626847083481,2.0,46.88622023910284,5.071680061519147
512,1626847089493,2.0,46.885197898373015,5.0703698862344035
513,1626847095059,2.0,46.88438619486988,5.069246459752321
514,1626847101481,2.5,46.883248770609505,5.067661358043552
515,1626847107482,2.5,46.882269261404865,5.066301980987191
516,1626847113514,2.5,46.8812964996323,5.064929025247693
517,1626847119484,2.5,46.88034079503268,5.0635921116918325
518,1626847125492,2.5,46.879386389628046,5.062265256419779
519,1626847131484,2.5,46.878396947868175,5.060894647613168
520,1626847137484,2.5,46.87740486580879,5.059513561427592
521,1626847143485,2.5,46.876438180916004,5.058156196027994
522,1626847149488,2.5,46.87548289541155,5.056833531707525
523,1626847155494,2.5,46.874515120871365,5.0554881524294615
524,1626847161491,2.5,46.87353741377592,5.054137576371431
525,1626847167486,2.5,46.8725727405399,5.052805943414568
526,1626847173484,2.5,46.87161674257368,5.0514743104577065
527,1626847179483,2.5,46.870648046024144,5.050117280334233
528,1626847185025,2.5,46.86984166502953,5.0489901658147565
529,1626847191483,2.5,46.86873018275946,5.047437837347387
530,1626847197483,2.0,46.86773064080626,5.046032527461649
531,1626847203480,2.5,46.86675004195422,5.044672479853034
532,1626847209479,2.5,46.86578792519867,5.043320059776307
533,1626847215022,2.5,46.86499772127718,5.042179953306913
534,1626847221482,2.5,46.863900488242514,5.040616225451232
535,1626847227480,2.0,46.86302101705223,5.039202868938446
536,1626847233480,1.5,46.86210898216814,5.037705274298787
537,1626847239479,1.5,46.86118030920625,5.036156550049783
538,1626847245480,1.5,46.86028969008476,5.034664822742343
539,1626847251480,1.5,46.859413236379616,5.033214082941413
540,1626847257480,2.0,46.858521359972656,5.031751021742822
541,1626847263479,1.5,46.85766548383982,5.030319644138217
542,1626847269480,1.5,46.85682071372866,5.0289052817970505
543,1626847275481,1.5,46.855946774594486,5.0274415500462055
544,1626847281480,1.5,46.855062399990864,5.025969101116062
545,1626847287481,1.5,46.85417006257922,5.0244858395308265
546,1626847293481,2.0,46.85327076818793,5.023006936535238
547,1626847299484,1.5,46.852386225946255,5.0215090066194525
548,1626847305487,2.0,46.85148718301207,5.020039575174451
549,1626847311024,1.5,46.850737798959024,5.0188006460666665
550,1626847317488,1.5,46.84970263391733,5.017063580453397
551,1626847323489,1.5,46.848818762227886,5.01561158336699
552,1626847329488,1.5,46.84796343091875,5.014143828302622
553,1626847335488,1.5,46.847103741019964,5.012704068794847
554,1626847341488,1.5,46.84621358290315,5.0112518202513465
555,1626847347495,1.5,46.845301631838076,5.009753555059434
556,1626847353491,1.5,46.8443986074999,5.008257133886218
557,1626847359517,1.5,46.84350124094635,5.006769681349397
558,1626847365494,1.5,46.842615315690644,5.005280803889036
559,1626847371491,1.5,46.84174627996982,5.003825789317488
560,1626847377025,1.5,46.84098910074681,5.002589877694844
561,1626847383498,1.5,46.839958000928156,5.000890949741006
562,1626847389483,1.5,46.839093449525535,4.999446664005519
563,1626847395084,1.5,46.83840764220804,4.998309155926108
564,1626847401484,2.0,46.83751434087753,4.996830336749554
565,1626847407485,1.5,46.836904138326645,4.995842445641756
566,1626847413455,2.0,46.83608426246792,4.994458761066198
567,1626847419426,2.0,46.83540197554976,4.993305243551732
568,1626847425427,2.0,46.834768303669996,4.9922513868659735
569,1626847431456,1.5,46.83419913053513,4.9913277849555024
570,1626847437457,2.5,46.83373037260026,4.990564947947861
571,1626847443023,3.0,46.83337912894786,4.989971676841378
572,1626847449022,2.0,46.83295580092818,4.989273799583317
573,1626847455465,2.0,46.832585530355566,4.988705674186349
574,1626847461460,2.0,46.8319473322481,4.987651230767369
575,1626847467461,2.0,46.83139056432992,4.9866990465670815
576,1626847473468,1.5,46.83087419718504,4.985831771045922
577,1626847479460,2.5,46.830098158679895,4.984538611024618
578,1626847485461,1.5,46.82937723118812,4.9833442736417055
579,1626847491434,1.5,46.82865299284458,4.98216988518834
580,1626847497422,1.5,46.827889820560806,4.98092383146286
581,1626847503442,2.0,46.827112189494066,4.979600999504329
582,1626847509487,1.5,46.82632139883936,4.978308258578182
583,1626847515466,1.5,46.825555879622705,4.9770582653582105
584,1626847521461,1.5,46.824837801978,4.9758755788207045
585,1626847527467,1.5,46.824125172570355,4.974702112376691
586,1626847533463,1.5,46.82341937441379,4.97352747246623
587,1626847539461,1.5,46.82273402810097,4.9723664950579405
588,1626847545464,1.5,46.822077808901675,4.9713021609932175
589,1626847551464,1.5,46.821482735686,4.970353078097106
590,1626847557465,1.5,46.821024036034935,4.9695831164717665
591,1626847563469,1.5,46.82073888368905,4.969118842855097
592,1626847569467,2.0,46.82013584766537,4.968141680583359
593,1626847575499,1.5,46.819763230159886,4.967507841065527
594,1626847581460,2.0,46.81916501373053,4.966532103717327
595,1626847587465,1.5,46.818637037649744,4.965665666386485
596,1626847593032,1.5,46.818224228918545,4.964957227930427
597,1626847599431,1.5,46.817620689980686,4.9639700911939135
598,1626847605459,1.5,46.81710076052696,4.963106336072086
599,1626847611457,2.0,46.81657684966922,4.962248280644417
600,1626847617484,1.5,46.81599648669362,4.9612774048000565
601,1626847623485,1.5,46.81547634769231,4.960427982732654
602,1626847629481,1.5,46.81470990646631,4.959154436364769
603,1626847635482,1.5,46.81399405002594,4.95797828771174
604,1626847641531,1.5,46.81322643533349,4.956731814891099
605,1626847647482,1.5,46.81248643901199,4.955495065078138
606,1626847653481,1.5,46.81179145351052,4.954346492886542
607,1626847659481,1.5,46.81110719684512,4.9532158579677334
608,1626847665481,1.5,46.81041812058538,4.952078517526387
609,1626847671483,1.5,46.80971140041947,4.950913768261671
610,1626847677484,1.5,46.808995963074274,4.949729572981597
611,1626847683035,1.5,46.808377169072635,4.948689965531231
612,1626847689497,2.5,46.807437515817576,4.947126070037483
613,1626847695487,1.5,46.80660272017121,4.945746995508671
614,1626847701498,1.5,46.805789801292114,4.944383427500725
615,1626847707513,1.5,46.80494318716229,4.942976189777255
616,1626847713486,2.0,46.80419723968953,4.941744133830071
617,1626847719487,2.0,46.80317611433566,4.940081750974058
618,1626847725484,2.0,46.8023883830756,4.938767468556762
619,1626847731484,2.0,46.80159465875478,4.937453018501402
620,1626847737514,2.0,46.8007728131488,4.936101185157894
621,1626847743488,2.0,46.79995059035718,4.934754632413386
622,1626847749488,1.5,46.79915875196457,4.933434315025806
623,1626847755487,1.5,46.79835190996528,4.932110058143736
624,1626847761484,1.5,46.797524741850786,4.930724445730449
625,1626847767485,2.0,46.796675152145326,4.9293135199695834
626,1626847773490,2.0,46.79585938341916,4.92795498110354
627,1626847779489,1.5,46.795061761513345,4.9266323167830715
628,1626847785480,1.5,46.79421858396381,4.925250643864273
629,1626847791490,1.5,46.79334967397154,4.923807950690389
630,1626847797465,1.5,46.79250046145171,4.922391073778272
631,1626847803471,2.0,46.79164768662304,4.920990876853466
632,1626847809472,2.0,46.79080061148852,4.919605096802115
633,1626847815470,2.0,46.789953662082546,4.9182088393717995
634,1626847821474,2.0,46.789114968851216,4.9167813174426565
635,1626847827472,2.0,46.788308755494654,4.915425544604659
636,1626847833498,3.0,46.787548516877,4.9141843523830175
637,1626847839469,2.5,46.78686836734414,4.913064278662206
638,1626847845468,2.0,46.78623092360794,4.912041602656245
639,1626847851468,2.0,46.78563698194922,4.911056058481336
640,1626847857499,2.0,46.7851617699489,4.910228764638305
641,1626847863467,2.0,46.78502736613154,4.909857530146836
642,1626847869460,3.0,46.78499534726143,4.9094619043171415
643,1626847875464,2.5,46.78508394397796,4.909168537706137
644,1626847881495,2.0,46.78519383072853,4.908669646829368
645,1626847887048,4.0,46.78550312295556,4.908259017392993
646,1626847893461,2.5,46.78617618978024,4.907828439027071
647,1626847899468,2.5,46.786671853624284,4.907486792653799
648,1626847905472,3.5,46.7876648157835,4.906383315101267
649,1626847911458,2.5,46.788338217884295,4.905118737369777
650,1626847917471,3.5,46.78875375073403,4.903886765241623
651,1626847923468,3.0,46.789002693258226,4.90193503908813
652,1626847929487,2.5,46.78888417314738,4.900262178853153
653,1626847935468,3.0,46.78857328835875,4.898875141516328
654,1626847941469,3.5,46.788042713888,4.897163221612574
655,1626847947471,2.5,46.787455016747124,4.89553009159863
656,1626847953461,2.0,46.786715439520776,4.893748266622424
657,1626847959464,2.0,46.786061651073396,4.892291743308307
658,1626847965471,2.0,46.78550572134554,4.891168903559446
659,1626847971042,3.0,46.78480474278331,4.889913043007255
660,1626847977466,2.5,46.78389254026114,4.888464482501148
661,1626847983469,2.0,46.783058876171715,4.887259667739271
662,1626847989464,1.5,46.782160713337355,4.88601990044117
663,1626847995465,1.5,46.781233507208526,4.884739145636559
664,1626848001464,1.5,46.78029661998153,4.883447913452984
665,1626848007464,1.5,46.77948106080294,4.882084261626005
666,1626848013466,1.5,46.77890857681632,4.880704851821066
667,1626848019034,3.5,46.77849882747978,4.879669854417443
668,1626848025466,1.5,46.77808409091085,4.878566209226847
669,1626848031503,1.5,46.77783778868615,4.877823991701007
670,1626848037465,2.0,46.778021855279796,4.877385031431913
671,1626848043471,2.0,46.77845591213554,4.877196941524744
672,1626848049474,1.5,46.779066910967224,4.876909023150802
673,1626848055472,2.5,46.779732559807606,4.876535525545479
674,1626848061472,1.5,46.78046413231641,4.875921132043004
675,1626848067495,2.0,46.78115283139049,4.8750636633485565
676,1626848073472,1.5,46.78169874474406,4.8742361180484295
677,1626848079464,1.5,46.78245139773935,4.873079415410757
678,1626848085470,1.5,46.78307740017772,4.872138462960719
679,1626848091463,1.5,46.78366677369922,4.871234139427543
680,1626848097466,1.5,46.78422463126481,4.870377257466316
681,1626848103495,1.5,46.78476061206311,4.869555914774537
682,1626848109465,2.0,46.78526859730482,4.868782181292771
683,1626848115492,2.0,46.7856636364013,4.8681972082704315
684,1626848121466,2.5,46.7862392636016,4.867472928017378
685,1626848127468,2.0,46.78673580754548,4.866850655525923
686,1626848133474,2.0,46.78721546195448,4.86634380184114
687,1626848139474,2.0,46.78761561401189,4.86600525677204
688,1626848145482,1.5,46.78795600309968,4.865764696151019
689,1626848151444,2.5,46.78817950654775,4.86581607721746
690,1626848157445,2.0,46.78822816349565,4.866278674453497
691,1626848163446,2.0,46.78812833502889,4.866842944175005
692,1626848169406,2.0,46.787834339775145,4.867276791483164
693,1626848175443,3.0,46.78767005447298,4.867649367079139
694,1626848181446,2.0,46.787888696417205,4.867997970432043
695,1626848187443,2.0,46.78808642551303,4.8682520259171715
696,1626848193445,2.5,46.788570648059256,4.868754353374244
697,1626848199481,2.5,46.788906427100294,4.869361035525799
698,1626848205446,2.5,46.78920704405755,4.870003843680023
699,1626848211445,2.5,46.78953771013767,4.8707414511591205
700,1626848217446,2.5,46.790019627660506,4.871785501018167
701,1626848223444,2.0,46.79047430399805,4.8727800976485005
702,1626848229444,2.0,46.7909258371219,4.873787937685846
703,1626848235402,2.0,46.79145951289684,4.874970708042382
704,1626848241441,2.0,46.79190002381802,4.875947032123803
705,1626848247444,2.5,46.79212968796492,4.876792263239622
706,1626848253457,2.0,46.792162461206324,4.87738729454577
707,1626848259442,2.5,46.79217583034188,4.877768503502012
708,1626848265448,3.0,46.79229669738561,4.8779239878058425
709,1626848271447,2.0,46.79264542646707,4.8778493888676175
710,1626848277446,2.5,46.793177342042334,4.877760373055934
711,1626848283447,2.0,46.793856276199215,4.877627855166793
712,1626848289454,2.0,46.79448110517114,4.877521237358451
713,1626848295437,2.0,46.795276044867926,4.877373715862632
714,1626848301439,2.0,46.79606784135103,4.877222338691354
715,1626848307438,2.0,46.796871917322285,4.8770669382065535
716,1626848313437,2.0,46.79766107350588,4.8769297264516345
717,1626848319469,2.5,46.79840341676025,4.876587409526111
718,1626848325437,2.0,46.798972254618995,4.8758938908576965
719,1626848331435,2.5,46.79953124374151,4.874867610633373
720,1626848337436,2.0,46.80000436026603,4.873957335948943
721,1626848343437,2.5,46.8004884570837,4.8730769008398065
722,1626848349439,3.0,46.80098516866565,4.872176935896277
723,1626848355437,3.0,46.80150757078082,4.871246879920363
724,1626848361442,3.0,46.8020435096696,4.870247505605222
725,1626848367438,2.5,46.80259998422115,4.869207814335823
726,1626848373440,3.0,46.80313156452029,4.868226628750564
727,1626848379447,2.5,46.80363829247654,4.867277210578322
728,1626848385481,2.5,46.804126496426754,4.866391411051153
729,1626848391449,2.5,46.80459089577198,4.865518854930997
730,1626848397452,3.0,46.8050373159349,4.864729279652239
731,1626848403456,3.0,46.8053938401863,4.864115053787828
732,1626848409448,3.0,46.805780748836696,4.86339882016182
733,1626848415449,4.5,46.80618287064136,4.86269423738122
734,1626848421448,3.5,46.80637527722865,4.862307999283075
735,1626848427448,3.0,46.80642452090978,4.861828973516823
736,1626848433451,2.5,46.8065376766026,4.861204270273447
737,1626848439473,2.5,46.806791815906756,4.860433638095857
738,1626848445441,2.5,46.807102742604904,4.8593702260404825
739,1626848451471,4.5,46.807407466694706,4.8583538364619026
740,1626848457451,3.0,46.80772132705897,4.857372902333736
741,1626848463454,2.5,46.80803133174777,4.856438236311078
742,1626848469451,2.5,46.80844271555543,4.8556278739124545
743,1626848475445,2.5,46.80897727143019,4.854958159849048
744,1626848481451,2.5,46.80952494498342,4.854352986440063
745,1626848487462,2.0,46.80995585862547,4.853882677853108
746,1626848493452,4.0,46.810155557468526,4.853703137487173
747,1626848499451,3.5,46.81016783695668,4.853711184114218
748,1626848505451,3.5,46.81021188385785,4.8537054006010285
749,1626848511419,2.5,46.81043966207653,4.8536735493689775
750,1626848517384,2.5,46.810573521070175,4.8533463198691615
751,1626848523420,2.5,46.81055860128254,4.8529302421957246
752,1626848529446,2.5,46.81081454269589,4.8525273241102695
753,1626848535452,3.0,46.81109919212759,4.851910583674909
754,1626848541421,3.0,46.81141866836697,4.851185381412506
755,1626848547421,2.5,46.8117607338354,4.850371917709708
756,1626848553423,2.5,46.81212224531919,4.849542612209916
757,1626848559423,2.0,46.81253643706441,4.848814979195595
758,1626848565422,2.0,46.81301906704903,4.8482595942914495
759,1626848571424,2.0,46.81335451081395,4.847930353134871
760,1626848577500,4.0,46.81375332176685,4.84766255132854
761,1626848583425,2.5,46.81400130037218,4.847511760890483
762,1626848589422,2.0,46.814259965904064,4.847351415082811
763,1626848595423,2.5,46.81442777160555,4.847257202491164
764,1626848601450,2.0,46.814606809057295,4.847435904666781
765,1626848607386,2.0,46.814895146526396,4.847697922959924
766,1626848613423,2.0,46.81529215537012,4.8480581771582365
767,1626848619423,2.0,46.81567944120616,4.848429411649704
768,1626848625426,2.0,46.81634685024619,4.849121589213611
769,1626848631423,2.0,46.816909653134644,4.849548982456327
770,1626848637423,2.0,46.8174177641049,4.8498629685491315
771,1626848643424,2.0,46.818134877830744,4.850188102573156
772,1626848649423,2.0,46.81869784835726,4.850469483062625
773,1626848655423,2.0,46.81915667373687,4.850681712850927
774,1626848661423,2.0,46.81940134149045,4.850794952362777
775,1626848667457,1.5,46.819628113880746,4.85089335590601
776,1626848673483,4.5,46.81974734645337,4.8510073497891435
777,1626848679425,4.0,46.81980803143232,4.8511092737317085
778,1626848685483,5.0,46.82002269197256,4.851297363638878
779,1626848691417,3.0,46.82012951932848,4.850986395031214
780,1626848697423,2.5,46.82021027896553,4.85055623576045
781,1626848703423,2.5,46.820503142662346,4.850047789514066
782,1626848709423,3.5,46.82096385397018,4.8495295364409685
783,1626848715417,2.0,46.82174026966095,4.849005164578556
784,1626848721426,3.0,46.822505579330034,4.8484757635742435
785,1626848727425,2.0,46.823207689449184,4.847603123635054
786,1626848733426,2.5,46.82374027557672,4.8463986441493025
787,1626848739426,3.5,46.82413166854529,4.845349062234163
788,1626848745426,2.5,46.824663626030095,4.843831602483989
789,1626848751417,2.0,46.82508469093591,4.842659560963512
790,1626848757460,2.0,46.82547386270016,4.8416131641715765
791,1626848763435,2.0,46.82569514494389,4.840991059318185
792,1626848769487,2.0,46.82605393230915,4.839891605079174
793,1626848775429,2.0,46.826191144064076,4.8393937200307855
794,1626848781429,2.0,46.82630161754786,4.8389190528541794
795,1626848787427,2.0,46.82644167914986,4.838414127007127
796,1626848793429,2.0,46.82667188812047,4.838031409308313
797,1626848799426,2.5,46.826625284738846,4.837598064914347
798,1626848805429,2.0,46.82671375572682,4.836999345570803
799,1626848811426,3.0,46.826851973310106,4.8360269609838715
800,1626848817425,2.0,46.82700280565769,4.835027754306793
801,1626848823428,3.0,46.82712643872946,4.8338896594941625
802,1626848829431,2.0,46.82712346315384,4.8327499721199265
803,1626848835427,2.0,46.82705422863364,4.831763170659542
804,1626848841431,4.0,46.826974977739155,4.8309929575771084
805,1626848847427,2.5,46.82690104935318,4.830345455557109
806,1626848853427,2.0,46.82681710459293,4.829816473647952
807,1626848859454,2.5,46.82686609681696,4.82921582646668
808,1626848865428,2.5,46.82728686835617,4.828597493469715
809,1626848871426,2.0,46.82779254857451,4.8279374185949555
810,1626848877399,2.0,46.82825673837215,4.827400725334883
811,1626848883400,2.5,46.82881627231836,4.826821871101856
812,1626848889399,2.0,46.829364029690616,4.826293811202048
813,1626848895400,2.0,46.82982369326054,4.8258782364428034
814,1626848901401,2.0,46.83020037598907,4.825714621692897
815,1626848907400,3.0,46.83041822165251,4.8253810219466695
816,1626848913363,2.5,46.8307276815176,4.824978020042182
817,1626848919400,3.0,46.8312311405316,4.824481727555393
818,1626848925399,2.0,46.831821268424385,4.823926342651248
819,1626848931399,2.0,46.83249219786376,4.8232888989150515
820,1626848937400,2.0,46.83322540484368,4.822594625875354
821,1626848943399,1.5,46.83401929680258,4.821835309267044
822,1626848949426,2.0,46.834859875962145,4.821046655997634
823,1626848955400,1.5,46.83570296969265,4.820227241143584
824,1626848961399,1.5,46.836571795865886,4.819396175444126
825,1626848967399,1.5,46.837436011992395,4.818566450849176
826,1626848973400,1.5,46.838436182588346,4.817600939422847
827,1626848979367,1.5,46.83929717168212,4.816759899258613
828,1626848985398,1.5,46.84021402616054,4.815864963456988
829,1626848991401,1.5,46.841132389381535,4.814990479499102
830,1626848997401,1.5,46.8418894847855,4.814274497330189
831,1626849003401,1.5,46.842788024805486,4.813382746651769
832,1626849009400,1.5,46.843858645297594,4.812337607145309
833,1626849015400,1.5,46.844601701013744,4.811645681038499
834,1626849021449,2.0,46.84541491325945,4.810987282544375
835,1626849027401,2.0,46.84621131978928,4.810346066951752
836,1626849033403,3.5,46.84704980347306,4.809658164158464
837,1626849039423,2.0,46.84783757664264,4.8090232349932185
838,1626849045399,1.5,46.848731967620544,4.808292416855694
839,1626849051400,2.5,46.84971956536174,4.807459590956568
840,1626849057401,2.0,46.85075690969825,4.806598350405694
841,1626849063431,2.0,46.851718816906214,4.805813049897552
842,1626849069400,2.0,46.85243370942771,4.805240146815778
843,1626849075385,2.0,46.85337386559695,4.804480327293278
844,1626849081404,2.0,46.85418950859457,4.8038074281066665
845,1626849087394,1.5,46.85496751684696,4.803154394030572
846,1626849093407,2.0,46.855874229222536,4.802400777116418
847,1626849099404,2.0,46.856678891927004,4.801738187670709
848,1626849105405,2.0,46.857320568524294,4.8012048471719035
849,1626849111402,2.0,46.8580468185246,4.800582239404322
850,1626849117403,2.0,46.85863401275128,4.800059460103512
851,1626849123403,2.0,46.85903060249985,4.799733236432076
852,1626849129450,2.0,46.859074356034405,4.7994195856153965
853,1626849135403,2.5,46.858979808166616,4.799130577594042
854,1626849141403,2.0,46.85877264942974,4.798914324492216
855,1626849147402,2.5,46.85861113015562,4.798947516828775
856,1626849153394,2.5,46.858540261164315,4.799018343910575
857,1626849159403,2.0,46.85853619594128,4.7990214452147475
