	Timestamp	Quality	Lat	Lon	gap (ms)	distance	test	km/h	0,099803509
0	1,62728E+12	15,25	50,6292336	3,0553874		0	-	0	
1	1,62728E+12	15,25	50,6292336	3,0553874	4458	0	-	0	
2	1,62728E+12	15,25	50,6292336	3,0553874	7441	0	-	0	
3	1,62728E+12	15,25	50,6292336	3,0553874	4518	0,001470731	-	0,014736269	
4	1,62728E+12	12,75	50,6292249	3,0553718	8129	9,49353E-05	-	0,000951222	
5	1,62728E+12	12,75	50,6292249	3,0553718	3913	9,49353E-05	-	0,000951222	
6	1,62728E+12	12,75	50,6292249	3,0553718	7393	9,49353E-05	-	0,000951222	
7	1,62728E+12	12,75	50,6292249	3,0553718	4598	0,001470731	-	0,014736269	
8	1,62728E+12	15,25	50,6292336	3,0553874	7504	0	-	0	
9	1,62728E+12	15,25	50,6292336	3,0553874	4545	0,001470731	-	0,014736269	
10	1,62728E+12	12,75	50,6292249	3,0553718	7436	9,49353E-05	-	0,000951222	
11	1,62728E+12	12,75	50,6292249	3,0553718	4508	9,49353E-05	-	0,000951222	
12	1,62728E+12	12,75	50,6292249	3,0553718	7453	9,49353E-05	-	0,000951222	
13	1,62728E+12	12,75	50,6292249	3,0553718	4561	9,49353E-05	-	0,000951222	
14	1,62728E+12	12,75	50,6292249	3,0553718	7456	9,49353E-05	-	0,000951222	
15	1,62728E+12	12,75	50,6292249	3,0553718	4540	9,49353E-05	-	0,000951222	
16	1,62728E+12	12,75	50,6292249	3,0553718	7441	9,49353E-05	-	0,000951222	
17	1,62728E+12	12,75	50,6292249	3,0553718	4541	0,001470731	-	0,014736269	
18	1,62728E+12	15,25	50,6292336	3,0553874	7410	0	-	0	
19	1,62728E+12	15,25	50,6292336	3,0553874	4615	0,001470731	-	0,014736269	
20	1,62728E+12	12,75	50,6292249	3,0553718	7468	9,49353E-05	-	0,000951222	
21	1,62728E+12	12,75	50,6292249	3,0553718	4527	9,49353E-05	-	0,000951222	
22	1,62728E+12	12,75	50,6292249	3,0553718	7451	9,49353E-05	-	0,000951222	
23	1,62728E+12	12,75	50,6292249	3,0553718	4491	9,49353E-05	-	0,000951222	
24	1,62728E+12	12,75	50,6292249	3,0553718	7517	0,026065229	-	0,261165458	
25	1,62728E+12	74,3553772	50,62916985	3,0550126	5148	0,027370358	-	0,274242447	
26	1,62728E+12	15,25	50,6292336	3,0553874	6835	0	-	0	
27	1,62728E+12	15,25	50,6292336	3,0553874	4557	0,00184331	-	0,018469391	
28	1,62728E+12	14,57699966	50,6292292	3,0554126	7461	0	-	0	
29	1,62728E+12	14,57699966	50,6292292	3,0554126	4507	0	-	0	
30	1,62728E+12	14,57699966	50,6292292	3,0554126	7509	0	-	0	
31	1,62728E+12	14,57699966	50,6292292	3,0554126	4511	0	-	0	
32	1,62728E+12	14,57699966	50,6292292	3,0554126	7474	0	-	0	
33	1,62728E+12	14,57699966	50,6292292	3,0554126	4560	0	-	0	
34	1,62728E+12	14,57699966	50,6292292	3,0554126	7437	0	-	0	
35	1,62728E+12	14,57699966	50,6292292	3,0554126	4541	0	-	0	
36	1,62728E+12	14,57699966	50,6292292	3,0554126	7476	0	-	0	
37	1,62728E+12	14,57699966	50,6292292	3,0554126	4454	0,028903706	-	0,28960611	
38	1,62728E+12	72,4466629	50,62916987	3,05501364	6680	0,030088349	-	0,301475868	
39	1,62728E+12	14,06799984	50,6292367	3,055427	7690	0,030033783	-	0,300929134	
40	1,62728E+12	83,36849976	50,62916962	3,05501454	9312	0,027492417	-	0,275465431	
41	1,62728E+12	13,37100029	50,6292369	3,0553896	4728	0	-	0	
42	1,62728E+12	13,37100029	50,6292369	3,0553896	1637	0	-	0	
43	1,62728E+12	13,37100029	50,6292369	3,0553896	7467	0	-	0	
44	1,62728E+12	13,37100029	50,6292369	3,0553896	4560	0,001342588	-	0,013452311	
45	1,62728E+12	14,41600037	50,629236	3,0554086	8098	0	-	0	
46	1,62728E+12	14,41600037	50,629236	3,0554086	3879	0,028755211	-	0,288118234	
47	1,62728E+12	69,93920898	50,62916939	3,05501468	6633	0,028755211	-	0,288118234	
48	1,62728E+12	14,41600037	50,629236	3,0554086	5386	0	-	0	
49	1,62728E+12	14,41600037	50,629236	3,0554086	7459	0	-	0	
50	1,62728E+12	14,41600037	50,629236	3,0554086	4515	0,001342588	-	0,013452311	
51	1,62728E+12	13,37100029	50,6292369	3,0553896	7470	0	-	0	
52	1,62728E+12	13,37100029	50,6292369	3,0553896	4532	0,001342588	-	0,013452311	
53	1,62728E+12	14,41600037	50,629236	3,0554086	7459	0	-	0	
54	1,62728E+12	14,41600037	50,629236	3,0554086	4544	0,024474165	-	0,245223494	
55	1,62728E+12	52,27308655	50,62917437	3,0550755	6651	0,023436524	-	0,234826652	
56	1,62728E+12	14,40400028	50,6292363	3,0553931	5352	0,000268518	-	0,002690462	
57	1,62728E+12	13,37100029	50,6292369	3,0553896	7383	0	-	0	
58	1,62728E+12	13,37100029	50,6292369	3,0553896	4599	0,000268518	-	0,002690462	
59	1,62728E+12	14,40400028	50,6292363	3,0553931	7392	0	-	0	
60	1,62728E+12	14,40400028	50,6292363	3,0553931	4625	0,000268518	-	0,002690462	
61	1,62728E+12	13,37100029	50,6292369	3,0553896	7471	0	-	0	
62	1,62728E+12	13,37100029	50,6292369	3,0553896	4529	0,001342588	-	0,013452311	
63	1,62728E+12	14,41600037	50,629236	3,0554086	7482	0	-	0	
64	1,62728E+12	14,41600037	50,629236	3,0554086	4518	0,001094847	-	0,010970028	
65	1,62728E+12	14,40400028	50,6292363	3,0553931	7446	0	-	0	
66	1,62728E+12	14,40400028	50,6292363	3,0553931	4502	0,000268518	-	0,002690462	
67	1,62728E+12	13,37100029	50,6292369	3,0553896	7523	0	-	0	
68	1,62728E+12	13,37100029	50,6292369	3,0553896	4477	0,001342588	-	0,013452311	
69	1,62728E+12	14,41600037	50,629236	3,0554086	7544	0	-	0	
70	1,62728E+12	14,41600037	50,629236	3,0554086	4509	0,001094847	-	0,010970028	
71	1,62728E+12	14,40400028	50,6292363	3,0553931	7459	0	-	0	
72	1,62728E+12	14,40400028	50,6292363	3,0553931	4539	0,000268518	-	0,002690462	
73	1,62728E+12	13,37100029	50,6292369	3,0553896	7458	0	-	0	
74	1,62728E+12	13,37100029	50,6292369	3,0553896	4540	0,014423293	-	0,144516896	
75	1,62728E+12	74,96237183	50,62920638	3,05519086	6658	0	-	0	
76	1,62728E+12	64,48865509	50,62920641	3,05519091	6014	0,015020192	-	0,150497638	
77	1,62728E+12	13,97500038	50,6292345	3,0553992	6714	0	-	0	
78	1,62728E+12	13,97500038	50,6292345	3,0553992	4616	0	-	0	
79	1,62728E+12	13,97500038	50,6292345	3,0553992	7471	0	-	0	
80	1,62728E+12	13,97500038	50,6292345	3,0553992	4504	0	-	0	
81	1,62728E+12	13,97500038	50,6292345	3,0553992	7496	0	-	0	
82	1,62728E+12	13,97500038	50,6292345	3,0553992	4509	0	-	0	
83	1,62728E+12	13,97500038	50,6292345	3,0553992	7497	0	-	0	
84	1,62728E+12	13,97500038	50,6292345	3,0553992	4545	0	-	0	
85	1,62728E+12	13,97500038	50,6292345	3,0553992	7437	0	-	0	
86	1,62728E+12	13,97500038	50,6292345	3,0553992	4521	0,000723006	-	0,007244291	
87	1,62728E+12	13,37100029	50,6292369	3,0553896	7462	0	-	0	
88	1,62728E+12	13,37100029	50,6292369	3,0553896	4581	0,000723006	-	0,007244291	
89	1,62728E+12	13,97500038	50,6292345	3,0553992	7361	0	-	0	
90	1,62728E+12	13,97500038	50,6292345	3,0553992	4635	0	-	0	
91	1,62728E+12	13,97500038	50,6292345	3,0553992	7458	0	-	0	
92	1,62728E+12	13,97500038	50,6292345	3,0553992	4507	0	-	0	
93	1,62728E+12	13,97500038	50,6292345	3,0553992	7471	0	-	0	
94	1,62728E+12	13,97500038	50,6292345	3,0553992	4525	0,000723006	-	0,007244291	
95	1,62728E+12	13,37100029	50,6292369	3,0553896	7461	0	-	0	
96	1,62728E+12	13,37100029	50,6292369	3,0553896	4559	0,000134259	-	0,001345231	
97	1,62728E+12	14,14700031	50,6292371	3,0553915	8110	0	-	0	
98	1,62728E+12	14,14700031	50,6292371	3,0553915	3882	0,001530786	-	0,015337995	
99	1,62728E+12	14,29300022	50,6292236	3,0553874	8175	0	-	0	
100	1,62728E+12	14,29300022	50,6292236	3,0553874	3813	0	-	0	
101	1,62728E+12	14,29300022	50,6292236	3,0553874	7445	0	-	0	
102	1,62728E+12	14,29300022	50,6292236	3,0553874	4530	0,013072835	-	0,130985728	
103	1,62728E+12	53,61475754	50,62920745	3,05520382	6696	0,013072835	-	0,130985728	
104	1,62728E+12	14,29300022	50,6292236	3,0553874	5330	0	-	0	
105	1,62728E+12	14,29300022	50,6292236	3,0553874	7464	0	-	0	
106	1,62728E+12	14,29300022	50,6292236	3,0553874	4535	0	-	0	
107	1,62728E+12	14,29300022	50,6292236	3,0553874	7473	0	-	0	
108	1,62728E+12	14,29300022	50,6292236	3,0553874	4524	0	-	0	
109	1,62728E+12	14,29300022	50,6292236	3,0553874	7493	0	-	0	
110	1,62728E+12	14,29300022	50,6292236	3,0553874	4543	0,002036135	-	0,02040144	
111	1,62728E+12	14,41600037	50,629236	3,0554086	7365	0	-	0	
112	1,62728E+12	14,41600037	50,629236	3,0554086	4603	0,002036135	-	0,02040144	
113	1,62728E+12	14,29300022	50,6292236	3,0553874	7366	0	-	0	
114	1,62728E+12	14,29300022	50,6292236	3,0553874	4616	0,001489002	-	0,014919335	
115	1,62728E+12	13,37100029	50,6292369	3,0553896	7510	0	-	0	
116	1,62728E+12	13,37100029	50,6292369	3,0553896	4507	0,001489002	-	0,014919335	
117	1,62728E+12	14,29300022	50,6292236	3,0553874	7462	0	-	0	
118	1,62728E+12	14,29300022	50,6292236	3,0553874	4538	0	-	0	
119	1,62728E+12	14,29300022	50,6292236	3,0553874	7473	0,023227546	-	0,23273276	
120	1,62728E+12	61,41433716	50,62916884	3,05506961	5199	0,022675828	-	0,227204718	
121	1,62728E+12	14,47099972	50,6292258	3,0553783	8641	0,003643587	-	0,0365076	
122	1,62728E+12	14,06799984	50,6292367	3,055427	2634	0	-	0	
123	1,62728E+12	14,06799984	50,6292367	3,055427	7496	0	-	0	
124	1,62728E+12	14,06799984	50,6292367	3,055427	4556	0	-	0	
125	1,62728E+12	14,06799984	50,6292367	3,055427	7375	0	-	0	
126	1,62728E+12	14,06799984	50,6292367	3,055427	4624	0	-	0	
127	1,62728E+12	14,06799984	50,6292367	3,055427	7423	0,002813034	-	0,028185722	
128	1,62728E+12	15,25	50,6292336	3,0553874	4511	0	-	0	
129	1,62728E+12	15,25	50,6292336	3,0553874	7509	0	-	0	
130	1,62728E+12	15,25	50,6292336	3,0553874	4461	0	-	0	
131	1,62728E+12	15,25	50,6292336	3,0553874	7541	0	-	0	
132	1,62728E+12	15,25	50,6292336	3,0553874	4512	0	-	0	
133	1,62728E+12	15,25	50,6292336	3,0553874	7304	0	-	0	
134	1,62728E+12	15,25	50,6292336	3,0553874	4665	0	-	0	
135	1,62728E+12	15,25	50,6292336	3,0553874	7494	0	-	0	
136	1,62728E+12	15,25	50,6292336	3,0553874	4496	0,001197089	-	0,011994454	
137	1,62728E+12	15,60200024	50,6292242	3,0553791	502264	0	-	0	
138	1,62728E+12	15,60200024	50,6292242	3,0553791	3749	0,00484914	-	0,048586873	
139	1,62728E+12	14,52099991	50,6292345	3,0554459	8091	0	-	0	
140	1,62728E+12	14,52099991	50,6292345	3,0554459	3875	0,00484914	-	0,048586873	
141	1,62728E+12	15,60200024	50,6292242	3,0553791	7527	0	-	0	
142	1,62728E+12	15,60200024	50,6292242	3,0553791	4519	0,00484914	-	0,048586873	
143	1,62728E+12	14,52099991	50,6292345	3,0554459	7337	0	-	0	
144	1,62728E+12	14,52099991	50,6292345	3,0554459	4650	0,00484914	-	0,048586873	
145	1,62728E+12	15,60200024	50,6292242	3,0553791	7442	0	-	0	
146	1,62728E+12	15,60200024	50,6292242	3,0553791	4535	0	-	0	
147	1,62728E+12	15,60200024	50,6292242	3,0553791	7529	0	-	0	
148	1,62728E+12	15,60200024	50,6292242	3,0553791	4483	0	-	0	
149	1,62728E+12	15,60200024	50,6292242	3,0553791	7417	0	-	0	
150	1,62728E+12	15,60200024	50,6292242	3,0553791	4552	0,00484914	-	0,048586873	
151	1,62728E+12	14,52099991	50,6292345	3,0554459	7428	0	-	0	
152	1,62728E+12	14,52099991	50,6292345	3,0554459	4643	0,00484914	-	0,048586873	
153	1,62728E+12	15,60200024	50,6292242	3,0553791	7431	0	-	0	
154	1,62728E+12	15,60200024	50,6292242	3,0553791	4503	0	-	0	
155	1,62728E+12	15,60200024	50,6292242	3,0553791	7542	0	-	0	
156	1,62728E+12	15,60200024	50,6292242	3,0553791	4503	0	-	0	
157	1,62728E+12	15,60200024	50,6292242	3,0553791	7466	0	-	0	
158	1,62728E+12	15,60200024	50,6292242	3,0553791	4488	0,003464813	-	0,034716347	
159	1,62728E+12	15,125	50,6292288	3,0554277	8120	0	-	0	
160	1,62728E+12	15,125	50,6292288	3,0554277	3896	0,003464813	-	0,034716347	
161	1,62728E+12	15,60200024	50,6292242	3,0553791	7415	0	-	0	
162	1,62728E+12	15,60200024	50,6292242	3,0553791	4562	0,003464813	-	0,034716347	
163	1,62728E+12	15,125	50,6292288	3,0554277	7498	0	-	0	
164	1,62728E+12	15,125	50,6292288	3,0554277	4520	0,003898132	-	0,039058062	
165	1,62728E+12	15,33600044	50,6292387	3,0554807	8061	9,49353E-05	-	0,000951222	
166	1,62728E+12	15,33600044	50,6292387	3,0554807	3948	9,49353E-05	-	0,000951222	
167	1,62728E+12	15,33600044	50,6292387	3,0554807	7457	9,49353E-05	-	0,000951222	
168	1,62728E+12	15,33600044	50,6292387	3,0554807	4582	0,002497358	-	0,025022745	
169	1,62728E+12	14,52099991	50,6292345	3,0554459	7384	0	-	0	
170	1,62728E+12	14,52099991	50,6292345	3,0554459	4568	0,00484914	-	0,048586873	
171	1,62728E+12	15,60200024	50,6292242	3,0553791	7394	0	-	0	
172	1,62728E+12	15,60200024	50,6292242	3,0553791	4606	0,007345072	-	0,073595331	
173	1,62728E+12	15,33600044	50,6292387	3,0554807	7390	9,49353E-05	-	0,000951222	
174	1,62728E+12	15,33600044	50,6292387	3,0554807	4614	9,49353E-05	-	0,000951222	
175	1,62728E+12	15,33600044	50,6292387	3,0554807	7429	9,49353E-05	-	0,000951222	
176	1,62728E+12	15,33600044	50,6292387	3,0554807	4552	0,007345072	-	0,073595331	
177	1,62728E+12	15,60200024	50,6292242	3,0553791	7360	0	-	0	
178	1,62728E+12	15,60200024	50,6292242	3,0553791	4629	0,001197089	-	0,011994454	
179	1,62728E+12	15,25	50,6292336	3,0553874	7473	0	-	0	
180	1,62728E+12	15,25	50,6292336	3,0553874	4520	0	-	0	
181	1,62728E+12	15,25	50,6292336	3,0553874	7447	0,001098956	-	0,011011191	
182	1,62729E+12	14,0710001	50,6292249	3,0553946	3774994	9,49353E-05	-	0,000951222	
183	1,62729E+12	14,0710001	50,6292249	3,0553946	3806	9,49353E-05	-	0,000951222	
184	1,62729E+12	14,0710001	50,6292249	3,0553946	7530	9,49353E-05	-	0,000951222	
185	1,62729E+12	14,0710001	50,6292249	3,0553946	4453	9,49353E-05	-	0,000951222	
186	1,62729E+12	14,0710001	50,6292249	3,0553946	7518	9,49353E-05	-	0,000951222	
187	1,62729E+12	14,0710001	50,6292249	3,0553946	4528	9,49353E-05	-	0,000951222	
188	1,62729E+12	14,0710001	50,6292249	3,0553946	7454	9,49353E-05	-	0,000951222	
189	1,62729E+12	14,0710001	50,6292249	3,0553946	4524	9,49353E-05	-	0,000951222	
190	1,62729E+12	14,0710001	50,6292249	3,0553946	7473	9,49353E-05	-	0,000951222	
191	1,62729E+12	14,0710001	50,6292249	3,0553946	4575	9,49353E-05	-	0,000951222	
192	1,62729E+12	14,0710001	50,6292249	3,0553946	7368	9,49353E-05	-	0,000951222	
193	1,62729E+12	14,0710001	50,6292249	3,0553946	4589	9,49353E-05	-	0,000951222	
194	1,62729E+12	14,0710001	50,6292249	3,0553946	7488	9,49353E-05	-	0,000951222	
195	1,62729E+12	14,0710001	50,6292249	3,0553946	4503	9,49353E-05	-	0,000951222	
196	1,62729E+12	14,0710001	50,6292249	3,0553946	7466	0,001098956	-	0,011011191	
197	1,62729E+12	15,25	50,6292336	3,0553874	4546	0	-	0	
198	1,62729E+12	15,25	50,6292336	3,0553874	7465	0	-	0	
199	1,62729E+12	15,25	50,6292336	3,0553874	4565	0	-	0	
200	1,62729E+12	15,25	50,6292336	3,0553874	7450	0	-	0	
201	1,62729E+12	15,25	50,6292336	3,0553874	4511	0	-	0	
202	1,62729E+12	15,25	50,6292336	3,0553874	7474	0,04236136	-	0,424447599	
203	1,62729E+12	49,25854111	50,62959094	3,0551792	8103	0,005592326	-	0,056033357	
204	1,62729E+12	57,55012131	50,62960549	3,05525508	2960	0,042803188	-	0,428874576	
205	1,62729E+12	16,1989994	50,6292325	3,0554051	5635	0	-	0	
206	1,62729E+12	16,1989994	50,6292325	3,0554051	7314	0	-	0	
207	1,62729E+12	16,1989994	50,6292325	3,0554051	4514	0,000445286	-	0,004461627	
208	1,62729E+12	14,41600037	50,629236	3,0554086	7466	0	-	0	
209	1,62729E+12	14,41600037	50,629236	3,0554086	4524	0,001342588	-	0,013452311	
210	1,62729E+12	13,37100029	50,6292369	3,0553896	7484	0	-	0	
211	1,62729E+12	13,37100029	50,6292369	3,0553896	4512	0,001197089	-	0,011994454	
212	1,62729E+12	16,1989994	50,6292325	3,0554051	7434	0	-	0	
213	1,62729E+12	16,1989994	50,6292325	3,0554051	4568	0	-	0	
214	1,62729E+12	16,1989994	50,6292325	3,0554051	7415	0	-	0	
215	1,62729E+12	16,1989994	50,6292325	3,0554051	4573	0	-	0	
216	1,62729E+12	16,1989994	50,6292325	3,0554051	7497	0	-	0	
217	1,62729E+12	16,1989994	50,6292325	3,0554051	4553	0	-	0	
218	1,62729E+12	16,1989994	50,6292325	3,0554051	7434	0	-	0	
219	1,62729E+12	16,1989994	50,6292325	3,0554051	4545	0	-	0	
220	1,62729E+12	16,1989994	50,6292325	3,0554051	7468	0	-	0	
221	1,62729E+12	16,1989994	50,6292325	3,0554051	4584	0	-	0	
222	1,62729E+12	16,1989994	50,6292325	3,0554051	7414	0	-	0	
223	1,62729E+12	16,1989994	50,6292325	3,0554051	4511	0	-	0	
224	1,62729E+12	16,1989994	50,6292325	3,0554051	7483	0	-	0	
225	1,62729E+12	16,1989994	50,6292325	3,0554051	4516	0,00230597	-	0,023105103	
226	1,62729E+12	14,05000019	50,6292155	3,0553864	8108	0	-	0	
227	1,62729E+12	14,05000019	50,6292155	3,0553864	3947	5637,139737	outlayer	56482,38029	
