,Timestamp,Quality,Lat,Lon
0,1627980958672,2.5,47.63914040755482,6.1481627728790045
1,1627980964469,14.5,47.636136249639094,6.15240971557796
2,1627980970488,5.0,47.63606906868517,6.152629489079118
3,1627980976462,2.5,47.63618276920171,6.152918078005314
4,1627980982470,1.5,47.63631126377732,6.1533073335886
5,1627980988469,2.0,47.63629253022372,6.153723997995257
6,1627980994470,2.0,47.63611454050988,6.154202437028289
7,1627981000468,2.5,47.63590683694929,6.154812052845955
8,1627981006027,1.5,47.63562897685915,6.155460141599178
9,1627981012440,1.5,47.63521134853363,6.156049557030201
10,1627981018532,1.5,47.634679307229824,6.156808706000447
11,1627981024440,2.0,47.6341337710619,6.157781006768347
12,1627981030439,1.5,47.633557850494974,6.158865289762616
13,1627981036442,1.5,47.633041231892996,6.159864244982599
14,1627981042441,1.5,47.63258584309369,6.16076429374516
15,1627981048441,1.5,47.63217592611909,6.161655457690357
16,1627981054440,1.5,47.63171735219658,6.162620633840562
17,1627981060442,2.0,47.63112818822265,6.163844643160701
18,1627981066477,2.0,47.63042054604739,6.165280966088176
19,1627981072442,1.5,47.629944747313864,6.166429538279773
20,1627981078443,1.5,47.629589941352606,6.167732086032629
21,1627981084466,1.5,47.62914708349854,6.169025078415871
22,1627981090443,1.5,47.628638469614096,6.170310778543353
23,1627981096440,1.5,47.628155504353344,6.171474941074848
24,1627981102443,1.5,47.62782613746821,6.1726909037679425
25,1627981108444,1.5,47.62767287436873,6.1739849019795665
26,1627981114443,1.5,47.62779508251697,6.175300274044275
27,1627981120445,2.5,47.62785316910595,6.176729891449213
28,1627981126443,1.5,47.62759416829795,6.178091028705238
29,1627981132444,1.5,47.6272401586175,6.179446214810014
30,1627981138444,1.5,47.62690852861853,6.180808609351517
31,1627981144443,1.5,47.626486415974796,6.1821519769728175
32,1627981150443,2.0,47.62591066304594,6.183387385681272
33,1627981156443,2.0,47.6252749375999,6.184519026428461
34,1627981162445,2.0,47.624747967347496,6.185673633590341
35,1627981168443,4.0,47.624354856088765,6.186968050897121
36,1627981174435,2.5,47.624062662944205,6.1883510649204245
37,1627981180444,2.0,47.62375001795589,6.189749585464598
38,1627981186445,2.0,47.623451706022024,6.191137712448835
39,1627981192443,1.5,47.623281301930554,6.192546207457781
40,1627981198446,1.5,47.62331814039497,6.1939773336052895
41,1627981204446,1.5,47.62346277013421,6.195410387590528
42,1627981210446,1.5,47.62361473403872,6.196934720501304
43,1627981216444,1.5,47.623784132301815,6.19853331707418
44,1627981222446,1.5,47.62395512312651,6.200095871463418
45,1627981228444,1.5,47.624111780896776,6.201675273478031
46,1627981234520,1.5,47.62427019886673,6.203308654949068
47,1627981240445,1.5,47.62443444225937,6.20491043664515
48,1627981246446,1.5,47.62459348887205,6.206432841718197
49,1627981252448,1.5,47.62478664983064,6.208071419969201
50,1627981258446,1.5,47.62496954295784,6.209731372073293
51,1627981264449,1.5,47.62515780050308,6.211472041904926
52,1627981270446,1.5,47.625359133817255,6.213185638189317
53,1627981276448,1.5,47.62554211076349,6.21474165469408
54,1627981282446,1.5,47.62573845684528,6.216193232685328
55,1627981288448,1.5,47.62598568107933,6.217657048255205
56,1627981294447,1.5,47.626134543679655,6.2187551613897085
57,1627981300478,1.5,47.62628550175578,6.220252253115177
58,1627981306448,1.5,47.62647711206228,6.221704166382551
59,1627981312449,2.0,47.62666939292103,6.223292034119368
60,1627981318446,2.0,47.62685274705291,6.224849810823798
61,1627981324449,1.5,47.62701925355941,6.226430470123888
62,1627981330447,1.5,47.627104581333704,6.228071814402938
63,1627981336490,1.5,47.627123650163405,6.229589777067304
64,1627981342448,1.5,47.62721543200315,6.231066416949034
65,1627981348447,2.0,47.6274862093851,6.232572896406055
66,1627981354448,2.5,47.628012634813786,6.233940152451396
67,1627981360447,2.5,47.62867446988821,6.235239263623952
68,1627981366397,2.5,47.62930625583978,6.236610794439912
69,1627981372419,2.0,47.62973029632121,6.23811760917306
70,1627981378421,2.5,47.63024607673288,6.2395642418414345
71,1627981384439,2.5,47.630939050577574,6.240892689675093
72,1627981390411,2.0,47.631686590611935,6.242174785584211
73,1627981396409,2.0,47.63245391193777,6.243485044687986
74,1627981402411,2.0,47.63315237592906,6.2447290029376745
75,1627981408408,2.0,47.63381458818913,6.24586483463645
76,1627981414411,1.5,47.63449318706989,6.246971832588315
77,1627981420410,1.5,47.6352035952732,6.2480375077575445
78,1627981426411,1.5,47.63602204620838,6.2489858362823725
79,1627981432410,1.5,47.63685755431652,6.24993952922523
80,1627981438415,1.5,47.63766552787274,6.250890288501978
81,1627981444409,1.5,47.63841503765434,6.251758988946676
82,1627981450442,1.5,47.639184328727424,6.25252534635365
83,1627981456413,2.0,47.639978220686324,6.2532705813646325
84,1627981462410,2.0,47.6408141059801,6.254092929884791
85,1627981468413,2.0,47.641590982675545,6.25523186288774
86,1627981474409,2.0,47.642205627635114,6.256759297102691
87,1627981480461,3.5,47.642557499930255,6.25867816619575
88,1627981486411,2.0,47.64266290236265,6.260463176295161
89,1627981492413,1.5,47.64276310801506,6.262300154194236
90,1627981498412,2.0,47.64263939112425,6.264039231464268
91,1627981504412,2.5,47.642052071169026,6.265560546889901
92,1627981510413,2.0,47.641324438154705,6.266962420195341
93,1627981516442,2.0,47.640711846761405,6.268661515787244
94,1627981522412,2.0,47.64050452038646,6.270648697391152
95,1627981528405,1.5,47.64042920898646,6.2725570891052485
96,1627981534412,1.5,47.640380216762416,6.274216370657086
97,1627981540158,1.5,47.64035121537746,6.275305766612291
98,1627981546121,2.0,47.64037103857845,6.277394033968449
99,1627981552115,2.5,47.64076146762818,6.2787408381700525
100,1627981558122,2.5,47.64130708761514,6.2798526138067245
101,1627981564095,2.0,47.64190781861544,6.280856681987642
102,1627981570121,2.0,47.642529043368995,6.281840382143855
103,1627981576119,2.0,47.643128978088505,6.282875882461668
104,1627981582122,2.0,47.64360905159265,6.284009115770459
105,1627981588120,2.0,47.643966246396296,6.28527226857841
106,1627981594123,1.5,47.64418622944504,6.28664237447083
107,1627981600121,2.0,47.644269419834025,6.2880820501595736
108,1627981606121,1.5,47.64438136015088,6.289503537118435
109,1627981612117,1.5,47.6446013012901,6.290837600827218
110,1627981618118,2.5,47.644892069511116,6.292159929871559
111,1627981624121,2.0,47.64523291960359,6.293438086286187
112,1627981630123,2.0,47.64568168669939,6.294667962938548
113,1627981636173,2.0,47.64614780433475,6.2959133461117744
114,1627981642144,2.5,47.64661945402622,6.297219749540091
115,1627981648121,2.0,47.647108538076274,6.298455661162733
116,1627981654124,2.5,47.64757985249162,6.299609933048487
117,1627981660124,2.5,47.64830886851996,6.300698574632406
118,1627981666124,2.5,47.64901885762811,6.301865838468075
119,1627981672112,2.5,47.64975416008383,6.303145671263338
120,1627981678125,2.0,47.65042408369482,6.30443480797112
121,1627981684125,2.0,47.65104677528143,6.305636269971727
122,1627981690121,2.0,47.65172503888607,6.307005118578672
123,1627981696126,2.0,47.652402254752815,6.308416295796633
124,1627981702173,2.0,47.65300990082324,6.30985421128571
125,1627981708125,2.0,47.65343917999417,6.311314422637224
126,1627981714159,1.5,47.653605099767454,6.312880916520952
127,1627981720125,2.0,47.65392030123621,6.31454355083406
128,1627981726125,2.5,47.65395906753839,6.3163418881595135
129,1627981732126,2.0,47.653946578502655,6.3180733378976575
130,1627981738124,2.0,47.65442522708327,6.319682998582722
131,1627981744133,2.0,47.65500483568758,6.321250917389988
132,1627981750125,2.5,47.65555573627353,6.3227117992937565
133,1627981756126,3.5,47.65615701209754,6.324226325377822
134,1627981762126,2.5,47.65674479305744,6.325769349932671
135,1627981768125,2.5,47.657291418872774,6.327212294563651
136,1627981774127,2.0,47.6578131923452,6.3285766169428825
137,1627981780155,2.5,47.658315310254686,6.3299048133194455
138,1627981786129,2.5,47.658834611065686,6.331268297508359
139,1627981792136,2.0,47.65936962794514,6.332655837759376
140,1627981798158,2.5,47.6598947122693,6.334041282534598
141,1627981804103,2.5,47.660352615639574,6.335297226905823
142,1627981810106,2.5,47.660957369953394,6.336873862892388
143,1627981816106,2.5,47.66137935686857,6.338015394285321
144,1627981822111,2.0,47.66188419889659,6.339704683050513
145,1627981828161,1.5,47.66231284942478,6.34118408896029
146,1627981834106,2.0,47.66273445915431,6.342576071619988
147,1627981840105,1.5,47.663130210712545,6.343889012932777
148,1627981846082,1.5,47.66351975966246,6.34515811689198
149,1627981852100,1.5,47.6638970291242,6.346409618854523
150,1627981858099,2.0,47.66427308320999,6.3476254139095545
151,1627981864137,2.0,47.664582962170236,6.348661920055747
152,1627981870106,1.5,47.6649388577789,6.349903112277389
153,1627981876106,2.0,47.66517015639693,6.3507790211588135
154,1627981882103,2.0,47.66500620637089,6.351814940571785
155,1627981888107,2.0,47.664366373792284,6.352762766182423
156,1627981894099,2.0,47.663734923116856,6.353492578491569
157,1627981900107,1.5,47.66309513244778,6.3542692456394425
158,1627981906106,2.0,47.662573736160994,6.355274571105838
159,1627981912110,2.0,47.66203985083848,6.356279980391264
160,1627981918103,1.5,47.661299854516976,6.3569766003638515
161,1627981924105,2.0,47.66049263533205,6.357411788776518
162,1627981930130,2.5,47.65960176475347,6.357423523440957
163,1627981936102,2.5,47.65870226081461,6.357727954164147
164,1627981942101,3.0,47.65789910685271,6.3583192974329
165,1627981948102,2.5,47.657413710840046,6.35936108417809
166,1627981954100,2.0,47.65733873471618,6.360706128180027
167,1627981960109,2.0,47.65760561451316,6.361985458061099
168,1627981966095,2.5,47.65804180875421,6.3631968945264825
169,1627981972100,5.0,47.658583908341825,6.364339767023921
170,1627981978101,2.5,47.65917793381959,6.365423295646906
171,1627981984101,2.0,47.65975242946297,6.3666653260588655
172,1627981990101,2.0,47.66023665200919,6.368038114160299
173,1627981996129,2.0,47.66056995838881,6.369430935010314
174,1627982002102,2.0,47.66094102524222,6.370806321501732
175,1627982008100,2.5,47.661368628032506,6.37216854840517
176,1627982014102,2.5,47.66189492773265,6.37359632179141
177,1627982020099,2.0,47.66252994071692,6.375062735751271
178,1627982026101,2.0,47.66322148963809,6.376495203003287
179,1627982032105,2.5,47.66405976377428,6.377640925347805
180,1627982038105,2.5,47.66502619720995,6.378193041309714
181,1627982044101,3.0,47.665976411662996,6.378446007147431
182,1627982050102,4.5,47.66677503939718,6.378190778195858
183,1627982056101,5.0,47.667360096238546,6.377506898716093
184,1627982062132,4.5,47.66789272427559,6.376916477456689
185,1627982068112,5.0,47.66854370478541,6.376980515196919
186,1627982074113,2.5,47.669099676422775,6.377642517909408
187,1627982080111,2.0,47.66959995031357,6.378436367958784
188,1627982086108,2.0,47.670057350769646,6.379340859130025
189,1627982092122,2.0,47.67050595022739,6.380250379443169
190,1627982098108,2.0,47.67097399570047,6.381182027980684
191,1627982104113,2.0,47.67149078194053,6.38224309310317
192,1627982110108,1.5,47.672070390544825,6.383459139615297
193,1627982116112,1.5,47.67247972078621,6.384299173951149
194,1627982122103,1.5,47.67327629495412,6.386083010584116
195,1627982128106,2.0,47.6738201547414,6.387529643252492
196,1627982134104,2.0,47.67420953605324,6.3891118951141825
197,1627982140091,2.0,47.674482576549046,6.390715269371867
198,1627982146104,1.5,47.674761023372405,6.392323840409517
199,1627982152105,1.5,47.67504470888525,6.3939824514091015
200,1627982158108,1.5,47.67531921621411,6.395646594464779
201,1627982164096,1.5,47.67557880375534,6.397257344797254
202,1627982170074,2.0,47.67588838934898,6.398924924433231
203,1627982176076,2.5,47.6761870784685,6.400601975619793
204,1627982182078,2.5,47.67643040511757,6.402187496423721
205,1627982188074,2.5,47.676726831123226,6.403582328930497
206,1627982194077,2.0,47.67700008116663,6.404858306050301
207,1627982200083,2.0,47.677156152203686,6.405649138614535
208,1627982206084,2.5,47.67739646136761,6.407042378559709
209,1627982212081,2.0,47.67762478441,6.408319612964988
210,1627982218085,2.0,47.677788147702806,6.4091522712260485
211,1627982224082,2.5,47.67803004942834,6.410362534224987
212,1627982230083,2.0,47.67819793894887,6.411187229678035
213,1627982236083,2.0,47.678411845117814,6.412174869328737
214,1627982242070,2.5,47.678641132079065,6.413259152323008
215,1627982248086,2.0,47.67881706822664,6.4141395036131135
216,1627982254084,2.0,47.679000087082386,6.415051454678178
217,1627982260081,2.5,47.67922208178789,6.416063653305173
218,1627982266152,2.0,47.679464989341795,6.4171605091542006
219,1627982272082,2.0,47.67968111671507,6.418143371120095
220,1627982278085,2.5,47.679950217716396,6.419366961345077
221,1627982284076,2.0,47.68020309973508,6.4205612149089575
222,1627982290076,2.0,47.68052110914141,6.422050343826412
223,1627982296084,2.0,47.68082826398314,6.423571994528174
224,1627982302086,3.0,47.68111823592335,6.424971939995885
225,1627982308087,2.5,47.681483686901636,6.426829369738697
226,1627982314087,2.0,47.681745160371065,6.428097803145647
227,1627982320087,2.0,47.68208425026386,6.4298402331769475
228,1627982326086,1.5,47.682331139221795,6.431060303002597
229,1627982332095,2.0,47.682730578817434,6.4323765970766535
230,1627982338086,2.5,47.683041212148964,6.433348059654236
231,1627982344086,2.0,47.683087815530605,6.433902019634843
232,1627982350086,2.0,47.68318441696464,6.434305272996426
233,1627982356086,2.5,47.68357811495662,6.434344835579394
234,1627982362086,1.5,47.68401845823973,6.434758482500911
235,1627982368090,2.0,47.6846331031993,6.435387711971997
236,1627982374079,2.0,47.685259985737495,6.436070585623384
237,1627982380080,2.5,47.68594700843096,6.436893101781608
238,1627982386136,2.0,47.68667103722692,6.43785048276186
239,1627982392109,2.5,47.68740340601653,6.4389376156032085
240,1627982398093,2.5,47.688125381246216,6.440166654065251
241,1627982404089,2.0,47.688799789175384,6.44152301363647
242,1627982410086,2.5,47.68943287432194,6.442919271066785
243,1627982416087,2.5,47.68998595420271,6.4444054663181305
244,1627982422086,2.5,47.69046870991588,6.4459810964763165
245,1627982428130,2.0,47.690895977430046,6.447603413835168
246,1627982434086,2.5,47.691314611583955,6.449234280735254
247,1627982440083,2.0,47.69173207227141,6.450852155685425
248,1627982446085,2.0,47.692133230157204,6.452486040070652
249,1627982452081,2.0,47.692551277577884,6.454129982739687
250,1627982458112,2.0,47.69296408630908,6.45578121766448
251,1627982464081,2.0,47.69337278790771,6.45743178203702
252,1627982470082,1.5,47.693760828115046,6.459007328376174
253,1627982476081,2.0,47.69415176007897,6.460599973797798
254,1627982482103,1.5,47.69455748610199,6.462227571755648
255,1627982488086,1.5,47.69497578497975,6.463874028995633
256,1627982494082,2.0,47.695379247888916,6.465529287233949
257,1627982500086,1.5,47.695721564814455,6.466889586299658
258,1627982506082,2.0,47.69620147068054,6.468788757920265
259,1627982512133,2.0,47.696550493128605,6.470460444688798
260,1627982518084,2.0,47.696812343783684,6.4721401780843735
261,1627982524029,1.5,47.69701962824911,6.473836423829197
262,1627982530059,1.5,47.697141501121216,6.475558234378696
263,1627982536056,1.5,47.69720972981304,6.477296892553568
264,1627982542132,1.5,47.69728956744075,6.479018284007907
265,1627982548054,1.5,47.697363160550594,6.480776723474264
266,1627982554054,1.5,47.69742724020035,6.482530301436782
267,1627982560053,1.5,47.6975275715813,6.484264181926847
268,1627982566053,1.5,47.69768150523305,6.485988674685358
269,1627982572054,1.5,47.69783594179897,6.487706126645207
270,1627982578053,1.5,47.69799779634923,6.489439839497209
271,1627982584059,2.0,47.698128134943545,6.490875827148558
272,1627982590052,2.0,47.69829208496958,6.492591938003898
273,1627982596062,2.0,47.69844501279295,6.494299918413162
274,1627982602063,1.5,47.69851169083268,6.4960486348718405
275,1627982608092,1.5,47.69841840025039,6.4981293585151425
276,1627982614064,1.5,47.698267567902796,6.499583199620247
277,1627982620062,2.0,47.697964143008,6.50127986446023
278,1627982626064,1.5,47.69757505506277,6.502940654754639
279,1627982632070,1.5,47.69710034597665,6.50450580753386
280,1627982638065,1.5,47.69651055335999,6.505996696650982
281,1627982644062,1.5,47.695811921730645,6.50738918222487
282,1627982650055,2.0,47.69502448383719,6.5086789056658745
283,1627982656054,1.5,47.694158172234886,6.509836111217737
284,1627982662054,1.5,47.6932511664927,6.510864570736885
285,1627982668055,2.0,47.692327061668045,6.511717094108462
286,1627982674073,2.0,47.69139327574521,6.512428969144821
287,1627982680055,2.0,47.69045877736062,6.513056270778179
288,1627982686131,2.0,47.68935970030724,6.513693379238247
289,1627982692055,2.0,47.68854808062315,6.514100152999163
290,1627982698056,2.0,47.68754078540951,6.514563923701644
291,1627982704065,1.5,47.6864881021902,6.514952424913645
292,1627982710065,2.0,47.68517474178225,6.5154122561216345
293,1627982716064,1.5,47.68416807521135,6.515748118981719
294,1627982722058,2.5,47.68272353801876,6.516221612691879
295,1627982728058,1.5,47.68145527224988,6.516583040356637
296,1627982734056,1.5,47.680251086130745,6.516903815791012
297,1627982740097,1.5,47.67910523805767,6.517321318387985
298,1627982746056,1.5,47.67800934612751,6.517784586176276
299,1627982752049,1.5,47.6773052243516,6.5180860832333565
300,1627982758127,2.0,47.675957959145315,6.518844896927477
301,1627982764068,2.0,47.67495342995971,6.519621815532446
302,1627982770065,2.0,47.673965874128044,6.520482888445258
303,1627982776068,2.0,47.672951705753796,6.5213103499263525
304,1627982782064,2.0,47.67191075719892,6.522033791989088
305,1627982788069,2.0,47.67088502179831,6.522739129140973
306,1627982794064,2.0,47.669869889505215,6.523429043591023
307,1627982800073,2.0,47.66883606556803,6.5241499710828075
308,1627982806065,2.0,47.66784025356174,6.52501842007041
309,1627982812064,2.5,47.66692398581654,6.526030199602246
310,1627982818066,2.5,47.66610817518085,6.5272134728729725
311,1627982824068,2.0,47.66541469842196,6.528562791645527
312,1627982830043,2.0,47.66481555998325,6.5300427842885265
313,1627982836048,2.0,47.66435828525573,6.531603243201972
314,1627982842032,2.5,47.66402451787144,6.533234948292375
315,1627982848046,2.0,47.66376505605877,6.5349033661186695
316,1627982854047,2.0,47.66351104248315,6.536566084250808
317,1627982860041,2.0,47.663276055827744,6.538234418258071
318,1627982866045,2.0,47.66302975360304,6.539903422817588
319,1627982872038,2.0,47.66279086936265,6.541545772925018
320,1627982878040,2.0,47.662639156915255,6.542918812483549
321,1627982884039,2.0,47.66262163873762,6.544588739052415
322,1627982890068,2.5,47.66282225959004,6.546247350051999
323,1627982896038,1.5,47.66320749185979,6.547854915261269
324,1627982902040,2.0,47.663713926449425,6.549688708037138
325,1627982908045,1.5,47.66413142904639,6.551274061203003
326,1627982914040,1.5,47.66455513425171,6.552854301407932
327,1627982920039,1.5,47.66496848780662,6.5544233936816445
328,1627982926038,2.0,47.66538590658456,6.555993156507611
329,1627982932039,2.0,47.66568811610341,6.5576237719506025
330,1627982938051,2.0,47.66578756738454,6.559290429577231
331,1627982944100,2.0,47.66564201563597,6.561001595109701
332,1627982950043,2.0,47.66529303509742,6.562615027651192
333,1627982956034,2.0,47.66475261189044,6.564117483794688
334,1627982962044,2.5,47.66401014290749,6.565415672957897
335,1627982968037,2.5,47.66312748659402,6.56649274751544
336,1627982974031,2.0,47.66218485776335,6.567457001656294
337,1627982980033,2.0,47.66124139074236,6.5684030670672655
338,1627982986033,2.0,47.660321560688324,6.569342343136668
339,1627982992101,1.5,47.659414052031934,6.5702732373028985
340,1627982998034,1.5,47.65853428747504,6.5712839271873245
341,1627983004035,1.5,47.65766831114888,6.572367623448372
342,1627983010032,2.0,47.656843825243406,6.5735746175050735
343,1627983016036,2.0,47.65607243869454,6.5748472418636075
344,1627983022039,2.0,47.65536496415734,6.5761875081807375
345,1627983028031,2.0,47.654715827666216,6.577602038159967
346,1627983034035,2.0,47.6540846284479,6.579037355259062
347,1627983040028,2.0,47.65345891937614,6.580466637387872
348,1627983046035,1.5,47.652839622460306,6.58188309520483
349,1627983052030,1.5,47.65221303328872,6.5833143051713705
350,1627983058036,1.5,47.65157910995186,6.5847529750317335
351,1627983064030,1.5,47.65104991849512,6.585942199453712
352,1627983070058,1.5,47.65038276091218,6.5873146522790185
353,1627983076044,1.5,47.64958086423575,6.5885079838335505
354,1627983082053,1.5,47.6486197952181,6.5894259698688975
355,1627983088055,1.5,47.64757486525923,6.5901168063282975
356,1627983094522,1.5,47.64650248456746,6.590718375518918
357,1627983100030,1.5,47.645612200722105,6.5912415739148855
358,1627983106019,1.5,47.64437716919929,6.591934841126204
359,1627983112499,2.0,47.643393469043076,6.592771438881755
360,1627983118503,2.5,47.64253947883845,6.593859409913421
361,1627983124504,2.5,47.641847343184054,6.595161706209183
362,1627983130512,2.0,47.64133948367089,6.596639435738325
363,1627983136504,2.0,47.6410228991881,6.5982408821582785
364,1627983142502,2.0,47.64088338240981,6.599940983578563
365,1627983148504,2.0,47.64098295941949,6.601624321192503
366,1627983154534,2.5,47.64124263077974,6.603259714320303
367,1627983160504,2.0,47.64150804374367,6.604906087741256
368,1627983166502,1.5,47.64177333097905,6.606554556638002
369,1627983172506,1.5,47.64183778781444,6.608245270326734
370,1627983178505,2.0,47.64161717612296,6.609790725633503
371,1627983184044,2.0,47.64128818642347,6.610982464626432
372,1627983190505,2.0,47.64060577377677,6.61243412643671
373,1627983196506,2.0,47.63977575581521,6.6135055013000965
374,1627983202506,2.0,47.63880672398953,6.61445114761591
375,1627983208043,2.0,47.63781812041998,6.615544818341732
376,1627983214505,2.0,47.6370012620464,6.617013076320291
377,1627983220535,2.0,47.63645413331688,6.618812000378966
378,1627983226506,3.0,47.63606818858535,6.620780322700738
379,1627983232506,2.0,47.63566283974797,6.6228204779326925
380,1627983238507,2.0,47.63522811233997,6.624837666749954
381,1627983244505,2.0,47.63464389368892,6.6266885586082935
382,1627983250506,2.0,47.63406596146525,6.628415901213884
383,1627983256506,2.0,47.633521012030535,6.630066968500613
384,1627983262508,2.0,47.63290900737047,6.631641173735262
385,1627983268513,2.0,47.632210459560156,6.633060229942203
386,1627983274500,2.0,47.63148232363165,6.634351881220938
387,1627983280506,3.0,47.63079027179629,6.635676976293325
388,1627983286044,2.0,47.63028413057327,6.6368850599974385
389,1627983292507,2.0,47.6298563182354,6.63871742784977
390,1627983298508,2.0,47.629568483680494,6.6403378173708925
391,1627983304508,2.0,47.62910597026348,6.6418707836419335
392,1627983310507,2.0,47.62842670083046,6.643231166526675
393,1627983316508,2.0,47.627602759748704,6.6443755477666855
394,1627983322507,1.5,47.6267522899434,6.645474582910537
395,1627983328479,2.0,47.62588995974511,6.646589878946543
396,1627983334477,2.0,47.62511614244431,6.647837860509753
397,1627983340479,2.0,47.6244789082557,6.649247948080301
398,1627983346478,2.0,47.62397289276123,6.65076557546854
399,1627983352034,1.5,47.623597593046725,6.652360819280148
400,1627983358515,1.5,47.6232312200591,6.6539372876286516
401,1627983364480,1.5,47.62285789009185,6.65554091334343
402,1627983370541,1.5,47.62249143328518,6.657163230702281
403,1627983376479,1.5,47.62210951186717,6.658781608566643
404,1627983382485,1.5,47.6217435579747,6.660374253988267
405,1627983388485,1.5,47.62128008063882,6.661915937438607
406,1627983394478,1.5,47.620664681307964,6.663343627005816
407,1627983400480,1.5,47.620030045509345,6.664742147549987
408,1627983406479,2.0,47.61950198560953,6.666232366114856
409,1627983412480,2.0,47.61908276472241,6.667789388448
410,1627983418044,2.0,47.61864782776685,6.669344566762447
411,1627983424479,2.0,47.618068931624286,6.670797737315298
412,1627983430480,2.0,47.61737759225071,6.672115959227085
413,1627983436479,2.0,47.61656085960568,6.673251371830702
414,1627983442481,2.0,47.61563851498067,6.674227695912122
415,1627983448479,1.5,47.614656910300255,6.6751021798700085
416,1627983454479,2.0,47.61366994120181,6.675980603322388
417,1627983460479,1.5,47.61271691881121,6.67689842171967
418,1627983466481,2.0,47.611861252225935,6.678006509318948
419,1627983472481,2.0,47.61112280655652,6.679270081222057
420,1627983478483,2.0,47.61050958652049,6.680674133822322
421,1627983484481,2.0,47.610032572411,6.6821562219411135
422,1627983490485,2.5,47.60968782473356,6.6837901901453725
423,1627983496525,2.5,47.60950677562505,6.685469169169664
424,1627983502490,2.0,47.60944772511721,6.687164744362235
425,1627983508491,2.5,47.60939760133624,6.688756635412574
426,1627983514489,2.0,47.60929689276964,6.69027216732502
427,1627983520490,2.0,47.60912514757365,6.691753165796398
428,1627983526490,2.0,47.6089580124244,6.693232320249081
429,1627983532491,2.0,47.60878421366215,6.694768639281392
430,1627983538535,2.0,47.60859880596399,6.696412581950426
431,1627983544491,2.0,47.60839323978871,6.698174960911274
432,1627983550492,2.0,47.608107081614435,6.700018309056759
433,1627983556493,1.5,47.60776363313198,6.701602572575212
434,1627983562491,2.5,47.607214492745705,6.70373048633337
435,1627983568493,2.0,47.60673446115106,6.705449363216758
436,1627983574040,2.0,47.606313857249916,6.707048462703824
437,1627983580493,2.0,47.605976318009205,6.708654686808586
438,1627983586549,2.0,47.60567934717983,6.710366606712341
439,1627983592522,2.0,47.60537646710873,6.712008453905582
440,1627983598493,2.0,47.60491173248738,6.713531194254756
441,1627983604494,2.0,47.60429834481329,6.714952262118459
442,1627983610493,2.0,47.60359162464738,6.716320356354117
443,1627983616524,1.5,47.60283838491887,6.717719379812479
444,1627983622489,2.0,47.602070937864475,6.719153942540287
445,1627983628532,3.5,47.60122411418706,6.720604849979281
446,1627983634021,2.0,47.60037821251899,6.72187864780426
447,1627983640044,2.0,47.599396356381476,6.723174573853612
448,1627983646495,2.0,47.598350923508406,6.724399086087942
449,1627983652492,2.0,47.59726685006172,6.725633991882205
450,1627983658495,1.5,47.596166850999005,6.7268975637853154
451,1627983664493,1.5,47.595089063979685,6.7281597945839176
452,1627983670495,2.0,47.5940073793754,6.729376930743456
453,1627983676493,1.5,47.59288747329265,6.730441432446241
454,1627983682066,1.5,47.59174451697618,6.731348102912308
455,1627983688465,1.5,47.590600093826644,6.732212696224451
456,1627983694500,1.5,47.58952796459198,6.73313126899302
457,1627983700472,1.5,47.58857326582074,6.734202643856406
458,1627983706450,2.0,47.58772271219641,6.735466383397579
459,1627983712466,2.5,47.58699947968125,6.73683799803257
460,1627983718458,2.0,47.58637075312436,6.738294353708625
461,1627983724467,2.0,47.585875047370784,6.739804437384009
462,1627983730463,1.5,47.58550980594009,6.7413826659321785
463,1627983736466,1.5,47.58522394113242,6.743026524782182
464,1627983742465,1.5,47.58495768997818,6.744663761928678
465,1627983748442,1.5,47.584790848195546,6.746351709589362
466,1627983754465,2.0,47.584762433543794,6.748056001961231
467,1627983760462,2.0,47.584822992794216,6.749703632667661
468,1627983766494,1.5,47.584934765473,6.751393508166075
469,1627983772467,1.5,47.58504096418619,6.753089250996709
470,1627983778468,2.0,47.58519996888936,6.754760267212987
471,1627983784146,1.5,47.585443169809885,6.756422063335776
472,1627983790467,1.5,47.58570958860218,6.7580550257116565
473,1627983796468,1.5,47.58597604930401,6.759693352505566
474,1627983802469,2.0,47.5863235211,6.761273005977273
475,1627983808486,1.5,47.58674106560648,6.762840673327446
476,1627983814468,1.5,47.58717424236239,6.76440448500216
477,1627983820468,1.5,47.58759522344917,6.765960501506925
478,1627983826469,1.5,47.58799638133496,6.7673977464437485
479,1627983832496,1.5,47.58833165746182,6.768639776855707
480,1627983838470,1.5,47.588641745969646,6.7698103934526435
481,1627983844467,1.0,47.58892199490219,6.770957875996827
482,1627983850470,1.0,47.58913942147046,6.772170485928656
483,1627983856468,1.5,47.58933400735259,6.773499017581344
484,1627983862471,1.5,47.589545482769616,6.7749866377562284
485,1627983868468,1.5,47.58973101619631,6.7763507924973965
486,1627983874471,1.5,47.590026268735535,6.7784049455076465
487,1627983880469,1.5,47.5902946991846,6.780339404940605
488,1627983886521,1.5,47.590586473234,6.782402023673058
489,1627983892469,1.5,47.590808384120464,6.784459948539734
490,1627983898503,2.0,47.59084170218557,6.786339841783048
491,1627983904469,1.5,47.5908171851188,6.787974815815687
492,1627983910471,1.5,47.590795895084746,6.789571819826961
493,1627983916523,2.0,47.59076706133782,6.791222048923372
494,1627983922490,2.0,47.59075411129743,6.792899603024125
495,1627983928469,2.0,47.59076425340026,6.794602554291487
496,1627983934468,1.5,47.590916762128465,6.796277090907098
497,1627983940464,1.5,47.59138547815383,6.797755407169461
498,1627983946478,2.0,47.59204777423293,6.799076646566392
499,1627983952473,2.0,47.59272649884224,6.8004023283720025
500,1627983958528,1.5,47.59351661894471,6.801609741523862
501,1627983964473,1.5,47.59443795774132,6.802636357024312
502,1627983970453,1.5,47.595353806391365,6.8036660738289365
503,1627983976456,2.0,47.59625636972486,6.804690845310688
504,1627983982464,2.0,47.59714694693685,6.805715365335345
505,1627983988474,2.0,47.597975749522455,6.806823033839464
506,1627983994473,2.0,47.598597812466316,6.8080913834273815
507,1627984000472,2.0,47.59908480104059,6.809423519298433
508,1627984006469,2.0,47.59936852846295,6.810892280191183
509,1627984012474,2.0,47.599495137110345,6.812439914792776
510,1627984018472,2.0,47.599439145997174,6.814037756994367
511,1627984024554,1.5,47.59918437805027,6.81564842350781
512,1627984030442,1.5,47.59892110247165,6.817318769171834
513,1627984036444,1.5,47.59863385464996,6.8190446868538865
514,1627984042473,2.5,47.598339272663004,6.820800444111228
515,1627984048473,2.0,47.59805868845433,6.822589812800287
516,1627984054443,1.5,47.59777408093214,6.8243402894586325
517,1627984060444,1.5,47.5974943768233,6.826030081138015
518,1627984066447,2.0,47.59725972544402,6.827629012987018
519,1627984072444,2.5,47.59719510097057,6.829309081658722
520,1627984078447,2.0,47.597344676032655,6.830967860296369
521,1627984084444,2.0,47.597681544721134,6.832565451040863
522,1627984090500,2.0,47.59807851165533,6.834149295464157
523,1627984096446,2.5,47.598344427533455,6.83578628115356
524,1627984102447,3.0,47.59834916330875,6.8374046590179205
525,1627984108445,3.0,47.59811141062528,6.838880963623524
526,1627984114446,2.5,47.597648310475044,6.840220978483558
527,1627984120445,2.5,47.59697360917926,6.841367790475488
528,1627984126491,2.0,47.59614857845008,6.842324584722519
529,1627984132501,2.0,47.59527510032058,6.843239553272724
530,1627984138446,2.0,47.594381254166365,6.844174386933446
531,1627984144446,1.5,47.59346117265522,6.845125565305352
532,1627984150445,2.0,47.59251762181521,6.846088226884604
533,1627984156447,2.0,47.59155625943095,6.847101598978043
534,1627984162445,1.5,47.59058190509677,6.848121089860798
535,1627984168447,1.5,47.589614801108844,6.849117195233703
536,1627984174444,2.0,47.58864799048753,6.850079856812954
537,1627984180447,2.0,47.58771332446486,6.851025838404894
538,1627984186446,2.0,47.58693267591298,6.8520452454686165
539,1627984192500,2.0,47.586316103115685,6.85308376327157
540,1627984198444,3.0,47.58572568185628,6.853901417925954
541,1627984204447,2.0,47.585277543403215,6.8547721300274125
542,1627984210446,2.0,47.58511019870639,6.85576437972486
543,1627984216447,2.0,47.585063092410564,6.85673039406538
544,1627984222448,2.0,47.585018039681025,6.8576238211244345
545,1627984228450,2.0,47.58496519178152,6.858449773862957
546,1627984234448,1.5,47.584805767983205,6.859208755195142
547,1627984240448,2.0,47.584579540416605,6.8598956521600485
548,1627984246450,2.0,47.58422662038356,6.860372917726637
549,1627984252448,3.0,47.58384679444135,6.860337881371379
550,1627984258451,3.0,47.58384679444135,6.860337881371379
551,1627984264448,3.0,47.58384679444135,6.860337881371379
552,1627984270449,3.0,47.58384679444135,6.860337881371379
553,1627984276448,3.0,47.58384679444135,6.860337881371379
554,1627984282448,3.0,47.58384679444135,6.860337881371379
555,1627984288448,3.0,47.58384679444135,6.860337881371379
556,1627984294479,3.0,47.58384679444135,6.860337881371379
557,1627984300449,3.0,47.58384679444135,6.860337881371379
558,1627984306450,3.0,47.58384679444135,6.860337881371379
559,1627984312450,3.0,47.58384679444135,6.860337881371379
560,1627984318450,3.0,47.58384679444135,6.860337881371379
561,1627984324449,3.0,47.58384679444135,6.860337881371379
562,1627984330051,3.0,47.58384679444135,6.860337881371379
563,1627984336450,3.0,47.58384679444135,6.860337881371379
564,1627984342464,3.0,47.58384679444135,6.860337881371379
565,1627984348420,3.0,47.58384679444135,6.860337881371379
566,1627984354420,3.0,47.58384679444135,6.860337881371379
567,1627984360482,3.0,47.58384679444135,6.860337881371379
568,1627984366449,3.0,47.58384679444135,6.860337881371379
569,1627984372422,3.0,47.58384679444135,6.860337881371379
570,1627984378420,3.0,47.58384679444135,6.860337881371379
571,1627984384422,3.0,47.58384679444135,6.860337881371379
572,1627984390420,3.0,47.58384679444135,6.860337881371379
573,1627984396422,3.0,47.58384679444135,6.860337881371379
574,1627984402420,3.0,47.58384679444135,6.860337881371379
575,1627984408442,3.0,47.58384679444135,6.860337881371379
576,1627984414422,3.0,47.58384679444135,6.860337881371379
577,1627984420423,3.0,47.58384679444135,6.860337881371379
578,1627984426398,3.0,47.58384679444135,6.860337881371379
579,1627984432423,3.0,47.58384679444135,6.860337881371379
580,1627984438422,3.0,47.58384679444135,6.860337881371379
581,1627984444483,3.0,47.58384679444135,6.860337881371379
582,1627984450421,3.0,47.58384679444135,6.860337881371379
583,1627984456422,3.0,47.58384679444135,6.860337881371379
584,1627984462425,3.0,47.58384679444135,6.860337881371379
585,1627984468424,3.0,47.58384679444135,6.860337881371379
586,1627984474423,3.0,47.58384679444135,6.860337881371379
587,1627984480421,3.0,47.58384679444135,6.860337881371379
588,1627984486425,3.0,47.58384679444135,6.860337881371379
589,1627984492423,3.0,47.58384679444135,6.860337881371379
590,1627984498426,3.0,47.58384679444135,6.860337881371379
591,1627984504424,3.0,47.58384679444135,6.860337881371379
592,1627984510454,3.0,47.58384679444135,6.860337881371379
593,1627984516474,3.0,47.58384679444135,6.860337881371379
594,1627984522425,3.0,47.58384679444135,6.860337881371379
595,1627984528424,3.0,47.58384679444135,6.860337881371379
596,1627984534426,3.0,47.58384679444135,6.860337881371379
597,1627984540425,3.0,47.58384679444135,6.860337881371379
598,1627984546476,3.0,47.58384679444135,6.860337881371379
599,1627984552400,3.0,47.58384679444135,6.860337881371379
