,Timestamp,Quality,Lat,Lon
0,1622827972816,180.59353637695312,50.72719918994834,2.627130687467412
1,1622828033089,6.064248085021973,50.72734177542296,2.6272062116380592
2,1622828094499,4.699999809265137,50.728674932762004,2.6256429646803503
3,1622828155578,4.699999809265137,50.727497734972154,2.611864145481936
4,1622828216464,4.7517571449279785,50.72407335849918,2.587396346374576
5,1622828277492,3.0,50.7309586030433,2.569061986216024
6,1622828338506,4.699999809265137,50.737955663114604,2.559021764406328
7,1622828399434,3.956197023391724,50.740632775240975,2.544928820918821
8,1622828460421,3.0106143951416016,50.73694233664619,2.5273491682083633
9,1622828522180,4.699999809265137,50.72897613408622,2.5152326234492537
10,1622828582447,4.699999809265137,50.71945243863279,2.5146385198464767
11,1622828643471,4.699999809265137,50.711396952693185,2.52389750129026
12,1622828704418,4.699999809265137,50.704414582828505,2.5244813027044795
13,1622828765605,11.23328971862793,50.696475057412655,2.51878428759202
14,1622828826459,7.722307205200195,50.69057569110385,2.514332124116168
15,1622828887496,4.699999809265137,50.68701745137045,2.5080920984299526
16,1622828948456,4.699999809265137,50.68004383871225,2.493100238321384
17,1622829009496,4.699999809265137,50.67477691244329,2.482035864921667
18,1622829070481,4.699999809265137,50.67072605575583,2.4706700763715403
19,1622829131390,4.699999809265137,50.666543164531525,2.453649191545445
20,1622829192380,4.699999809265137,50.66473751577127,2.438224824730987
21,1622829253380,6.314852714538574,50.65832431242369,2.4245751688221886
22,1622829314447,4.699999809265137,50.650174818132626,2.412730351919015
23,1622829375405,4.699999809265137,50.643733342951286,2.403084393894118
24,1622829436427,9.091104507446287,50.644963334911296,2.3947449152531988
25,1622829497376,5.348394870758057,50.64989220385565,2.3885051176303693
26,1622829558405,8.215181350708008,50.655873896073246,2.380740217402588
27,1622829619389,11.061403274536133,50.66238226519068,2.374948455388322
28,1622829680376,4.699999809265137,50.664805448579855,2.363579616252272
29,1622829741392,4.699999809265137,50.66625857535061,2.3517393933099835
30,1622829802396,4.699999809265137,50.67101503964562,2.3432856528608332
31,1622829863503,36.10165786743164,50.675301406395086,2.337415483447356
32,1622829924506,4.699999809265137,50.67938305745364,2.3301791037072404
33,1622829985387,4.699999809265137,50.67692644609297,2.319864951673805
34,1622830046334,5.524596214294434,50.66799013960164,2.3082608477046325
35,1622830107326,6.2272820472717285,50.66302700655624,2.2991240209907264
36,1622830168354,4.699999809265137,50.65773169460123,2.2897349073667845
37,1622830230307,5.68222713470459,50.650195198344576,2.27661708333864
38,1622830290384,5.43961763381958,50.64685447535056,2.2663397248860337
39,1622830351347,4.699999809265137,50.64705522593954,2.2539657786708616
40,1622830412425,9.223068237304688,50.641089776856425,2.2446655280974444
41,1622830473381,4.699999809265137,50.63105436092359,2.2349869226835475
42,1622830534339,5.230242729187012,50.625418376516784,2.222153654715456
43,1622830595458,8.175019264221191,50.619871428716316,2.2087268431684737
44,1622830656386,4.699999809265137,50.61354527123646,2.193890828148508
45,1622830717480,4.699999809265137,50.6049652592628,2.184265560068936
46,1622830778338,4.699999809265137,50.596680927894795,2.176694415914405
47,1622830839278,4.699999809265137,50.58714694682374,2.165292958277488
48,1622830900370,4.699999809265137,50.578069455552495,2.1579422046356624
49,1622830961395,4.699999809265137,50.57212859112963,2.1521197499494047
50,1622831022288,4.699999809265137,50.5675859069609,2.1380594621186155
51,1622831083343,4.246184349060059,50.5595555460242,2.1248043856618093
52,1622831144327,4.699999809265137,50.55458717671411,2.105987283579818
53,1622831205304,4.699999809265137,50.55322966217625,2.0882646879395645
54,1622831266506,4.699999809265137,50.549728224325825,2.0686038947677208
55,1622831327388,4.699999809265137,50.54684381104552,2.0525307353289133
56,1622831388315,4.699999809265137,50.54320696304944,2.0322623484567046
57,1622831450699,4.699999809265137,50.53736623013934,2.0130198462319706
58,1622831511233,4.699999809265137,50.5298623468493,1.995443334954473
59,1622831572263,4.699999809265137,50.52357881939826,1.977139344625703
60,1622831633237,4.699999809265137,50.52393369279307,1.9603994616550957
61,1622831694295,4.699999809265137,50.53571307366642,1.952022752851772
62,1622831755234,8.317703247070312,50.53932227194278,1.9373565516729303
63,1622831816245,4.699999809265137,50.53573841708702,1.9216779227848608
64,1622831877300,4.699999809265137,50.529763251470655,1.9040979060620729
65,1622831938239,5.1155428886413565,50.52189751293223,1.8878320386210647
66,1622831999244,4.699999809265137,50.51685032068148,1.8688502272291845
67,1622832060228,6.6644206047058105,50.50824645314765,1.8530308526911718
68,1622832121189,4.699999809265137,50.50390288538814,1.833149125501984
69,1622832182202,5.298699378967285,50.49705373121864,1.81673846923932
70,1622832243194,5.050337791442871,50.49184143728714,1.7998297632894182
71,1622832304311,4.699999809265137,50.48159225453905,1.7862765633591462
72,1622832365235,10.495023727416992,50.47996650639142,1.770373375744246
73,1622832426186,4.699999809265137,50.48172016255915,1.762577381131843
74,1622832487192,4.699999809265137,50.485052392873975,1.75006858979112
75,1622832548202,7.151357650756836,50.48750436805592,1.7417059528601668
76,1622832609156,4.699999809265137,50.49011131304469,1.7310216728868772
77,1622832670152,4.699999809265137,50.49215507294369,1.7199564299341434
78,1622832731195,5.258653163909912,50.496067850057145,1.7103818615076098
79,1622832792163,4.699999809265137,50.49703083038954,1.6997956047263738
80,1622832853155,7.610394954681396,50.50185296649242,1.6909820523813548
81,1622832914161,4.699999809265137,50.50447956525751,1.6790003449380675
82,1622832975212,4.699999809265137,50.50662667407839,1.6671439187167643
83,1622833036163,4.699999809265137,50.50978157125304,1.6553208690731125
84,1622833097155,4.699999809265137,50.51127826578714,1.6449006593721152
85,1622833158203,4.699999809265137,50.51321026406835,1.6363130533656995
86,1622833219157,4.699999809265137,50.509470130512206,1.6242977497090485
87,1622833280156,8.860380172729492,50.50822365949833,1.6114831220661645
88,1622833341118,6.605511665344237,50.51482817615933,1.6085365386790065
89,1622833402109,5.8739867210388175,50.51949171343871,1.6101824896908292
90,1622833463130,12.489034652709961,50.52377492299193,1.6036409006291241
91,1622833524137,8.53966236114502,50.52656531708797,1.597420180184281
92,1622833585191,4.699999809265137,50.53181498732872,1.5931998535273382
93,1622833646128,4.900000095367432,50.53597680261021,1.593707788064079
