,Timestamp,Quality,Lat,Lon
0,1626872102412,5.494999885559082,50.7140016,2.6301629
1,1626872107183,4.900000095367432,50.7140016,2.6301629
2,1626872113219,4.866000175476074,50.7140016,2.6301629
3,1626872119161,6.131999969482423,50.7140016,2.6301629
4,1626872125253,4.699999809265137,50.7140016,2.6301629
5,1626872131598,4.699999809265137,50.7140016,2.6301629
6,1626872137647,4.934999942779541,50.7140016,2.6301629
7,1626872143667,4.699999809265137,50.7140016,2.6301629
8,1626872149615,4.699999809265137,50.7140016,2.6301629
9,1626872155616,4.986000061035156,50.7140016,2.6301629
10,1626872161642,4.900000095367432,50.7140016,2.6301629
11,1626872167121,4.900000095367432,50.7140016,2.6301629
12,1626872173648,5.041999816894531,50.713998100000005,2.6301567
13,1626872179653,5.195000171661377,50.713935799999994,2.6303542999999996
14,1626872185193,6.505000114440918,50.713789,2.6306931000000002
15,1626872191602,5.638000011444093,50.7136773,2.6314778999999997
16,1626872197637,5.10699987411499,50.7136537,2.6317531
17,1626872203195,6.243000030517577,50.7134731,2.6317619
18,1626872209175,6.4670000076293945,50.713216499999994,2.6315869
19,1626872215171,5.9629998207092285,50.713327,2.6307931
20,1626872221252,6.142000198364258,50.7134167,2.6296515
21,1626872228265,7.130000114440918,50.713645299999996,2.6284582000000003
22,1626872233257,7.798999786376952,50.713854600000005,2.6276117
23,1626872239235,6.7940001487731925,50.714046999999994,2.6263991
24,1626872246270,6.228000164031982,50.7142376,2.6249987999999997
25,1626872251253,5.5219998359680185,50.714386600000005,2.6239432000000003
26,1626872257254,4.7820000648498535,50.7143436,2.6227353
27,1626872264274,4.800000190734863,50.7143026,2.6213147
28,1626872270247,4.699999809265137,50.714518,2.6199477000000004
29,1626872275247,5.065999984741211,50.714678899999996,2.6188891
30,1626872282243,5.488999843597412,50.71466029999999,2.6186921
31,1626872288263,5.296999931335449,50.7145854,2.6186963
32,1626872294290,4.699999809265137,50.714584499999994,2.6187007999999996
33,1626872300148,5.494999885559082,50.714584499999994,2.6187009
34,1626872306001,6.063000202178955,50.7146017,2.618716
35,1626872311846,6.085000038146973,50.714663200000004,2.618804
36,1626872318256,5.265999794006348,50.7147218,2.6183216000000002
37,1626872324264,6.2729997634887695,50.7148703,2.6173011
38,1626872330251,5.488999843597412,50.7150429,2.6160746
39,1626872335258,6.052000045776367,50.715215,2.6149883
40,1626872342244,7.941999912261963,50.715625200000005,2.6136703
41,1626872348254,6.999000072479247,50.715792799999996,2.6123322
42,1626872353243,6.751999855041504,50.7159039,2.6114414
43,1626872360276,6.491000175476074,50.716133899999996,2.6113781000000005
44,1626872366275,6.309999942779541,50.7164001,2.6114826
45,1626872372277,4.699999809265137,50.7170244,2.6117537
46,1626872378315,4.699999809265137,50.7177035,2.6120634999999996
47,1626872384267,4.699999809265137,50.718427,2.6124137000000003
48,1626872390252,4.699999809265137,50.7191829,2.6127198
49,1626872396265,4.699999809265137,50.719936,2.6129957999999998
50,1626872402259,4.699999809265137,50.7206903,2.6132531
51,1626872408264,5.526999950408936,50.721408700000005,2.6134109
52,1626872414234,6.39300012588501,50.722012899999996,2.6135736
53,1626872420275,6.306000232696532,50.722125299999995,2.6133488999999996
54,1626872426263,7.584000110626222,50.722299299999996,2.6124694
55,1626872432282,7.790999889373778,50.722654399999996,2.6114257999999997
56,1626872438261,6.4670000076293945,50.7229431,2.6102627
57,1626872444266,5.6690001487731925,50.7231461,2.609155
58,1626872450258,7.074999809265138,50.723094399999994,2.6079436
59,1626872456265,7.077000141143799,50.723104799999994,2.6070577999999998
60,1626872462257,6.789999961853027,50.7233149,2.606929
61,1626872468303,7.954999923706055,50.723999,2.6069
62,1626872474273,5.401000022888184,50.7248338,2.6067682999999997
63,1626872480276,4.822999954223633,50.7257071,2.6066232000000005
64,1626872486254,4.927999973297119,50.726533,2.6065433
65,1626872492266,4.767000198364258,50.72745379999999,2.6064577
66,1626872498318,5.309999942779541,50.728449,2.6064243
67,1626872504254,5.986000061035156,50.7293038,2.6064699
68,1626872510236,6.309000015258789,50.729583,2.6065199
69,1626872516251,9.576000213623047,50.729752500000004,2.606132
70,1626872522252,9.204999923706056,50.730284999999995,2.6060528
71,1626872528235,10.470000267028807,50.7310282,2.6061259
72,1626872534275,10.3100004196167,50.7315276,2.6061944
73,1626872540250,10.9350004196167,50.7315374,2.6062673
74,1626872546283,6.888000011444093,50.7314289,2.606693
75,1626872552266,7.127999782562256,50.7312558,2.6077225
76,1626872558259,7.447999954223633,50.7310827,2.6089990000000003
77,1626872564252,7.6599998474121085,50.730824,2.6104157999999997
78,1626872570251,4.794000148773193,50.730475399999996,2.611903
79,1626872576280,5.949999809265138,50.730233500000004,2.6134651
80,1626872582258,6.7249999046325675,50.729991,2.6151242000000003
81,1626872588292,6.102000236511231,50.7297643,2.6166911
82,1626872594264,5.0320000648498535,50.729608,2.6181647999999997
83,1626872600262,6.173999786376952,50.7298126,2.6195719
84,1626872606264,6.583000183105469,50.73018270000001,2.621013
85,1626872612266,5.638999938964844,50.730397100000005,2.6222137
86,1626872618250,5.138999938964844,50.7300476,2.6231468
87,1626872624267,5.703999996185303,50.7295321,2.6233847000000003
88,1626872630168,7.922999858856201,50.729557,2.6233009
89,1626872636291,5.7129998207092285,50.7292001,2.6234941000000003
90,1626872642278,5.2709999084472665,50.7289013,2.6244018
91,1626872648234,4.817999839782715,50.7286917,2.6255876
92,1626872654265,7.1479997634887695,50.7285459,2.6265099
93,1626872660287,6.293000221252441,50.72822539999999,2.6266964
94,1626872666266,7.201000213623048,50.7277831,2.6270439999999997
95,1626872672291,5.255000114440918,50.7274314,2.6273245
96,1626872678234,7.045000076293945,50.72735529999999,2.627254
