,Timestamp,Quality,Lat,Lon
0,1627063612160,22.048999786376953,44.42232,26.1174687
1,1627063618309,20.7450008392334,44.4222412,26.1176776
2,1627063626464,16.5,44.42199,26.1174411
3,1627063631463,13.5,44.421737799999995,26.117033
4,1627063636232,9.8100004196167,44.421614399999996,26.116856
5,1627063643054,71.09100341796875,44.421722499999994,26.116518600000003
6,1627063650462,13.75,44.4216131,26.1163304
7,1627063655394,16.0,44.4214809,26.1162585
8,1627063660288,20.006999969482425,44.4212636,26.1161423
9,1627063665533,18.756999969482425,44.42118370000001,26.1160333
10,1627063671571,35.56800079345703,44.4210941,26.1157669
11,1627063677543,13.0,44.4212079,26.1155575
12,1627063683591,14.229000091552734,44.421282500000004,26.115571499999998
13,1627063689593,27.90399932861328,44.4212982,26.1155904
14,1627063695152,17.5,44.4216037,26.1156987
15,1627063702279,22.78499984741211,44.4214227,26.1156228
16,1627063707606,19.589000701904297,44.4214315,26.1156047
17,1627063713612,18.5,44.4214289,26.1156044
18,1627063720409,37.507999420166016,44.4213955,26.115653299999998
19,1627063725563,34.840999603271484,44.4214124,26.115655800000003
20,1627063731617,22.83300018310547,44.421423299999994,26.115655899999997
21,1627063737588,12.5,44.4214248,26.1156556
22,1627063743583,11.0,44.4214244,26.115664300000002
23,1627063749592,11.5,44.4214241,26.1156628
24,1627063756312,61.12200164794922,44.421412,26.115454800000002
25,1627063761603,11.0,44.4214419,26.1152538
26,1627063767585,17.39699935913086,44.4215154,26.115087399999997
27,1627063773120,29.19099998474121,44.421579,26.1148862
28,1627063779607,17.77899932861328,44.4214961,26.1148079
29,1627063785578,14.0,44.4212659,26.1146174
30,1627063791601,19.072999954223636,44.4211861,26.1149087
31,1627063797617,14.0,44.4210476,26.115173000000002
32,1627063803606,12.5,44.4208685,26.1154853
33,1627063809583,29.214000701904297,44.4207155,26.115958199999998
34,1627063815574,12.0,44.420730600000006,26.1161138
35,1627063821606,11.5,44.4207911,26.1161251
36,1627063827595,13.0,44.4207964,26.1161497
37,1627063834356,62.57300186157226,44.4206955,26.116124600000003
38,1627063839612,10.5,44.4207956,26.1162826
39,1627063845609,11.5,44.4214336,26.1169145
40,1627063851585,20.51499938964844,44.4221165,26.1174799
41,1627063857604,18.11599922180176,44.422596399999996,26.1178579
42,1627063863609,11.5,44.423022499999995,26.1183211
43,1627063869618,28.14699935913086,44.4231086,26.118462100000002
44,1627063875584,11.5,44.4233751,26.1187266
45,1627063881598,10.5,44.4237472,26.119075
46,1627063887622,9.333000183105467,44.4239541,26.1191193
47,1627063893603,11.5,44.4246051,26.119154199999997
48,1627063899570,24.8799991607666,44.4253677,26.119152
49,1627063905545,8.0,44.4259875,26.1191577
50,1627063911569,23.61599922180176,44.426235600000005,26.1183168
51,1627063917592,7.0,44.4263606,26.117113
52,1627063923588,24.42499923706055,44.4263562,26.1158188
53,1627063929588,7.5,44.4263947,26.1148128
54,1627063935589,8.0,44.4264096,26.1134384
55,1627063941601,6.5,44.426451799999995,26.113037600000002
56,1627063947598,7.0,44.4264804,26.1130082
57,1627063953622,8.5,44.4265299,26.113074800000003
58,1627063959585,8.333000183105469,44.426497499999996,26.1130998
59,1627063965586,9.0,44.42646679999999,26.1130961
60,1627063971580,25.20499992370605,44.4264423,26.1130996
61,1627063977612,25.125,44.4264328,26.113089399999996
62,1627063983582,7.0,44.426437,26.1130845
63,1627063989579,7.0,44.426449299999994,26.1130793
64,1627063995663,7.0,44.426456200000004,26.1130271
65,1627064001573,7.5,44.426513299999996,26.112131100000003
66,1627064007572,7.665999889373778,44.426564500000005,26.1114928
67,1627064013676,7.5,44.4266514,26.1101049
68,1627064019572,8.5,44.4267141,26.1087646
69,1627064025538,7.665999889373778,44.42676420000001,26.1078656
70,1627064031605,9.0,44.4267151,26.1068209
71,1627064037580,9.0,44.42681470000001,26.1054283
72,1627064043554,8.333000183105469,44.4268166,26.1046965
73,1627064049537,19.304000854492188,44.4269654,26.1039632
74,1627064055550,5.665999889373778,44.4273224,26.1038147
75,1627064061539,12.5,44.4283282,26.103736899999998
76,1627064067593,22.239999771118164,44.428517600000006,26.1036991
77,1627064073565,10.666000366210938,44.4285171,26.1036867
78,1627064079529,28.145999908447266,44.4285062,26.1036929
79,1627064085542,27.267000198364254,44.4284997,26.1037002
80,1627064091537,28.62100028991699,44.4284751,26.103714899999996
81,1627064097534,27.95199966430664,44.4285198,26.103700699999997
82,1627064103645,6.5,44.4287474,26.1035167
83,1627064109555,22.277000427246094,44.4289888,26.102937
84,1627064115554,8.0,44.429140999999994,26.1019844
85,1627064121539,7.5,44.4293112,26.101075299999998
86,1627064127545,5.0,44.429587,26.099946799999998
87,1627064133535,19.74799919128418,44.429722600000005,26.099248100000004
88,1627064139546,8.5,44.429775299999996,26.0979787
89,1627064145557,24.34000015258789,44.4298309,26.097419600000002
90,1627064151554,7.0,44.4298339,26.0969934
91,1627064157529,20.733999252319336,44.4298289,26.0969752
92,1627064163558,22.5,44.4298259,26.097130899999996
93,1627064169577,26.77599906921387,44.429827200000005,26.0971379
94,1627064175552,10.5,44.4298341,26.097129100000004
95,1627064181569,25.979999542236328,44.429833200000004,26.0971188
96,1627064187569,29.458999633789066,44.429835600000004,26.0971202
97,1627064194308,63.124000549316406,44.429838399999994,26.0971138
98,1627064199539,30.041000366210934,44.429840000000006,26.097110999999998
99,1627064205584,9.0,44.429933899999995,26.0969388
100,1627064211507,10.0,44.4302323,26.0963199
101,1627064217532,13.699000358581545,44.4305304,26.0960288
102,1627064223544,21.951000213623047,44.4309701,26.095517899999997
103,1627064229554,14.5,44.4314862,26.094918399999997
104,1627064235553,16.5,44.432801899999994,26.0935397
105,1627064241523,15.46399974822998,44.4329546,26.0932117
106,1627064247564,5.5,44.4334032,26.0918705
107,1627064253553,24.02899932861328,44.4335518,26.0908841
108,1627064259573,9.0,44.4335573,26.090085000000002
109,1627064265547,21.479999542236328,44.4335375,26.0899478
110,1627064271533,11.0,44.433462899999995,26.0898969
111,1627064277539,26.61000061035156,44.4334936,26.0898877
112,1627064283554,24.91399955749512,44.4334561,26.0899473
113,1627064289575,23.690000534057614,44.43349,26.0897997
114,1627064295568,8.5,44.4335764,26.089094
115,1627064301563,9.5,44.4336974,26.087542300000003
116,1627064307545,18.50200080871582,44.43376729999999,26.0865781
117,1627064313551,10.5,44.433858,26.0852324
118,1627064319582,9.0,44.4338875,26.0846109
119,1627064325547,6.5,44.433881400000004,26.084573499999998
120,1627064332277,22.6879997253418,44.433917,26.0845698
121,1627064337529,18.516000747680664,44.4339321,26.0847066
122,1627064343542,24.57399940490723,44.4339281,26.0847218
123,1627064351452,11.5,44.4340223,26.0835229
124,1627064355539,9.666000366210938,44.4340576,26.0827334
125,1627064361108,12.758999824523926,44.4340641,26.082091000000002
126,1627064367559,10.5,44.434169399999995,26.080722
127,1627064373539,7.5,44.434317799999995,26.0797655
128,1627064379553,19.424999237060547,44.4344804,26.079172600000003
129,1627064385539,22.97500038146973,44.434712299999994,26.078433800000003
130,1627064391535,22.172000885009766,44.4350431,26.0776793
131,1627064397475,68.40000152587889,44.4360923,26.0765408
132,1627064403560,27.16200065612793,44.4354926,26.076492000000002
133,1627064409525,6.665999889373778,44.4355944,26.076277899999997
134,1627064415541,5.5,44.435671500000005,26.076025
135,1627064421539,4.333000183105469,44.4356771,26.0759832
136,1627064427565,6.25,44.4359081,26.075224600000002
137,1627064433544,7.745999813079834,44.4359977,26.0750628
138,1627064439550,6.5,44.4363346,26.074696199999998
139,1627064445540,8.0,44.436346,26.074548999999998
140,1627064451578,7.0,44.4366274,26.0739157
141,1627064457524,9.5,44.437099100000005,26.0729284
142,1627064463547,26.50200080871582,44.43778579999999,26.0714735
143,1627064469536,16.207000732421875,44.4380634,26.0709815
144,1627064475548,9.0,44.438293,26.070665899999998
145,1627064481559,8.333000183105469,44.4383033,26.0706157
146,1627064487554,9.5,44.438321200000004,26.0705499
147,1627064493546,14.753999710083008,44.4383101,26.070528699999997
148,1627064500277,70.02400207519531,44.4383243,26.070535500000002
149,1627064505549,7.5,44.4383612,26.0704536
150,1627064511567,8.0,44.438636200000005,26.0699165
151,1627064517541,7.0,44.439195500000004,26.0690232
152,1627064523532,8.0,44.439927600000004,26.067793899999998
153,1627064529541,10.666000366210938,44.4407932,26.066415799999998
154,1627064535550,8.0,44.4412601,26.065545899999996
155,1627064541557,15.68000030517578,44.441694899999995,26.064789
156,1627064547546,7.665999889373778,44.4426052,26.0632088
157,1627064553539,16.687999725341793,44.4430214,26.0625281
158,1627064559542,7.0,44.4432575,26.061564800000003
159,1627064565553,4.5,44.443270299999995,26.0612998
160,1627064571540,8.5,44.443245399999995,26.061294399999998
161,1627064577527,8.5,44.44320379999999,26.061389600000002
162,1627064583546,23.88800048828125,44.4432573,26.0613478
163,1627064589555,12.0,44.4433083,26.061112100000003
164,1627064595549,32.88100051879883,44.443244899999996,26.0606273
165,1627064601567,27.65500068664551,44.4430708,26.060409399999998
166,1627064607544,30.25200080871582,44.442653299999996,26.06022
167,1627064613535,10.0,44.4418779,26.060026399999998
168,1627064619514,21.21500015258789,44.441374100000004,26.059689499999998
169,1627064625502,6.665999889373778,44.4405671,26.0585953
170,1627064631486,13.60200023651123,44.4400925,26.058075
171,1627064637507,4.5,44.439372999999996,26.0570739
172,1627064643508,4.0,44.438403,26.055995499999998
173,1627064649552,4.5,44.4375122,26.054957199999997
174,1627064655588,14.446000099182127,44.4370374,26.0547397
175,1627064661498,6.0,44.4360006,26.0544116
176,1627064667500,17.77899932861328,44.435607,26.0543157
177,1627064673526,29.05400085449219,44.4353584,26.0542359
178,1627064679502,32.451000213623054,44.435325799999994,26.054169
179,1627064685521,11.0,44.4353593,26.054168100000002
180,1627064691495,27.88599967956543,44.4353684,26.0541478
181,1627064697492,28.78400039672852,44.435383200000004,26.0540855
182,1627064703505,35.4370002746582,44.43538579999999,26.054085999999998
183,1627064709497,21.5,44.435382700000005,26.054082100000002
184,1627064716527,32.26300048828125,44.4352607,26.054076199999997
185,1627064721487,12.666000366210938,44.4349194,26.0540052
186,1627064727513,10.333000183105467,44.4347234,26.054081699999998
187,1627064733501,15.0,44.434611600000004,26.052991100000003
188,1627064739468,21.701000213623047,44.434673,26.051973999999998
189,1627064745516,19.0,44.434688200000004,26.050189800000002
190,1627064751519,17.5,44.4345662,26.048410999999998
191,1627064757511,15.0,44.4345408,26.047366
192,1627064763565,12.5,44.4345777,26.046103600000002
193,1627064769524,11.0,44.4344293,26.0446348
194,1627064775501,12.0,44.434426200000004,26.0431034
195,1627064781562,19.40399932861328,44.4344597,26.0430127
196,1627064787519,12.0,44.434475799999994,26.0429633
197,1627064793485,17.652000427246094,44.4345186,26.043031699999997
198,1627064799535,13.5,44.4345026,26.0429391
199,1627064805504,13.0,44.4344825,26.0422386
200,1627064811518,18.827999114990234,44.4344417,26.041705399999998
201,1627064817501,28.56800079345703,44.4344241,26.041098100000003
202,1627064823486,11.0,44.43443189999999,26.0406107
203,1627064829500,16.768999099731445,44.43439229999999,26.0402954
204,1627064835495,11.5,44.434349600000004,26.0396836
205,1627064841505,18.0,44.434386700000005,26.038659600000003
206,1627064847534,20.0,44.4344405,26.0387355
207,1627064853564,8.5,44.434428100000005,26.0379131
208,1627064859492,10.663000106811523,44.4344043,26.037699
209,1627064865511,9.0,44.4342796,26.0368031
210,1627064871502,12.5,44.4342028,26.0361717
211,1627064877554,28.13999938964844,44.4342654,26.0359778
212,1627064883515,8.5,44.4342545,26.0358799
213,1627064889524,7.0,44.4342656,26.0358647
214,1627064895529,23.68600082397461,44.434323,26.035947
215,1627064901497,9.0,44.4342697,26.0359431
216,1627064907542,7.5,44.4341506,26.0360755
217,1627064913560,14.5,44.4338708,26.036142899999998
218,1627064919514,15.90999984741211,44.4339928,26.0361753
219,1627064925500,31.52799987792969,44.434087,26.036157100000004
220,1627064931500,32.160999298095696,44.4341152,26.0361272
221,1627064937501,35.136001586914055,44.43412360000001,26.0361148
222,1627064943514,30.81599998474121,44.4341227,26.036116
223,1627064949501,27.90699958801269,44.4341226,26.0361162
224,1627064955511,12.5,44.4340706,26.0358865
225,1627064961513,33.19900131225586,44.4340537,26.0357584
226,1627064967515,29.23699951171875,44.4340808,26.0354589
227,1627064973523,26.76000022888184,44.434208899999994,26.0350043
228,1627064979494,25.90500068664551,44.43427979999999,26.0346108
229,1627064985487,13.0,44.434259999999995,26.033237399999997
230,1627064991492,12.333000183105467,44.434239899999994,26.032581699999998
231,1627064997493,29.416000366210934,44.4341765,26.031472100000002
232,1627065003490,31.04999923706055,44.4341615,26.030258800000002
233,1627065009495,26.457000732421875,44.4340925,26.0292725
234,1627065015507,13.5,44.4342015,26.028619
235,1627065021512,11.5,44.4342234,26.028481699999997
236,1627065027509,10.0,44.4342234,26.0287551
237,1627065033492,12.5,44.4342364,26.0287664
238,1627065039506,28.149999618530273,44.4342579,26.0287691
239,1627065045499,11.0,44.434264399999996,26.0287704
240,1627065051531,27.11599922180176,44.4342396,26.0279727
241,1627065057519,10.0,44.434131,26.026900100000002
242,1627065063482,28.19499969482422,44.434087700000006,26.0256185
243,1627065069509,28.617000579833984,44.434152600000004,26.024458600000003
244,1627065075504,12.5,44.4341777,26.023239800000002
245,1627065081486,10.0,44.4342356,26.022233899999996
246,1627065087487,10.5,44.4342437,26.021966199999998
247,1627065093496,9.5,44.434166499999996,26.0222375
248,1627065099488,27.452999114990234,44.4341333,26.0223026
249,1627065105509,29.41699981689453,44.434127200000006,26.022325100000003
250,1627065111508,31.15200042724609,44.4341349,26.022311
251,1627065117490,13.0,44.4341532,26.022269
252,1627065123515,29.440000534057614,44.4340652,26.0219931
253,1627065129518,10.5,44.4341618,26.021260199999997
254,1627065135518,26.17799949645996,44.4342461,26.0210766
255,1627065141489,7.0,44.4342786,26.021268799999998
256,1627065147492,19.849000930786133,44.434293100000005,26.021234600000003
257,1627065153489,13.0,44.4342626,26.021113
258,1627065159511,9.0,44.4342287,26.0211667
259,1627065165524,12.5,44.4342149,26.021219600000002
260,1627065171499,18.900999069213867,44.4342068,26.0212412
261,1627065177510,14.0,44.4342101,26.0212422
262,1627065183521,13.0,44.4342098,26.021241699999997
263,1627065189502,11.0,44.4342094,26.021238399999998
264,1627065195522,29.79700088500977,44.4342079,26.021226300000002
265,1627065201503,29.558000564575195,44.4342072,26.0212195
266,1627065207521,8.5,44.434206700000004,26.021214399999998
267,1627065213510,12.0,44.4342064,26.0212133
268,1627065219538,30.24799919128418,44.4342032,26.021194100000002
269,1627065225524,33.626998901367195,44.4342721,26.0206693
270,1627065231498,23.118999481201172,44.4341884,26.019731699999998
271,1627065237505,29.113000869750977,44.4339985,26.018511399999998
272,1627065243506,18.86599922180176,44.4339248,26.0180343
273,1627065249475,18.0,44.43400379999999,26.0172245
274,1627065255500,13.0,44.4340172,26.015832999999997
275,1627065261507,19.5,44.4339182,26.0142162
276,1627065267520,15.454999923706055,44.4338891,26.0135878
277,1627065273506,28.868000030517575,44.433718,26.012497
278,1627065279487,36.816001892089844,44.433483100000004,26.0114771
279,1627065285522,30.0,44.433730499999996,26.009871899999997
280,1627065291485,25.50300025939941,44.4339249,26.0090477
281,1627065297484,12.5,44.4339016,26.0078855
282,1627065303538,12.0,44.4340658,26.0060918
283,1627065309507,18.84600067138672,44.434050799999994,26.0054991
284,1627065315471,10.5,44.433998700000004,26.0048366
285,1627065321453,9.5,44.4338585,26.0041061
286,1627065327528,26.20000076293945,44.433741600000005,26.0031983
287,1627065333477,27.545000076293945,44.43382379999999,26.002181
288,1627065339476,27.69099998474121,44.4338468,26.001761600000002
289,1627065345439,29.042999267578125,44.433882200000006,26.0016407
290,1627065351507,28.90399932861328,44.4337685,26.001233399999997
291,1627065357456,42.4630012512207,44.433661799999996,26.0004902
292,1627065363456,12.5,44.4337924,25.9987473
293,1627065369471,10.0,44.4338057,25.997063
294,1627065375476,10.0,44.4338348,25.9964453
295,1627065381453,27.08300018310547,44.4339264,25.995277899999998
296,1627065387462,26.55900001525879,44.434100799999996,25.9940939
297,1627065393518,9.5,44.43414620000001,25.9928848
298,1627065399470,9.5,44.4342586,25.9918488
299,1627065405467,21.395999908447266,44.4343625,25.990703
300,1627065411461,21.09000015258789,44.4345592,25.989391100000002
301,1627065417460,25.243999481201172,44.434605299999994,25.988244899999998
302,1627065423470,9.0,44.4346382,25.9875829
303,1627065429462,21.23500061035156,44.4347092,25.986461399999996
304,1627065435462,15.46399974822998,44.4347676,25.9856109
305,1627065441462,20.9379997253418,44.4348369,25.984947100000003
306,1627065447470,7.5,44.4348643,25.984313
307,1627065453502,9.5,44.4349323,25.9840063
308,1627065459515,24.73200035095215,44.4349955,25.9840088
309,1627065465454,23.809999465942386,44.435005,25.984020899999997
310,1627065471459,8.0,44.4349833,25.984032199999998
311,1627065477452,4.0,44.4349506,25.984080600000002
312,1627065483473,6.0,44.434947799999996,25.9840893
313,1627065489481,23.68099975585937,44.4348255,25.9841881
314,1627065495460,17.986000061035156,44.4348138,25.9839232
315,1627065501459,6.5,44.4350016,25.9827801
316,1627065507483,22.577999114990234,44.4350532,25.9819296
317,1627065513451,7.5,44.435143100000005,25.980753200000002
318,1627065519459,8.0,44.4352818,25.9792468
319,1627065525499,15.0,44.4352526,25.9779169
320,1627065531437,21.108999252319336,44.435366200000004,25.9772105
321,1627065537504,16.5,44.43561629999999,25.9757318
322,1627065543461,14.241999626159668,44.4355976,25.9751704
323,1627065549450,23.226999282836914,44.435748499999995,25.973705600000002
324,1627065555445,16.033000946044922,44.436026700000006,25.9716327
325,1627065561456,6.333000183105469,44.4361607,25.9704346
326,1627065567450,4.0,44.4362755,25.9688231
327,1627065573459,6.0,44.4364846,25.966098199999998
328,1627065579432,20.559999465942386,44.4366826,25.9640044
329,1627065585457,4.5,44.4368761,25.9612892
330,1627065591476,5.0,44.4369171,25.9596944
331,1627065597468,7.5,44.4371884,25.9564163
332,1627065603470,18.92099952697754,44.4374412,25.95434
333,1627065609456,6.333000183105469,44.4376067,25.9524837
334,1627065615442,8.5,44.437856,25.9497457
335,1627065621452,10.5,44.438142799999994,25.9473712
336,1627065627464,12.0,44.43825379999999,25.945199
337,1627065633461,21.44300079345703,44.4384751,25.9435829
338,1627065639470,9.0,44.4385939,25.94087
339,1627065645475,6.333000183105469,44.43886,25.93754
340,1627065651456,12.303000450134276,44.4389105,25.9368542
341,1627065662386,12.0,44.439975700000005,25.930001899999997
342,1627065663456,11.0,44.4400787,25.9295791
343,1627065669426,10.0,44.4403936,25.9282494
344,1627065675463,8.5,44.44117,25.925086899999997
345,1627065681470,9.0,44.441638399999995,25.9233779
346,1627065687460,8.0,44.4425066,25.9202075
347,1627065693457,7.0,44.443203000000004,25.9181128
348,1627065699469,7.5,44.444168,25.9155026
349,1627065705462,8.5,44.445575700000006,25.912504300000002
350,1627065711456,7.0,44.446757399999996,25.9100165
351,1627065717468,5.0,44.4477841,25.908078200000002
352,1627065723446,6.0,44.4491154,25.9057343
353,1627065729444,5.5,44.450432799999994,25.9035734
354,1627065735479,7.0,44.451814500000005,25.9014573
355,1627065741456,9.5,44.4536649,25.8984205
356,1627065747446,7.665999889373778,44.4543792,25.897052399999996
357,1627065753461,6.5,44.4555648,25.8947972
358,1627065759472,7.5,44.4566959,25.892564899999996
359,1627065765481,7.0,44.4580066,25.8896687
360,1627065771429,8.0,44.4587847,25.887711499999998
361,1627065777449,7.0,44.4599866,25.8847271
362,1627065783479,6.0,44.460751200000004,25.882735399999998
363,1627065789476,5.5,44.4616493,25.880164999999998
364,1627065795469,6.0,44.4623841,25.877695000000003
365,1627065801463,6.5,44.463087,25.8751793
366,1627065807440,6.0,44.4637623,25.8726047
367,1627065813452,7.0,44.4644052,25.870081699999997
368,1627065819463,4.5,44.4650192,25.8670891
369,1627065825445,4.5,44.46539179999999,25.864989399999995
370,1627065831463,6.5,44.4658338,25.8623915
371,1627065837479,7.0,44.4662842,25.859703600000003
372,1627065843455,5.0,44.4666256,25.8570754
373,1627065849478,7.0,44.4668642,25.8543107
374,1627065855459,8.5,44.46719829999999,25.850724300000003
375,1627065861469,8.0,44.467285499999996,25.8485546
376,1627065867456,6.5,44.4673924,25.84587
377,1627065873461,7.0,44.4673878,25.8437312
378,1627065879458,5.5,44.46731870000001,25.841112
379,1627065885458,5.0,44.4672998,25.8383247
380,1627065891454,6.0,44.4671899,25.8356349
381,1627065897445,5.5,44.467065000000005,25.8329405
382,1627065903453,8.5,44.4670221,25.830258999999998
383,1627065909447,13.5,44.4670976,25.8270397
384,1627065915468,8.0,44.4672028,25.8243738
385,1627065921479,8.5,44.467349,25.8221644
386,1627065927445,5.5,44.4675486,25.8194261
387,1627065933445,4.0,44.4677484,25.817100600000003
388,1627065939440,8.0,44.4681886,25.8138269
389,1627065945469,11.0,44.468901,25.809938100000004
390,1627065951451,14.479000091552734,44.4691499,25.808744
391,1627065957444,9.0,44.469697,25.8056663
392,1627065963494,7.665999889373778,44.4699989,25.8035538
393,1627065969502,7.0,44.470430799999995,25.799942
394,1627065975452,7.665999889373778,44.47058010000001,25.7980781
395,1627065981449,6.5,44.470851700000004,25.794629999999998
396,1627065987454,5.25,44.4708488,25.7927587
397,1627065993428,12.5,44.4708469,25.787905399999996
398,1627065999456,11.0,44.4707751,25.7859111
399,1627066005453,7.0,44.4706063,25.783638399999997
400,1627066011416,7.0,44.470398100000004,25.7807672
401,1627066017428,5.0,44.470060600000004,25.7778278
402,1627066023402,3.6659998893737793,44.4696494,25.7754729
403,1627066029425,9.0,44.46902070000001,25.7718193
404,1627066035416,6.0,44.468245399999994,25.7683359
405,1627066041419,5.5,44.4679284,25.767139800000002
406,1627066047421,5.0,44.46690039999999,25.763672699999997
407,1627066053415,6.333000183105469,44.4664102,25.7620145
408,1627066059434,8.5,44.4654991,25.758797100000002
409,1627066065439,6.665999889373778,44.464884600000005,25.7565918
410,1627066071465,7.0,44.4640504,25.753397699999997
411,1627066077426,8.0,44.4635812,25.7511526
412,1627066083424,6.5,44.463065500000006,25.7484201
413,1627066089412,8.0,44.4626771,25.7451354
414,1627066095412,6.665999889373778,44.462487599999996,25.7429117
415,1627066101410,7.5,44.4623396,25.740178399999998
416,1627066107407,6.5,44.4622716,25.736905399999998
417,1627066113420,7.25,44.462262599999995,25.735042899999996
418,1627066119404,8.5,44.4624023,25.730811499999998
419,1627066125395,6.75,44.46249470000001,25.7294092
420,1627066131407,7.0,44.46292929999999,25.7250643
421,1627066137494,7.0,44.46312460000001,25.7236549
422,1627066143422,8.0,44.46388029999999,25.719426000000002
423,1627066149417,7.5,44.4641544,25.7180907
424,1627066155433,7.0,44.4648356,25.714983899999996
425,1627066161402,6.5,44.4659723,25.711091800000002
426,1627066167411,6.25,44.4663549,25.7097498
427,1627066173415,6.0,44.4672416,25.7073313
428,1627066179404,7.0,44.468749700000004,25.7035405
429,1627066185417,9.5,44.470481400000004,25.6997992
430,1627066191410,7.75,44.471273,25.6983743
431,1627066197417,5.5,44.472835499999995,25.6956313
432,1627066203430,8.0,44.474213,25.6929492
433,1627066209417,6.0,44.4753158,25.690540300000002
434,1627066215399,6.0,44.4767025,25.687108600000002
435,1627066221433,6.0,44.4778258,25.683639399999997
436,1627066227413,5.0,44.478566799999996,25.6811759
437,1627066233409,7.5,44.479257399999995,25.6783482
438,1627066239409,9.0,44.479890999999995,25.675658600000002
439,1627066245428,6.5,44.4804107,25.6724928
440,1627066251424,8.5,44.480989,25.6693062
441,1627066257426,10.333000183105467,44.481485799999994,25.6668492
442,1627066263441,9.5,44.482076299999996,25.664002899999996
443,1627066269431,8.5,44.4827029,25.6611607
444,1627066275415,8.0,44.4834271,25.658305
445,1627066281431,7.665999889373778,44.484086100000006,25.6559266
446,1627066287426,13.0,44.48492,25.652573800000003
447,1627066293412,7.0,44.485760299999995,25.649842
448,1627066299426,6.333000183105469,44.48641729999999,25.6476905
449,1627066305405,10.0,44.4873889,25.644062899999998
450,1627066311402,8.333000183105469,44.48775560000001,25.6423206
451,1627066317405,7.5,44.4883649,25.6392319
452,1627066323405,8.0,44.4887213,25.636898199999997
453,1627066329422,11.5,44.4890442,25.6346575
454,1627066335425,15.5,44.4893083,25.6321802
455,1627066341411,12.0,44.4894095,25.629603200000002
456,1627066347394,7.5,44.4894581,25.6269641
457,1627066353422,10.0,44.4895141,25.6241775
458,1627066359405,7.5,44.489634499999994,25.621342300000002
459,1627066365401,8.0,44.4898579,25.6189831
460,1627066371433,11.0,44.49023270000001,25.6156752
461,1627066377414,10.5,44.4906529,25.612813
462,1627066383417,7.5,44.4911615,25.610001800000003
463,1627066389433,10.0,44.4917373,25.607117600000002
464,1627066395412,12.0,44.4923452,25.604524800000004
465,1627066401423,8.0,44.4929644,25.6021013
466,1627066407463,8.5,44.4936495,25.5996152
467,1627066413405,8.333000183105469,44.4942658,25.5976517
468,1627066419410,9.0,44.495452,25.594725
469,1627066425429,7.0,44.4962193,25.592731399999998
470,1627066431417,7.5,44.4977314,25.589227800000003
471,1627066437399,7.333000183105469,44.4985394,25.5876977
472,1627066443412,6.5,44.4998388,25.585386800000002
473,1627066449417,9.0,44.5010792,25.583153699999997
474,1627066455401,11.0,44.5025739,25.5805817
475,1627066461410,9.0,44.503621200000005,25.579007999999998
476,1627066467414,8.5,44.504982299999995,25.5768685
477,1627066473418,14.5,44.506589899999994,25.5743229
478,1627066479413,11.75,44.5073911,25.572971399999997
479,1627066485423,15.0,44.5096081,25.5693708
480,1627066491412,11.0,44.5105391,25.567889
481,1627066497390,9.0,44.5118273,25.5657405
482,1627066503417,8.333000183105469,44.512925200000005,25.563891899999998
483,1627066509408,8.5,44.5147614,25.560931
484,1627066515459,10.333000183105467,44.5160011,25.559051
485,1627066521412,10.0,44.517416600000004,25.5568221
486,1627066527404,9.5,44.5187826,25.554579399999998
487,1627066533407,9.5,44.5200758,25.552422699999997
488,1627066539415,8.5,44.52134829999999,25.5504008
489,1627066545407,13.0,44.5226958,25.548287
490,1627066551426,19.0,44.5241324,25.545958600000002
491,1627066557419,10.5,44.52506629999999,25.5443672
492,1627066563375,7.5,44.5262916,25.5423706
493,1627066569392,7.333000183105469,44.5272838,25.5407807
494,1627066575385,7.5,44.5285104,25.538745600000002
495,1627066581387,5.0,44.529807,25.5366436
496,1627066587385,5.5,44.5310816,25.5346038
497,1627066593377,7.5,44.5322477,25.5326667
498,1627066599361,9.0,44.5333825,25.5307122
499,1627066605383,9.0,44.5349073,25.5284047
500,1627066611376,9.5,44.5360527,25.5265515
501,1627066617405,6.0,44.537193,25.5246643
502,1627066623410,5.0,44.5382442,25.5229652
503,1627066629350,5.5,44.539570899999994,25.5208978
504,1627066635379,5.0,44.5408362,25.518840899999997
505,1627066641390,4.5,44.542078100000005,25.516893600000003
506,1627066647373,5.5,44.543315899999996,25.514801600000002
507,1627066653372,7.5,44.544607899999995,25.512847
508,1627066659375,4.0,44.5460079,25.5108253
509,1627066665358,4.5,44.5474412,25.508883800000003
510,1627066671437,6.5,44.548961600000005,25.5069668
511,1627066677403,5.0,44.55079,25.5047457
512,1627066683372,8.5,44.552375700000006,25.5029496
513,1627066689389,6.0,44.5544271,25.5008681
514,1627066695375,4.665999889373778,44.5553801,25.4999359
515,1627066701381,4.0,44.5569461,25.4985182
516,1627066707387,4.0,44.558386799999994,25.4972227
517,1627066713388,4.0,44.560602100000004,25.495373100000002
518,1627066719365,7.0,44.5624406,25.493630399999997
519,1627066725377,6.0,44.5639974,25.4919747
520,1627066731535,5.0,44.5657564,25.490022
521,1627066737340,4.5,44.5679352,25.4872717
522,1627066743365,4.333000183105469,44.5688635,25.4859695
523,1627066749361,5.0,44.570283700000005,25.483864699999998
524,1627066755363,5.5,44.571580100000006,25.4816754
525,1627066761377,9.0,44.5728859,25.4795232
526,1627066767363,7.0,44.5740875,25.4776024
527,1627066773359,4.5,44.575461100000005,25.4756954
528,1627066779377,3.0,44.5768261,25.473910800000002
529,1627066785374,4.5,44.5782573,25.4722422
530,1627066791382,4.5,44.5799991,25.470378600000004
531,1627066797365,4.5,44.5812209,25.4691772
532,1627066803370,3.6659998893737793,44.582496899999995,25.467998899999998
533,1627066809369,5.5,44.5848459,25.4661428
534,1627066815374,8.0,44.5865802,25.4648735
535,1627066821379,7.0,44.588010100000005,25.464005399999998
536,1627066827385,8.0,44.589778100000004,25.4630293
537,1627066833388,7.0,44.591626500000004,25.462090600000003
538,1627066839375,8.5,44.5935101,25.4613655
539,1627066845360,10.0,44.5958192,25.4605423
540,1627066851366,8.5,44.5977456,25.459746300000003
541,1627066857378,8.0,44.5992351,25.4590776
542,1627066863378,7.5,44.601164700000005,25.4580829
543,1627066869383,6.0,44.6032342,25.456815
544,1627066875369,7.0,44.605242499999996,25.4554164
545,1627066881382,5.5,44.6071208,25.454021899999997
546,1627066887380,6.0,44.6088067,25.4525962
547,1627066893363,6.0,44.61039829999999,25.451163100000002
548,1627066899369,6.0,44.6121622,25.4494046
549,1627066905376,7.5,44.6139312,25.4473883
550,1627066911386,6.0,44.615650099999996,25.4452457
551,1627066917375,7.0,44.617627899999995,25.442499800000004
552,1627066923371,7.665999889373778,44.618868799999994,25.4405784
553,1627066929371,7.5,44.620662599999996,25.4374513
554,1627066935441,6.0,44.6218206,25.4352244
555,1627066941396,5.5,44.6233833,25.4317108
556,1627066947369,6.0,44.62403870000001,25.4302124
557,1627066953369,6.0,44.6249584,25.4278835
558,1627066959361,4.333000183105469,44.6257281,25.4259238
559,1627066965369,6.0,44.627256700000004,25.4223242
560,1627066971376,6.0,44.6287971,25.4191343
561,1627066977412,7.0,44.6296615,25.4173663
562,1627066983370,6.5,44.6315253,25.413823800000003
563,1627066989400,6.333000183105469,44.6325375,25.412069
564,1627066995413,6.0,44.634246999999995,25.4090242
565,1627067001372,6.5,44.635561100000004,25.4070322
566,1627067007397,7.0,44.6372073,25.4045747
567,1627067013373,6.5,44.6388216,25.4021638
568,1627067019374,7.5,44.640121,25.400032100000004
569,1627067025372,6.0,44.6411764,25.3981892
570,1627067031365,5.0,44.6424325,25.3958483
571,1627067037368,6.0,44.643221000000004,25.394032100000004
572,1627067043372,6.0,44.6442691,25.3914959
573,1627067049357,6.333000183105469,44.6457433,25.387325
574,1627067055362,5.0,44.6461769,25.3859122
575,1627067061409,7.0,44.64701779999999,25.3829122
576,1627067067406,8.0,44.647806200000005,25.379317699999998
577,1627067073377,8.5,44.6482271,25.3769795
578,1627067079394,6.665999889373778,44.6485697,25.374687100000003
579,1627067085390,5.5,44.6489699,25.3710433
580,1627067091373,6.0,44.64913129999999,25.3693013
581,1627067097363,7.0,44.6496578,25.3656168
582,1627067103372,6.665999889373778,44.6499968,25.363225399999997
583,1627067109380,6.0,44.6507448,25.359125600000002
584,1627067115366,7.665999889373778,44.6512499,25.3569268
585,1627067121375,8.5,44.6520481,25.3534047
586,1627067127405,7.333000183105469,44.6525639,25.3513615
587,1627067133361,7.0,44.6534778,25.3480053
588,1627067139361,8.0,44.6539845,25.346411800000002
589,1627067145398,8.5,44.6549245,25.3437215
590,1627067151399,6.0,44.6562081,25.3402702
591,1627067157362,8.5,44.6571286,25.3377892
592,1627067163375,9.0,44.658319899999995,25.3345237
593,1627067169427,7.0,44.6593436,25.3315688
594,1627067175373,8.0,44.660683899999995,25.327900699999997
595,1627067181343,7.665999889373778,44.6611849,25.326361399999996
596,1627067187336,5.0,44.661827,25.3244649
597,1627067193334,8.5,44.6631797,25.320687300000003
598,1627067199331,8.333000183105469,44.6640162,25.3183605
599,1627067205327,8.25,44.6646443,25.316590100000003
600,1627067211345,7.0,44.6660446,25.3127771
601,1627067217335,6.0,44.6671604,25.3096423
602,1627067223340,5.75,44.66790220000001,25.307615300000002
603,1627067229334,9.0,44.6694991,25.303230600000003
604,1627067235331,8.666000366210938,44.6703555,25.300769199999998
605,1627067241325,9.0,44.6709364,25.2990565
606,1627067247327,7.5,44.6723512,25.29515
607,1627067253307,8.0,44.673438899999994,25.292113399999998
608,1627067259322,8.0,44.6741143,25.2901358
609,1627067265345,6.0,44.675529299999994,25.286596499999998
610,1627067271315,20.5,44.6772006,25.282734899999998
611,1627067277329,13.5,44.6786485,25.279672199999997
612,1627067283319,9.0,44.679807399999994,25.277382199999998
613,1627067289311,9.25,44.6808092,25.275577600000002
614,1627067295349,9.0,44.683304799999995,25.271400500000002
615,1627067301356,7.665999889373778,44.6845138,25.2695679
616,1627067307326,8.5,44.6863208,25.266896300000003
617,1627067313335,8.0,44.688450399999994,25.2640427
618,1627067319342,8.5,44.6894434,25.262520600000002
619,1627067325333,12.0,44.6919803,25.258215300000003
620,1627067331319,9.333000183105467,44.69300429999999,25.2561277
621,1627067337331,7.75,44.693904100000005,25.2541535
622,1627067343287,8.0,44.6957701,25.249768600000003
623,1627067349334,8.5,44.6968517,25.2464802
624,1627067355360,7.75,44.6974091,25.2445075
625,1627067361348,6.0,44.6983479,25.240664000000002
626,1627067367340,8.5,44.6990375,25.237630600000003
627,1627067373299,7.333000183105469,44.6994271,25.2352128
628,1627067379340,8.666000366210938,44.6998686,25.2326583
629,1627067385329,8.0,44.7002492,25.228618899999997
630,1627067391329,8.666000366210938,44.700379299999994,25.2267451
631,1627067397341,10.0,44.7005781,25.221789899999997
632,1627067403291,8.5,44.7006284,25.2208973
633,1627067409333,7.0,44.7008819,25.2164587
634,1627067415328,7.25,44.700944799999995,25.215104500000002
635,1627067421344,7.5,44.7012484,25.2105104
636,1627067427330,8.5,44.7013299,25.2090536
637,1627067433321,7.5,44.7015903,25.205058800000003
638,1627067439339,7.665999889373778,44.701665399999996,25.203245000000003
639,1627067445351,10.0,44.701916499999996,25.1988106
640,1627067451322,11.333000183105467,44.7021007,25.1963667
641,1627067457322,8.5,44.702195,25.1934283
642,1627067463290,9.0,44.702323,25.1915655
643,1627067469306,8.5,44.7025967,25.1871803
644,1627067475310,8.25,44.7026783,25.1858345
645,1627067481353,7.5,44.702850899999994,25.181852
646,1627067487300,8.666000366210938,44.7029734,25.179786899999996
647,1627067493339,11.0,44.7034691,25.173990600000003
648,1627067499320,9.25,44.7036684,25.1728705
649,1627067505319,9.0,44.7045008,25.1680217
650,1627067511339,8.0,44.7054165,25.164379699999998
651,1627067517353,7.665999889373778,44.70595720000001,25.162274399999998
652,1627067523330,11.0,44.7075991,25.157603100000003
653,1627067529336,13.0,44.7087535,25.1547826
654,1627067535325,12.0,44.7101766,25.151684200000002
655,1627067541344,9.5,44.7117508,25.148697199999997
656,1627067547340,9.5,44.7133488,25.1460776
657,1627067553345,8.0,44.7148578,25.1438746
658,1627067559337,8.333000183105469,44.716406799999994,25.1418237
659,1627067565274,7.5,44.7192704,25.1382099
660,1627067571321,7.25,44.7201086,25.136983999999998
661,1627067577337,11.5,44.7228912,25.132611699999998
662,1627067583328,11.666000366210938,44.72388,25.1307873
663,1627067589319,13.0,44.7251434,25.1281187
664,1627067595321,19.0,44.7264614,25.125484600000004
665,1627067601319,13.5,44.727938200000004,25.1228587
666,1627067607340,8.5,44.72936,25.120535399999998
667,1627067613350,8.5,44.7308345,25.118385699999997
668,1627067619340,9.0,44.732267,25.116365100000003
669,1627067625275,10.0,44.733724,25.114439
670,1627067631361,7.0,44.7352597,25.112660899999998
671,1627067637329,6.0,44.7364953,25.111251199999998
672,1627067643319,8.333000183105469,44.737876799999995,25.1098743
673,1627067649302,9.5,44.7404542,25.1072967
674,1627067655308,9.25,44.7409919,25.106831600000003
675,1627067661321,7.5,44.7437318,25.104085
676,1627067667338,8.0,44.7445909,25.103133399999997
677,1627067673361,8.0,44.7467229,25.1003431
678,1627067679333,7.5,44.7482699,25.0981658
679,1627067685320,8.5,44.749131799999994,25.096844600000004
680,1627067691325,9.0,44.751062,25.0934217
681,1627067697347,7.5,44.752071799999996,25.091325100000002
682,1627067703329,7.5,44.753275,25.0887384
683,1627067709313,12.5,44.75431270000001,25.086053600000003
684,1627067715325,8.5,44.755288,25.083290899999998
685,1627067721321,11.5,44.756142,25.080564000000003
686,1627067727337,9.0,44.7567467,25.0779875
687,1627067733339,8.0,44.7573934,25.0752518
688,1627067739361,10.5,44.757895399999995,25.0725753
689,1627067745323,11.5,44.75831289999999,25.0697664
690,1627067751353,11.0,44.758733299999996,25.0665643
691,1627067757367,11.0,44.7591187,25.063263199999998
692,1627067763335,12.5,44.7595995,25.0599542
693,1627067769378,8.5,44.7601451,25.0568392
694,1627067775321,7.5,44.760722200000004,25.05395
695,1627067781328,7.5,44.7613133,25.051157
696,1627067787323,7.75,44.7617722,25.0493634
697,1627067793345,6.0,44.7628668,25.0455478
698,1627067799327,7.0,44.7633629,25.0437947
699,1627067805380,7.5,44.7645945,25.039993
700,1627067811330,6.0,44.7653488,25.0377694
701,1627067817325,8.5,44.766383399999995,25.035124399999997
702,1627067823312,10.5,44.7675134,25.0324166
703,1627067829325,10.0,44.768080499999996,25.0310767
704,1627067835337,12.0,44.769725,25.027486399999997
705,1627067841321,8.666000366210938,44.770362899999995,25.0261826
706,1627067847328,12.5,44.7713789,25.0240854
707,1627067853301,8.0,44.7723751,25.0220499
708,1627067859351,14.0,44.773445200000005,25.019907999999997
709,1627067865447,10.75,44.7742034,25.0183438
710,1627067871276,9.0,44.7753721,25.015569600000003
711,1627067877289,8.5,44.775614000000004,25.014948699999998
712,1627067883295,9.5,44.776945,25.0116797
713,1627067889287,9.0,44.777670799999996,25.009573
714,1627067895299,10.5,44.7788034,25.006497399999997
715,1627067901282,10.333000183105467,44.7793852,25.0050968
716,1627067907394,10.5,44.7802821,25.0031016
717,1627067913282,11.0,44.781248299999994,25.001264199999998
718,1627067919276,8.5,44.7822118,24.999487300000002
719,1627067925306,8.0,44.7829031,24.998310800000002
720,1627067931292,8.333000183105469,44.7848055,24.995206600000003
721,1627067937286,7.75,44.7851617,24.9947201
722,1627067943296,9.0,44.786970200000006,24.9922751
723,1627067949282,9.25,44.78751810000001,24.991584
724,1627067955294,9.0,44.789456099999995,24.989374800000004
725,1627067961303,9.333000183105467,44.7916626,24.9869418
726,1627067967297,8.399999618530272,44.7922261,24.9862677
727,1627067973301,7.0,44.7944497,24.983176899999997
728,1627067979277,7.0,44.7954843,24.9816897
729,1627067985277,9.0,44.797546200000006,24.9781552
730,1627067991306,8.333000183105469,44.7987068,24.976125699999997
731,1627067997264,7.75,44.7994954,24.9747275
732,1627068003290,9.5,44.801626,24.9712889
733,1627068009297,9.0,44.8023373,24.970248899999998
734,1627068015271,11.5,44.8048967,24.966571899999998
735,1627068021297,10.333000183105467,44.8059532,24.9651815
736,1627068027274,10.0,44.8074385,24.963097899999998
737,1627068033300,8.0,44.8087063,24.9611853
738,1627068039270,8.5,44.8094968,24.9599799
739,1627068045345,7.5,44.8114956,24.9566302
740,1627068051291,7.333000183105469,44.8123669,24.955245899999998
741,1627068057304,8.0,44.813555900000004,24.953553600000003
742,1627068063294,9.5,44.8158409,24.9504863
743,1627068069268,9.25,44.816540100000005,24.9495649
744,1627068075301,8.5,44.8188914,24.9463814
745,1627068081280,8.75,44.819630700000005,24.9453747
746,1627068087272,12.0,44.8224271,24.941736399999996
747,1627068093291,9.666000366210938,44.823293400000004,24.9405888
748,1627068099282,12.0,44.8252055,24.9380642
749,1627068105287,7.5,44.8265885,24.9359462
750,1627068111286,8.0,44.827397600000005,24.9345646
751,1627068117261,13.0,44.8289599,24.930835899999998
752,1627068123278,18.33300018310547,44.829562100000004,24.9293325
753,1627068129293,7.0,44.8308429,24.9269876
754,1627068135284,7.0,44.8316101,24.9257473
755,1627068141293,11.0,44.83396320000001,24.9227033
756,1627068147272,10.333000183105467,44.8350171,24.9215599
757,1627068153279,10.0,44.836530100000004,24.9198758
758,1627068159303,8.0,44.8379843,24.9180802
759,1627068165267,7.5,44.838874700000005,24.9170262
760,1627068171281,9.5,44.841503100000004,24.9140032
761,1627068177295,9.333000183105467,44.842294,24.9131013
762,1627068183275,14.0,44.8442055,24.9108163
763,1627068189291,10.0,44.8456633,24.9089922
764,1627068195283,8.0,44.846928000000005,24.9071445
765,1627068201293,7.25,44.847713399999996,24.905939800000002
766,1627068207282,7.5,44.8495078,24.9032413
767,1627068213270,6.665999889373778,44.8502193,24.901981699999997
768,1627068219302,13.5,44.85207,24.8983374
769,1627068225285,9.666000366210938,44.8529088,24.8968289
770,1627068231298,10.5,44.8543005,24.8950145
771,1627068237256,9.0,44.855430600000005,24.8940407
772,1627068243282,14.0,44.858214000000004,24.8918555
773,1627068249271,12.0,44.8593749,24.8909399
774,1627068255280,10.5,44.8611486,24.889536899999996
775,1627068261291,9.25,44.8621163,24.8887899
776,1627068267274,8.0,44.8641709,24.8869265
777,1627068273276,8.75,44.8647276,24.8863672
778,1627068279292,9.0,44.8665809,24.8842372
779,1627068285325,9.0,44.867179799999995,24.8834103
780,1627068291290,8.0,44.8681261,24.8822203
781,1627068297301,8.75,44.868574200000005,24.8816174
782,1627068303284,7.5,44.8697336,24.8803134
783,1627068309301,9.333000183105467,44.8701917,24.8803553
784,1627068315286,13.0,44.8703031,24.881113199999998
785,1627068321294,11.0,44.869605,24.881503600000002
786,1627068327281,9.0,44.8690649,24.881608
787,1627068333281,8.75,44.8688436,24.8818676
788,1627068339310,15.5,44.868440299999996,24.8822193
789,1627068345286,16.333000183105472,44.8684747,24.8821679
790,1627068351343,9.5,44.8684737,24.8821253
791,1627068357288,10.5,44.8682508,24.8820018
792,1627068363304,8.0,44.8678238,24.8821171
793,1627068369284,14.0,44.8675851,24.882612899999998
794,1627068375298,10.0,44.8677826,24.883134100000003
795,1627068381318,9.5,44.8677779,24.8833647
796,1627068387284,6.0,44.86788610000001,24.8837079
797,1627068393347,6.333000183105469,44.8680461,24.8837863
798,1627068399313,8.0,44.8681891,24.8837834
799,1627068405294,10.0,44.8681112,24.8837441
800,1627068411271,12.5,44.8681383,24.883832100000003
801,1627068417348,10.0,44.8684113,24.8839342
802,1627068423302,13.5,44.8685506,24.883919100000004
803,1627068429279,10.5,44.8686687,24.8838481
804,1627068435319,11.0,44.8690477,24.8837006
805,1627068441286,10.25,44.8695934,24.8836753
806,1627068447286,11.0,44.8715032,24.883436800000002
807,1627068453281,9.5,44.871913299999996,24.8833129
808,1627068459265,11.5,44.8737191,24.8827212
809,1627068465275,10.5,44.8740222,24.882648100000004
810,1627068471284,13.5,44.8762553,24.882015399999997
811,1627068477264,14.0,44.8771774,24.8819102
812,1627068483326,12.0,44.8785896,24.8819005
813,1627068489220,10.0,44.8788613,24.8818795
814,1627068495246,12.5,44.8803643,24.8816613
815,1627068501239,10.333000183105467,44.8811794,24.8812861
816,1627068507239,9.0,44.8819403,24.880854199999998
817,1627068513244,8.666000366210938,44.882971399999995,24.880374800000002
818,1627068519271,8.5,44.884665500000004,24.8793198
819,1627068525227,7.75,44.884965799999996,24.8791369
820,1627068531258,10.0,44.8866419,24.878115899999997
821,1627068537250,10.666000366210938,44.887349799999996,24.8777848
822,1627068543247,10.5,44.888371,24.8773983
823,1627068549265,8.5,44.8892304,24.8772199
824,1627068555251,10.0,44.890103700000004,24.8769178
825,1627068561249,7.0,44.8911993,24.8765367
826,1627068567246,8.0,44.8923875,24.875963600000002
827,1627068573249,9.0,44.8933949,24.875436899999997
828,1627068579254,9.5,44.8956739,24.874470499999997
829,1627068585225,9.5,44.896345399999994,24.8742878
830,1627068591230,10.5,44.898618799999994,24.8741164
831,1627068597223,9.0,44.9000201,24.8741055
832,1627068603232,9.333000183105467,44.9015551,24.8745107
833,1627068609285,9.0,44.9038045,24.874764399999997
834,1627068615235,9.0,44.9051946,24.8750212
835,1627068621242,10.5,44.9088015,24.875888399999997
836,1627068627262,10.0,44.910326,24.8761803
837,1627068633231,9.0,44.912538700000006,24.876602899999998
838,1627068639241,8.5,44.9137557,24.8770212
839,1627068645234,6.0,44.9165771,24.877599
840,1627068651215,6.665999889373778,44.9179714,24.877802499999998
841,1627068657256,10.0,44.92183920000001,24.878505899999997
842,1627068663243,9.333000183105467,44.9230355,24.878602700000002
843,1627068669231,10.0,44.9244619,24.878813600000004
844,1627068675241,9.75,44.9253986,24.878948899999997
845,1627068681239,11.5,44.9275027,24.879374600000002
846,1627068687244,9.5,44.9285664,24.879526100000003
847,1627068693206,9.0,44.9289511,24.879723000000002
848,1627068699247,8.5,44.9292955,24.8796071
849,1627068705233,10.0,44.930123200000004,24.879654199999997
850,1627068711237,12.5,44.9313881,24.8799083
851,1627068717245,9.0,44.933220299999995,24.880163
852,1627068723252,8.666000366210938,44.934837,24.8804087
853,1627068729232,9.5,44.93727929999999,24.8807532
854,1627068735278,8.75,44.9384805,24.880968399999997
855,1627068741244,9.0,44.941061100000006,24.881443
856,1627068747251,8.0,44.9428631,24.8820175
857,1627068753239,7.5,44.9441109,24.8821509
858,1627068759245,8.5,44.9470253,24.882569500000002
859,1627068765249,8.5,44.9483825,24.882723499999997
860,1627068771243,12.5,44.949872799999994,24.883470199999998
861,1627068777235,14.5,44.9510726,24.884994100000004
862,1627068783259,10.0,44.9522263,24.886611399999996
863,1627068789253,9.25,44.953055400000004,24.8876253
864,1627068795242,7.5,44.95522929999999,24.8902297
865,1627068801214,8.5,44.9558446,24.891001100000004
866,1627068807260,9.0,44.9578227,24.8933103
867,1627068813253,11.666000366210938,44.9585948,24.894721
868,1627068819253,9.0,44.9592606,24.8971755
869,1627068825238,8.75,44.959418299999996,24.8976802
870,1627068831236,9.5,44.96011970000001,24.899591100000002
871,1627068837285,8.75,44.9601208,24.8997097
872,1627068843254,9.5,44.960454999999996,24.9004596
873,1627068849264,10.333000183105467,44.961017600000005,24.900857300000002
874,1627068855260,13.5,44.961598200000005,24.9017456
875,1627068861248,12.5,44.9622795,24.9031818
876,1627068867244,11.5,44.963572799999994,24.9058693
877,1627068873249,13.0,44.964611600000005,24.907926500000002
878,1627068879246,14.0,44.965261299999995,24.9092051
879,1627068885253,19.5,44.966205,24.911028899999998
880,1627068891247,20.0,44.9671118,24.9131699
881,1627068897463,16.5,44.9679718,24.914821399999997
882,1627068903263,10.333000183105467,44.96887720000001,24.9157892
883,1627068909242,9.333000183105467,44.9703289,24.9170069
884,1627068915222,8.600000381469728,44.9705009,24.917323
885,1627068921239,12.5,44.9711939,24.919381299999998
886,1627068927254,13.0,44.971255299999996,24.9202889
887,1627068933244,10.5,44.9714145,24.921357999999998
888,1627068939252,8.5,44.9709297,24.922424300000003
889,1627068945234,9.0,44.9706839,24.922880499999998
890,1627068951260,9.0,44.9699902,24.9241557
891,1627068957243,9.0,44.9699217,24.924484399999997
892,1627068963283,6.5,44.9697612,24.9261107
893,1627068969249,5.75,44.9697825,24.926630600000003
894,1627068975233,8.5,44.970248100000006,24.928646899999997
895,1627068981228,8.333000183105469,44.9706729,24.9298617
896,1627068987261,8.5,44.9718357,24.9329228
897,1627068993225,9.0,44.9722657,24.934098499999998
898,1627068999233,11.5,44.973799,24.937487100000002
899,1627069005269,12.0,44.9746946,24.9380801
900,1627069011232,11.5,44.976586600000005,24.9385835
901,1627069017234,9.0,44.9786396,24.9392323
902,1627069023242,9.666000366210938,44.9804586,24.939843
903,1627069029290,8.5,44.9833542,24.940839999999998
904,1627069035229,12.0,44.9848331,24.941422
905,1627069041251,19.0,44.9865923,24.9426275
906,1627069047258,12.5,44.9882268,24.9439552
907,1627069053216,10.0,44.990321,24.9453448
908,1627069059313,7.5,44.9924774,24.9468672
909,1627069065228,9.5,44.9946881,24.9483111
910,1627069071237,9.0,44.996726,24.949762600000003
911,1627069077346,13.0,44.9983934,24.950773499999997
912,1627069083250,11.5,44.9998709,24.950756
913,1627069089234,12.5,45.0011221,24.9505554
914,1627069095282,16.0,45.0022882,24.9509122
915,1627069101249,11.0,45.0036588,24.9520859
916,1627069107223,10.25,45.00478629999999,24.9527408
917,1627069113237,11.0,45.0084396,24.954556
918,1627069119262,9.5,45.0090997,24.9548852
919,1627069125220,9.5,45.012264200000004,24.9555213
920,1627069131245,10.333000183105467,45.01360089999999,24.9553655
921,1627069137232,11.5,45.0153355,24.955815700000002
922,1627069143224,10.0,45.016055,24.9562321
923,1627069149225,10.0,45.0190303,24.9583961
924,1627069155239,9.25,45.0196251,24.9587465
925,1627069161292,9.5,45.0229872,24.9608104
926,1627069167237,11.333000183105467,45.024215000000005,24.9616337
927,1627069173224,11.0,45.0249941,24.963429
928,1627069179215,10.0,45.025639,24.964524100000002
929,1627069185209,9.0,45.0274116,24.965826999999997
930,1627069191227,11.5,45.0277744,24.9660449
931,1627069197173,9.333000183105467,45.027705100000006,24.9660829
932,1627069203206,11.5,45.027662899999996,24.9660612
933,1627069209209,9.5,45.0276673,24.9660401
934,1627069215164,9.666000366210938,45.02767,24.9660339
935,1627069221222,11.0,45.027677399999995,24.9660315
936,1627069227213,9.666000366210938,45.027677399999995,24.9660318
937,1627069233203,11.5,45.0276737,24.966032100000003
938,1627069239205,11.5,45.0276728,24.966032100000003
939,1627069245206,11.5,45.0276726,24.966032199999997
940,1627069251165,12.5,45.027672499999994,24.966032300000002
941,1627069257175,13.0,45.0276724,24.966032300000002
942,1627069263210,11.5,45.0276724,24.9660324
943,1627069269211,8.5,45.0276718,24.9660326
944,1627069275200,8.75,45.027671600000005,24.9660327
945,1627069281200,12.0,45.027668299999995,24.966043
946,1627069287198,13.333000183105467,45.027671000000005,24.9660455
947,1627069293271,11.0,45.0276826,24.966043600000003
948,1627069299221,11.0,45.02768579999999,24.966043399999997
949,1627069305280,13.0,45.0276846,24.9660435
950,1627069311217,11.5,45.0277214,24.966071799999998
951,1627069317215,14.0,45.0278592,24.9661128
952,1627069323230,18.5,45.0281468,24.9663799
953,1627069329214,16.0,45.0285264,24.9666462
954,1627069335213,14.5,45.0290393,24.9669693
955,1627069341193,16.5,45.0293813,24.967391199999998
956,1627069347209,20.0,45.0296701,24.967620899999996
957,1627069353194,15.0,45.0299107,24.967915899999998
958,1627069359202,13.0,45.0304294,24.968205100000002
959,1627069365190,9.666000366210938,45.0304932,24.9683663
960,1627069371188,10.5,45.031036,24.96895
961,1627069377188,13.0,45.0321886,24.9699403
962,1627069383197,9.333000183105467,45.0333972,24.9709085
963,1627069389209,8.5,45.0344117,24.971835600000002
964,1627069395176,8.25,45.0349285,24.9723967
965,1627069401207,8.0,45.036681200000004,24.974021899999997
966,1627069407184,8.666000366210938,45.03759960000001,24.9748461
967,1627069413199,11.0,45.0394281,24.9765983
968,1627069419207,8.333000183105469,45.040048600000006,24.9771419
969,1627069425203,9.5,45.0410073,24.978165100000002
970,1627069431189,9.5,45.041336799999996,24.9784517
971,1627069437214,9.5,45.0428098,24.9796348
972,1627069443249,9.5,45.043032000000004,24.979881600000002
973,1627069449193,15.0,45.0442023,24.980983399999996
974,1627069455202,14.333000183105467,45.0449329,24.9814132
975,1627069461190,18.0,45.046110299999995,24.982201500000002
976,1627069467210,20.0,45.046981,24.982809500000002
977,1627069473220,15.666000366210938,45.0477429,24.983226600000002
978,1627069479197,12.0,45.0486292,24.9839485
979,1627069485197,12.5,45.0497401,24.984943100000002
980,1627069491210,12.5,45.0504028,24.9857642
981,1627069497211,12.0,45.05089279999999,24.9862858
982,1627069503222,11.0,45.0516175,24.9870408
983,1627069509258,12.0,45.0526502,24.9881135
984,1627069515203,12.0,45.0533024,24.988765100000002
985,1627069521215,13.5,45.05409470000001,24.989901100000004
986,1627069527203,13.5,45.0548275,24.991015100000002
987,1627069533204,12.5,45.0556335,24.9921492
988,1627069539200,10.0,45.0558191,24.992376
989,1627069545197,15.5,45.0573891,24.993388
990,1627069551274,16.0,45.0584401,24.993779800000002
991,1627069557209,12.666000366210938,45.05916920000001,24.9941382
992,1627069563196,13.0,45.0606287,24.9947584
993,1627069569209,12.0,45.0627999,24.994963000000002
994,1627069575227,13.0,45.063500899999994,24.995013600000004
995,1627069581186,12.5,45.063990999999994,24.995423000000002
996,1627069587225,10.0,45.0646753,24.9960953
997,1627069593214,9.333000183105467,45.0654967,24.9966668
998,1627069599187,12.5,45.0670915,24.9976628
999,1627069605228,10.5,45.0687375,24.998762
1000,1627069611223,10.0,45.07018920000001,24.9996772
1001,1627069617194,8.0,45.0722678,25.001016399999997
1002,1627069623195,8.5,45.072986799999995,25.001448999999997
1003,1627069629191,9.5,45.075863299999995,25.003378899999998
1004,1627069635192,9.0,45.0764527,25.0037913
1005,1627069641254,13.0,45.079763299999996,25.0059043
1006,1627069647186,12.333000183105467,45.081147200000004,25.0068255
1007,1627069653206,12.5,45.0830932,25.008064899999997
1008,1627069659217,12.0,45.0847726,25.0090891
1009,1627069665205,9.5,45.0861093,25.0096503
1010,1627069671193,9.0,45.0871725,25.009945000000002
1011,1627069677237,8.5,45.0882505,25.0101997
1012,1627069683220,7.0,45.0884114,25.010241699999998
1013,1627069689198,7.75,45.0884636,25.0102318
1014,1627069695216,7.5,45.0884389,25.010193700000002
1015,1627069701181,6.0,45.088413,25.010164000000003
1016,1627069707237,7.0,45.0884436,25.0101533
1017,1627069713198,6.0,45.088431799999995,25.0101577
1018,1627069719177,6.0,45.088421999999994,25.0101723
1019,1627069725176,5.0,45.0884175,25.0101772
1020,1627069731170,8.5,45.08843770000001,25.010164899999996
1021,1627069737159,8.25,45.088436200000004,25.0101652
1022,1627069743215,6.5,45.0884409,25.0101579
1023,1627069749210,6.665999889373778,45.0884449,25.0101607
1024,1627069755202,8.0,45.088444,25.0101576
1025,1627069761218,6.333000183105469,45.0884385,25.0101567
1026,1627069767211,6.5,45.088460600000005,25.010164399999997
1027,1627069773232,6.0,45.0884648,25.010165
1028,1627069779198,7.0,45.088466499999996,25.0101615
1029,1627069785167,6.0,45.088474700000006,25.0101616
1030,1627069791149,8.0,45.0884707,25.0101573
1031,1627069797153,8.0,45.0884703,25.0101576
1032,1627069803169,7.0,45.088471000000006,25.0101574
1033,1627069809160,6.0,45.0884737,25.0101573
1034,1627069815159,8.5,45.0884703,25.0101554
1035,1627069821180,8.333000183105469,45.0884703,25.0101549
1036,1627069827166,7.5,45.0884779,25.010155899999997
1037,1627069833143,6.0,45.0884794,25.0101549
1038,1627069839168,7.5,45.088481099999996,25.010157100000004
1039,1627069845172,7.0,45.0884802,25.010156600000002
1040,1627069851167,6.5,45.088476899999996,25.0101585
1041,1627069857142,6.0,45.0884745,25.010158800000003
1042,1627069863162,5.5,45.088477000000005,25.0101609
1043,1627069869177,8.333000183105469,45.0884785,25.010161
1044,1627069875175,6.0,45.0884775,25.010163000000002
1045,1627069881157,4.665999889373778,45.088476799999995,25.0101637
1046,1627069887172,8.5,45.0884764,25.0101678
1047,1627069893169,8.0,45.08847670000001,25.0101674
1048,1627069899159,8.5,45.0884766,25.010166199999997
1049,1627069905169,7.75,45.088476799999995,25.0101663
1050,1627069911178,6.5,45.0884818,25.0101666
1051,1627069917148,8.0,45.08848270000001,25.010166899999998
1052,1627069923182,8.5,45.0889501,25.0102832
1053,1627069929167,7.333000183105469,45.0892424,25.010310600000004
1054,1627069935170,5.5,45.0896299,25.0102495
1055,1627069941171,9.0,45.090033899999995,25.0103029
1056,1627069947148,11.0,45.0908169,25.010476699999998
1057,1627069953164,11.0,45.09354520000001,25.0108021
1058,1627069959168,8.5,45.0955253,25.010779
1059,1627069965185,15.5,45.0966576,25.0102772
1060,1627069971160,24.5,45.0982526,25.009783300000002
1061,1627069977160,13.5,45.099869899999995,25.009476199999998
1062,1627069983184,10.333000183105467,45.1014065,25.0091574
1063,1627069989206,8.666000366210938,45.1028636,25.008889800000002
1064,1627069995173,9.0,45.104982,25.0087361
1065,1627070001174,9.25,45.105981299999996,25.008708399999996
1066,1627070007170,15.0,45.1084765,25.0077854
1067,1627070013174,11.0,45.1089999,25.0075671
1068,1627070019168,9.0,45.1105755,25.007097299999998
1069,1627070025162,10.5,45.1119418,25.0068488
1070,1627070031182,12.0,45.1137064,25.006523899999998
1071,1627070037178,10.75,45.1141047,25.0065027
1072,1627070043165,6.0,45.115688399999996,25.006482000000002
1073,1627070049161,6.665999889373778,45.1163384,25.0064755
1074,1627070055217,8.5,45.11761129999999,25.0063155
1075,1627070061160,10.0,45.1180426,25.0062629
1076,1627070067211,14.5,45.1182372,25.006223000000002
1077,1627070073173,10.5,45.11814129999999,25.0062074
1078,1627070079156,9.5,45.118075299999994,25.0062143
1079,1627070085154,9.666000366210938,45.118068799999996,25.0062271
1080,1627070091208,11.0,45.1180774,25.006235399999998
1081,1627070097169,9.333000183105467,45.1180777,25.006240899999998
1082,1627070103139,8.0,45.1180822,25.0062425
1083,1627070109181,13.0,45.1180901,25.006243100000002
1084,1627070115141,11.0,45.118087700000004,25.0062295
1085,1627070121222,10.5,45.1180815,25.0062272
1086,1627070127185,9.666000366210938,45.1180805,25.0062268
1087,1627070133158,11.5,45.118080600000006,25.0062268
1088,1627070139167,9.5,45.118080600000006,25.0062268
1089,1627070145180,10.0,45.118080600000006,25.0062268
1090,1627070151174,10.0,45.1180805,25.0062268
1091,1627070157169,9.5,45.1180805,25.0062267
1092,1627070163162,9.25,45.1180805,25.0062267
1093,1627070169178,9.5,45.1180916,25.0062332
1094,1627070175154,9.25,45.1180901,25.0062366
1095,1627070181167,8.5,45.1180823,25.006237600000002
1096,1627070187210,9.0,45.118084700000004,25.006239
1097,1627070193156,9.5,45.1180916,25.0062433
1098,1627070199184,9.25,45.118092700000005,25.0062437
1099,1627070205197,10.0,45.1183477,25.0062305
1100,1627070211163,9.75,45.1184609,25.006272
1101,1627070217182,13.0,45.1192064,25.0063009
1102,1627070223153,10.0,45.120084000000006,25.0060427
1103,1627070229156,14.5,45.1217295,25.005216100000002
1104,1627070235165,11.0,45.123487700000005,25.0045496
1105,1627070241142,7.25,45.1244485,25.004123800000002
1106,1627070247174,7.5,45.127406799999996,25.002956100000002
1107,1627070253202,8.0,45.1281656,25.0027482
1108,1627070259163,7.0,45.1307735,25.002155600000002
1109,1627070265175,7.665999889373778,45.1320114,25.0017758
1110,1627070271197,9.5,45.135007,25.0005317
1111,1627070277142,9.5,45.135806200000005,25.0002785
1112,1627070283160,8.5,45.1384831,24.9997717
1113,1627070289148,8.75,45.139058,24.9997247
1114,1627070295129,8.0,45.1417112,24.9995423
1115,1627070301148,7.0,45.1422686,24.9992501
1116,1627070307159,8.0,45.1446043,24.9986295
1117,1627070313168,7.665999889373778,45.1460312,24.9985128
1118,1627070319177,8.0,45.147104399999996,24.998528
1119,1627070325177,9.5,45.149558,24.9982784
1120,1627070331162,8.5,45.1496859,24.9980617
1121,1627070337631,7.0,45.1500581,24.9960657
1122,1627070343109,12.0,45.149966,24.994380399999997
1123,1627070349130,17.5,45.150524299999994,24.9930003
1124,1627070355133,8.0,45.152945,24.9930794
1125,1627070361120,8.5,45.1538847,24.9930736
1126,1627070367282,13.0,45.1570395,24.9939194
1127,1627070373111,9.333000183105467,45.1578903,24.994414600000002
1128,1627070379141,13.0,45.1596467,24.9950622
1129,1627070385122,10.666000366210938,45.160982000000004,24.995069
1130,1627070391129,8.5,45.1627859,24.9955293
1131,1627070397629,8.0,45.164231,24.9963275
1132,1627070403131,7.5,45.166866299999995,24.9976772
1133,1627070409110,9.333000183105467,45.1681255,24.9983494
1134,1627070415118,11.5,45.170779700000004,24.9989032
1135,1627070421136,10.0,45.1721143,24.999201100000004
1136,1627070427130,11.0,45.174597399999996,24.9997411
1137,1627070433122,13.5,45.176505,25.0002684
1138,1627070439132,11.333000183105467,45.178242299999994,25.0004955
1139,1627070445108,18.5,45.1808194,25.000949300000002
1140,1627070451119,12.5,45.1827438,25.001478
1141,1627070457140,10.0,45.184395200000004,25.0016504
1142,1627070463630,9.333000183105467,45.186027,25.0017454
1143,1627070469118,8.5,45.1889878,25.001924399999996
1144,1627070475114,9.0,45.190310600000004,25.0019323
1145,1627070481113,9.5,45.192265500000005,25.001872
1146,1627070487119,8.333000183105469,45.193723799999994,25.0022501
1147,1627070493124,10.0,45.1964088,25.0034095
1148,1627070499125,11.0,45.197480299999995,25.0038984
1149,1627070505646,9.0,45.1992266,25.0047426
1150,1627070511143,11.5,45.201909,25.0049301
1151,1627070517139,10.333000183105467,45.203158,25.0048264
1152,1627070523133,11.0,45.2050385,25.0047676
1153,1627070529123,9.0,45.2065304,25.0047588
1154,1627070535202,8.0,45.207977500000005,25.0048674
1155,1627070541134,11.0,45.2109734,25.0060722
1156,1627070547639,10.25,45.2115227,25.006299300000002
1157,1627070553633,25.0,45.21409570000001,25.0072586
1158,1627070559126,15.0,45.2156628,25.0080823
1159,1627070565121,13.0,45.217085600000004,25.008725600000002
1160,1627070571115,11.666000366210938,45.218396000000006,25.009387399999998
1161,1627070577125,12.0,45.2206546,25.010587899999997
1162,1627070583600,10.0,45.2211818,25.0108685
1163,1627070589121,9.5,45.223445700000006,25.012657100000002
1164,1627070595611,9.0,45.2238289,25.0129726
1165,1627070601169,10.0,45.2258019,25.014598
1166,1627070607591,9.75,45.226415,25.0151245
1167,1627070613132,12.5,45.22856710000001,25.016771300000002
1168,1627070619112,11.0,45.229447,25.0174656
1169,1627070625105,10.5,45.2305168,25.0183581
1170,1627070631119,11.5,45.2317913,25.019405
1171,1627070637117,15.5,45.233161100000004,25.0200816
1172,1627070643126,13.0,45.2344857,25.020232800000002
1173,1627070649126,12.0,45.23498920000001,25.0204852
1174,1627070655123,11.5,45.2353069,25.0214223
1175,1627070661128,10.5,45.2358498,25.022234100000002
1176,1627070667151,9.5,45.2366222,25.022547
1177,1627070673117,8.0,45.237087700000004,25.0228782
1178,1627070679119,5.665999889373778,45.2372973,25.023812200000002
1179,1627070685571,7.0,45.2376596,25.0240905
1180,1627070691597,10.0,45.238965500000006,25.0249375
1181,1627070697137,6.0,45.2395422,25.0255428
1182,1627070703587,7.0,45.2400848,25.026028399999998
1183,1627070709133,10.0,45.2415747,25.0270005
1184,1627070715617,9.5,45.2420499,25.0273516
1185,1627070721607,14.5,45.2436609,25.0289452
1186,1627070727123,12.333000183105467,45.2444152,25.0297968
1187,1627070733165,16.5,45.24525429999999,25.030203399999998
1188,1627070739115,20.5,45.2462652,25.0305953
1189,1627070745138,30.5,45.2477245,25.0308801
1190,1627070751125,27.0,45.248748299999995,25.031109100000002
1191,1627070757133,15.0,45.249629,25.031233
1192,1627070763117,13.333000183105467,45.2503546,25.0314498
1193,1627070769119,14.0,45.251383700000005,25.0317544
1194,1627070775140,20.5,45.2522061,25.032014999999998
1195,1627070781121,15.0,45.2530474,25.0325913
1196,1627070787129,18.5,45.2538838,25.033738600000003
1197,1627070793125,15.333000183105467,45.2544786,25.034634399999998
1198,1627070799152,14.0,45.254985999999995,25.035787399999997
1199,1627070805109,12.0,45.2555065,25.0368491
1200,1627070811114,9.5,45.255883600000004,25.0379063
1201,1627070817117,9.0,45.2563129,25.0386208
1202,1627070823143,9.0,45.257087299999995,25.0394712
1203,1627070829101,9.0,45.257724200000006,25.0401086
1204,1627070835113,10.333000183105467,45.2582072,25.0402168
1205,1627070841133,9.0,45.2583726,25.0403254
1206,1627070847620,8.333000183105469,45.2580284,25.0405938
1207,1627070853126,11.0,45.257200299999994,25.041231200000002
1208,1627070859610,9.75,45.257042799999994,25.0412883
1209,1627070865155,12.0,45.2563547,25.041895999999998
1210,1627070871590,12.0,45.2561701,25.0424033
1211,1627070877621,17.0,45.2561656,25.042688199999997
1212,1627070883127,13.666000366210938,45.2561976,25.0426706
1213,1627070889128,16.0,45.2562062,25.0425672
1214,1627070895124,13.0,45.2562866,25.0426091
1215,1627070901129,12.5,45.2563908,25.0427061
1216,1627070907143,11.333000183105467,45.256488,25.0427252
1217,1627070913140,14.0,45.2564814,25.042793399999997
1218,1627070919138,20.0,45.2565217,25.0427833
1219,1627070925117,12.5,45.256561100000006,25.0428116
1220,1627070931163,9.0,45.256508600000004,25.0427676
1221,1627070937617,9.0,45.2565045,25.042751100000004
1222,1627070943108,9.0,45.2565201,25.0427379
1223,1627070949594,7.5,45.2565326,25.042728399999998
1224,1627070955159,5.5,45.2565313,25.0427225
1225,1627070961608,7.0,45.256527899999995,25.0427183
1226,1627070967637,5.5,45.256524299999995,25.042716
1227,1627070973166,7.0,45.2565349,25.0427145
1228,1627070979616,7.0,45.25654229999999,25.042712100000003
1229,1627070985596,8.5,45.2565369,25.0427027
1230,1627070991197,8.0,45.256533600000004,25.042700699999997
1231,1627070997199,8.666000366210938,45.2565318,25.0427029
1232,1627071003191,10.0,45.2565237,25.0427049
1233,1627071009822,9.333000183105467,45.2565245,25.0427041
1234,1627071016052,10.0,45.2565242,25.0427008
1235,1627071021376,10.0,45.256525599999996,25.0427022
1236,1627071027613,9.5,45.256525200000006,25.0427022
1237,1627071033591,10.0,45.2565249,25.042701899999997
1238,1627071039602,10.0,45.2565249,25.0427018
1239,1627071045605,8.0,45.256586999999996,25.0427647
1240,1627071051548,7.0,45.2566727,25.0427422
1241,1627071057104,11.5,45.256736700000005,25.042765600000003
1242,1627071063234,9.5,45.2566544,25.0427513
1243,1627071069596,8.5,45.2566051,25.042686899999996
1244,1627071075654,8.5,45.2565994,25.0426803
1245,1627071081594,8.0,45.256606299999994,25.0426831
1246,1627071087607,12.5,45.2566013,25.0426865
1247,1627071093678,18.0,45.256592700000006,25.0426886
