id	itinerary	lat	lng	calcul bird distance	distance	duration	pause	timestamp	reload_weather	reload_roadtype	date
129125	E8CD7266-DEC2-4A3E-9A19-3F62A20A87E9	45,9157	6,86989	51,59439319	0	0	0	1624442760	0	0	23/06/2021 10:06
129127	E8CD7266-DEC2-4A3E-9A19-3F62A20A87E9	45,9157	6,86989	0,000134259	0	0	1	1624442759	1	1	23/06/2021 10:06
129129	E8CD7266-DEC2-4A3E-9A19-3F62A20A87E9	45,9162	6,87045	0,070482794	0	61	1	1624442820	1	1	23/06/2021 10:07
129131	E8CD7266-DEC2-4A3E-9A19-3F62A20A87E9	45,9162	6,86952	0,071944234	0	122	1	1624442881	1	1	23/06/2021 10:08
129133	E8CD7266-DEC2-4A3E-9A19-3F62A20A87E9	45,9158	6,86823	0,109257124	0	184	1	1624442943	1	1	23/06/2021 10:10
129135	E8CD7266-DEC2-4A3E-9A19-3F62A20A87E9	45,9103	6,85658	1,089192638	0	244	1	1624443003	1	1	23/06/2021 10:11
129138	E8CD7266-DEC2-4A3E-9A19-3F62A20A87E9	45,905	6,84075	1,359197831	0	305	1	1624443064	1	1	23/06/2021 10:12
129141	E8CD7266-DEC2-4A3E-9A19-3F62A20A87E9	45,8977	6,82416	1,518838873	0	366	1	1624443125	1	1	23/06/2021 10:13
129144	E8CD7266-DEC2-4A3E-9A19-3F62A20A87E9	45,8966	6,80533	1,462301809	0	427	1	1624443186	1	1	23/06/2021 10:14
129146	E8CD7266-DEC2-4A3E-9A19-3F62A20A87E9	45,8922	6,79034	1,259024171	0	488	1	1624443247	1	1	23/06/2021 10:15
129148	E8CD7266-DEC2-4A3E-9A19-3F62A20A87E9	45,8984	6,7821	0,939106888	0	549	1	1624443308	1	1	23/06/2021 10:16
129150	E8CD7266-DEC2-4A3E-9A19-3F62A20A87E9	45,9098	6,77404	1,412730886	0	610	1	1624443369	1	1	23/06/2021 10:17
129152	E8CD7266-DEC2-4A3E-9A19-3F62A20A87E9	45,9185	6,76353	1,263704611	0	671	1	1624443430	1	1	23/06/2021 10:18
129154	E8CD7266-DEC2-4A3E-9A19-3F62A20A87E9	45,9273	6,75917	1,035001113	0	732	1	1624443491	1	1	23/06/2021 10:19
129156	E8CD7266-DEC2-4A3E-9A19-3F62A20A87E9	45,9281	6,74617	1,009391069	0	793	1	1624443552	1	1	23/06/2021 10:20
129158	E8CD7266-DEC2-4A3E-9A19-3F62A20A87E9	45,9324	6,73525	0,970506005	0	854	1	1624443613	1	1	23/06/2021 10:21
129160	E8CD7266-DEC2-4A3E-9A19-3F62A20A87E9	45,9258	6,73234	0,767621641	0	915	1	1624443674	1	1	23/06/2021 10:22
129162	E8CD7266-DEC2-4A3E-9A19-3F62A20A87E9	45,9193	6,72695	0,834394365	0	976	1	1624443735	1	1	23/06/2021 10:23
129164	E8CD7266-DEC2-4A3E-9A19-3F62A20A87E9	45,9145	6,71869	0,83256822	0	1037	1	1624443796	1	1	23/06/2021 10:24
129166	E8CD7266-DEC2-4A3E-9A19-3F62A20A87E9	45,9098	6,70932	0,893656948	0	1098	1	1624443857	1	1	23/06/2021 10:25
129168	E8CD7266-DEC2-4A3E-9A19-3F62A20A87E9	45,9125	6,6916	1,403422094	0	1159	1	1624443918	1	1	23/06/2021 10:26
129170	E8CD7266-DEC2-4A3E-9A19-3F62A20A87E9	45,9131	6,6902	0,127209155	0	1220	1	1624443979	1	1	23/06/2021 10:27
129171	E8CD7266-DEC2-4A3E-9A19-3F62A20A87E9	45,9184	6,67282	1,468005387	0	1281	1	1624444040	1	1	23/06/2021 10:28
129173	E8CD7266-DEC2-4A3E-9A19-3F62A20A87E9	45,9291	6,64872	2,211444634	0	1342	1	1624444101	1	1	23/06/2021 10:29
129175	E8CD7266-DEC2-4A3E-9A19-3F62A20A87E9	45,9475	6,63782	2,212806036	0	1403	1	1624444162	1	1	23/06/2021 10:30
129178	E8CD7266-DEC2-4A3E-9A19-3F62A20A87E9	45,9662	6,62789	2,216508569	0	1464	1	1624444223	1	1	23/06/2021 10:31
129189	E8CD7266-DEC2-4A3E-9A19-3F62A20A87E9	45,9855	6,62919	2,148412085	0	1525	1	1624444284	1	1	23/06/2021 10:32
129202	E8CD7266-DEC2-4A3E-9A19-3F62A20A87E9	46,0053	6,62785	2,20409161	0	1586	1	1624444345	1	1	23/06/2021 10:33
129214	E8CD7266-DEC2-4A3E-9A19-3F62A20A87E9	46,0238	6,61665	2,231528057	0	1647	1	1624444406	1	1	23/06/2021 10:34
129229	E8CD7266-DEC2-4A3E-9A19-3F62A20A87E9	46,0425	6,60656	2,220445072	0	1708	1	1624444467	1	1	23/06/2021 10:35
129241	E8CD7266-DEC2-4A3E-9A19-3F62A20A87E9	46,0475	6,59431	1,096806559	0	1769	1	1624444528	1	1	23/06/2021 10:36
129267	E8CD7266-DEC2-4A3E-9A19-3F62A20A87E9	46,0554	6,57902	1,471024317	0	1830	1	1624444589	1	1	23/06/2021 10:37
129289	E8CD7266-DEC2-4A3E-9A19-3F62A20A87E9	46,0638	6,55722	1,924003684	0	1891	1	1624444650	1	1	23/06/2021 10:38
129311	E8CD7266-DEC2-4A3E-9A19-3F62A20A87E9	46,071	6,53158	2,133958761	0	1952	1	1624444711	1	1	23/06/2021 10:39
129334	E8CD7266-DEC2-4A3E-9A19-3F62A20A87E9	46,0698	6,50325	2,189563256	0	2013	1	1624444772	1	1	23/06/2021 10:40
129360	E8CD7266-DEC2-4A3E-9A19-3F62A20A87E9	46,0703	6,47496	2,183129819	0	2074	1	1624444833	1	1	23/06/2021 10:41
129381	E8CD7266-DEC2-4A3E-9A19-3F62A20A87E9	46,0731	6,44643	2,222783822	0	2135	1	1624444894	1	1	23/06/2021 10:42
129405	E8CD7266-DEC2-4A3E-9A19-3F62A20A87E9	46,0667	6,4193	2,210619512	0	2197	1	1624444956	1	1	23/06/2021 10:43
129426	E8CD7266-DEC2-4A3E-9A19-3F62A20A87E9	46,0656	6,41181	0,590657457	0	2257	1	1624445016	1	1	23/06/2021 10:44
129428	E8CD7266-DEC2-4A3E-9A19-3F62A20A87E9	46,0638	6,41037	0,228917825	0	2318	1	1624445077	1	1	23/06/2021 10:44
