,Timestamp,Quality,Lat,Lon
0,1627231211210,10.0,48.58126831054688,6.562850642955454
1,1627231217981,10.0,48.58135986328125,6.562785347929748
2,1627231223826,10.0,48.581329345703125,6.562759112572821
3,1627231229702,10.0,48.581146240234375,6.56259390526131
4,1627231235551,10.0,48.58078002929688,6.562089900121655
5,1627231241418,10.0,48.580322265625,6.561479531234653
6,1627231247320,10.0,48.57974243164063,6.560540841898471
7,1627231253153,10.0,48.57867431640625,6.558935958898215
8,1627231259043,10.0,48.5777587890625,6.557674733927993
9,1627231265883,10.0,48.576263427734375,6.555977147078659
10,1627231271768,10.0,48.57492065429688,6.554582063114787
11,1627231277646,10.0,48.573516845703125,6.553150434053086
12,1627231283507,5.0,48.57220458984375,6.5516107622595054
13,1627231289375,5.0,48.57101440429688,6.549852238974115
14,1627231295240,5.0,48.57000732421875,6.547848964116115
15,1627231301126,5.0,48.569183349609375,6.54567101039602
16,1627231307972,5.0,48.56857299804688,6.543325753888621
17,1627231313854,5.0,48.56817626953125,6.540877399972212
18,1627231319697,5.0,48.567962646484375,6.538362745201717
19,1627231325586,5.0,48.56802368164063,6.535822777083642
20,1627231331464,5.0,48.5682373046875,6.53333712369812
21,1627231337343,5.0,48.5684814453125,6.530837807810428
22,1627231343228,5.0,48.56866455078125,6.528405044233918
23,1627231349115,5.0,48.56884765625,6.5259385015876274
24,1627231355946,5.0,48.56906127929688,6.5234287921400025
25,1627231361810,5.0,48.5692138671875,6.520891087135785
26,1627231367675,5.0,48.5693359375,6.518389508134237
27,1627231373559,5.0,48.569366455078125,6.51584794745456
28,1627231379410,5.0,48.569427490234375,6.513148723176227
29,1627231385284,5.0,48.56951904296875,6.510587045928939
30,1627231391163,5.0,48.5697021484375,6.508105834952097
31,1627231397018,5.0,48.5699462890625,6.506002563989261
32,1627231403882,5.0,48.57037353515625,6.50318129920075
33,1627231409717,5.0,48.570892333984375,6.500805616384838
34,1627231415615,5.0,48.57150268554688,6.498483158654066
35,1627231421493,5.0,48.57220458984375,6.496183415880888
36,1627231427343,5.0,48.57293701171875,6.4939174521774925
37,1627231433225,5.0,48.57366943359375,6.491641430190291
38,1627231439094,5.0,48.57440185546875,6.489385189494573
39,1627231445943,5.0,48.57501220703125,6.487018223857961
40,1627231451822,5.0,48.57550048828125,6.484613372019012
41,1627231457679,5.0,48.57586669921875,6.482344390830474
42,1627231463557,5.0,48.576171875,6.480025118222907
43,1627231469432,5.0,48.576446533203125,6.47755731829114
44,1627231475314,5.0,48.57684326171875,6.475061774259875
45,1627231481144,5.0,48.57730102539063,6.4726682379902085
46,1627231487052,5.0,48.5777587890625,6.470712823799318
47,1627231493880,5.0,48.57843017578125,6.467957105493609
48,1627231499761,5.0,48.57904052734375,6.465633809572519
49,1627231505639,5.0,48.579864501953125,6.463414365431725
50,1627231511528,5.0,48.58074951171875,6.461291229358372
51,1627231517382,5.0,48.58169555664063,6.459171697503384
52,1627231523253,5.0,48.582611083984375,6.457048309972935
53,1627231529115,5.0,48.58346557617188,6.454893155029467
54,1627231535967,5.0,48.584228515625,6.452639512723733
55,1627231541801,5.0,48.58477783203125,6.450334405532526
56,1627231547696,5.0,48.585205078125,6.447871467104599
57,1627231553566,5.0,48.585540771484375,6.445399140945119
58,1627231559426,5.0,48.58590698242188,6.442944500601332
59,1627231565295,5.0,48.5863037109375,6.440522968775071
60,1627231571185,5.0,48.5867919921875,6.43814728595916
61,1627231577047,5.0,48.587310791015625,6.436233613646064
62,1627231583906,5.0,48.58804321289063,6.433491054928334
63,1627231589759,5.0,48.588714599609375,6.431164909160166
64,1627231595666,5.0,48.58941650390625,6.428852593532231
65,1627231601518,5.0,48.59005737304688,6.426532901829505
66,1627231607398,5.0,48.590606689453125,6.4241682831257805
67,1627231613249,5.0,48.59103393554688,6.421729903674145
68,1627231619125,5.0,48.591400146484375,6.419230252510327
69,1627231625964,5.0,48.591644287109375,6.41678248532714
70,1627231631869,10.0,48.591827392578125,6.414287444210066
71,1627231637695,10.0,48.59194946289063,6.411766670650255
72,1627231643574,10.0,48.59210205078125,6.409250339499124
73,1627231649461,10.0,48.59234619140625,6.406761249533302
74,1627231655344,10.0,48.5927734375,6.404316080740098
75,1627231661210,10.0,48.59332275390625,6.401958335196974
76,1627231667080,10.0,48.594024658203125,6.399654233834147
77,1627231673953,10.0,48.5948486328125,6.397479632875321
78,1627231679803,10.0,48.5958251953125,6.395447440451379
79,1627231685684,10.0,48.59689331054688,6.393502168363327
80,1627231691569,10.0,48.59796142578125,6.391567625111334
81,1627231697420,10.0,48.599029541015625,6.389624113222947
82,1627231703287,10.0,48.60009765625,6.3876888994187
83,1627231709163,10.0,48.6011962890625,6.385765923193084
84,1627231715049,10.0,48.602081298828125,6.3841439411103575
85,1627231721909,10.0,48.60324096679688,6.3817591220199885
86,1627231727745,10.0,48.60400390625,6.379546551039796
87,1627231733622,10.0,48.6046142578125,6.377218896529057
88,1627231739472,10.0,48.605010986328125,6.374723101040697
89,1627231745354,10.0,48.605224609375,6.372224958619449
90,1627231751217,10.0,48.605224609375,6.369696641346784
91,1627231757095,10.0,48.6051025390625,6.367168826988308
92,1627231763951,10.0,48.60491943359375,6.3646897114872605
93,1627231769831,10.0,48.6046142578125,6.362211434176529
94,1627231775672,10.0,48.60430908203125,6.359736593446097
95,1627231781566,10.0,48.603912353515625,6.357281785464247
96,1627231787444,10.0,48.60348510742188,6.354862684389906
97,1627231793299,10.0,48.60296630859375,6.352462777873829
98,1627231799204,10.0,48.6024169921875,6.350075695669604
99,1627231805057,10.0,48.60198974609375,6.348069990059685
100,1627231811894,10.0,48.60137939453125,6.345313265925594
101,1627231817759,10.0,48.600830078125,6.342931883415527
102,1627231823667,10.0,48.600433349609375,6.340483361861054
103,1627231829500,10.0,48.60055541992188,6.337993014609756
104,1627231835377,10.0,48.60122680664063,6.3357190880983465
105,1627231841257,10.0,48.602447509765625,6.333965342497764
106,1627231847123,10.0,48.60397338867188,6.332933362579283
107,1627231853974,10.0,48.60562133789063,6.332410080364284
108,1627231859828,10.0,48.60723876953125,6.331889228901203
109,1627231865707,10.0,48.608917236328125,6.331304423516925
110,1627231871587,10.0,48.6104736328125,6.330703776335652
111,1627231877475,10.0,48.611907958984375,6.329525699844891
112,1627231883349,10.0,48.61322021484375,6.3279823400139135
113,1627231889193,10.0,48.614532470703125,6.32640888915055
114,1627231895078,10.0,48.61578369140625,6.324739381676842
115,1627231901923,10.0,48.61663818359375,6.322587663313674
116,1627231907800,10.0,48.61691284179688,6.320096477872059
117,1627231913684,10.0,48.61712646484375,6.317586936062497
118,1627231919529,10.0,48.61734008789063,6.315071778377812
119,1627231925412,10.0,48.617523193359375,6.312574809423007
120,1627231931248,10.0,48.61773681640625,6.310072978964364
121,1627231937122,10.0,48.617919921875,6.307675754657302
122,1627231943021,10.0,48.61810302734375,6.305665019905479
123,1627231949865,10.0,48.61834716796875,6.302755828952699
124,1627231955740,10.0,48.618560791015625,6.300264224415924
125,1627231961612,10.0,48.618743896484375,6.297796843579316
126,1627231967462,10.0,48.61865234375,6.2953092623560645
127,1627231973352,10.0,48.61831665039063,6.29278245382597
128,1627231979226,10.0,48.617950439453125,6.290330244234102
129,1627231985076,10.0,48.61749267578125,6.287932517012849
130,1627231991949,10.0,48.61712646484375,6.28547678702165
131,1627231997806,10.0,48.6168212890625,6.283011166384707
132,1627232003681,10.0,48.617034912109375,6.280518220743425
133,1627232009557,5.0,48.617584228515625,6.278115045285111
134,1627232015407,5.0,48.61813354492188,6.275730980566028
135,1627232021290,5.0,48.618499755859375,6.273273490375162
136,1627232027154,5.0,48.618682861328125,6.270777778705834
137,1627232033060,5.0,48.61871337890625,6.268263878306623
138,1627232039888,5.0,48.618682861328125,6.265756851068014
139,1627232045766,5.0,48.618682861328125,6.26321151853191
140,1627232051618,5.0,48.618682861328125,6.260727038612832
141,1627232057505,5.0,48.618682861328125,6.258186567580568
142,1627232063376,10.0,48.61862182617188,6.2556376308261
143,1627232069228,10.0,48.618560791015625,6.253083497291667
144,1627232075094,10.0,48.618560791015625,6.250591138383607
145,1627232081956,10.0,48.6185302734375,6.248094672342993
146,1627232087842,10.0,48.6185302734375,6.245593680074667
147,1627232093711,10.0,48.618499755859375,6.243054969242069
148,1627232099554,10.0,48.61846923828125,6.240518940618485
149,1627232105432,10.0,48.618499755859375,6.237989533698408
150,1627232111322,10.0,48.61846923828125,6.235472112899865
151,1627232117171,10.0,48.61846923828125,6.23295309953972
152,1627232123046,10.0,48.61846923828125,6.230854019528469
153,1627232129943,10.0,48.618438720703125,6.227917587390381
154,1627232135758,10.0,48.61837768554688,6.225402513524728
155,1627232141666,10.0,48.61834716796875,6.222901856532528
156,1627232147534,10.0,48.61834716796875,6.220400948083233
157,1627232153382,10.0,48.61834716796875,6.217870032420585
158,1627232159266,10.0,48.61831665039063,6.21535152197463
159,1627232165129,10.0,48.61831665039063,6.212816247722332
160,1627232171968,10.0,48.61831665039063,6.210303772246661
161,1627232177875,10.0,48.6182861328125,6.207827255135595
162,1627232183717,10.0,48.618255615234375,6.205409998079953
163,1627232189578,10.0,48.618255615234375,6.203201282775218
164,1627232195468,10.0,48.61822509765625,6.2010063137916855
165,1627232201359,10.0,48.618255615234375,6.198692321783117
166,1627232207200,10.0,48.61859130859375,6.196283781906772
167,1627232213082,10.0,48.619171142578125,6.19406928308885
168,1627232219958,10.0,48.61993408203125,6.19211680256407
169,1627232225790,10.0,48.62091064453125,6.1904117558209135
170,1627232231666,10.0,48.6220703125,6.188967134809297
171,1627232237539,10.0,48.62319946289063,6.187597783288162
172,1627232243415,10.0,48.624298095703125,6.186272688215772
173,1627232249302,10.0,48.625396728515625,6.1850105412362
174,1627232255128,10.0,48.62628173828125,6.183822909375824
175,1627232261013,10.0,48.627197265625,6.182900564750827
176,1627232267868,10.0,48.628021240234375,6.18221475743333
177,1627232273749,10.0,48.6282958984375,6.182764610281384
178,1627232279626,10.0,48.62765502929688,6.183243971323765
179,1627232285512,10.0,48.6265869140625,6.183507498359479
180,1627232291358,10.0,48.625274658203125,6.183584360411562
181,1627232297230,10.0,48.623931884765625,6.183272134518421
182,1627232303084,5.0,48.62261962890625,6.1826853174773815
183,1627232309927,5.0,48.621337890625,6.182002108549868
184,1627232315805,5.0,48.62005615234375,6.1813064944056615
185,1627232321666,5.0,48.6187744140625,6.180619094526564
186,1627232327545,5.0,48.61749267578125,6.179981650790367
187,1627232333415,5.0,48.616241455078125,6.179280420771035
188,1627232339279,5.0,48.61495971679688,6.178585141902955
189,1627232345162,5.0,48.61373901367188,6.177950464194806
190,1627232351045,5.0,48.612701416015625,6.177401365718038
191,1627232357896,5.0,48.611328125,6.176606258383185
192,1627232363775,10.0,48.61032104492188,6.175964707514435
193,1627232369639,10.0,48.60958862304688,6.1749491561261705
194,1627232375504,10.0,48.60934448242188,6.174104595562605
195,1627232381387,10.0,48.609283447265625,6.1733968276588
196,1627232387265,10.0,48.60906982421875,6.172305587684896
197,1627232393104,10.0,48.608917236328125,6.170537173753763
198,1627232399990,10.0,48.608642578125,6.1687414348182905
199,1627232405834,10.0,48.608184814453125,6.167033119132897
200,1627232411715,5.0,48.6075439453125,6.165433432912608
201,1627232417600,5.0,48.6068115234375,6.163963917648572
202,1627232423463,5.0,48.60610961914063,6.162416635392971
203,1627232429359,5.0,48.605499267578125,6.160913323989288
204,1627232435245,5.0,48.604766845703125,6.1594986263719935
205,1627232441084,5.0,48.60400390625,6.158045120543016
206,1627232447946,5.0,48.6036376953125,6.156314089900028
207,1627232453808,5.0,48.6036376953125,6.15447652526773
208,1627232459684,5.0,48.603546142578125,6.152630914008387
209,1627232465537,5.0,48.60321044921875,6.150874905293947
210,1627232471418,10.0,48.602874755859375,6.1491095926669885
211,1627232477296,10.0,48.6025390625,6.147374873986605
212,1627232483161,10.0,48.602081298828125,6.145683657383682
213,1627232489025,10.0,48.60150146484375,6.144467694690586
214,1627232495883,10.0,48.6005859375,6.142910337081312
215,1627232501741,10.0,48.5999755859375,6.141357589518782
216,1627232507612,10.0,48.59954833984375,6.139670815324541
217,1627232513511,10.0,48.599151611328125,6.137947496032471
218,1627232519364,10.0,48.59878540039063,6.136222081264608
219,1627232525224,10.0,48.59860229492188,6.134439250460019
220,1627232531108,10.0,48.59881591796875,6.132633704697836
221,1627232537968,10.0,48.59930419921875,6.1309555638638615
222,1627232543815,10.0,48.59979248046875,6.129318326717363
223,1627232549690,10.0,48.600341796875,6.127677652990564
224,1627232555588,10.0,48.600830078125,6.126025244599325
225,1627232561425,10.0,48.601348876953125,6.124382559215766
226,1627232567288,10.0,48.601806640625,6.122697629040221
227,1627232573145,10.0,48.60198974609375,6.120897615334132
228,1627232579038,10.0,48.601806640625,6.11941611394856
229,1627232585876,10.0,48.60125732421875,6.117520714184378
230,1627232591754,10.0,48.600433349609375,6.116162175318334
231,1627232597634,10.0,48.59942626953125,6.115204123785826
232,1627232603515,10.0,48.59835815429688,6.114368950953813
233,1627232609365,5.0,48.59732055664063,6.113429758703441
234,1627232615243,5.0,48.59637451171875,6.112376991665095
235,1627232621090,5.0,48.595306396484375,6.111502842983335
236,1627232627938,5.0,48.594146728515625,6.111010909086197
237,1627232633817,5.0,48.59298706054688,6.110751070087878
238,1627232639700,5.0,48.591796875,6.110488632699577
239,1627232645565,5.0,48.590576171875,6.110238181432812
240,1627232651436,5.0,48.589385986328125,6.1099964473453445
241,1627232657336,5.0,48.58819580078125,6.109769130131332
242,1627232663216,5.0,48.587005615234375,6.109520774340359
243,1627232669067,5.0,48.58599853515625,6.10929555260214
244,1627232675940,5.0,48.584716796875,6.108490303164449
245,1627232681786,5.0,48.583831787109375,6.107315327977862
246,1627232687667,5.0,48.58316040039063,6.105872718623006
247,1627232693514,5.0,48.58248901367188,6.104352492844783
248,1627232699398,5.0,48.58184814453125,6.102851461624822
249,1627232705271,5.0,48.5811767578125,6.101323692133744
250,1627232711141,5.0,48.58050537109375,6.099843196576554
251,1627232717994,5.0,48.579833984375,6.098337387671785
252,1627232723878,10.0,48.57916259765625,6.0967843886521615
253,1627232729724,5.0,48.57855224609375,6.095257792627527
254,1627232735607,5.0,48.578033447265625,6.09355417080791
255,1627232741480,5.0,48.577728271484375,6.091826325288127
256,1627232747366,5.0,48.57757568359375,6.090027401229451
257,1627232753208,5.0,48.5775146484375,6.08826837502987
258,1627232759071,5.0,48.577484130859375,6.086474983027285
259,1627232765934,5.0,48.577423095703125,6.084647895773951
260,1627232771784,5.0,48.57736206054688,6.082826005300584
261,1627232777682,5.0,48.57733154296875,6.0809931345340615
262,1627232783542,5.0,48.577239990234375,6.079169483861028
263,1627232789426,5.0,48.57720947265625,6.077352203434405
264,1627232795307,10.0,48.57720947265625,6.075542801996763
265,1627232801137,10.0,48.5772705078125,6.073753265669638
266,1627232807016,10.0,48.57736206054688,6.072215186437659
267,1627232813875,10.0,48.577423095703125,6.070069670682838
268,1627232819755,10.0,48.5775146484375,6.068255826836515
269,1627232825643,10.0,48.57757568359375,6.066458076244282
270,1627232831481,10.0,48.577667236328125,6.064639454713151
271,1627232837364,10.0,48.577728271484375,6.0628349985983805
272,1627232843234,10.0,48.57781982421875,6.0610255971607385
273,1627232849087,10.0,48.577880859375,6.059219883760492
274,1627232855942,10.0,48.57806396484375,6.057470664387622
275,1627232861833,10.0,48.578369140625,6.0557345207837
276,1627232867686,10.0,48.57879638671875,6.054065264767086
277,1627232873543,10.0,48.5792236328125,6.052350159740124
278,1627232879421,10.0,48.57965087890625,6.0506227333155
279,1627232885302,10.0,48.58004760742188,6.048926152294547
280,1627232891147,10.0,48.580322265625,6.0471862368341975
281,1627232897035,10.0,48.58038330078125,6.045675985520748
282,1627232903870,10.0,48.58026123046875,6.0435560345706
283,1627232909752,10.0,48.58001708984375,6.041802288970017
284,1627232915630,10.0,48.579833984375,6.04000579566326
285,1627232921488,10.0,48.579620361328125,6.038209302356502
286,1627232927368,10.0,48.579437255859375,6.036439212044734
287,1627232933240,10.0,48.5792236328125,6.034684628253835
288,1627232939110,10.0,48.5792236328125,6.032870532950417
289,1627232945960,10.0,48.5794677734375,6.031109998008265
290,1627232951849,10.0,48.5799560546875,6.029420974955091
291,1627232957706,10.0,48.5804443359375,6.027728402992736
292,1627232963580,10.0,48.580810546875,6.026045652112017
293,1627232969461,10.0,48.58099365234375,6.024252008652337
294,1627232975318,10.0,48.581146240234375,6.0224669985529244
295,1627232981186,10.0,48.58126831054688,6.020690035080556
296,1627232987073,10.0,48.5814208984375,6.018847421035508
297,1627232993901,10.0,48.581573486328125,6.017043412606321
298,1627232999793,10.0,48.58160400390625,6.015234093514633
299,1627233005643,10.0,48.581298828125,6.013489980256197
300,1627233011524,10.0,48.58074951171875,6.011840421712037
301,1627233017406,10.0,48.580169677734375,6.010246016090745
302,1627233023253,10.0,48.579681396484375,6.00862554275059
303,1627233029119,10.0,48.57916259765625,6.006988557061187
304,1627233035966,10.0,48.578643798828125,6.005352840500173
305,1627233041831,5.0,48.578125,6.003703314818292
306,1627233047722,5.0,48.57763671875,6.002068149113675
307,1627233053580,5.0,48.57720947265625,6.000364003708587
308,1627233059461,5.0,48.576904296875,5.99862132222019
309,1627233065331,5.0,48.576568603515625,5.996826589113098
310,1627233071183,5.0,48.5762939453125,5.995127828797321
311,1627233077080,5.0,48.575958251953125,5.993353044619777
312,1627233083921,5.0,48.57562255859375,5.991607094189144
313,1627233089789,10.0,48.57537841796875,5.9897862933631885
314,1627233095641,5.0,48.575439453125,5.988002749737969
315,1627233101523,10.0,48.575592041015625,5.986217614268871
316,1627233107400,10.0,48.575775146484375,5.984350796794504
317,1627233113285,10.0,48.575927734375,5.982494708156197
318,1627233119156,10.0,48.576080322265625,5.98075445741972
319,1627233126006,10.0,48.57614135742188,5.978992665192092
320,1627233131876,10.0,48.57589721679688,5.977161889901363
321,1627233137731,10.0,48.5753173828125,5.975657338282071
322,1627233143612,10.0,48.57467651367188,5.97478955984672
323,1627233149491,10.0,48.574127197265625,5.974100387858389
324,1627233155368,10.0,48.573516845703125,5.973436332798781
325,1627233161217,10.0,48.573089599609375,5.972680170094569
326,1627233167098,10.0,48.57296752929688,5.9717983100618905
327,1627233173917,10.0,48.572662353515625,5.970574384560781
328,1627233179818,10.0,48.5723876953125,5.969449030240969
329,1627233185699,10.0,48.57208251953125,5.9680950176026375
330,1627233191577,10.0,48.572265625,5.96649348736365
331,1627233197413,10.0,48.57257080078125,5.964776203041863
332,1627233203312,10.0,48.572662353515625,5.963014578452299
333,1627233209172,10.0,48.572601318359375,5.961334563006167
334,1627233215072,5.0,48.572021484375,5.9601659886594485
335,1627233221915,5.0,48.571197509765625,5.9589720703716935
336,1627233227760,5.0,48.570343017578125,5.957707241183107
337,1627233233640,5.0,48.56954956054688,5.956376027321402
338,1627233239485,5.0,48.5689697265625,5.954808024695101
339,1627233245371,5.0,48.56857299804688,5.953129045670808
340,1627233251217,5.0,48.56817626953125,5.9514871146585335
341,1627233257104,5.0,48.56781005859375,5.950089264666615
342,1627233263939,5.0,48.56732177734375,5.948122534906443
343,1627233269815,5.0,48.56689453125,5.94643718563574
344,1627233275689,5.0,48.56646728515625,5.944756697868876
345,1627233281555,5.0,48.566009521484375,5.943101858725719
346,1627233287415,5.0,48.565277099609375,5.941703505819609
347,1627233293294,5.0,48.56439208984375,5.940316206935618
348,1627233299154,5.0,48.563568115234375,5.938988319667352
349,1627233305041,5.0,48.5628662109375,5.9379014647575366
350,1627233311881,5.0,48.5618896484375,5.936417123728404
351,1627233317757,5.0,48.561065673828125,5.935139805084034
352,1627233323642,5.0,48.56027221679688,5.933850853905022
353,1627233329488,5.0,48.559417724609375,5.932544767862122
354,1627233335371,10.0,48.558624267578125,5.931238364433805
355,1627233341254,10.0,48.55783081054688,5.929881418129364
356,1627233347092,10.0,48.557220458984375,5.928276954224266
357,1627233353942,5.0,48.556640625,5.926693696534192
358,1627233359826,5.0,48.555999755859375,5.9250458981896985
359,1627233365704,5.0,48.555450439453125,5.923476051544699
360,1627233371552,5.0,48.55474853515625,5.922021623706372
361,1627233377426,5.0,48.55386352539063,5.920799877500087
362,1627233383325,5.0,48.5528564453125,5.919790277263075
363,1627233389147,5.0,48.551849365234375,5.918785538529901
364,1627233395036,5.0,48.551025390625,5.917943743994383
365,1627233401888,5.0,48.54986572265625,5.916767260065225
366,1627233407773,5.0,48.54888916015625,5.915747517725374
367,1627233413650,5.0,48.5479736328125,5.914595425134445
368,1627233419508,5.0,48.54718017578125,5.91322515160396
369,1627233425381,5.0,48.546478271484375,5.911777513107203
370,1627233431258,5.0,48.54586791992188,5.910398019483229
371,1627233437126,5.0,48.54562377929688,5.909613305708309
372,1627233443980,5.0,48.545440673828125,5.909181302418848
373,1627233449868,5.0,48.5450439453125,5.909655634319325
374,1627233455710,5.0,48.544281005859375,5.910182374866506
375,1627233461594,5.0,48.543243408203125,5.910189838181889
376,1627233467474,5.0,48.54220581054688,5.909690335398456
377,1627233473320,5.0,48.5413818359375,5.909225558867593
378,1627233479192,5.0,48.540863037109375,5.908860443165441
379,1627233485085,5.0,48.54071044921875,5.90879833326294
380,1627233491916,5.0,48.540283203125,5.908573362981815
381,1627233497799,5.0,48.53948974609375,5.908233812084336
382,1627233503666,5.0,48.53851318359375,5.907755792146462
383,1627233509560,5.0,48.537506103515625,5.907161431392568
384,1627233515410,5.0,48.53656005859375,5.906393816700118
385,1627233521286,5.0,48.535919189453125,5.905677247797982
386,1627233527152,5.0,48.5360107421875,5.904694888746277
387,1627233533015,5.0,48.536529541015625,5.904475366702214
388,1627233539891,5.0,48.53704833984375,5.905450098222033
389,1627233545737,5.0,48.536407470703125,5.906432708730834
390,1627233551625,5.0,48.535400390625,5.907636433845299
391,1627233557471,5.0,48.5340576171875,5.908996900549074
392,1627233563350,5.0,48.532470703125,5.910329623153349
393,1627233569218,5.0,48.53073120117188,5.911702159797691
394,1627233575102,5.0,48.5289306640625,5.9129260852988
395,1627233581953,5.0,48.52706909179688,5.913929734384561
396,1627233587803,5.0,48.525146484375,5.914666755130435
397,1627233593676,5.0,48.52316284179688,5.915160197770144
398,1627233599548,5.0,48.521240234375,5.915400590753103
399,1627233605441,5.0,48.519287109375,5.915451888000514
400,1627233611315,5.0,48.517333984375,5.915136979898358
401,1627233617147,5.0,48.51535034179688,5.914633730431939
402,1627233623055,5.0,48.513763427734375,5.914175910880709
403,1627233629877,5.0,48.511505126953125,5.913568055262709
404,1627233635765,5.0,48.50958251953125,5.913018034776592
405,1627233641643,5.0,48.50762939453125,5.912378998478792
406,1627233647495,5.0,48.505706787109375,5.911717079585336
407,1627233653379,5.0,48.5037841796875,5.910997912293217
408,1627233659256,5.0,48.50189208984375,5.910242535179397
409,1627233665118,5.0,48.5,5.90938079171433
410,1627233671974,5.0,48.49810791015625,5.908443275844593
411,1627233677860,5.0,48.49624633789063,5.907432669779199
412,1627233683702,5.0,48.494415283203125,5.906425081198948
413,1627233689595,5.0,48.4925537109375,5.905307354411022
414,1627233695471,5.0,48.49072265625,5.904104132210747
415,1627233701322,5.0,48.48895263671875,5.902826227253212
416,1627233707187,5.0,48.487213134765625,5.90144480579151
417,1627233713094,5.0,48.48550415039063,5.899944445123802
418,1627233719932,5.0,48.48382568359375,5.898246690636406
419,1627233725782,5.0,48.48223876953125,5.896467631688245
420,1627233731681,10.0,48.48068237304688,5.894547337671644
421,1627233737524,10.0,48.479248046875,5.89250682135516
422,1627233743388,5.0,48.4779052734375,5.890353657874916
423,1627233749279,5.0,48.476593017578125,5.888118334120035
424,1627233755153,10.0,48.475341796875,5.885823033755538
425,1627233762000,5.0,48.47406005859375,5.883542820816751
426,1627233767884,10.0,48.472747802734375,5.881457151850575
427,1627233773733,10.0,48.4713134765625,5.87946728803765
428,1627233779619,5.0,48.46978759765625,5.877638356765618
429,1627233785475,5.0,48.468170166015625,5.875878073280561
430,1627233791336,5.0,48.46649169921875,5.874308897187816
431,1627233797223,10.0,48.464752197265625,5.872790683066354
432,1627233803096,5.0,48.462982177734375,5.871660048147544
433,1627233809949,5.0,48.46112060546875,5.870583225047096
434,1627233815822,5.0,48.459259033203125,5.869677476590378
435,1627233821673,5.0,48.45733642578125,5.868959985678893
436,1627233827552,5.0,48.45538330078125,5.8684163354391865
437,1627233833438,5.0,48.453460693359375,5.868053231393795
438,1627233839296,5.0,48.451507568359375,5.867803953593474
439,1627233845159,5.0,48.449554443359375,5.86755165830801
440,1627233851041,5.0,48.44793701171875,5.867290645843248
441,1627233857877,5.0,48.445648193359375,5.866735596215228
442,1627233863761,5.0,48.443695068359375,5.866047944879035
443,1627233869643,5.0,48.441802978515625,5.865235570823648
444,1627233875487,5.0,48.43994140625,5.8641935326213614
445,1627233881370,5.0,48.4381103515625,5.863050324847794
446,1627233887228,5.0,48.436279296875,5.8619889244491805
447,1627233893094,5.0,48.434417724609375,5.861052330588793
448,1627233899961,5.0,48.432525634765625,5.860456077500427
449,1627233905805,5.0,48.430572509765625,5.860043987637255
450,1627233911700,5.0,48.4285888671875,5.859845252713058
451,1627233917550,5.0,48.4267578125,5.859907362615559
452,1627233923434,5.0,48.42498779296875,5.860236436134074
453,1627233929292,5.0,48.423095703125,5.86072585546026
454,1627233935147,5.0,48.421173095703125,5.861572511499618
455,1627233941025,5.0,48.41958618164063,5.862305928027129
456,1627233947882,5.0,48.417388916015625,5.863329190766311
457,1627233953764,5.0,48.41549682617188,5.864208200951912
458,1627233959645,5.0,48.41363525390625,5.865132892509797
459,1627233965499,5.0,48.411865234375,5.866330917930106
460,1627233971374,5.0,48.410247802734375,5.867864554753404
461,1627233977253,5.0,48.408721923828125,5.869768839334948
462,1627233983121,5.0,48.40740966796875,5.871974788611635
463,1627233989979,10.0,48.406280517578125,5.8744096476639385
464,1627233995824,5.0,48.405029296875,5.876753479247798
465,1627234001703,5.0,48.403564453125,5.878642927860728
466,1627234007582,5.0,48.40182495117188,5.880035413434617
467,1627234013441,5.0,48.39990234375,5.880837142472975
468,1627234019313,5.0,48.39791870117188,5.880934707825892
469,1627234025186,5.0,48.39596557617188,5.880445623775833
470,1627234031050,5.0,48.39404296875,5.87993248366367
471,1627234037901,5.0,48.39208984375,5.879687396814934
472,1627234043761,5.0,48.39010620117188,5.8797409571762005
473,1627234049636,5.0,48.38815307617188,5.880141528328769
474,1627234055530,5.0,48.38619995117188,5.880814930429571
475,1627234061371,5.0,48.38427734375,5.881568547343725
476,1627234067268,5.0,48.382354736328125,5.881999880080932
477,1627234073136,5.0,48.38037109375,5.881982864817494
478,1627234079992,5.0,48.37841796875,5.881479028617853
479,1627234085866,5.0,48.376556396484375,5.880519384523742
480,1627234091753,5.0,48.374786376953125,5.879160091286412
481,1627234097605,5.0,48.37322998046875,5.877438196917882
482,1627234103476,5.0,48.371856689453125,5.87535613217007
483,1627234109374,5.0,48.37057495117188,5.873146327217922
484,1627234115190,5.0,48.36911010742188,5.87113022804807
485,1627234121077,5.0,48.367462158203125,5.869393832987052
486,1627234127936,5.0,48.36566162109375,5.86806907319079
487,1627234133811,5.0,48.363800048828125,5.867125019436578
488,1627234139689,5.0,48.36187744140625,5.866571730008224
489,1627234145539,5.0,48.359954833984375,5.866182474424938
490,1627234151419,5.0,48.3580322265625,5.865512592723468
491,1627234157300,5.0,48.356201171875,5.864401655277111
492,1627234163143,5.0,48.3544921875,5.8628945052678345
493,1627234169029,5.0,48.35324096679688,5.8614034485126485
494,1627234175868,5.0,48.3514404296875,5.859160954138133
495,1627234181754,5.0,48.349884033203125,5.857454733928533
496,1627234187636,5.0,48.348175048828125,5.85600835271725
497,1627234193483,5.0,48.34634399414063,5.854881908750026
498,1627234199357,5.0,48.34445190429688,5.854017650714008
499,1627234205242,5.0,48.34243774414063,5.853490345185486
500,1627234211082,5.0,48.3408203125,5.8533139061237245
501,1627234217934,5.0,48.3385009765625,5.853398395707694
502,1627234223805,10.0,48.33657836914063,5.853888401767103
503,1627234229696,5.0,48.33465576171875,5.8546479698325085
504,1627234235542,5.0,48.33273315429688,5.855457494040817
505,1627234241434,5.0,48.330810546875,5.856097619986027
506,1627234247302,5.0,48.328857421875,5.856467429553956
507,1627234253138,5.0,48.32687377929688,5.856512608012051
508,1627234259016,5.0,48.32525634765625,5.856293337425083
509,1627234265897,5.0,48.322998046875,5.85575278848955
510,1627234271726,5.0,48.32101440429688,5.855238894006102
511,1627234277631,10.0,48.319091796875,5.854797922080247
512,1627234283478,5.0,48.317138671875,5.854540430014818
513,1627234289360,5.0,48.31515502929688,5.854428196331351
514,1627234295237,5.0,48.31314086914063,5.854539759462564
515,1627234301072,5.0,48.31149291992188,5.854789875453203
516,1627234307928,5.0,48.30923461914063,5.855325479065865
517,1627234313803,5.0,48.30728149414063,5.855823783209413
518,1627234319687,10.0,48.30538940429688,5.856334324931592
519,1627234325520,5.0,48.30340576171875,5.85684092715928
520,1627234331407,10.0,48.30148315429688,5.857255412271114
521,1627234337298,10.0,48.29946899414063,5.857500666757913
522,1627234343134,10.0,48.29751586914063,5.857549533253403
523,1627234349027,10.0,48.2958984375,5.857445849111171
524,1627234355867,5.0,48.2935791015625,5.857028514152259
525,1627234361717,5.0,48.29165649414063,5.856559798126907
526,1627234367596,5.0,48.28973388671875,5.856056045746296
527,1627234373476,5.0,48.28778076171875,5.855621695523947
528,1627234379356,5.0,48.28579711914063,5.855364538734644
529,1627234385205,5.0,48.28384399414063,5.855242162948339
530,1627234391108,5.0,48.28189086914063,5.855331262579053
531,1627234397932,5.0,48.2799072265625,5.855643488472193
532,1627234403803,5.0,48.277923583984375,5.856149755423754
533,1627234409691,10.0,48.27603149414063,5.856817038735241
534,1627234415536,5.0,48.274169921875,5.857726391410322
535,1627234421414,5.0,48.2723388671875,5.858823163440319
536,1627234427301,5.0,48.270538330078125,5.860011214395854
537,1627234433140,5.0,48.26873779296875,5.86120806634972
538,1627234439029,5.0,48.2672119140625,5.8621835522408245
539,1627234445863,5.0,48.2650146484375,5.863290550192691
540,1627234451748,5.0,48.263092041015625,5.864049112429716
541,1627234457592,5.0,48.26119995117188,5.864567533140876
542,1627234463479,5.0,48.25921630859375,5.864906916400292
543,1627234469358,10.0,48.2572021484375,5.865073464816311
544,1627234475207,10.0,48.255279541015625,5.864961147313812
545,1627234481181,10.0,48.2532958984375,5.864679012453057
546,1627234487933,10.0,48.251373291015625,5.8642606716657655
547,1627234493814,5.0,48.249420166015625,5.863597076391674
548,1627234499697,5.0,48.24752807617188,5.862800292676186
549,1627234505546,5.0,48.245635986328125,5.861950702970718
550,1627234511430,5.0,48.24371337890625,5.861289706086611
551,1627234517277,5.0,48.241790771484375,5.860997261484955
552,1627234523143,5.0,48.23980712890625,5.860954178502653
553,1627234529039,5.0,48.238189697265625,5.861171269794797
554,1627234535863,5.0,48.235870361328125,5.861474946146702
555,1627234541755,5.0,48.233917236328125,5.861289538448547
556,1627234547609,5.0,48.23199462890625,5.860491748904679
557,1627234553488,5.0,48.23019409179688,5.859217280527446
558,1627234559363,5.0,48.2286376953125,5.857525980105491
559,1627234565244,10.0,48.22726440429688,5.8554348629022535
560,1627234571099,5.0,48.22613525390625,5.852943258365479
561,1627234577940,5.0,48.225189208984375,5.850320393225038
562,1627234583819,5.0,48.224212646484375,5.847684787591777
563,1627234589700,5.0,48.22332763671875,5.8451162371838885
564,1627234595579,5.0,48.22238159179688,5.842550368985014
565,1627234601429,5.0,48.221435546875,5.839912416418865
566,1627234607303,5.0,48.220489501953125,5.837310003122163
567,1627234613139,5.0,48.21954345703125,5.834700297569702
568,1627234619038,5.0,48.21875,5.832516476517387
569,1627234625884,5.0,48.2176513671875,5.829531848436062
570,1627234631769,10.0,48.21673583984375,5.826950222259226
571,1627234637637,10.0,48.21563720703125,5.824493989353836
572,1627234643492,10.0,48.21435546875,5.822237832477151
573,1627234649361,10.0,48.21295166015625,5.820181500172075
574,1627234655246,10.0,48.21148681640625,5.818125335505062
575,1627234661081,10.0,48.210357666015625,5.81635055132752
576,1627234667962,5.0,48.208984375,5.813564574351361
577,1627234673816,5.0,48.208038330078125,5.810991581534791
578,1627234679698,5.0,48.20724487304688,5.80826804973726
579,1627234685574,5.0,48.20654296875,5.805624900391144
580,1627234691461,5.0,48.20574951171875,5.802914779638688
581,1627234697305,10.0,48.204833984375,5.800266684969701
582,1627234703175,5.0,48.20379638671875,5.797751443465983
583,1627234709066,5.0,48.202880859375,5.795719334861073
584,1627234715904,5.0,48.201416015625,5.793050872167379
585,1627234721783,5.0,48.200103759765625,5.790825812151461
586,1627234727648,5.0,48.198760986328125,5.788627406587628
587,1627234733519,5.0,48.19747924804688,5.786401676019454
588,1627234739399,5.0,48.196319580078125,5.784020377328418
589,1627234745275,5.0,48.19525146484375,5.7816119212711055
590,1627234751109,5.0,48.19427490234375,5.779027193790096
591,1627234757999,5.0,48.193450927734375,5.776332579558507
592,1627234763873,10.0,48.1927490234375,5.773615753283513
593,1627234769727,10.0,48.19207763671875,5.770848048856268
594,1627234775603,5.0,48.19134521484375,5.768104484310157
595,1627234781478,5.0,48.190521240234375,5.765370726590757
596,1627234787330,5.0,48.18963623046875,5.762704610829951
597,1627234793210,5.0,48.1885986328125,5.76025416143775
598,1627234799091,5.0,48.18743896484375,5.7578300312215065
599,1627234805944,5.0,48.18618774414063,5.755544370045658
600,1627234811830,5.0,48.18487548828125,5.7533115148597895
601,1627234817678,5.0,48.183624267578125,5.751091232528678
602,1627234823553,5.0,48.18243408203125,5.748698534449328
603,1627234829401,5.0,48.18136596679688,5.746264848863469
604,1627234835288,5.0,48.180450439453125,5.743665704509004
605,1627234841153,5.0,48.17962646484375,5.740961702545864
606,1627234847026,5.0,48.178985595703125,5.738700097432116
607,1627234853887,5.0,48.178070068359375,5.735577838500715
608,1627234859730,5.0,48.17724609375,5.732901161541913
609,1627234865612,5.0,48.176361083984375,5.730270501231523
610,1627234871497,5.0,48.17529296875,5.727679990237325
611,1627234877377,5.0,48.174224853515625,5.725229792302218
612,1627234883230,5.0,48.17303466796875,5.72292460129198
613,1627234889100,5.0,48.171783447265625,5.7206417061441766
614,1627234895945,5.0,48.170501708984375,5.718403989454469
615,1627234901821,5.0,48.169189453125,5.716106342157085
616,1627234907705,5.0,48.167877197265625,5.713864183058695
617,1627234913554,5.0,48.16656494140625,5.711611714219406
618,1627234919439,5.0,48.165283203125,5.709363017236543
619,1627234925334,5.0,48.163970947265625,5.70709621534283
620,1627234931180,5.0,48.162689208984375,5.704876268287846
621,1627234937055,5.0,48.16159057617188,5.703039122750706
622,1627234943926,10.0,48.160003662109375,5.700600324203912
623,1627234949779,10.0,48.15850830078125,5.698629068216028
624,1627234955658,10.0,48.156982421875,5.696777757262528
625,1627234961540,10.0,48.1553955078125,5.695052761589824
626,1627234967386,10.0,48.1536865234375,5.693483669316111
627,1627234973254,10.0,48.1519775390625,5.692039467399653
628,1627234979104,10.0,48.150238037109375,5.690659051766331
629,1627234985985,5.0,48.148468017578125,5.689381398265892
630,1627234991852,5.0,48.14669799804688,5.68807918578916
631,1627234997729,5.0,48.14495849609375,5.686654932802251
632,1627235003620,5.0,48.143310546875,5.68513873033755
633,1627235009447,5.0,48.14166259765625,5.683479113509583
634,1627235015332,5.0,48.14010620117188,5.681692762305663
635,1627235021199,5.0,48.13864135742188,5.679759727796241
636,1627235027058,5.0,48.13742065429688,5.678051831206007
637,1627235033926,5.0,48.1357421875,5.675702383747022
638,1627235039776,5.0,48.13424682617188,5.673708245163479
639,1627235045636,5.0,48.132720947265625,5.671946452935852
640,1627235051536,10.0,48.131103515625,5.670241322373664
641,1627235057420,10.0,48.129425048828125,5.668649012228165
642,1627235063263,5.0,48.127685546875,5.667203636845263
643,1627235069134,5.0,48.12591552734375,5.665905196224959
644,1627235075984,5.0,48.12408447265625,5.66476140171817
645,1627235081866,5.0,48.12222290039063,5.663752555852443
646,1627235087745,5.0,48.120361328125,5.662909671669512
647,1627235093594,5.0,48.118499755859375,5.662071816628484
648,1627235099473,5.0,48.11663818359375,5.661128936340717
649,1627235105324,5.0,48.11480712890625,5.660081114625242
650,1627235111204,5.0,48.113037109375,5.658871186902429
651,1627235117084,5.0,48.11154174804688,5.657651871448064
652,1627235123923,5.0,48.10958862304688,5.655846493323944
653,1627235129806,5.0,48.10797119140625,5.654137926181456
654,1627235135683,5.0,48.1064453125,5.652262726803918
655,1627235141516,5.0,48.10494995117188,5.650309491907852
656,1627235147412,5.0,48.10348510742188,5.648382911463872
657,1627235153287,5.0,48.101959228515625,5.646471753721728
658,1627235159156,5.0,48.100372314453125,5.644720857968223
659,1627235166013,10.0,48.09869384765625,5.643170708795677
660,1627235171864,10.0,48.096923828125,5.64184376970459
661,1627235177743,10.0,48.0950927734375,5.640721432869919
662,1627235183621,5.0,48.09326171875,5.639703115453608
663,1627235189501,5.0,48.09146118164063,5.638555381452328
664,1627235195352,5.0,48.089691162109375,5.637130793189292
665,1627235201226,5.0,48.08810424804688,5.635501602669838
666,1627235207073,5.0,48.08685302734375,5.633872915064575
667,1627235213951,5.0,48.08526611328125,5.631341245030641
668,1627235219801,5.0,48.0841064453125,5.628941087057468
669,1627235225686,5.0,48.08316040039063,5.626438166951413
670,1627235231564,5.0,48.082366943359375,5.623775655408971
671,1627235237409,5.0,48.081634521484375,5.620950115849842
672,1627235243275,5.0,48.08102416992188,5.618162797769176
673,1627235249168,10.0,48.080413818359375,5.615377658983334
674,1627235255059,10.0,48.079833984375,5.61312351376341
675,1627235261898,5.0,48.078857421875,5.609967811038354
676,1627235267775,5.0,48.077880859375,5.607386687775708
677,1627235273624,5.0,48.07681274414063,5.604934729640935
678,1627235279502,5.0,48.07562255859375,5.60257011093721
679,1627235285357,5.0,48.074310302734375,5.600339686503261
680,1627235291230,5.0,48.07296752929688,5.598310846840588
681,1627235297115,5.0,48.07147216796875,5.59630128555521
682,1627235303955,5.0,48.069915771484375,5.594489621003712
683,1627235309828,5.0,48.068359375,5.592751633381091
684,1627235315680,5.0,48.066741943359375,5.591026889165482
685,1627235321566,10.0,48.06515502929688,5.589256295939525
686,1627235327442,10.0,48.06353759765625,5.587586788465816
687,1627235333297,10.0,48.061798095703125,5.58600537479444
688,1627235339153,10.0,48.060150146484375,5.584505684678987
689,1627235345049,10.0,48.0587158203125,5.583234149967863
690,1627235351932,10.0,48.05670166015625,5.581566821788979
691,1627235357780,10.0,48.054962158203125,5.580113902693223
692,1627235363664,10.0,48.05322265625,5.578682441269586
693,1627235369542,10.0,48.051513671875,5.577237401162812
694,1627235375428,10.0,48.049896240234375,5.575664956127829
695,1627235381253,10.0,48.048248291015625,5.573938116436427
696,1627235387136,10.0,48.046722412109375,5.57211815380079
697,1627235393036,10.0,48.04547119140625,5.570540511985841
698,1627235399869,10.0,48.04376220703125,5.568189052870094
699,1627235405754,10.0,48.042327880859375,5.566084440802751
700,1627235411636,10.0,48.041046142578125,5.563948480417546
701,1627235417485,10.0,48.03976440429688,5.56170204654854
702,1627235423363,10.0,48.03851318359375,5.559384450321606
703,1627235429242,10.0,48.03726196289063,5.557159641762783
704,1627235435093,10.0,48.035919189453125,5.554948328068066
705,1627235441963,10.0,48.03448486328125,5.552881099288866
706,1627235447848,10.0,48.03302001953125,5.550900707026525
707,1627235453675,10.0,48.031524658203125,5.549019556497735
708,1627235459574,10.0,48.02999877929688,5.547141171996991
709,1627235465455,10.0,48.02853393554688,5.545195313175716
710,1627235471332,10.0,48.027130126953125,5.543153733020223
711,1627235477164,10.0,48.02581787109375,5.540986759593283
712,1627235483063,10.0,48.024749755859375,5.539054144179019
713,1627235489898,10.0,48.0234375,5.536350812768132
714,1627235495774,10.0,48.022216796875,5.5338982679001365
715,1627235501630,10.0,48.021026611328125,5.53152820095935
716,1627235507511,10.0,48.019775390625,5.529518388216877
717,1627235513390,10.0,48.018341064453125,5.527476472785256
718,1627235519239,10.0,48.016845703125,5.525474203755637
719,1627235525105,10.0,48.0152587890625,5.523711740975756
720,1627235531960,10.0,48.013580322265625,5.522100739186184
721,1627235537845,10.0,48.0118408203125,5.520658800383584
722,1627235543727,10.0,48.01007080078125,5.519449040298833
723,1627235549575,10.0,48.00823974609375,5.518374815588368
724,1627235555457,10.0,48.00634765625,5.5174284987203
725,1627235561328,5.0,48.00445556640625,5.516706649219167
726,1627235567163,5.0,48.002532958984375,5.516061075036895
727,1627235573059,5.0,48.00091552734375,5.515491524716388
728,1627235579898,5.0,47.9986572265625,5.514702871446977
729,1627235585767,5.0,47.99676513671875,5.514068277557859
730,1627235591671,5.0,47.994873046875,5.513393618171581
731,1627235597508,5.0,47.992950439453125,5.512430621316202
732,1627235603394,5.0,47.9910888671875,5.511424709116585
733,1627235609265,5.0,47.989288330078125,5.510302037005788
734,1627235615139,5.0,47.98748779296875,5.508985156198506
735,1627235621999,5.0,47.98577880859375,5.507523603742484
736,1627235627837,5.0,47.984130859375,5.505872117360593
737,1627235633729,5.0,47.98248291015625,5.504156006505251
738,1627235639596,5.0,47.98089599609375,5.502458084379791
739,1627235645472,5.0,47.979248046875,5.500784972687718
740,1627235651325,5.0,47.977569580078125,5.499257789929862
741,1627235657192,5.0,47.975830078125,5.497855162253136
742,1627235663056,10.0,47.97433471679688,5.496808849280232
743,1627235669933,10.0,47.97235107421875,5.4952377453497565
744,1627235675815,10.0,47.970733642578125,5.493522724141826
745,1627235681664,10.0,47.969329833984375,5.491483993833411
746,1627235687535,10.0,47.968109130859375,5.489086266612158
747,1627235693421,10.0,47.9671630859375,5.486581670125468
748,1627235699291,10.0,47.96649169921875,5.483834166084867
749,1627235705125,10.0,47.96603393554688,5.480952300136425
750,1627235711994,10.0,47.9656982421875,5.478030284871792
751,1627235717848,10.0,47.96527099609375,5.475188698839299
752,1627235723723,10.0,47.964599609375,5.472425306220979
753,1627235729639,10.0,47.963714599609375,5.469788191845146
754,1627235735496,10.0,47.962646484375,5.467300778259959
755,1627235741358,10.0,47.961517333984375,5.464909002189957
756,1627235747240,10.0,47.960540771484375,5.462363082920631
757,1627235753108,10.0,47.959869384765625,5.459592025732118
758,1627235759955,10.0,47.959564208984375,5.456716362392024
759,1627235765839,10.0,47.959503173828125,5.453739697118712
760,1627235771691,10.0,47.95916748046875,5.450855651875446
761,1627235777572,10.0,47.958526611328125,5.448160618548699
762,1627235783453,10.0,47.95745849609375,5.445579830562179
763,1627235789305,10.0,47.9561767578125,5.443431045865122
764,1627235795177,5.0,47.95489501953125,5.441133314748705
765,1627235801054,5.0,47.954010009765625,5.439080502842962
766,1627235807912,5.0,47.95309448242188,5.4359535500457845
767,1627235813791,5.0,47.95263671875,5.43309205212205
768,1627235819671,5.0,47.952484130859375,5.43019752949982
769,1627235825540,5.0,47.95257568359375,5.427235281099963
770,1627235831401,5.0,47.953033447265625,5.424363389616296
771,1627235837280,5.0,47.95379638671875,5.421674894174022
772,1627235843140,5.0,47.9547119140625,5.419105673213879
773,1627235850001,5.0,47.95556640625,5.416468810295142
774,1627235855884,5.0,47.95626831054688,5.413721976806794
775,1627235861760,5.0,47.956939697265625,5.410896018152508
776,1627235867610,5.0,47.95745849609375,5.408032005657822
777,1627235873489,5.0,47.957855224609375,5.405164975677994
778,1627235879371,5.0,47.9581298828125,5.40227129124608
779,1627235885208,5.0,47.958343505859375,5.399366375063917
780,1627235891084,5.0,47.95843505859375,5.39696303196754
781,1627235897939,10.0,47.95843505859375,5.393524356191413
782,1627235903819,10.0,47.95822143554688,5.390606699516429
783,1627235909700,10.0,47.957855224609375,5.387649061163317
784,1627235915547,10.0,47.9573974609375,5.3847810253551085
785,1627235921428,10.0,47.956787109375,5.382029078905826
786,1627235927308,10.0,47.9560546875,5.379265062515977
787,1627235933173,10.0,47.955352783203125,5.376553181563854
788,1627235939043,10.0,47.954833984375,5.374207505961297
789,1627235945907,10.0,47.95431518554688,5.37086899392807
790,1627235951760,10.0,47.95404052734375,5.367952426900498
791,1627235957644,10.0,47.95382690429688,5.36502823234104
792,1627235963517,10.0,47.953521728515625,5.362124321987258
793,1627235969369,10.0,47.95306396484375,5.3592607285877305
794,1627235975231,10.0,47.95245361328125,5.356486318637948
795,1627235981108,5.0,47.951690673828125,5.353814922278145
796,1627235987966,5.0,47.95074462890625,5.351219549780107
797,1627235993854,5.0,47.94976806640625,5.348670696844671
798,1627235999724,5.0,47.94891357421875,5.346030648802729
799,1627236005608,5.0,47.94830322265625,5.343284150590509
800,1627236011453,5.0,47.9478759765625,5.340379737322536
801,1627236017334,5.0,47.94769287109375,5.337490160023177
802,1627236023204,5.0,47.94775390625,5.33453671262165
803,1627236029065,5.0,47.947998046875,5.332162287091214
804,1627236035945,5.0,47.94839477539063,5.328764263545469
805,1627236041783,5.0,47.9486083984375,5.325827244674159
806,1627236047671,10.0,47.94869995117188,5.32288637012739
807,1627236053521,10.0,47.948577880859375,5.319931330164261
808,1627236059401,10.0,47.948333740234375,5.31700797379512
809,1627236065274,10.0,47.9478759765625,5.314124431466045
810,1627236071109,10.0,47.94723510742188,5.311304507782041
811,1627236077964,10.0,47.94644165039063,5.308562787254628
812,1627236083843,10.0,47.945556640625,5.30601477250951
813,1627236089728,10.0,47.9444580078125,5.303581925113968
814,1627236095580,10.0,47.943267822265625,5.30126307160156
815,1627236101458,10.0,47.94189453125,5.299077657987642
816,1627236107339,10.0,47.9404296875,5.297143701468871
817,1627236113175,10.0,47.9388427734375,5.295384507631226
818,1627236119070,10.0,47.93746948242188,5.294034350668354
819,1627236125901,10.0,47.93551635742188,5.29219896533088
820,1627236131805,10.0,47.933868408203125,5.290614617993394
821,1627236137667,10.0,47.93218994140625,5.289042508234539
822,1627236143549,10.0,47.930572509765625,5.287424381827272
823,1627236149390,10.0,47.928985595703125,5.285618668427025
824,1627236155262,10.0,47.92755126953125,5.283604245637807
825,1627236161141,10.0,47.92620849609375,5.281502148141415
826,1627236167998,10.0,47.92498779296875,5.279286224399954
827,1627236173847,10.0,47.923828125,5.276837283750322
828,1627236179727,5.0,47.92282104492188,5.274304356430912
829,1627236185609,5.0,47.92193603515625,5.271692303945564
830,1627236191487,5.0,47.921234130859375,5.268956199293275
831,1627236197368,5.0,47.920654296875,5.266130408277052
832,1627236203215,5.0,47.92022705078125,5.263251895089879
833,1627236209095,5.0,47.919952392578125,5.26036868803693
834,1627236215947,5.0,47.91986083984375,5.257421107967624
835,1627236221827,5.0,47.9197998046875,5.254496075217849
836,1627236227710,5.0,47.919708251953125,5.251578334723833
837,1627236233587,5.0,47.91958618164063,5.248651374136329
838,1627236239438,5.0,47.91949462890625,5.245730783795235
839,1627236245297,10.0,47.91940307617188,5.242783958097214
840,1627236251201,10.0,47.9193115234375,5.239851297815553
841,1627236257047,10.0,47.919219970703125,5.237397495662084
842,1627236263917,10.0,47.91909790039063,5.23397809826325
843,1627236269769,10.0,47.918975830078125,5.231041749944194
844,1627236275647,10.0,47.918792724609375,5.22814261727522
845,1627236281538,10.0,47.91812133789063,5.2253967057962205
846,1627236287401,10.0,47.91693115234375,5.223114145924545
847,1627236293256,10.0,47.915283203125,5.221504736696576
848,1627236299119,10.0,47.91339111328125,5.220723459501956
849,1627236305978,10.0,47.911376953125,5.220802007486564
850,1627236311835,5.0,47.909515380859375,5.221765497704243
851,1627236317736,5.0,47.907623291015625,5.222591869537926
852,1627236323586,5.0,47.905670166015625,5.222948519517875
853,1627236329458,5.0,47.903717041015625,5.223170161038006
854,1627236335346,5.0,47.9017333984375,5.223353069080989
855,1627236341204,5.0,47.8997802734375,5.223543610174664
856,1627236347092,5.0,47.89788818359375,5.223771035676099
857,1627236353902,5.0,47.89593505859375,5.223942948510147
858,1627236359802,5.0,47.893951416015625,5.224015954886772
859,1627236365674,5.0,47.8919677734375,5.22388008423636
860,1627236371536,5.0,47.8900146484375,5.223606079821683
861,1627236377405,5.0,47.88800048828125,5.22318916395793
862,1627236383295,5.0,47.886077880859375,5.222666719933248
863,1627236389149,5.0,47.884124755859375,5.222059031953311
864,1627236395045,5.0,47.88253784179688,5.2214760705877294
865,1627236401883,5.0,47.88034057617188,5.220607956876252
866,1627236407775,5.0,47.878448486328125,5.219996161763761
867,1627236413612,5.0,47.87646484375,5.219600452115032
868,1627236419493,5.0,47.87451171875,5.219477238138411
869,1627236425372,5.0,47.87252807617188,5.219603050505016
870,1627236431218,5.0,47.87057495117188,5.2199476305443975
871,1627236437173,10.0,47.86865234375,5.220597982411478
872,1627236443951,10.0,47.86676025390625,5.2214498352308025
873,1627236449832,10.0,47.8648681640625,5.222373856236434
874,1627236455702,5.0,47.86300659179688,5.223310366277791
875,1627236461530,5.0,47.86114501953125,5.224282247950532
876,1627236467431,5.0,47.8592529296875,5.225205598403909
877,1627236473310,5.0,47.85739135742188,5.226152585824231
878,1627236479151,5.0,47.85552978515625,5.22710435092936
879,1627236485042,5.0,47.85397338867188,5.227883951743346
880,1627236491886,5.0,47.85177612304688,5.228930432354313
881,1627236497760,5.0,47.84991455078125,5.229881862183316
882,1627236503627,5.0,47.8480224609375,5.2307768818039735
883,1627236509497,5.0,47.84613037109375,5.231473250319465
884,1627236515378,5.0,47.84417724609375,5.231887651612267
885,1627236521244,5.0,47.84222412109375,5.231939032678708
886,1627236527122,5.0,47.840240478515625,5.231675170366868
887,1627236533960,5.0,47.838287353515625,5.231078127403959
888,1627236539851,5.0,47.83636474609375,5.230231219907505
889,1627236545700,5.0,47.83447265625,5.2293241303462805
890,1627236551586,5.0,47.83258056640625,5.2284700144131
891,1627236557462,5.0,47.830657958984375,5.227619502698283
892,1627236563316,5.0,47.8287353515625,5.226937299599151
893,1627236569179,5.0,47.82681274414063,5.226342268293003
894,1627236575068,5.0,47.82489013671875,5.225750673567155
895,1627236581916,5.0,47.82293701171875,5.225184308369854
896,1627236587789,5.0,47.82101440429688,5.224633030598261
897,1627236593636,5.0,47.81906127929688,5.224185604606964
898,1627236599524,5.0,47.81710815429688,5.223913108934856
899,1627236605373,5.0,47.81515502929688,5.223732646559573
900,1627236611243,5.0,47.81317138671875,5.223691659053064
901,1627236617124,5.0,47.81121826171875,5.223669530828691
902,1627236623972,5.0,47.80923461914063,5.223866002639032
903,1627236629868,5.0,47.80731201171875,5.224102120851375
904,1627236635701,5.0,47.80532836914063,5.224375454713799
905,1627236641585,5.0,47.80337524414063,5.224572932352521
906,1627236647453,5.0,47.80142211914063,5.224655242641665
907,1627236653317,5.0,47.79946899414063,5.224678544332482
908,1627236659187,5.0,47.7974853515625,5.224543176596262
909,1627236665085,5.0,47.795501708984375,5.224238326777913
910,1627236671931,5.0,47.793548583984375,5.223813196649052
911,1627236677800,5.0,47.791595458984375,5.223280275245405
912,1627236683683,5.0,47.789642333984375,5.222572926436758
913,1627236689505,5.0,47.78775024414063,5.221759714191054
914,1627236695418,5.0,47.785919189453125,5.220700744544361
915,1627236701293,5.0,47.78411865234375,5.219401633371803
916,1627236707141,5.0,47.78240966796875,5.217931699012609
917,1627236713031,10.0,47.781036376953125,5.216639628638715
918,1627236719856,5.0,47.779205322265625,5.214521521707265
919,1627236725748,10.0,47.77777099609375,5.212597455834237
920,1627236731616,5.0,47.77633666992188,5.210556462411964
921,1627236737504,5.0,47.774932861328125,5.208469787617408
922,1627236743353,5.0,47.77359008789063,5.206221677367767
923,1627236749235,5.0,47.77243041992188,5.203872984280068
924,1627236755106,5.0,47.771484375,5.201438376684861
925,1627236761952,5.0,47.770599365234375,5.198773937304689
926,1627236767834,5.0,47.76974487304688,5.196093739946555
927,1627236773710,5.0,47.76873779296875,5.193575145681569
928,1627236779562,5.0,47.767486572265625,5.19130121917016
929,1627236785443,5.0,47.765960693359375,5.189560046424334
930,1627236791317,5.0,47.764190673828125,5.188306700443093
931,1627236797159,5.0,47.762237548828125,5.187568506230774
932,1627236803051,5.0,47.760589599609375,5.18753506243712
933,1627236809892,5.0,47.758331298828125,5.188165465374652
934,1627236815771,5.0,47.75650024414063,5.189228961249058
935,1627236821624,5.0,47.75469970703125,5.190463447948163
936,1627236827500,5.0,47.75289916992188,5.191637920220561
937,1627236833381,5.0,47.75103759765625,5.192696219315001
938,1627236839257,5.0,47.7491455078125,5.1935282070238085
939,1627236845107,5.0,47.74725341796875,5.194060206418106
940,1627236851967,5.0,47.74526977539063,5.194464717065165
941,1627236857824,5.0,47.7432861328125,5.194694967945288
942,1627236863713,5.0,47.741302490234375,5.194789851089189
943,1627236869592,5.0,47.7393798828125,5.194762777541945
944,1627236875440,5.0,47.737396240234375,5.194655153905223
945,1627236881323,5.0,47.73541259765625,5.1944561675239305
946,1627236887196,5.0,47.733428955078125,5.194199262191722
947,1627236893043,5.0,47.7318115234375,5.193944536154339
948,1627236899914,10.0,47.729583740234375,5.193615797911951
949,1627236905818,5.0,47.727630615234375,5.193135431041189
950,1627236911639,5.0,47.72564697265625,5.192625140776106
951,1627236917531,5.0,47.723724365234375,5.192081490536399
952,1627236923401,5.0,47.721771240234375,5.191457290207214
953,1627236929292,5.0,47.719818115234375,5.190789923076696
954,1627236935131,5.0,47.71792602539063,5.190085424115127
955,1627236941032,5.0,47.71630859375,5.189517382537191
956,1627236947836,5.0,47.71405029296875,5.188837777828042
957,1627236953745,5.0,47.71209716796875,5.188311897223059
958,1627236959589,5.0,47.71017456054688,5.18788098358101
959,1627236965471,5.0,47.70819091796875,5.18756582402176
960,1627236971340,5.0,47.70620727539063,5.187292490159336
961,1627236977200,5.0,47.7042236328125,5.187049582605424
962,1627236983110,5.0,47.702239990234375,5.186807261784735
963,1627236989924,5.0,47.700286865234375,5.186570137744011
964,1627236995808,5.0,47.698333740234375,5.186309041460218
965,1627237001677,5.0,47.696380615234375,5.185899250214161
966,1627237007539,5.0,47.6944580078125,5.1853476371664415
967,1627237013397,5.0,47.69253540039063,5.1846873946536185
968,1627237019264,5.0,47.69064331054688,5.183875523512422
969,1627237025115,5.0,47.688751220703125,5.182971786712467
970,1627237032013,5.0,47.6868896484375,5.181923462082801
971,1627237037859,5.0,47.68505859375,5.180786624555644
972,1627237043719,5.0,47.683197021484375,5.179650625218804
973,1627237049620,5.0,47.68136596679688,5.178561899815852
974,1627237055466,5.0,47.67950439453125,5.177628993992859
975,1627237061348,5.0,47.677642822265625,5.17680086195951
976,1627237067191,5.0,47.67575073242188,5.176080521200947
977,1627237073088,5.0,47.67379760742188,5.175483142961912
978,1627237079917,5.0,47.671875,5.174997746949247
979,1627237085798,5.0,47.669921875,5.17464461736863
980,1627237091649,5.0,47.66790771484375,5.174437081446103
981,1627237097535,5.0,47.66595458984375,5.174381928523234
982,1627237103406,5.0,47.66400146484375,5.174425179143599
983,1627237109288,5.0,47.662017822265625,5.174589799721888
984,1627237115120,5.0,47.6600341796875,5.174904288728884
985,1627237122008,5.0,47.658111572265625,5.175342578445725
986,1627237127857,5.0,47.656158447265625,5.175847252835683
987,1627237133736,5.0,47.654205322265625,5.176419569184237
988,1627237139616,5.0,47.65228271484375,5.176963806157165
989,1627237145494,5.0,47.65036010742188,5.177491446961814
990,1627237151383,5.0,47.6484375,5.178045490761453
991,1627237157228,5.0,47.646484375,5.178633984183128
992,1627237163091,5.0,47.64453125,5.179111417387778
993,1627237169949,5.0,47.642578125,5.179564626892264
994,1627237175830,5.0,47.64059448242188,5.179897220810111
995,1627237181708,5.0,47.63861083984375,5.180098051210102
996,1627237187559,5.0,47.63665771484375,5.180200226609763
997,1627237193433,5.0,47.63470458984375,5.180151360114273
998,1627237199289,5.0,47.632720947265625,5.179954469208773
999,1627237205154,5.0,47.6307373046875,5.179645176981743
1000,1627237211047,5.0,47.62911987304688,5.179334627469237
1001,1627237217889,5.0,47.626800537109375,5.17890530638879
1002,1627237223770,5.0,47.624847412109375,5.178703386341388
1003,1627237229643,5.0,47.62286376953125,5.178763233130033
1004,1627237235496,5.0,47.62091064453125,5.179155757655557
1005,1627237241376,5.0,47.6190185546875,5.17988984473532
1006,1627237247245,5.0,47.6171875,5.18088025041407
1007,1627237253091,5.0,47.61541748046875,5.182232083757578
1008,1627237259975,5.0,47.61370849609375,5.1838392298716895
1009,1627237265833,5.0,47.6121826171875,5.185636645187796
1010,1627237271706,5.0,47.61077880859375,5.18772122450656
1011,1627237277575,5.0,47.6094970703125,5.189950559293097
1012,1627237283435,5.0,47.608245849609375,5.192202189942069
1013,1627237289329,5.0,47.60690307617188,5.194375030701229
1014,1627237295199,10.0,47.60546875,5.196362799038362
1015,1627237301050,5.0,47.60421752929688,5.197997437794877
1016,1627237307896,5.0,47.602447509765625,5.200080843647196
1017,1627237313758,5.0,47.600830078125,5.201745908712224
1018,1627237319642,5.0,47.599151611328125,5.203306702901799
1019,1627237325540,5.0,47.597412109375,5.204693907876689
1020,1627237331427,5.0,47.595611572265625,5.205949936066946
1021,1627237337276,5.0,47.59381103515625,5.207094652583084
1022,1627237343131,5.0,47.5919189453125,5.208043567841135
1023,1627237349038,5.0,47.590362548828125,5.208712443714225
1024,1627237355883,5.0,47.58810424804688,5.209492463623368
1025,1627237361753,5.0,47.586181640625,5.209917677571261
1026,1627237367604,5.0,47.58419799804688,5.210209367801631
1027,1627237373465,5.0,47.58221435546875,5.210331408311808
1028,1627237379379,5.0,47.58026123046875,5.210269885142529
1029,1627237385201,5.0,47.57827758789063,5.209976937626684
1030,1627237391094,5.0,47.57635498046875,5.209481064235055
1031,1627237397919,10.0,47.574462890625,5.208854349334919
1032,1627237403823,10.0,47.572601318359375,5.207772664730631
1033,1627237409694,10.0,47.57077026367188,5.206649322067579
1034,1627237415545,5.0,47.5689697265625,5.205370411281665
1035,1627237421422,5.0,47.5672607421875,5.203891843562204
1036,1627237427314,5.0,47.56558227539063,5.202349238102513
1037,1627237433129,5.0,47.563873291015625,5.20090822130926
1038,1627237439036,5.0,47.562408447265625,5.19987137988694
1039,1627237445864,5.0,47.56021118164063,5.198786258702351
1040,1627237451752,5.0,47.55828857421875,5.198157196869326
1041,1627237457630,5.0,47.5562744140625,5.197711614896727
1042,1627237463484,5.0,47.5543212890625,5.197462504734469
1043,1627237469361,5.0,47.5523681640625,5.19739561714716
1044,1627237475209,5.0,47.550384521484375,5.197474490856004
1045,1627237481094,5.0,47.54840087890625,5.197614468638969
1046,1627237487966,5.0,47.54644775390625,5.197805659850312
1047,1627237493820,5.0,47.544464111328125,5.198032893245292
1048,1627237499694,5.0,47.54248046875,5.198298599575831
1049,1627237505576,5.0,47.54052734375,5.19851694815345
1050,1627237511420,5.0,47.53857421875,5.198744097729398
1051,1627237517298,5.0,47.536651611328125,5.198882231493665
1052,1627237523166,5.0,47.53466796875,5.198985328902675
1053,1627237529038,5.0,47.533050537109375,5.1990320999223725
1054,1627237535902,5.0,47.53070068359375,5.198998488490655
1055,1627237541750,5.0,47.528717041015625,5.198882650588824
1056,1627237547632,5.0,47.5267333984375,5.198720879857613
1057,1627237553506,5.0,47.524749755859375,5.198517199610545
1058,1627237559360,5.0,47.52276611328125,5.198294492443277
1059,1627237565241,5.0,47.52081298828125,5.197928287093712
1060,1627237571106,5.0,47.51885986328125,5.197542551909757
1061,1627237577962,5.0,47.516937255859375,5.197077943016958
1062,1627237583817,10.0,47.5150146484375,5.19651124254353
1063,1627237589691,10.0,47.51312255859375,5.195902213459085
1064,1627237595570,5.0,47.51116943359375,5.195239791651438
1065,1627237601451,5.0,47.50921630859375,5.1945433393169145
1066,1627237607303,5.0,47.50738525390625,5.193758541722962
1067,1627237613170,5.0,47.5054931640625,5.192928146575757
1068,1627237619061,5.0,47.50390625,5.192184001212187
1069,1627237625904,5.0,47.501708984375,5.191053114836282
1070,1627237631768,10.0,47.499847412109375,5.190132111315792
1071,1627237637628,5.0,47.4979248046875,5.189320491631691
1072,1627237643510,5.0,47.496002197265625,5.188825624068444
1073,1627237649376,5.0,47.494049072265625,5.188441146169964
1074,1627237655238,5.0,47.49200439453125,5.188278788705532
1075,1627237661098,5.0,47.49005126953125,5.188266215850774
1076,1627237667966,5.0,47.48809814453125,5.188441984360281
1077,1627237673839,5.0,47.486114501953125,5.188749348749583
1078,1627237679717,5.0,47.484161376953125,5.189050929625695
1079,1627237685598,5.0,47.482177734375,5.189372375612323
1080,1627237691453,5.0,47.480255126953125,5.189527692278092
1081,1627237697328,5.0,47.478271484375,5.189460469414656
1082,1627237703200,10.0,47.47628784179688,5.189158888538544
1083,1627237709061,5.0,47.474700927734375,5.188667541374628
1084,1627237715928,5.0,47.472503662109375,5.187741676350299
1085,1627237721813,5.0,47.47067260742188,5.18663601950294
1086,1627237727647,5.0,47.46893310546875,5.18533925526327
1087,1627237733537,5.0,47.46722412109375,5.18387443386501
1088,1627237739447,5.0,47.465576171875,5.18229033798462
1089,1627237745289,5.0,47.46392822265625,5.180680509661492
1090,1627237751135,5.0,47.462310791015625,5.1790916360962935
1091,1627237757991,5.0,47.4605712890625,5.177632598211223
1092,1627237763873,5.0,47.45880126953125,5.17629610375052
1093,1627237769753,5.0,47.45703125,5.175043679778627
1094,1627237775624,5.0,47.45523071289063,5.173820760105898
1095,1627237781475,5.0,47.45343017578125,5.172618459914972
1096,1627237787334,5.0,47.45159912109375,5.171467289333391
1097,1627237793227,5.0,47.449737548828125,5.170390717690037
1098,1627237799096,5.0,47.44821166992188,5.169499050830648
1099,1627237805956,5.0,47.446044921875,5.168407643218681
1100,1627237811809,10.0,47.44415283203125,5.16767079011087
1101,1627237817670,5.0,47.442230224609375,5.1671718154150685
1102,1627237823577,5.0,47.440216064453125,5.166855985303565
1103,1627237829429,5.0,47.438232421875,5.166800664742633
1104,1627237835309,5.0,47.43624877929688,5.166861768816753
1105,1627237841154,5.0,47.43429565429688,5.167150273923918
1106,1627237847048,10.0,47.43267822265625,5.167525867005034
1107,1627237853880,5.0,47.430419921875,5.168208656837389
1108,1627237859764,5.0,47.428558349609375,5.169000159953878
1109,1627237865615,5.0,47.42672729492188,5.169897861783551
1110,1627237871521,5.0,47.42486572265625,5.1710424106616255
1111,1627237877371,5.0,47.42303466796875,5.17217229120915
1112,1627237883250,5.0,47.421234130859375,5.173275684942652
1113,1627237889096,5.0,47.41937255859375,5.174181349580338
1114,1627237895972,5.0,47.41748046875,5.174996489663771
1115,1627237901820,10.0,47.41552734375,5.175792016093783
1116,1627237907702,10.0,47.413665771484375,5.1766628958333065
1117,1627237913582,10.0,47.41183471679688,5.177695546304041
1118,1627237919430,10.0,47.410003662109375,5.1788984332281895
1119,1627237925310,10.0,47.408203125,5.180146163334307
1120,1627237931172,10.0,47.4063720703125,5.181342596193013
1121,1627237937040,10.0,47.40484619140625,5.182152958591638
1122,1627237943898,10.0,47.402587890625,5.182802053173242
1123,1627237949797,10.0,47.40060424804688,5.182893080641685
1124,1627237955643,10.0,47.39865112304688,5.182512626056729
1125,1627237961528,10.0,47.396759033203125,5.181659683589992
1126,1627237967404,10.0,47.39498901367188,5.180388735612091
1127,1627237973246,5.0,47.39337158203125,5.1787528395701
1128,1627237979107,5.0,47.391845703125,5.176935810600572
1129,1627237985968,5.0,47.39031982421875,5.175115261231712
1130,1627237991861,5.0,47.388671875,5.173479951922944
1131,1627237997709,5.0,47.386962890625,5.172032481064249
1132,1627238003579,5.0,47.385162353515625,5.170860607181835
1133,1627238009464,5.0,47.38330078125,5.169845810164856
1134,1627238015315,5.0,47.38140869140625,5.168907791380928
1135,1627238021179,5.0,47.3795166015625,5.1679448783445805
1136,1627238027032,5.0,47.377960205078125,5.167151531209393
1137,1627238033914,5.0,47.375762939453125,5.166227007289572
1138,1627238039794,10.0,47.37384033203125,5.165603728969735
1139,1627238045644,5.0,47.371917724609375,5.1651530340362015
1140,1627238051524,5.0,47.36993408203125,5.1648455858278695
1141,1627238057399,10.0,47.36798095703125,5.164562026043575
1142,1627238063254,10.0,47.365997314453125,5.164150642235916
1143,1627238069106,10.0,47.36407470703125,5.163613026966493
1144,1627238075964,10.0,47.362152099609375,5.163079435010593
1145,1627238081823,10.0,47.360198974609375,5.162635780875722
1146,1627238087706,10.0,47.358245849609375,5.162344006826321
1147,1627238093576,10.0,47.35626220703125,5.162250297148863
1148,1627238099461,10.0,47.354278564453125,5.162288350989262
1149,1627238105336,10.0,47.352325439453125,5.162483397876064
1150,1627238111172,10.0,47.350372314453125,5.162869552155176
1151,1627238117077,10.0,47.348419189453125,5.16332460567836
1152,1627238123912,10.0,47.346435546875,5.16368226148669
1153,1627238129792,10.0,47.344482421875,5.163923660298031
1154,1627238135632,10.0,47.342529296875,5.164253823463958
1155,1627238141521,10.0,47.340576171875,5.164767047395151
1156,1627238147377,10.0,47.338653564453125,5.165382698183102
1157,1627238153279,10.0,47.33673095703125,5.166201693941994
1158,1627238159110,10.0,47.334869384765625,5.16714205965881
1159,1627238166000,10.0,47.33297729492188,5.1679684314924925
1160,1627238171848,10.0,47.3310546875,5.168765969579265
1161,1627238177723,10.0,47.329132080078125,5.169245079164551
1162,1627238183608,10.0,47.327178955078125,5.169643973936485
1163,1627238189467,10.0,47.3251953125,5.169974807654666
1164,1627238195338,10.0,47.32321166992188,5.170310083781527
1165,1627238201173,10.0,47.32125854492188,5.170670840894031
1166,1627238207076,10.0,47.31930541992188,5.171057162811207
1167,1627238213909,10.0,47.31735229492188,5.171488914643573
1168,1627238219788,10.0,47.31536865234375,5.171928126369763
1169,1627238225667,10.0,47.31344604492188,5.172354932879258
1170,1627238231518,10.0,47.31149291992188,5.172773106028487
1171,1627238237404,10.0,47.30953979492188,5.173038728539993
1172,1627238243244,10.0,47.30755615234375,5.173045350243498
1173,1627238249104,10.0,47.30560302734375,5.1727551687557
1174,1627238255971,10.0,47.30368041992188,5.172184947882939
1175,1627238261859,10.0,47.301788330078125,5.171345835556435
1176,1627238267736,5.0,47.29998779296875,5.170238250871347
1177,1627238273627,5.0,47.2982177734375,5.168865127493785
1178,1627238279473,5.0,47.29660034179688,5.167252700780674
1179,1627238285351,5.0,47.2950439453125,5.165429720659894
1180,1627238291218,5.0,47.29351806640625,5.163588132714073
1181,1627238297099,5.0,47.29196166992188,5.161815611650386
1182,1627238303950,5.0,47.29034423828125,5.160156246279516
1183,1627238309802,5.0,47.288665771484375,5.158639959995782
1184,1627238315684,5.0,47.28692626953125,5.157264824961459
1185,1627238321563,5.0,47.28512573242188,5.155999995772872
1186,1627238327434,5.0,47.28335571289063,5.154761821036371
1187,1627238333284,5.0,47.2816162109375,5.153370425109894
1188,1627238339166,5.0,47.27993774414063,5.151866544042855
1189,1627238345057,5.0,47.278594970703125,5.150495180864958
1190,1627238351890,5.0,47.27679443359375,5.1483878865886
1191,1627238357781,5.0,47.27536010742188,5.146401626994038
1192,1627238363616,5.0,47.274017333984375,5.14428846538546
1193,1627238369501,5.0,47.27276611328125,5.142074637119791
1194,1627238375381,5.0,47.2716064453125,5.139708509673494
1195,1627238381259,5.0,47.27047729492188,5.137313464661257
1196,1627238387107,5.0,47.269317626953125,5.13499033637823
1197,1627238393991,5.0,47.26806640625,5.132804000754964
1198,1627238399828,5.0,47.26666259765625,5.130665777255903
1199,1627238405687,5.0,47.26519775390625,5.128735760231622
1200,1627238411589,5.0,47.26364135742188,5.12694639154256
1201,1627238417479,5.0,47.26202392578125,5.125240590428119
1202,1627238423322,5.0,47.26040649414063,5.123574603353742
1203,1627238429184,5.0,47.2587890625,5.12190593407035
1204,1627238435077,5.0,47.25747680664063,5.120489140977264
1205,1627238441923,5.0,47.255615234375,5.118499109526275
1206,1627238447803,5.0,47.2540283203125,5.116755170752403
1207,1627238453651,5.0,47.25250244140625,5.114929508422608
1208,1627238459526,5.0,47.25103759765625,5.11299714446544
1209,1627238465406,5.0,47.24966430664063,5.110937040303937
1210,1627238471256,5.0,47.24835205078125,5.108750872318734
1211,1627238477125,5.0,47.2471923828125,5.106439227243053
1212,1627238483974,5.0,47.246185302734375,5.103948293258533
1213,1627238489854,5.0,47.24533081054688,5.1013235840993945
1214,1627238495736,5.0,47.24468994140625,5.098560238261799
1215,1627238501595,5.0,47.2442626953125,5.095727993180133
1216,1627238507473,5.0,47.24386596679688,5.092878397558902
1217,1627238513349,5.0,47.2435302734375,5.090015977625819
1218,1627238519225,5.0,47.24322509765625,5.087160347034304
1219,1627238525083,5.0,47.24298095703125,5.084754992281166
1220,1627238531956,5.0,47.24282836914063,5.0813825335400935
1221,1627238537787,5.0,47.24298095703125,5.078547438611349
1222,1627238543670,5.0,47.24334716796875,5.07570278831299
1223,1627238549567,5.0,47.24395751953125,5.0729163084226405
1224,1627238555447,5.0,47.2447509765625,5.070286989216758
1225,1627238561295,5.0,47.24575805664063,5.067784739662956
1226,1627238567159,5.0,47.24679565429688,5.06531794555957
1227,1627238573058,5.0,47.247589111328125,5.063202101741976
1228,1627238579873,5.0,47.24822998046875,5.059966268022601
1229,1627238585774,5.0,47.248321533203125,5.057054478679836
1230,1627238591653,5.0,47.24801635742188,5.054236231376468
1231,1627238597506,5.0,47.247314453125,5.05157003179663
1232,1627238603377,5.0,47.246368408203125,5.049042887990408
1233,1627238609262,5.0,47.245391845703125,5.046512894337108
1234,1627238615100,5.0,47.24459838867188,5.043893549596
1235,1627238621978,5.0,47.2440185546875,5.0411108415620784
1236,1627238627827,5.0,47.24362182617188,5.038259234284086
1237,1627238633687,5.0,47.243438720703125,5.035398490731637
1238,1627238639589,5.0,47.24313354492188,5.03250899725131
1239,1627238645442,5.0,47.242462158203125,5.029797786851441
1240,1627238651335,5.0,47.24136352539063,5.027346499268922
1241,1627238657192,5.0,47.23995971679688,5.025289580230624
1242,1627238663085,5.0,47.23858642578125,5.024014273663074
1243,1627238669914,5.0,47.2364501953125,5.022702757273821
1244,1627238675777,5.0,47.234619140625,5.021569188688901
1245,1627238681680,5.0,47.23291015625,5.020134625961092
1246,1627238687557,5.0,47.23126220703125,5.018507698555494
1247,1627238693408,5.0,47.22967529296875,5.016812793915175
1248,1627238699284,5.0,47.2281494140625,5.014989813794395
1249,1627238705120,5.0,47.226593017578125,5.013159876693983
1250,1627238712007,5.0,47.22506713867188,5.011350056161184
1251,1627238717862,5.0,47.2235107421875,5.009558089082138
1252,1627238723743,5.0,47.221923828125,5.0078131444798855
1253,1627238729615,5.0,47.220306396484375,5.006185378883971
1254,1627238735461,5.0,47.218597412109375,5.004653837536466
1255,1627238741354,5.0,47.216888427734375,5.003229333092461
1256,1627238747212,5.0,47.215118408203125,5.001958049838433
1257,1627238753106,5.0,47.213287353515625,5.000837976117619
1258,1627238759943,5.0,47.21148681640625,4.999785376717336
1259,1627238765830,5.0,47.209564208984375,4.998872084547764
1260,1627238771667,5.0,47.20767211914063,4.998081754897719
1261,1627238777561,5.0,47.20574951171875,4.9974627513485
1262,1627238783443,5.0,47.20379638671875,4.9969450011895935
1263,1627238789323,5.0,47.20181274414063,4.996576113631014
1264,1627238795156,5.0,47.1998291015625,4.996340833608989
1265,1627238801047,5.0,47.19821166992188,4.99628031626809
1266,1627238807878,5.0,47.1959228515625,4.996295738969926
1267,1627238813776,5.0,47.193939208984375,4.996478129182939
1268,1627238819658,5.0,47.191986083984375,4.996791193266396
1269,1627238825507,5.0,47.190032958984375,4.997247671713119
1270,1627238831383,5.0,47.1881103515625,4.997814120729451
1271,1627238837273,5.0,47.1861572265625,4.998424910013562
1272,1627238843101,5.0,47.18423461914063,4.9990241322712965
1273,1627238849957,5.0,47.18231201171875,4.999601980675942
1274,1627238855830,5.0,47.18038940429688,5.0000416114972905
1275,1627238861718,5.0,47.17843627929688,5.000417120759376
1276,1627238867567,5.0,47.17648315429688,5.000663967807777
1277,1627238873451,10.0,47.17446899414063,5.000841999431142
1278,1627238879328,10.0,47.1724853515625,5.0008873455273
1279,1627238885201,5.0,47.170501708984375,5.000811824579724
1280,1627238891080,5.0,47.16851806640625,5.000606803228147
1281,1627238897930,5.0,47.16656494140625,5.000282507394441
1282,1627238903806,5.0,47.16461181640625,4.99984857626725
1283,1627238909654,5.0,47.1627197265625,4.999291766439564
1284,1627238915536,5.0,47.1607666015625,4.99864954501856
1285,1627238921416,5.0,47.15887451171875,4.997870782394891
1286,1627238927272,5.0,47.15695190429688,4.996995544065719
1287,1627238933125,5.0,47.15509033203125,4.996011927728537
1288,1627238939987,5.0,47.15328979492188,4.994917251174333
1289,1627238945865,5.0,47.1514892578125,4.993721572686912
1290,1627238951747,5.0,47.149749755859375,4.992425646637559
1291,1627238957595,5.0,47.148040771484375,4.991039950405239
1292,1627238963474,5.0,47.1463623046875,4.989502038811324
1293,1627238969362,5.0,47.14471435546875,4.987897071992036
1294,1627238975226,5.0,47.143096923828125,4.986210968350047
1295,1627238981092,5.0,47.14154052734375,4.984492929656975
1296,1627238987958,5.0,47.139984130859375,4.98274345882701
1297,1627238993803,5.0,47.13839721679688,4.981008321051468
1298,1627238999685,5.0,47.136810302734375,4.979251474146712
1299,1627239005511,5.0,47.13525390625,4.977512815971838
1300,1627239011405,5.0,47.1336669921875,4.97579695657359
1301,1627239017292,5.0,47.13204956054688,4.97408587486015
1302,1627239023161,5.0,47.130401611328125,4.972436651592117
1303,1627239029054,5.0,47.1290283203125,4.971136115496019
1304,1627239035886,5.0,47.12701416015625,4.969435594980577
1305,1627239041771,5.0,47.125244140625,4.968108907346584
1306,1627239047658,5.0,47.12347412109375,4.966888753701902
1307,1627239053501,5.0,47.12164306640625,4.96575702913568
1308,1627239059383,5.0,47.11981201171875,4.964666040618871
1309,1627239065260,5.0,47.11798095703125,4.963575387378189
1310,1627239071102,5.0,47.116119384765625,4.9625208601401765
1311,1627239077981,5.0,47.11431884765625,4.961408916865439
1312,1627239083830,5.0,47.11251831054688,4.960207790140957
1313,1627239089723,5.0,47.110748291015625,4.958947654818147
1314,1627239095588,5.0,47.1090087890625,4.957593725998846
1315,1627239101439,5.0,47.107330322265625,4.956155642871704
1316,1627239107321,5.0,47.10565185546875,4.954599961643065
1317,1627239113182,5.0,47.10400390625,4.9529903009580005
1318,1627239119059,5.0,47.10269165039063,4.951558001344047
1319,1627239125925,5.0,47.100860595703125,4.94954559021159
1320,1627239131775,5.0,47.09930419921875,4.947756472979624
1321,1627239137668,5.0,47.0977783203125,4.945965344090896
1322,1627239143536,5.0,47.096221923828125,4.944201288749412
1323,1627239149387,5.0,47.09466552734375,4.942424073819948
1324,1627239155275,5.0,47.093109130859375,4.940659180288147
1325,1627239161141,5.0,47.09149169921875,4.938945500184725
1326,1627239167027,5.0,47.09014892578125,4.9375524278776135
1327,1627239173873,5.0,47.0882568359375,4.9356529209808775
1328,1627239179756,5.0,47.08660888671875,4.934101849798983
1329,1627239185628,5.0,47.08489990234375,4.932573912669842
1330,1627239191514,5.0,47.08319091796875,4.931101463739696
1331,1627239197367,5.0,47.081451416015625,4.929673522715391
1332,1627239203211,5.0,47.07974243164063,4.928251113747179
1333,1627239209095,5.0,47.0780029296875,4.926853682850419
1334,1627239215963,5.0,47.076263427734375,4.925516014923272
1335,1627239221805,5.0,47.074554443359375,4.92416200228494
1336,1627239227693,5.0,47.07281494140625,4.922739425678666
1337,1627239233572,5.0,47.071075439453125,4.921330092479401
1338,1627239239422,5.0,47.069366455078125,4.919900475074463
1339,1627239245273,5.0,47.06768798828125,4.918438168247154
1340,1627239251175,5.0,47.0660400390625,4.916901178662588
1341,1627239257023,5.0,47.06466674804688,4.915563426916409
1342,1627239263888,5.0,47.062744140625,4.913669619713829
1343,1627239269752,5.0,47.06118774414063,4.911961639304563
1344,1627239275630,5.0,47.0595703125,4.910181239251894
1345,1627239281517,5.0,47.058013916015625,4.908362450082701
1346,1627239287394,5.0,47.056488037109375,4.906513737519185
1347,1627239293242,5.0,47.05499267578125,4.904638789598741
1348,1627239299107,5.0,47.053497314453125,4.902697792281306
1349,1627239305976,5.0,47.05206298828125,4.900748245422636
1350,1627239311838,5.0,47.050628662109375,4.8987484909639685
1351,1627239317725,5.0,47.0491943359375,4.896754855294615
1352,1627239323574,5.0,47.04779052734375,4.894754681740789
1353,1627239329439,5.0,47.04635620117188,4.892814857889798
1354,1627239335343,5.0,47.04486083984375,4.890890037645484
1355,1627239341204,5.0,47.043365478515625,4.889011485506677
1356,1627239347088,5.0,47.04180908203125,4.887203173716447
1357,1627239353934,5.0,47.04025268554688,4.885470885787984
1358,1627239359832,5.0,47.038665771484375,4.883765084673542
1359,1627239365663,5.0,47.03704833984375,4.882168751214521
1360,1627239371546,5.0,47.03536987304688,4.88065741025366
1361,1627239377424,5.0,47.03369140625,4.879145650197639
1362,1627239383309,5.0,47.03195190429688,4.8777428548828485
1363,1627239389167,5.0,47.03021240234375,4.876428488646519
1364,1627239395025,5.0,47.028717041015625,4.875384606425534
1365,1627239401871,5.0,47.026611328125,4.87391224131442
1366,1627239407760,5.0,47.0247802734375,4.872740367432006
1367,1627239413633,5.0,47.02294921875,4.87168223597563
1368,1627239419483,5.0,47.021087646484375,4.87066542730189
1369,1627239425365,5.0,47.01919555664063,4.86968675628758
1370,1627239431238,5.0,47.017333984375,4.868701044474606
1371,1627239437113,5.0,47.0155029296875,4.86768105067766
1372,1627239443969,5.0,47.01364135742188,4.866686454047325
1373,1627239449788,5.0,47.01177978515625,4.865710716699125
1374,1627239455687,5.0,47.00991821289063,4.86473129131353
1375,1627239461570,5.0,47.008056640625,4.86372135580039
1376,1627239467406,5.0,47.0062255859375,4.86272558570361
1377,1627239473287,5.0,47.00436401367188,4.861739454795478
1378,1627239479169,5.0,47.00250244140625,4.860767573122737
1379,1627239485032,5.0,47.00094604492188,4.859928879891392
1380,1627239491901,5.0,46.998809814453125,4.858749210839028
1381,1627239497750,5.0,46.9969482421875,4.857729803775304
1382,1627239503638,5.0,46.9951171875,4.856684328992717
1383,1627239509510,5.0,46.99331665039063,4.855558555577747
1384,1627239515389,5.0,46.99151611328125,4.854373103012195
1385,1627239521268,5.0,46.989776611328125,4.853142388169517
1386,1627239527117,5.0,46.98797607421875,4.851847635586608
1387,1627239533993,5.0,46.986236572265625,4.850550033156621
1388,1627239539837,5.0,46.984466552734375,4.849249077965365
1389,1627239545719,5.0,46.982696533203125,4.847962120552405
1390,1627239551575,5.0,46.98092651367188,4.846666278322084
1391,1627239557454,5.0,46.97921752929688,4.845368089158876
1392,1627239563330,5.0,46.97750854492188,4.844083394859772
1393,1627239569205,5.0,46.97576904296875,4.842849494893889
1394,1627239575094,5.0,46.974029541015625,4.841687511657217
1395,1627239581934,10.0,46.97232055664063,4.84066793695543
1396,1627239587805,5.0,46.9708251953125,4.839786328379847
1397,1627239593655,5.0,46.969635009765625,4.839064227421618
1398,1627239599547,5.0,46.96875,4.8385201580867525
1399,1627239605423,5.0,46.96823120117188,4.837771486495471
1400,1627239611261,5.0,46.96774291992188,4.837253903974627
1401,1627239617135,5.0,46.967071533203125,4.837521119047736
1402,1627239623993,10.0,46.966217041015625,4.83764885925207
1403,1627239629868,5.0,46.965667724609375,4.8374596796974885
1404,1627239635754,5.0,46.965240478515625,4.83735666610751
1405,1627239641605,5.0,46.964935302734375,4.837039411072468
1406,1627239647477,15.566541039059445,46.964752197265625,4.836964850963307
1407,1627239653351,18.24595651932295,46.964630126953125,4.836894681753261
1408,1627239659203,17.746147747531673,46.96466064453125,4.836910503086998
1409,1627239665078,17.20558162436871,46.96466064453125,4.836912363100991
1410,1627239671927,17.20558193505059,46.96466064453125,4.8369123631045765
1411,1627239677807,17.20558193328711,46.96466064453125,4.836912363104557
1412,1627239683693,17.205586132042352,46.96466064453125,4.836912363152614
1413,1627239689577,17.205581946074865,46.96466064453125,4.836912363104704
1414,1627239695416,17.205583648506405,46.96466064453125,4.836912363124185
1415,1627239701298,17.205458853570523,46.96466064453125,4.836912361695952
1416,1627239707168,17.205456452949345,46.96466064453125,4.836912361668484
1417,1627239713030,17.205508270505707,46.96466064453125,4.836912362261515
1418,1627239719874,17.205581610249148,46.96466064453125,4.836912363100867
1419,1627239725733,17.205581943857034,46.96466064453125,4.836912363104679
1420,1627239731634,17.205581963687756,46.96466064453125,4.836912363104909
1421,1627239737515,17.205580813857615,46.96466064453125,4.83691236309175
1422,1627239743369,17.205581941044066,46.96466064453125,4.836912363104649
1423,1627239749246,17.205581953442376,46.96466064453125,4.836912363104792
1424,1627239755099,17.20558197333801,46.96466064453125,4.836912363105022
1425,1627239761974,17.205581944506118,46.96466064453125,4.836912363104688
1426,1627239767816,17.205581922392643,46.96466064453125,4.836912363104431
1427,1627239773703,17.20558243066935,46.96466064453125,4.836912363110252
1428,1627239779557,17.20558194855234,46.96466064453125,4.836912363104734
1429,1627239785409,17.205581962313726,46.96466064453125,4.836912363104895
1430,1627239791315,17.20558195585494,46.96466064453125,4.83691236310482
1431,1627239797178,17.205581958667903,46.96466064453125,4.836912363104849
1432,1627239803045,17.20558196388248,46.96466064453125,4.836912363104911
1433,1627239809914,17.20558194222337,46.96466064453125,4.836912363104661
1434,1627239815760,17.205581940654618,46.96466064453125,4.836912363104644
1435,1627239821642,17.205581947243225,46.96466064453125,4.83691236310472
1436,1627239827520,17.205581927412496,46.96466064453125,4.83691236310449
1437,1627239833371,17.205581962973763,46.96466064453125,4.836912363104899
1438,1627239839252,17.20558195083509,46.96466064453125,4.83691236310476
1439,1627239845117,17.20558196949746,46.96466064453125,4.836912363104974
1440,1627239851977,17.20558196185937,46.96466064453125,4.836912363104888
1441,1627239857844,17.205581976994786,46.96466064453125,4.836912363105063
1442,1627239863707,17.20558193751711,46.96466064453125,4.83691236310461
1443,1627239869583,17.20558375030563,46.96466064453125,4.836912363125541
1444,1627239875452,17.205584194458197,46.96466064453125,4.836912363130673
1445,1627239881303,17.205584352801345,46.96466064453125,4.8369123631325
1446,1627239887185,17.205584391683896,46.96466064453125,4.836912363132949
1447,1627239893072,17.205584464883497,46.96466064453125,4.836912363133795
1448,1627239899899,17.205584504155496,46.96466064453125,4.83691236313425
1449,1627239905795,17.205584540755297,46.96466064453125,4.836912363134672
1450,1627239911640,17.205584601632445,46.96466064453125,4.836912363135372
1451,1627239917527,17.20558494459732,46.96466064453125,4.836912363139335
1452,1627239923398,20.190729383308845,46.96466064453125,4.836913586319227
1453,1627239929247,20.56972637684976,46.96466064453125,4.836906943530152
1454,1627239935122,24.31917371121532,46.96453857421875,4.836770648659362
1455,1627239941959,5.0,46.964599609375,4.836378498007391
1456,1627239947842,5.0,46.9644775390625,4.836356369783018
1457,1627239953698,23.257974912165395,46.96432495117188,4.836522137932369
1458,1627239959576,23.25797233866501,46.96432495117188,4.836522137909217
1459,1627239965468,5.0,46.9644775390625,4.836359806363318
1460,1627239971347,5.0,46.9644775390625,4.836366679523919
1461,1627239977221,5.0,46.9644775390625,4.836375480522249
1462,1627239983099,5.0,46.9644775390625,4.836383527149294
1463,1627239991620,5.0,46.9644775390625,4.836383527149294
1464,1627239996770,5.0,46.9644775390625,4.836383527149294
1465,1627240002814,5.0,46.9644775390625,4.836383527149294
