,Timestamp,Quality,Lat,Lon
0,1627807450112,165.0,48.54925537109375,-3.452241315211172
1,1627807456079,44.791620485905725,48.549072265625,-3.445043712240938
2,1627807462080,11.380760576562029,48.549224853515625,-3.4426305536838666
3,1627807468080,8.18500129743905,48.549346923828125,-3.440273409960302
4,1627807474080,5.413568509761991,48.54937744140625,-3.4378376572371363
5,1627807480082,6.56333907304486,48.54931640625,-3.4354186473955437
6,1627807486052,4.363750139643279,48.549163818359375,-3.4330326818526533
7,1627807492047,4.418672446332501,48.548919677734375,-3.430643005701294
8,1627807498051,4.207884612209259,48.548675537109375,-3.4282799411029434
9,1627807504082,4.325323324488518,48.54849243164063,-3.425966279907963
10,1627807510070,4.607216935544934,48.54833984375,-3.423621000167516
11,1627807516079,4.645584203697151,48.54827880859375,-3.4212475656949484
12,1627807522080,4.885376188493307,48.54830932617188,-3.4188843773184705
13,1627807528112,4.620558389279406,48.5484619140625,-3.416521383964706
14,1627807534084,4.7483052725810495,48.5487060546875,-3.41418944701965
15,1627807540082,4.562772497505614,48.54888916015625,-3.4118444714835823
16,1627807546083,4.540960305520117,48.54913330078125,-3.4095019066425905
17,1627807552081,4.037630361853834,48.549346923828125,-3.4071648417475395
18,1627807558080,4.408438638667195,48.549560546875,-3.404801022125356
19,1627807564082,4.343685451211907,48.54977416992188,-3.402414149451902
20,1627807570085,4.4060345432517565,48.54998779296875,-3.399987840048577
21,1627807576071,4.549463839162722,48.55023193359375,-3.3976427501596507
22,1627807582095,4.559356877300459,48.55044555664063,-3.3953277145029626
23,1627807588089,4.801843180906817,48.5506591796875,-3.3929997238764256
24,1627807594072,5.201715084381503,48.550872802734375,-3.3906610624405844
25,1627807600088,5.300456127292766,48.55108642578125,-3.3883196421297823
26,1627807606079,5.12570622295012,48.55133056640625,-3.385965301044534
27,1627807612085,4.945326137913225,48.551544189453125,-3.3836306792065733
28,1627807618082,4.63801832953641,48.5517578125,-3.3812895792187985
29,1627807624082,4.65474056779092,48.55197143554688,-3.3789583269031485
30,1627807630084,4.646785822415112,48.55221557617188,-3.376610014274425
31,1627807636051,4.58869945639481,48.55245971679688,-3.3742895929174246
32,1627807642049,4.63986364301213,48.552764892578125,-3.3719666147047667
33,1627807648087,4.76485566005785,48.553070068359375,-3.3696569389535225
34,1627807654080,4.782021609543969,48.553466796875,-3.367389665737313
35,1627807660113,4.815128779152285,48.55386352539063,-3.36509040576314
36,1627807666083,4.87636590409519,48.554290771484375,-3.3628025907549235
37,1627807672058,4.663678110397376,48.5548095703125,-3.3605600034742618
38,1627807678085,4.648448663995592,48.55532836914063,-3.3583240890587645
39,1627807684080,4.608568839383328,48.55587768554688,-3.3560914584386388
40,1627807690080,4.63027063732429,48.55645751953125,-3.353836572826558
41,1627807696079,4.598092163879988,48.55712890625,-3.351586730894107
42,1627807702082,4.581554540495704,48.55780029296875,-3.349383820124446
43,1627807708083,4.623219935480111,48.558502197265625,-3.347203848743027
44,1627807714084,4.575328486590999,48.5592041015625,-3.34499161061234
45,1627807720081,4.650690923923423,48.559906005859375,-3.3427773585861966
46,1627807726114,4.814589322908544,48.56060791015625,-3.340588877113864
47,1627807732083,4.670137307136995,48.561309814453125,-3.338381081368465
48,1627807738081,4.753968228379652,48.56201171875,-3.3361774491028138
49,1627807744081,5.178319947762508,48.562744140625,-3.333990431301068
50,1627807750085,4.784744945983967,48.56344604492188,-3.331774537166082
51,1627807756085,4.668116261539797,48.56417846679688,-3.329553658047711
52,1627807762083,4.683055528428768,48.56488037109375,-3.327358095802356
53,1627807768051,4.606726270280009,48.565521240234375,-3.325129491202208
54,1627807774047,4.5521079246449885,48.56607055664063,-3.3228160809540936
55,1627807780050,4.625149872594417,48.566497802734375,-3.320456267692814
56,1627807786050,4.652503769409297,48.56683349609375,-3.318038093899786
57,1627807792051,4.606444817744212,48.5670166015625,-3.315602543785535
58,1627807798078,4.482047067806116,48.567138671875,-3.3131595696926226
59,1627807804049,4.428141614261661,48.56719970703125,-3.310717134293282
60,1627807810060,4.3863329749501805,48.5672607421875,-3.308275544986373
61,1627807816061,4.386792575181669,48.56735229492188,-3.305873438673941
62,1627807822058,4.396468478830351,48.567413330078125,-3.3034558638268616
63,1627807828058,4.391760238857223,48.567474365234375,-3.301018429060667
64,1627807834021,4.395665815184837,48.56753540039063,-3.29857791535548
65,1627807840015,4.469775141405099,48.56781005859375,-3.296178579864806
66,1627807846048,4.49303199267933,48.56829833984375,-3.293876394969257
67,1627807852021,4.628906514639165,48.568756103515625,-3.291544616997738
68,1627807858024,4.740692478282438,48.56890869140625,-3.289140390343261
69,1627807864021,4.792711104454752,48.56881713867188,-3.28671888807975
70,1627807870042,4.673634993132096,48.5687255859375,-3.284303591161734
71,1627807876064,4.443322716100591,48.56881713867188,-3.281884071132381
72,1627807882014,4.658324018943046,48.56903076171875,-3.279484613864206
73,1627807888027,5.432105042173222,48.56930541992188,-3.2770837821028818
74,1627807894055,5.378079031040885,48.569732666015625,-3.2747602171073105
75,1627807900052,5.189009366726383,48.570343017578125,-3.272494876816296
76,1627807906055,5.181445059897766,48.5709228515625,-3.270214181752744
77,1627807912053,4.933092738239258,48.571319580078125,-3.2678474815442957
78,1627807918053,4.720624483552298,48.57150268554688,-3.2654367296663698
79,1627807924049,4.584460684181619,48.57144165039063,-3.263005281876154
80,1627807930060,4.495116378482935,48.57125854492188,-3.26061356069414
81,1627807936056,4.959988666270836,48.571075439453125,-3.2582229934078466
82,1627807942053,5.312538779292605,48.570892333984375,-3.255815103849206
83,1627807948053,5.338733044058252,48.57061767578125,-3.253382671112744
84,1627807954054,5.112563866150222,48.5701904296875,-3.251020292022603
85,1627807960053,4.864751935954359,48.569671630859375,-3.2487681524510337
86,1627807966054,4.864562652795252,48.56906127929688,-3.2465406416153457
87,1627807972052,4.762103520914475,48.568450927734375,-3.244304065001668
88,1627807978054,4.999088679037645,48.567901611328125,-3.2420349462321068
89,1627807984052,5.773979788300812,48.56753540039063,-3.239701087072798
90,1627807990055,5.464937983029018,48.56732177734375,-3.237254337656684
91,1627807996056,5.060949540506526,48.56710815429688,-3.234827632193563
92,1627808002055,4.7162578284445855,48.566986083984375,-3.2323774685904367
93,1627808008054,4.477737938636027,48.56683349609375,-3.2299834433752435
94,1627808014055,4.408388533465486,48.566680908203125,-3.227568383689116
95,1627808020057,4.507660151418458,48.566497802734375,-3.2251341116647265
96,1627808026056,4.588291298017569,48.566253662109375,-3.2227416641402225
97,1627808032060,4.66265479492075,48.566009521484375,-3.2203411769715804
98,1627808038054,4.827527072599476,48.565765380859375,-3.2179486138495115
99,1627808044056,4.829837175821383,48.565521240234375,-3.2155411998544565
100,1627808050054,4.632028724543715,48.565277099609375,-3.2131224208080127
101,1627808056055,4.613954879345322,48.5650634765625,-3.210704235513828
102,1627808062055,4.499572764760017,48.564971923828125,-3.2082979732420664
103,1627808068055,4.584560884415412,48.564971923828125,-3.205859457622085
104,1627808074056,4.481679316473075,48.5650634765625,-3.2034332392266016
105,1627808080055,4.757768899417923,48.565277099609375,-3.200979849471189
106,1627808086056,4.599623111864681,48.56515502929688,-3.1985483998935065
107,1627808092058,4.801435668590505,48.564697265625,-3.1962408040833328
108,1627808098022,4.871960594978048,48.564239501953125,-3.1939246906891343
109,1627808104026,5.154138683264846,48.56365966796875,-3.191640379502109
110,1627808110019,4.799807553600998,48.562896728515625,-3.1894875710056576
111,1627808116031,4.585306515938119,48.56195068359375,-3.187521995308516
112,1627808122080,4.642927729733601,48.560943603515625,-3.1857226948717563
113,1627808128033,4.677784183981154,48.559906005859375,-3.1839424348886327
114,1627808134017,4.423260514148046,48.55889892578125,-3.1821458756541667
115,1627808140280,4.529376733771769,48.557861328125,-3.180376084490095
116,1627808146234,4.711827720785825,48.556915283203125,-3.1787292895917747
117,1627808152375,4.748928775639784,48.555908203125,-3.177022636492781
118,1627808158253,4.714337100940813,48.554962158203125,-3.1753552268589296
119,1627808164189,4.744304457800602,48.554046630859375,-3.173739482483281
120,1627808170201,4.633250512807714,48.553070068359375,-3.1720462736515227
121,1627808176218,5.080137962853232,48.5521240234375,-3.1704147351014087
122,1627808182024,5.417105172578104,48.55126953125,-3.168910471592752
123,1627808188015,4.50305943849185,48.55035400390625,-3.167219313582412
124,1627808194028,4.434905104952634,48.549591064453125,-3.165185856229174
125,1627808200024,4.6438143249845005,48.549102783203125,-3.162965731885132
126,1627808206028,4.633864519018752,48.548858642578125,-3.160618388450311
127,1627808212025,4.577489803519163,48.548828125,-3.1581993879825188
128,1627808218026,4.611676917842361,48.54888916015625,-3.155724249816309
129,1627808224026,4.602711477935682,48.548919677734375,-3.153250323880593
130,1627808230031,4.641544846273731,48.54901123046875,-3.1508596982444623
131,1627808236033,4.729708347037306,48.54928588867188,-3.1484983384336367
132,1627808242032,4.725644587407269,48.5496826171875,-3.146157439466009
133,1627808248038,4.713779129145079,48.550048828125,-3.1438255091169287
134,1627808254013,4.696494967848479,48.5504150390625,-3.141494032274558
135,1627808260033,5.039278555881802,48.550811767578125,-3.1391570531239656
136,1627808266028,5.000950433367743,48.551177978515625,-3.136811819986596
137,1627808272056,4.7939893092914,48.551513671875,-3.134448924748295
138,1627808278029,4.6401908159703416,48.551849365234375,-3.1320944424249406
139,1627808284029,4.819751525542299,48.552154541015625,-3.129740009596732
140,1627808290028,4.3165693847939135,48.552490234375,-3.127393703376088
141,1627808296032,4.467691473544141,48.55270385742188,-3.1250132674277977
142,1627808302026,4.704740972300462,48.55267333984375,-3.1226080143665533
143,1627808308030,4.923989358461747,48.55242919921875,-3.120234292133258
144,1627808314535,5.011586308271965,48.55191040039063,-3.117555741655796
145,1627808320019,4.817484696954266,48.55145263671875,-3.1156714117061783
146,1627808326009,4.80814493116442,48.5509033203125,-3.113641991836817
147,1627808332010,4.7365573122053535,48.55050659179688,-3.112931605782045
148,1627808338022,4.742077965369676,48.550384521484375,-3.1130080382514023
149,1627808344016,4.661807534816873,48.550384521484375,-3.1130080382524667
150,1627808350536,4.599928773199042,48.550384521484375,-3.1130080382524667
151,1627808356029,4.590417528804925,48.550384521484375,-3.1130080382524667
152,1627808362266,4.58821577965984,48.550384521484375,-3.1130080382524667
153,1627808368026,4.589635312977318,48.550384521484375,-3.1130080382524667
154,1627808374026,4.60220560244362,48.550384521484375,-3.1130080382524667
155,1627808380025,11.78521625703294,48.5501708984375,-3.1130092833886502
156,1627808386025,39.42077410049717,48.5496826171875,-3.1126986296793557
157,1627808392027,4.812396124350492,48.550048828125,-3.1119832426411915
158,1627808398028,4.860459232657175,48.55026245117188,-3.111806166386321
159,1627808404058,4.779954357086532,48.55026245117188,-3.111358733457004
160,1627808410030,4.805809206846812,48.54995727539063,-3.1101111093266627
161,1627808416025,4.821775741545149,48.549560546875,-3.1083645388991283
162,1627808422028,4.776647405432328,48.54904174804688,-3.106332647321938
163,1627808428027,4.754980951651408,48.54852294921875,-3.104142793736417
164,1627808434029,4.683185072454763,48.54800415039063,-3.101872533681306
165,1627808440027,4.616939958838834,48.5474853515625,-3.099621701614936
166,1627808446026,4.595665892842493,48.54693603515625,-3.097375083315754
167,1627808452029,4.609341304745365,48.54635620117188,-3.095122579522337
168,1627808458029,4.60140548466469,48.545806884765625,-3.092874895018644
169,1627808464028,4.599775478794969,48.545257568359375,-3.0906140891778997
170,1627808470060,4.607287190611164,48.544708251953125,-3.088359316097789
171,1627808476030,4.621568249311187,48.54415893554688,-3.086112850766698
172,1627808482026,4.647023176528846,48.5435791015625,-3.083846248144954
173,1627808488028,4.652553990632875,48.54302978515625,-3.081601728992435
174,1627808494506,4.626406553619465,48.54241943359375,-3.078906164839017
175,1627808500507,4.654894735492505,48.5418701171875,-3.076677119230184
176,1627808506510,4.641489777289201,48.54132080078125,-3.074416236601428
177,1627808512508,4.639214690892786,48.54074096679688,-3.072144925817624
178,1627808518509,4.621612725353193,48.54019165039063,-3.0698719096453355
179,1627808524473,4.642215883189146,48.53961181640625,-3.0675979008642416
180,1627808530471,4.639661721690079,48.5390625,-3.0653401412102834
181,1627808536532,4.655405334895795,48.538482666015625,-3.0630398214201806
182,1627808542495,4.656171425222722,48.537933349609375,-3.060760960481764
183,1627808548466,4.653539541529199,48.537384033203125,-3.0584810859230087
184,1627808554026,4.648162891728198,48.53692626953125,-3.056570921169824
185,1627808560513,4.671874892398496,48.53631591796875,-3.053890944302819
186,1627808566481,4.6748570929642215,48.5360107421875,-3.05150757393469
187,1627808572479,4.768676928961046,48.53582763671875,-3.0490942163188395
188,1627808578477,4.773513964448217,48.535675048828125,-3.0466962613180897
189,1627808584473,4.855174949936409,48.53558349609375,-3.044260689622318
190,1627808590472,4.920680070908035,48.535430908203125,-3.0417856505496688
191,1627808596495,4.707897559987901,48.535491943359375,-3.0392825317486114
192,1627808602510,4.654090578649188,48.535736083984375,-3.0367864993275
193,1627808608492,4.661057095918655,48.5360107421875,-3.0343495454436757
194,1627808614472,4.714627542502165,48.53619384765625,-3.031863284850317
195,1627808620027,4.839295503389363,48.53631591796875,-3.029804682088062
196,1627808626511,4.89699997978683,48.536468505859375,-3.026970164656185
197,1627808632509,4.868603055165508,48.53643798828125,-3.024555767379042
198,1627808638508,4.96467241072681,48.53619384765625,-3.022178776478824
199,1627808644510,4.755530794687092,48.5357666015625,-3.0198127937088524
200,1627808650509,4.756464159008251,48.53521728515625,-3.01752860985049
201,1627808656008,4.810248184969739,48.534759521484375,-3.015647721417539
202,1627808662510,4.764077277817772,48.53411865234375,-3.013000047119151
203,1627808668538,4.726104226184256,48.533538818359375,-3.010711846797291
204,1627808674009,4.742051733820855,48.5330810546875,-3.00878207420694
205,1627808680509,4.765048430511836,48.53240966796875,-3.0061058226382773
206,1627808686512,4.792276168100499,48.5318603515625,-3.003824699531377
207,1627808692509,4.865694296140159,48.531341552734375,-3.0014833352557675
208,1627808698510,4.796943832892764,48.530853271484375,-2.999137872591728
209,1627808704009,4.834337825764469,48.530548095703125,-2.997184794358307
210,1627808710010,4.881395310828855,48.53021240234375,-2.9948213892911104
211,1627808716028,4.872787469902004,48.5299072265625,-2.9924388665048376
212,1627808722517,4.915883822076175,48.5296630859375,-2.989641551276646
213,1627808728516,4.888029119158846,48.52947998046875,-2.9872349551273545
214,1627808734546,4.834337175128262,48.52935791015625,-2.984807932120637
215,1627808740512,4.815758285763395,48.529296875,-2.9823841477568336
216,1627808746482,4.762464129862071,48.529327392578125,-2.979963826749622
217,1627808752512,4.768436969796152,48.529388427734375,-2.9775473515381576
218,1627808758483,4.754711935639407,48.52947998046875,-2.9751102881856912
219,1627808764478,4.70261565632702,48.529632568359375,-2.972660574117984
220,1627808770482,4.707137667024869,48.52975463867188,-2.9702349260631493
221,1627808776482,4.706744575403539,48.5299072265625,-2.967839515582697
222,1627808782481,4.748818721120715,48.530059814453125,-2.9654423202993354
223,1627808788479,4.773201385130349,48.530181884765625,-2.963011169668885
224,1627808794483,4.78251442841928,48.530303955078125,-2.960571014598027
225,1627808800483,4.722607638182529,48.53045654296875,-2.9581338687320926
226,1627808806478,4.714400754832075,48.530609130859375,-2.955682301804416
227,1627808812481,4.773317025600099,48.53073120117188,-2.953276107070248
228,1627808818513,4.825356806408434,48.5308837890625,-2.95087210265436
229,1627808824479,4.81482231317507,48.531036376953125,-2.9484575881666304
230,1627808830479,4.73220178090892,48.531158447265625,-2.9460415716833284
231,1627808836480,4.689343456106257,48.53125,-2.943619460121484
232,1627808842480,4.712289439087328,48.531341552734375,-2.9411921122566778
233,1627808848051,4.676804898308642,48.5313720703125,-2.939175976241939
234,1627808854479,4.682278673320968,48.53140258789063,-2.936335575042069
235,1627808860483,4.758598976470666,48.53140258789063,-2.933900921892952
236,1627808866479,4.774768904371135,48.531341552734375,-2.9314624602155046
237,1627808872480,4.833123158192223,48.53131103515625,-2.929031709698002
238,1627808878482,4.8278052156812725,48.53125,-2.9266085024560677
239,1627808884509,4.881171228271217,48.53121948242188,-2.9242103129547585
240,1627808890483,5.025050912530285,48.53106689453125,-2.9218021083399424
241,1627808896479,4.943669017297425,48.53073120117188,-2.9193892332328426
242,1627808902483,4.79784523383344,48.530364990234375,-2.917026482879957
243,1627808908481,4.766922039688358,48.52999877929688,-2.914682636421469
244,1627808914482,4.739215739032182,48.52960205078125,-2.912329996701542
245,1627808920481,4.702980511786626,48.52923583984375,-2.909960990137328
246,1627808926481,4.685195246902306,48.52886962890625,-2.907607908058233
247,1627808932023,4.696672665699393,48.52853393554688,-2.9056279996039813
248,1627808938481,4.739844516861431,48.528106689453125,-2.9028829099192106
249,1627808944483,4.690850999918272,48.5277099609375,-2.900554610048122
250,1627808950483,4.694492835132187,48.52706909179688,-2.8983181391479214
251,1627808956485,4.693848659012713,48.52642822265625,-2.896115023216053
252,1627808962480,4.676905581996634,48.5257568359375,-2.893900374484592
253,1627808968486,4.7597419294865135,48.52508544921875,-2.891690699484718
254,1627808974480,4.763285275607272,48.524444580078125,-2.889470469095009
255,1627808980483,4.711938499586006,48.523773193359375,-2.88725057524879
256,1627808986484,4.641081142165601,48.523193359375,-2.8850015172872587
257,1627808992482,4.591103885481677,48.522796630859375,-2.882662285902225
258,1627808998481,4.678537528263742,48.5225830078125,-2.880235610131765
259,1627809004481,4.701014559279899,48.522552490234375,-2.8778008160311703
260,1627809010483,4.695359850062617,48.522705078125,-2.8753955103269595
261,1627809016484,4.716343392529916,48.5230712890625,-2.873029940405944
262,1627809022480,4.753838686984464,48.52362060546875,-2.870744302215208
263,1627809028484,4.76510664440842,48.52435302734375,-2.8685815962343915
264,1627809034485,4.682134371966002,48.52520751953125,-2.8665520991760665
265,1627809040443,4.7032601393156765,48.5262451171875,-2.864678241108959
266,1627809046453,4.805854800202722,48.52728271484375,-2.8628423068481923
267,1627809052486,4.850702096832361,48.528350830078125,-2.8610188441196285
268,1627809058483,4.880116733895835,48.5294189453125,-2.8592085606750497
269,1627809064482,4.8851305409365375,48.53048706054688,-2.857380592480192
270,1627809070483,4.884627764958996,48.53155517578125,-2.855567637729221
271,1627809076485,4.844288411302236,48.532623291015625,-2.853740401664023
272,1627809082013,4.814629300431738,48.533477783203125,-2.852212835256622
273,1627809088482,4.779558905017447,48.53472900390625,-2.8500861310852184
274,1627809094481,4.768290911291191,48.53579711914063,-2.848267598711235
275,1627809100452,4.772593564131412,48.536865234375,-2.846451647306361
276,1627809106455,4.784288380193767,0.0,-2.8446302411612123
277,1627809107470,4.793094835500298,48.538116455078125,-2.844326464401433
278,1627809112452,4.794456572289711,48.53900146484375,-2.8428014266232706
279,1627809118412,4.810798172512523,48.54000854492188,-2.8409312529166253
280,1627809124409,4.737824717855088,48.54098510742188,-2.838979690213949
281,1627809130408,4.709549715777201,48.541839599609375,-2.8369189704434867
282,1627809136413,4.682757401897119,48.5426025390625,-2.834785624693523
283,1627809142409,4.718365410819146,48.543243408203125,-2.8325657443060024
284,1627809148458,4.677799545416176,48.543792724609375,-2.830288289577123
285,1627809154455,4.68771723434956,48.544219970703125,-2.827953582024606
286,1627809160452,4.749131203544712,48.5445556640625,-2.825578566631421
287,1627809166454,4.668840186750577,48.54473876953125,-2.823167671640347
288,1627809172456,4.670997474892978,48.54486083984375,-2.820748753979995
289,1627809178453,4.597272025127685,48.54489135742188,-2.818332547707103
290,1627809184454,4.56243988742122,48.544921875,-2.815910527288348
291,1627809190453,4.545798881430428,48.544921875,-2.813477736549284
292,1627809196443,4.573253687803823,48.54498291015625,-2.8110504279447297
293,1627809202456,4.528518497384878,48.545013427734375,-2.8086290395521343
294,1627809208417,4.564797746234004,48.545013427734375,-2.8062112716320424
295,1627809214419,4.515645727457583,48.5450439453125,-2.80379025173947
296,1627809220415,4.501465945781053,48.54507446289063,-2.801357117070784
297,1627809226418,4.47837737598133,48.54507446289063,-2.7989236758204536
298,1627809232457,4.543026745618896,48.54513549804688,-2.796560021438874
299,1627809238457,4.529330617656774,48.545257568359375,-2.794310381467491
300,1627809244457,4.473128309085128,48.545440673828125,-2.7921820361378384
301,1627809250412,4.529101893794737,48.54562377929688,-2.790111507877318
302,1627809256429,4.555499494042995,48.545806884765625,-2.788075359871637
303,1627809262431,4.524764788460884,48.54595947265625,-2.786010305288687
304,1627809268416,4.532574916181103,48.546142578125,-2.783963831762163
305,1627809274412,4.547180729052369,48.54620361328125,-2.781934378826937
306,1627809280441,4.551005063956778,48.54611206054688,-2.779918277689769
307,1627809286406,4.594625727339449,48.545928955078125,-2.777925342471737
308,1627809292412,4.638713091943752,48.545654296875,-2.7759492099038328
309,1627809298456,4.630268595148192,48.54522705078125,-2.7740204170682152
310,1627809304455,4.62464670175957,48.544708251953125,-2.772165619329366
311,1627809310455,4.6760288686271885,48.54409790039063,-2.770388786011144
312,1627809316456,4.640638558322549,48.5433349609375,-2.768712932682225
313,1627809322455,4.594866858872962,48.542510986328125,-2.767121673397102
314,1627809328455,4.444583555754874,48.5416259765625,-2.7656767530104087
315,1627809334454,4.455109975116459,48.54074096679688,-2.7644187147223223
316,1627809340455,4.562063964464479,48.53976440429688,-2.7632431284923133
317,1627809346482,4.56607103592151,48.538665771484375,-2.762188071546668
318,1627809352456,4.621740715250422,48.53753662109375,-2.7612403928243534
319,1627809358453,4.766447368906672,48.536376953125,-2.7603690087887656
320,1627809364452,4.695836646910644,48.535186767578125,-2.759501557440063
321,1627809370452,4.740690337903146,48.5340576171875,-2.75862934228563
322,1627809376455,4.902731016792984,48.53289794921875,-2.757725427144082
323,1627809382453,4.728811729160552,48.53173828125,-2.7567842898484947
324,1627809388453,4.690963316790715,48.530609130859375,-2.7558690103162653
325,1627809394454,4.6840423424949424,48.52944946289063,-2.754962278184723
326,1627809400457,4.713054933737428,48.5283203125,-2.754042156204984
327,1627809406455,4.685076480748092,48.527130126953125,-2.753105802534626
328,1627809412485,4.684120239550114,48.5260009765625,-2.7521907245740063
329,1627809418453,4.702400423464117,48.52490234375,-2.751318458446545
330,1627809424453,4.697818710457471,48.523773193359375,-2.75042832755903
331,1627809430453,4.702390584864145,48.52264404296875,-2.7495245637051453
332,1627809436458,4.717956327876381,48.521514892578125,-2.748610852972404
333,1627809442454,4.827533657452808,48.5203857421875,-2.747674000011448
334,1627809448454,4.706681721902931,48.519287109375,-2.7466723810260603
335,1627809454454,4.669322906930553,48.5181884765625,-2.745679778406505
336,1627809460454,4.66742946708714,48.51708984375,-2.74468050467685
337,1627809466453,4.620461280518056,48.5159912109375,-2.743779279570205
338,1627809472456,4.642458918348846,48.5147705078125,-2.7431180636071475
339,1627809478485,4.700177603283153,48.513519287109375,-2.742798517810446
340,1627809484454,4.720994310667755,48.512298583984375,-2.74223291496638
341,1627809490454,4.700689709515404,48.511260986328125,-2.741053428676827
342,1627809496457,4.641037077383657,48.510284423828125,-2.73980222424762
343,1627809502423,6.274493195e-315,48.509307861328125,-2.7385679332957795
344,1627809508427,4.641441657276716,48.508331298828125,-2.7373229821274294
345,1627809514424,4.642588602799601,48.507354736328125,-2.736069009817895
346,1627809520424,4.6375487121825465,48.506378173828125,-2.734818546651656
347,1627809526426,4.652772289613985,48.505401611328125,-2.733553998587159
348,1627809532424,4.672321671450181,48.50439453125,-2.7322673985594803
349,1627809538425,4.660625055466062,48.50341796875,-2.731043036871043
350,1627809544427,4.668265900633564,48.50244140625,-2.7298055089092013
351,1627809550426,4.6825870238725456,48.50143432617188,-2.728607425251418
352,1627809556427,4.741711691173444,48.50042724609375,-2.72740072453756
353,1627809562456,4.692849206089669,48.499420166015625,-2.7262150176251447
354,1627809568428,4.6839205791660445,48.498321533203125,-2.7251883216318364
355,1627809574436,4.715382125481692,48.49713134765625,-2.724465078341839
356,1627809580434,4.6760326900655125,48.495880126953125,-2.7241260273519368
357,1627809586434,4.67093544268365,48.49459838867188,-2.7239333684234017
358,1627809592433,4.650962773213384,48.49334716796875,-2.7236233722459127
359,1627809598422,4.652965437629173,48.492095947265625,-2.723115074684817
360,1627809604427,4.7046885628385695,48.49087524414063,-2.722450363627168
361,1627809610426,4.729622415383394,48.489654541015625,-2.721572214195585
362,1627809616429,4.738769279546678,48.488372802734375,-2.7203243042499268
363,1627809622428,4.6408813417088295,48.48727416992188,-2.718695235459708
364,1627809628455,4.691099709361557,48.486358642578125,-2.716759277186701
365,1627809634384,4.802673592910304,48.485748291015625,-2.714593019621665
366,1627809640409,4.821181594948754,48.485382080078125,-2.7123031089808163
367,1627809646386,4.877527498089522,48.48507690429688,-2.709985210838451
368,1627809652389,4.851702973352379,48.484710693359375,-2.7076938961380628
369,1627809658391,4.767238266425784,48.48431396484375,-2.7054047927994125
370,1627809664389,4.377721484356716,48.48382568359375,-2.7031519899311167
371,1627809670391,4.537534778102047,48.4833984375,-2.7008947984297187
372,1627809676433,4.661330826077574,48.48306274414063,-2.6985946178773386
373,1627809682428,4.778932263343839,48.48287963867188,-2.696253601159424
374,1627809688433,4.763923159854295,48.482818603515625,-2.693890543140829
375,1627809694424,4.807868158278007,48.48272705078125,-2.691528593867639
376,1627809700430,4.781770109153361,48.482513427734375,-2.689186909110565
377,1627809706432,4.801771254331218,48.482208251953125,-2.68688057594634
378,1627809712432,4.910828504942273,48.4818115234375,-2.68458029791906
379,1627809718431,5.090739143801766,48.4814453125,-2.682297769900676
380,1627809724428,5.0454765811952775,48.4810791015625,-2.6800041653348377
381,1627809730428,4.932020516648677,48.480712890625,-2.677713614050694
382,1627809736426,4.793827368546606,48.4803466796875,-2.675422710043315
383,1627809742427,4.66530414949153,48.47994995117188,-2.673137082187236
384,1627809748425,4.7433637068478,48.479583740234375,-2.67084614664144
385,1627809754426,4.723924393229577,48.479278564453125,-2.668532080160656
386,1627809760432,4.857467756741198,48.4791259765625,-2.666189797373596
387,1627809766425,5.103636896272536,48.47918701171875,-2.663876946825432
388,1627809772425,5.048437685129298,48.479400634765625,-2.66155242662408
389,1627809778428,5.032956655078098,48.4796142578125,-2.65932807573971
390,1627809784393,5.026020283530298,48.4798583984375,-2.6571090902209
391,1627809790496,5.301643142459221,48.480072021484375,-2.654876891568893
392,1627809796385,5.080423496334595,48.48028564453125,-2.652648570342602
393,1627809802387,5.012430250332714,48.48052978515625,-2.650425140299231
394,1627809808428,4.7964868827442455,48.480743408203125,-2.6482104354714857
395,1627809814428,4.813092074082794,48.48095703125,-2.645979577734739
396,1627809820424,4.846010725995586,48.48110961914063,-2.643740151175337
397,1627809826428,5.047756338370522,48.48117065429688,-2.641492579969737
398,1627809832426,4.9664033456519565,48.48114013671875,-2.6392431981235664
399,1627809838398,4.921304374445353,48.48101806640625,-2.636998972619341
400,1627809844397,4.836971505772243,48.4808349609375,-2.6347793859641
401,1627809850351,4.901415875936702,48.480560302734375,-2.632567086518911
402,1627809856349,4.820036399667709,48.480224609375,-2.630374934288522
403,1627809862358,4.711999753135609,48.4798583984375,-2.628198925019495
404,1627809868350,4.700239791964076,48.47946166992188,-2.62601150808964
405,1627809874369,4.699625166738793,48.479095458984375,-2.6238504289739653
406,1627809880350,4.630856227665377,48.47869873046875,-2.62168261702712
407,1627809886350,4.636395733028398,48.478271484375,-2.6195012093566694
408,1627809892397,4.626573499605728,48.477874755859375,-2.617316381339109
409,1627809898398,4.657905288051048,48.477447509765625,-2.61515679319586
410,1627809904398,4.664970824426511,48.47702026367188,-2.6130158965461363
411,1627809910400,4.708903814788148,48.4766845703125,-2.610819728226023
412,1627809916401,4.775212220669991,48.47662353515625,-2.608550427971283
413,1627809922401,4.857706713808073,48.47677612304688,-2.60620380568804
414,1627809928397,4.968694823225617,48.4769287109375,-2.6038349090141493
415,1627809934399,5.019667752449021,48.476959228515625,-2.601487646944684
416,1627809940389,5.040623550586745,48.476959228515625,-2.59916387034148
417,1627809946398,4.939613193863828,48.476959228515625,-2.5968144696143707
418,1627809952400,4.847804866594963,48.476959228515625,-2.594438041653986
419,1627809958401,4.774476247068249,48.47686767578125,-2.592024828771213
420,1627809964401,4.753473291740502,48.476654052734375,-2.5896467401720957
421,1627809970402,4.8202193132424345,48.47637939453125,-2.5872762882492
422,1627809976402,4.832265472988641,48.47613525390625,-2.5849329877173024
423,1627809982399,4.846484349882442,48.47589111328125,-2.582574222858013
424,1627809988397,4.791352825859055,48.47564697265625,-2.5801758073891423
425,1627809994398,4.756719156463826,48.475433349609375,-2.5777962995679995
426,1627810000402,4.733140097914236,48.475189208984375,-2.5754329830042737
427,1627810006390,4.935163113428347,48.474945068359375,-2.573018525305783
428,1627810012399,4.952332969801011,48.474700927734375,-2.570575409088771
429,1627810018402,4.920201093280986,48.47442626953125,-2.568098381758597
430,1627810024430,4.981520075909503,48.47418212890625,-2.56564210916414
431,1627810030399,4.9909767623081125,48.47393798828125,-2.563277678572679
432,1627810036400,4.987413114024246,48.47360229492188,-2.560923732228242
433,1627810042399,5.1815107215781095,48.472991943359375,-2.5586962468982426
434,1627810048401,5.530967418481046,48.47213745117188,-2.5566572277958604
435,1627810054401,4.69990610012293,48.4710693359375,-2.554862836153544
436,1627810060400,4.509107509773425,48.469970703125,-2.553129938824481
437,1627810066400,4.507701461311234,48.4688720703125,-2.5513873653762005
438,1627810072401,4.53088873322488,48.4677734375,-2.5496282104339776
439,1627810078402,4.539912435255583,48.4666748046875,-2.547863876215937
440,1627810084406,4.511197656473672,48.465606689453125,-2.546072669098101
441,1627810090438,4.5521606863207325,48.46453857421875,-2.5443277073382635
442,1627810096406,4.59891447334936,48.463470458984375,-2.542621311110898
443,1627810102407,4.617629113795188,48.462432861328125,-2.540981835659233
444,1627810108409,4.626161535508465,48.46139526367188,-2.539237766255104
445,1627810114409,4.7879283127854295,48.46044921875,-2.5372970307487086
446,1627810120415,5.015952301543114,48.45977783203125,-2.5351170426830225
447,1627810126399,4.523123025373937,48.4593505859375,-2.532772204176131
448,1627810132400,4.843211852169168,48.45904541015625,-2.530403223711769
449,1627810138399,5.045288482863717,48.458770751953125,-2.5279843941514084
450,1627810144400,5.082958093337165,48.45846557617188,-2.525531498174281
451,1627810150401,4.949425431245849,48.45819091796875,-2.52316078145819
452,1627810156432,4.817245440849712,48.4578857421875,-2.520810398758433
453,1627810162400,4.796012419366216,48.457611083984375,-2.518454463110927
454,1627810168370,4.893906039455273,48.457305908203125,-2.5160952850539973
455,1627810174400,4.911484887359818,48.45703125,-2.513741082006764
456,1627810180374,4.998660904757046,48.45675659179688,-2.5113968523184766
457,1627810186370,5.008893654694859,48.456451416015625,-2.509036423151304
458,1627810192375,5.157468243154455,48.4561767578125,-2.5066662224406304
459,1627810198373,5.181976134593825,48.45587158203125,-2.504289440126076
460,1627810204370,5.070092610060604,48.45556640625,-2.501920959985395
461,1627810210371,4.988227708851082,48.45526123046875,-2.4995585011205783
462,1627810216372,4.905785604627336,48.4549560546875,-2.4971982555360017
463,1627810222359,4.284530039754608,48.454681396484375,-2.494821521506641
464,1627810228372,4.541152144166002,48.454376220703125,-2.4924329002943355
465,1627810234373,4.631076414307178,48.453887939453125,-2.4900637221096957
466,1627810240400,4.679458752555952,48.453125,-2.487832713014745
467,1627810246371,4.7633079955612585,48.45211791992188,-2.485943376301541
468,1627810252369,4.584702636308684,48.450927734375,-2.4843653217504733
469,1627810258372,4.652456471477349,48.449554443359375,-2.483128764104105
470,1627810264371,4.7294636655676126,48.448089599609375,-2.482102634191777
471,1627810270372,4.757929064523213,48.446624755859375,-2.4810971675519373
472,1627810276371,4.767897532311653,48.4451904296875,-2.4801069940434743
473,1627810282373,4.757901282204773,48.4437255859375,-2.4791148365287308
474,1627810288378,4.70726058895816,48.4422607421875,-2.478109001430312
475,1627810294374,4.735257662769276,48.44085693359375,-2.4770020190440074
476,1627810300379,4.676892434820141,48.439544677734375,-2.4755951667222944
477,1627810306401,4.665475291172684,48.438323974609375,-2.474016558240902
478,1627810312373,4.656442088721887,48.43707275390625,-2.472446018705641
479,1627810318371,4.666699170991853,48.43585205078125,-2.470886329492976
480,1627810324374,4.691480505253157,48.434600830078125,-2.4692875161023142
481,1627810330374,4.706748292241143,48.43328857421875,-2.467633756286305
482,1627810336374,4.71410272607903,48.43194580078125,-2.4659463799163226
483,1627810342372,4.664686504457617,48.43063354492188,-2.464240083700105
484,1627810348371,4.682505214208186,48.429473876953125,-2.4625203011686563
485,1627810354372,4.853141069598885,48.4283447265625,-2.46082483704545
486,1627810360371,4.93160953770375,48.42724609375,-2.459120005931728
487,1627810366371,4.851845905286643,48.426116943359375,-2.4574189299599194
488,1627810372402,4.740621224894006,48.42498779296875,-2.45571772273549
489,1627810378378,4.781276669569349,48.423858642578125,-2.4540112758413515
490,1627810384347,4.79614944034208,48.422760009765625,-2.452230744227753
491,1627810390324,5.164767758048271,48.4217529296875,-2.4503249950882524
492,1627810396336,5.050221720959957,48.4207763671875,-2.4484093904105286
493,1627810402348,5.159728923561104,48.41986083984375,-2.446451820769508
494,1627810408332,4.493009595164143,48.4190673828125,-2.444334667402104
495,1627810414336,4.6551022783915,48.41845703125,-2.4421176399526896
496,1627810420378,4.859464599178461,48.41796875,-2.439845601572379
497,1627810426372,4.864291052006907,48.4173583984375,-2.437635929383812
498,1627810432374,4.979860687896104,48.41656494140625,-2.435555083351012
499,1627810438373,4.855886646424207,48.415618896484375,-2.433644880303192
500,1627810444371,4.709288308960166,48.414581298828125,-2.431910579616672
501,1627810450370,4.750131332652147,48.41363525390625,-2.430249205382076
502,1627810456374,4.73960992559305,48.41259765625,-2.428438451593366
503,1627810462372,4.715669892431173,48.411529541015625,-2.426569693035637
504,1627810468362,4.761076729711664,48.410400390625,-2.424644021149021
505,1627810474375,4.870503018968679,48.40933227539063,-2.422872412106984
506,1627810480374,4.828477858246109,48.40835571289063,-2.421215599223616
507,1627810486372,4.787528599333513,48.407562255859375,-2.419873858363612
508,1627810492374,4.798357207430865,48.40673828125,-2.4188881952789765
509,1627810498373,4.7377846869220965,48.405792236328125,-2.418345610258957
510,1627810504375,4.724122380447872,48.404876708984375,-2.417855940918934
511,1627810510374,4.943512632138042,48.404144287109375,-2.4168880887539848
512,1627810516373,4.940492746855657,48.40380859375,-2.415534899891222
513,1627810522376,4.897007959193955,48.40386962890625,-2.4140874361080984
514,1627810528344,4.939157117326671,48.4044189453125,-2.4126307598877914
515,1627810534346,4.950087819854798,48.405548095703125,-2.41136027662812
516,1627810540345,4.9593992185150055,48.4068603515625,-2.410097961422671
517,1627810546343,5.012069212769091,48.40817260742188,-2.4087126310884805
518,1627810552347,4.828580473284593,48.4093017578125,-2.4070750878613216
519,1627810558344,4.72635637233856,48.41030883789063,-2.4051932749256517
520,1627810564347,4.660439615649735,48.4111328125,-2.4031269068440704
521,1627810570343,4.623399430158771,48.41177368164063,-2.400905615002676
522,1627810576349,4.663241563292625,48.41217041015625,-2.398589422979895
523,1627810582344,4.77751011219389,48.412445068359375,-2.396241039902954
524,1627810588347,4.866689107538042,48.412689208984375,-2.393866560672048
525,1627810594295,4.92290021481479,48.412933349609375,-2.391499915337912
526,1627810600295,4.881569963583337,48.413177490234375,-2.389131062668695
527,1627810606296,4.9813003423235855,48.413360595703125,-2.386742373588085
528,1627810612295,4.933503673849632,48.413421630859375,-2.384329705384294
529,1627810618297,4.824151046185402,48.41339111328125,-2.3819283978993435
530,1627810624296,4.856748112882757,48.41326904296875,-2.37953904539477
531,1627810630329,4.767643535239413,48.4130859375,-2.377155662561993
532,1627810636346,4.720660749508543,48.41290283203125,-2.3747774710177114
533,1627810642347,4.705426085406666,48.4127197265625,-2.3723910752578683
534,1627810648346,4.682643564456537,48.41253662109375,-2.3700094770508
535,1627810654344,4.664114032757684,48.412353515625,-2.367645110009849
536,1627810660346,4.664719690192174,48.412139892578125,-2.3652640008847143
537,1627810666342,4.647977727995051,48.411956787109375,-2.362866752906816
538,1627810672346,4.628376668480553,48.4117431640625,-2.360492814871312
539,1627810678345,4.659892590222087,48.411529541015625,-2.3581125073871942
540,1627810684347,4.76723442959378,48.4110107421875,-2.355859208515178
541,1627810690346,4.879772687807922,48.41036987304688,-2.353672014835652
542,1627810696342,5.261742049468864,48.40972900390625,-2.3514640356842382
543,1627810702345,5.505062442814007,48.409088134765625,-2.3492613739549606
544,1627810708346,5.012919528862611,48.408477783203125,-2.347060452416723
545,1627810714342,4.761380245528775,48.40817260742188,-2.3446894884587133
546,1627810720347,4.71216521894637,48.408233642578125,-2.342280031178361
547,1627810726349,4.690099026456684,48.40838623046875,-2.339894132794879
548,1627810732353,4.753770082037,48.40869140625,-2.337538089822317
549,1627810738345,4.827805693852738,48.409088134765625,-2.3352222596247056
550,1627810744346,4.91430464145401,48.40963745117188,-2.33296228350432
551,1627810750344,4.7035655939503656,48.41030883789063,-2.3308059948647557
552,1627810756347,4.617016191777653,48.4111328125,-2.3287375424621057
553,1627810762344,4.660024489784486,48.41204833984375,-2.3267816371740526
554,1627810768375,4.652608557222358,48.41305541992188,-2.3249116893988635
555,1627810774344,4.584715303293948,48.41403198242188,-2.3230312639949977
556,1627810780344,4.59613561680683,48.41500854492188,-2.3209888962370555
557,1627810786346,4.596607160081628,48.41574096679688,-2.3186317003177086
558,1627810792343,4.632593747432625,48.41622924804688,-2.316198395791717
559,1627810798345,4.903120585177556,48.41656494140625,-2.313751933796233
560,1627810804345,4.747759926882458,48.416748046875,-2.311327461603357
561,1627810810349,4.648860239468386,48.416839599609375,-2.308940508917281
562,1627810816311,4.613114238613751,48.41693115234375,-2.30655727608602
563,1627810822338,4.61662499902481,48.417022705078125,-2.304206120981616
564,1627810828303,4.661087007292252,48.417083740234375,-2.3018344017048284
565,1627810834375,4.669085427573386,48.41714477539063,-2.299431879047284
566,1627810840304,4.653972614183436,48.41717529296875,-2.297028213762459
567,1627810846307,4.813729467651388,48.4171142578125,-2.294626556501749
568,1627810852353,4.895010902040381,48.41705322265625,-2.2921272604401524
569,1627810858349,4.770870044436801,48.41714477539063,-2.2896371170437706
570,1627810864346,4.858318638921593,48.417388916015625,-2.2871860768035783
571,1627810870341,4.936093283312695,48.41766357421875,-2.284734607818862
572,1627810876349,4.760601879335297,48.41793823242188,-2.2822736475223566
573,1627810882347,4.776624412249021,48.41827392578125,-2.279840561646421
574,1627810888387,4.80251831951874,48.418701171875,-2.277442235853042
575,1627810894345,4.706638114081713,48.41915893554688,-2.275066277163991
576,1627810900381,4.717157861261467,48.41961669921875,-2.2726732592054275
577,1627810906345,4.8453214352591125,48.41998291015625,-2.270254090494956
578,1627810912348,4.877634398111931,48.42034912109375,-2.267830873946495
579,1627810918346,4.900063842969247,48.42071533203125,-2.2654012491949747
580,1627810924317,4.888980977144176,48.42111206054688,-2.262994421929033
581,1627810930315,4.7419648864481365,48.42153930664063,-2.260574468940473
582,1627810936317,4.706020969676453,48.42193603515625,-2.2581673128281885
583,1627810942317,4.688604895745351,48.42233276367188,-2.255747345848384
584,1627810948317,4.662509368152611,48.422760009765625,-2.2533543075736597
585,1627810954322,4.692610724509422,48.4232177734375,-2.250942161454131
586,1627810960319,4.778495966638201,48.42364501953125,-2.2485494857113126
587,1627810966308,4.999448721437772,48.42413330078125,-2.2461877057929662
588,1627810972315,4.873697516107078,48.42474365234375,-2.2438961613364463
589,1627810978318,4.65237864390751,48.42550659179688,-2.2416722615372264
590,1627810984347,4.62250302941855,48.426300048828125,-2.239383406782077
591,1627810990319,4.653443798064035,48.4268798828125,-2.236988728343215
592,1627810996319,4.698036581794003,48.42724609375,-2.23450680940631
593,1627811002318,4.677126231555838,48.42742919921875,-2.2320277471879604
594,1627811008322,4.660589488381265,48.42745971679688,-2.2296198756265038
595,1627811014320,4.668915830170122,48.4273681640625,-2.2273035486931034
596,1627811020318,4.767159610722927,48.42718505859375,-2.225001501545499
597,1627811026307,5.185730159108237,48.4267578125,-2.222919504991643
598,1627811032273,6.109101686034921,48.42623901367188,-2.221757973066874
599,1627811038273,4.739148915177712,48.42544555664063,-2.2214265936381965
600,1627811044284,5.344392530682383,48.4254150390625,-2.220435260951482
601,1627811050356,5.466596072758136,48.426055908203125,-2.2199472293031914
602,1627811056325,5.531705638857906,48.4266357421875,-2.219585872978441
603,1627811062328,5.327162366704631,48.4268798828125,-2.219205078908077
604,1627811068336,11.62012988538083,48.42730712890625,-2.2194809166571114
605,1627811074301,5.901779159252961,48.42788696289063,-2.2191762909679094
606,1627811080328,6.214949605640087,48.42803955078125,-2.218933114386632
607,1627811086388,6.1183088088548985,48.428070068359375,-2.218919278059735
608,1627811092341,5.1579302881074005,48.428070068359375,-2.2189184148426646
