,Timestamp,Quality,Lat,Lon
0,1623438306854,6.432000160217285,49.11524238,6.28250977
1,1623438367199,5.360000133514403,49.11502911,6.28250501
2,1623438428185,19.29600143432617,49.11501955,6.28250679
3,1623438489167,37.52000045776367,49.11501546,6.28250276
4,1623438550170,30.016000747680664,49.11502236,6.28250681
5,1623438611151,24.6560001373291,49.11501016,6.28250044
6,1623438672215,9.648000717163086,49.11522824,6.28239481
7,1623438733159,6.432000160217285,49.11558357,6.28181269
8,1623438794151,7.504000186920166,49.11550251,6.28159483
9,1623438855178,8.576000213623049,49.11547256,6.28154104
10,1623438916062,5.360000133514403,49.11528156,6.28212591
11,1623438977158,17.152000427246097,49.11515396,6.28211842
12,1623439038134,15.008000373840332,49.11535501,6.28167705
13,1623439099221,9.648000717163086,49.11539354,6.28161631
14,1623439160135,7.504000186920166,49.11536264,6.28158782
15,1623439221124,7.504000186920166,49.11533948,6.28156903
16,1623439282129,9.648000717163086,49.11533926,6.28154632
17,1623439343141,18.224000930786133,49.11534018,6.28154142
18,1623439404125,19.29600143432617,49.11533906,6.28153974
19,1623439465112,7.504000186920166,49.11534577,6.28153853
20,1623439526137,6.432000160217285,49.11534845,6.28153813
21,1623439587104,5.360000133514403,49.11533845,6.28152018
22,1623439648096,10.720000267028807,49.11533123,6.28151665
23,1623439709135,18.224000930786133,49.11532682,6.28151559
24,1623439770095,20.368000030517575,49.11532853,6.28152047
25,1623439831117,12.86400032043457,49.11532903,6.2815167999999995
26,1623439892124,5.360000133514403,49.11532938,6.28151379
27,1623439953098,15.008000373840332,49.11533331,6.28151942
28,1623440014133,11.791999816894533,49.11532463,6.28151352
29,1623440075081,15.008000373840332,49.11532095,6.28150695
30,1623440136089,12.86400032043457,49.11532015,6.28150492
31,1623440197105,11.791999816894533,49.11531782,6.28150884
32,1623440258553,17.152000427246097,49.11531644,6.28150858
33,1623440319074,21.440000534057614,49.115315700000004,6.28150511
34,1623440380098,7.504000186920166,49.11531358,6.28150006
35,1623440441555,8.576000213623049,49.11531098,6.28149983
36,1623440502069,15.008000373840332,49.11531408,6.28150302
37,1623440563559,6.432000160217285,49.11531729,6.28150263
38,1623440624517,7.504000186920166,49.11531783,6.28150178
39,1623440685518,8.576000213623049,49.11531681,6.28150157
40,1623440746523,7.504000186920166,49.11531631,6.28150098
41,1623440807534,18.224000930786133,49.11531601,6.28150163
42,1623440868516,13.93600082397461,49.11531706,6.28150227
43,1623440929541,9.648000717163086,49.11531939,6.2815038
44,1623440990537,23.583999633789066,49.11531855,6.28150034
45,1623441051505,13.93600082397461,49.11532197,6.28150258
46,1623441112542,22.512001037597656,49.11532044,6.28150256
47,1623441173557,15.008000373840332,49.11532251,6.28150768
48,1623441234544,12.86400032043457,49.115626899999995,6.28163787
49,1623441295474,9.648000717163086,49.11549849,6.28163767
50,1623441356479,18.224000930786133,49.11499723,6.28258085
51,1623441417453,52.52799987792969,49.11494442,6.2823007
52,1623441478531,20.368000030517575,49.11490422,6.28233551
53,1623441539473,58.96000289916992,49.11491816,6.28240323
54,1623441600451,36.448001861572266,49.11530009,6.28179816
55,1623441661535,42.88000106811523,49.11499387,6.28287437
56,1623441722442,23.583999633789066,49.11502079,6.28285168
57,1623441783477,47.16799926757813,49.1149907,6.28272529
58,1623441844441,32.15999984741211,49.11498488,6.28267523
59,1623441905480,68.60800170898439,49.114965399999996,6.28261326
60,1623441966410,24.6560001373291,49.11494414,6.28258214
61,1623442027385,60.03200149536133,49.11493182,6.2825551
62,1623442088430,47.16799926757813,49.11492213,6.28253456
63,1623442149371,24.6560001373291,49.11491995,6.28251928
64,1623442210441,27.87200164794922,49.11492054,6.28247521
65,1623442271386,28.944000244140625,49.11492077,6.28246568
66,1623442332371,50.38400268554688,49.11491982,6.28245793
67,1623442393367,37.52000045776367,49.11492025,6.28244711
68,1623442454386,35.375999450683594,49.11492357,6.28243149
69,1623442515408,52.52799987792969,49.11492458,6.28242214
70,1623442576368,51.45600128173828,49.11492485,6.28241917
71,1623442637441,10.720000267028807,49.11492597,6.28241398
72,1623442698388,33.23200225830078,49.11492401,6.28241832
73,1623442759360,11.791999816894533,49.11517911,6.28203982
74,1623442820339,7.504000186920166,49.11553538,6.28162254
75,1623442881358,11.791999816894533,49.11453139,6.27973209
76,1623442942375,12.86400032043457,49.11653841,6.27981503
77,1623443003337,16.079999923706055,49.11719834,6.27520722
78,1623443064393,10.720000267028807,49.11756322,6.26015532
79,1623443125367,15.008000373840332,49.1189722,6.2476085999999995
80,1623443186353,9.648000717163086,49.119907899999994,6.23951184
81,1623443247297,19.29600143432617,49.123540000000006,6.23726377
82,1623443308386,11.791999816894533,49.12732391,6.25192311
83,1623443369334,28.944000244140625,49.127427399999995,6.27055517
84,1623443430315,27.87200164794922,49.12693326,6.28472851
85,1623443491266,16.079999923706055,49.12731726,6.30570247
86,1623443552295,28.944000244140625,49.13188077,6.32175412
87,1623443613316,26.80000114440918,49.13527629,6.34403672
88,1623443674280,38.59200286865234,49.13544467,6.36132999
89,1623443735325,30.016000747680664,49.13856203,6.3817874
90,1623443796252,52.52799987792969,49.13835436,6.3992928
91,1623443857286,51.45600128173828,49.13830553,6.41719157
92,1623443918269,17.152000427246097,49.14162039,6.43570607
93,1623443979365,26.80000114440918,49.14018905,6.45651985
94,1623444040304,19.29600143432617,49.14104622,6.47281396
95,1623444101243,10.720000267028807,49.13754063,6.49009781
96,1623444162289,15.008000373840332,49.13229371,6.50910376
97,1623444223239,18.224000930786133,49.13179507,6.52736488
98,1623444284264,8.576000213623049,49.13363177,6.54632982
99,1623444345304,16.079999923706055,49.1321614,6.56362342
100,1623444406327,18.224000930786133,49.13424218,6.58316302
101,1623444467259,8.576000213623049,49.13712203,6.60211099
102,1623444528271,28.944000244140625,49.13507692,6.62102804
103,1623444589338,19.29600143432617,49.13687799,6.639755900000001
104,1623444650262,19.29600143432617,49.13393931,6.65529898
105,1623444711208,28.944000244140625,49.13198131,6.67678948
106,1623444772240,16.079999923706055,49.13580749,6.69619507
107,1623444833203,19.29600143432617,49.13570769,6.70821142
108,1623444894227,38.59200286865234,49.13443863,6.72772912
109,1623444955460,15.008000373840332,49.13671416,6.74529995
110,1623445016538,19.29600143432617,49.13873585,6.76185082
111,1623445077466,15.008000373840332,49.13390441,6.77955565
112,1623445138467,16.079999923706055,49.13786199,6.79846098
113,1623445199441,17.152000427246097,49.13781032,6.81661357
114,1623445260221,17.152000427246097,49.12888141,6.82184093
115,1623445321454,19.29600143432617,49.12209858,6.82712081
116,1623445382406,27.87200164794922,49.11593872,6.84181825
117,1623445443376,22.512001037597656,49.10622463,6.85930418
118,1623445504398,16.079999923706055,49.09641624,6.86985187
119,1623445565420,19.29600143432617,49.08593153,6.8752933
120,1623445626399,22.512001037597656,49.07747267,6.88852469
121,1623445687449,17.152000427246097,49.07375922,6.90194231
122,1623445748404,31.088001251220703,49.06930703,6.91796583
123,1623445809403,31.088001251220703,49.0653538,6.93717418
124,1623445870378,16.079999923706055,49.05971578,6.95335209
125,1623445931400,20.368000030517575,49.05769361,6.96840876
126,1623445992395,38.59200286865234,49.04896038,6.98271898
127,1623446053351,15.008000373840332,49.0453646,7.00280002
128,1623446114201,8.576000213623049,49.04169632,7.02034519
129,1623446175191,7.504000186920166,49.04399555,7.02654806
130,1623446236174,17.152000427246097,49.04558631,7.0318374000000015
131,1623446297149,15.008000373840332,49.04975925,7.03134312
132,1623446358166,10.720000267028807,49.04899098,7.02922013
133,1623446419167,13.93600082397461,49.04934243,7.02962511
134,1623446480253,19.29600143432617,49.04929732,7.02929529
135,1623446541200,8.576000213623049,49.04929574,7.02991858
136,1623446602169,13.93600082397461,49.04925536,7.02968748
137,1623446663170,9.648000717163086,49.04929337,7.03000227
138,1623446724149,28.944000244140625,49.04928787,7.029986200000001
139,1623446785165,15.008000373840332,49.04932513,7.02996884
140,1623446846111,17.152000427246097,49.04932087,7.02998052
141,1623446907250,21.440000534057614,49.04920883,7.029838400000001
142,1623446968126,10.720000267028807,49.04944171,7.02979679
143,1623447029167,15.008000373840332,49.04939286,7.02981671
144,1623447090155,48.2400016784668,49.04938303,7.02983316
145,1623447151155,8.576000213623049,49.04933517,7.02962325
146,1623447212129,25.72800064086914,49.0493431,7.02955168
147,1623447273105,19.29600143432617,49.04935769,7.02953506
148,1623447334098,17.152000427246097,49.04935812,7.02952282
149,1623447395103,15.008000373840332,49.04935139,7.02951849
150,1623447456155,9.648000717163086,49.04925547,7.02961495
151,1623447517142,9.648000717163086,49.04893621,7.03046784
152,1623447578103,9.648000717163086,49.04859225,7.0319618
153,1623447639120,5.360000133514403,49.04782808,7.02949921
154,1623447700104,9.648000717163086,49.05771136,7.02156802
155,1623447761080,8.576000213623049,49.07025103,7.02517638
156,1623447822095,9.648000717163086,49.07899753,7.02391758
157,1623447883128,16.079999923706055,49.08561165,7.03304461
158,1623447944058,7.504000186920166,49.09173496,7.04241085
159,1623448005064,40.736000061035156,49.09693181,7.04970373
160,1623448066098,25.72800064086914,49.10099293,7.064359
161,1623448127556,16.079999923706055,49.10276551,7.07434829
162,1623448188074,17.152000427246097,49.10722578,7.08640353
163,1623448249095,23.583999633789066,49.11232175,7.09230423
164,1623448310089,8.576000213623049,49.11501346,7.10020825
165,1623448371552,9.648000717163086,49.11791317,7.09714724
166,1623448432529,13.93600082397461,49.11968267,7.08790044
167,1623448493521,13.93600082397461,49.11716697,7.08608879
168,1623448554115,12.86400032043457,49.11755062,7.08708532
169,1623448615593,8.576000213623049,49.11741722,7.08765441
170,1623448676545,5.360000133514403,49.11746449,7.08749829
171,1623448737503,17.152000427246097,49.11757276,7.08779942
172,1623448798528,12.86400032043457,49.11758323,7.08787434
173,1623448859481,26.80000114440918,49.11758854,7.08790789
174,1623448920508,26.80000114440918,49.11759451,7.08792148
175,1623448981464,43.95199966430664,49.11759767,7.08793755
176,1623449042535,16.079999923706055,49.11759895,7.0879522
177,1623449103532,16.079999923706055,49.11760102,7.08795089
178,1623449164539,17.152000427246097,49.11760336,7.08795461
179,1623449225478,10.720000267028807,49.11760337,7.08796458
180,1623449286587,23.583999633789066,49.11760721,7.08797069
181,1623449347473,32.15999984741211,49.11760872,7.08797579
182,1623449408480,25.72800064086914,49.117611700000005,7.08797384
183,1623449469507,22.512001037597656,49.11761149,7.08797766
184,1623449530431,17.152000427246097,49.11761927,7.08798089
185,1623449591508,50.38400268554688,49.11761852,7.0879857
186,1623449652447,18.224000930786133,49.11761871,7.08799188
187,1623449713463,18.224000930786133,49.11762075,7.08799114
188,1623449774462,61.10400009155274,49.11762087,7.08799289
189,1623449835509,30.016000747680664,49.11762171,7.08799399
190,1623449896437,19.29600143432617,49.11762418,7.0879947
191,1623449957465,84.68800354003906,49.11762263,7.08799853
192,1623450018435,33.23200225830078,49.11762193,7.0880008000000005
193,1623450079385,27.87200164794922,49.11762311,7.08799935
194,1623450140400,18.224000930786133,49.11763291,7.08800059
195,1623450201426,11.791999816894533,49.11763664,7.08799457
196,1623450262385,17.152000427246097,49.11763056,7.08799254
197,1623450323399,20.368000030517575,49.11768496,7.08808369
198,1623450384375,27.87200164794922,49.11769113,7.08808766
199,1623450445421,20.368000030517575,49.11769048,7.08809369
200,1623450506377,11.791999816894533,49.11769723,7.08798031
201,1623450567389,12.86400032043457,49.11763521,7.08799379
202,1623450628404,15.008000373840332,49.11763381,7.0879531
203,1623450689424,58.96000289916992,49.11762298,7.08785581
204,1623450750412,26.80000114440918,49.11766749,7.08784444
205,1623450811395,51.45600128173828,49.11772711,7.08786023
206,1623450872426,39.66400146484375,49.11774022,7.08772947
207,1623450933365,24.6560001373291,49.1176485,7.08796064
208,1623450994369,13.93600082397461,49.11774685,7.08783402
209,1623451055324,10.720000267028807,49.11766911,7.08793725
210,1623451116404,13.93600082397461,49.11767954,7.08789181
211,1623451177354,12.86400032043457,49.11767542,7.08791666
212,1623451238321,31.088001251220703,49.11768283,7.08814925
213,1623451299392,17.152000427246097,49.11770745,7.0878878
214,1623451360299,7.504000186920166,49.11762321,7.08780044
215,1623451421395,12.86400032043457,49.11735523,7.08776397
216,1623451482328,15.008000373840332,49.11736478,7.08746836
217,1623451543316,9.648000717163086,49.11812307,7.08488934
218,1623451604344,19.29600143432617,49.11961783,7.09126611
219,1623451665323,19.29600143432617,49.11645558,7.10048787
220,1623451726290,10.720000267028807,49.11245874,7.09546367
221,1623451787350,11.791999816894533,49.10752981,7.08614042
222,1623451848322,7.504000186920166,49.10265532,7.07501764
223,1623451909305,11.791999816894533,49.10209326,7.07072623
224,1623451970295,6.432000160217285,49.10007293,7.05987185
225,1623452031307,26.80000114440918,49.09541385,7.04613582
226,1623452092314,10.720000267028807,49.09360804,7.03922986
227,1623452153267,9.648000717163086,49.10468058,7.02965863
228,1623452214285,9.648000717163086,49.11518403,7.03136876
229,1623452275271,11.791999816894533,49.12561778,7.03465932
230,1623452336246,6.432000160217285,49.13734899,7.03965405
231,1623452397273,9.648000717163086,49.14605282,7.03962079
232,1623452458242,12.86400032043457,49.14888022,7.02180799
233,1623452519245,10.720000267028807,49.14798192,7.00236322
234,1623452580257,10.720000267028807,49.14978597,6.98673078
235,1623452641420,18.224000930786133,49.15723293,6.96876839
236,1623452702394,6.432000160217285,49.15721585,6.95294696
237,1623452763424,20.368000030517575,49.15968407,6.93560513
238,1623452824400,11.791999816894533,49.16181122,6.91883822
239,1623452885376,24.6560001373291,49.16282815,6.8996628
240,1623452946440,35.375999450683594,49.17476938,6.89607832
241,1623453007432,18.224000930786133,49.17641867,6.89445109
242,1623453068397,17.152000427246097,49.16872678,6.87864053
243,1623453129424,15.008000373840332,49.16390996,6.86198934
244,1623453190414,11.791999816894533,49.15508952,6.84865679
245,1623453251386,6.432000160217285,49.14962003,6.83159991
246,1623453312390,9.648000717163086,49.14306354,6.81665555
247,1623453373396,10.720000267028807,49.1377603,6.79831099
248,1623453434400,16.079999923706055,49.13422191,6.78013049
249,1623453495389,43.95199966430664,49.1389018,6.76277975
250,1623453556419,13.93600082397461,49.13642354,6.7435673
251,1623453617386,26.80000114440918,49.13525285,6.72791502
252,1623453678355,13.93600082397461,49.13628673,6.70603954
253,1623453739331,11.791999816894533,49.13607481,6.69741863
254,1623453800342,6.432000160217285,49.13225925,6.67793977
255,1623453861317,26.80000114440918,49.13379846,6.65953538
256,1623453922397,23.583999633789066,49.13729967,6.64123649
257,1623453983437,6.432000160217285,49.13594671,6.6229747
258,1623454044417,11.791999816894533,49.13701507,6.60404111
259,1623454105396,10.720000267028807,49.13447958,6.58361247
260,1623454166376,9.648000717163086,49.13263997,6.56508343
261,1623454227397,43.95199966430664,49.133716,6.54803334
262,1623454288412,17.152000427246097,49.13212305,6.5269845
263,1623454349378,25.72800064086914,49.13296073,6.51080231
264,1623454410334,6.432000160217285,49.13804136,6.49015671
265,1623454471369,16.079999923706055,49.14106231,6.47182147
266,1623454532399,11.791999816894533,49.14023738,6.45179783
267,1623454593352,9.648000717163086,49.14200199,6.43073911
268,1623454654451,27.87200164794922,49.13746792,6.41321042
269,1623454715337,11.791999816894533,49.13964822,6.39469118
270,1623454776353,11.791999816894533,49.13735311,6.37672641
271,1623454837333,9.648000717163086,49.13562627,6.35692696
272,1623454898326,9.648000717163086,49.13492666,6.34076897
273,1623454959403,8.576000213623049,49.13178127,6.32105549
274,1623455020338,10.720000267028807,49.12710062,6.30301597
275,1623455081372,21.440000534057614,49.12716443,6.28701489
276,1623455142349,12.86400032043457,49.12887693,6.26523926
277,1623455203352,13.93600082397461,49.12693884,6.24606798
278,1623455264315,6.432000160217285,49.11955867,6.23435237
279,1623455325312,6.432000160217285,49.11955302,6.24030669
280,1623455386345,5.360000133514403,49.11832054,6.24933174
281,1623455447281,7.504000186920166,49.11710853,6.26614039
282,1623455508315,7.504000186920166,49.11658171,6.27936347
283,1623455569336,6.432000160217285,49.11370131,6.28170538
284,1623455630301,6.432000160217285,49.11295577,6.28329023
285,1623455691314,21.440000534057614,49.113302600000004,6.28349388
286,1623455752292,8.576000213623049,49.11316029,6.28364135
287,1623455813238,20.368000030517575,49.11308605,6.28396009
288,1623455874328,15.008000373840332,49.11335698,6.28375413
289,1623455935292,11.791999816894533,49.11331791,6.28369002
290,1623455996246,11.791999816894533,49.11331275,6.28368731
291,1623456057272,17.152000427246097,49.11332,6.28370164
292,1623456118350,9.648000717163086,49.11334354,6.28373879
293,1623456179276,22.512001037597656,49.11334581,6.28374264
294,1623456240212,12.86400032043457,49.11333793,6.28372423
295,1623456301222,17.152000427246097,49.11333291,6.28371655
296,1623456362211,6.432000160217285,49.11321057,6.28390755
297,1623456423235,19.29600143432617,49.11306917,6.28479206
298,1623456484291,16.079999923706055,49.11475566,6.28395987
299,1623456545231,9.648000717163086,49.11459529,6.28380854
300,1623456606236,7.504000186920166,49.114559299999996,6.28384166
301,1623456667196,30.016000747680664,49.11457723,6.28382599
302,1623456728267,49.3120002746582,49.11458283,6.28380389
303,1623456789194,16.079999923706055,49.11484131,6.28300509
304,1623456850221,30.016000747680664,49.11516056,6.28230163
305,1623456911177,13.93600082397461,49.1148794,6.28247554
306,1623456972199,40.736000061035156,49.11486767,6.28250836
307,1623457033209,25.72800064086914,49.11487019,6.28248293
308,1623457094189,22.512001037597656,49.11488895,6.28253568
309,1623457155170,54.67200088500977,49.11483086,6.28255812
310,1623457216148,62.176002502441406,49.11405399,6.28326383
311,1623457277162,62.176002502441406,49.11405399,6.28326383
312,1623457338155,24.6560001373291,49.1145141,6.28355177
313,1623457399213,47.16799926757813,49.11446228,6.28361646
314,1623457460178,27.87200164794922,49.1144063,6.28362505
315,1623457521196,23.583999633789066,49.11436529,6.28361488
316,1623457582175,20.368000030517575,49.11436548,6.28362844
317,1623457643118,26.80000114440918,49.11434322,6.28362886
318,1623457704206,27.87200164794922,49.11433954,6.28361781
319,1623457765173,7.504000186920166,49.11454792,6.28377584
320,1623457826190,6.432000160217285,49.11464745,6.28383641
321,1623457887113,16.079999923706055,49.11465404,6.28382878
322,1623457948135,13.93600082397461,49.11466811,6.28382979
323,1623458009177,20.368000030517575,49.11468345,6.28382516
324,1623458070112,10.720000267028807,49.11467822,6.28382283
325,1623458131173,6.432000160217285,49.11467071,6.28382206
326,1623458192130,9.648000717163086,49.11467106,6.28382154
327,1623458253114,8.576000213623049,49.11467088,6.28382512
328,1623458314084,13.93600082397461,49.114659499999995,6.28382872
329,1623458375083,10.720000267028807,49.11546101,6.28201051
330,1623458436074,8.576000213623049,49.11528486,6.28207544
331,1623458497092,19.29600143432617,49.11513337,6.28244505
332,1623458558097,8.576000213623049,49.11515301,6.28183162
333,1623458619114,17.152000427246097,49.11515132,6.28203175
334,1623458680134,17.152000427246097,49.11497085,6.28196303
335,1623458741148,10.720000267028807,49.11484498,6.28190807
336,1623458802104,13.93600082397461,49.11495901,6.28205759
337,1623458863125,28.944000244140625,49.11488961,6.281867
338,1623458924079,20.368000030517575,49.11491338,6.28190015
339,1623458985126,27.87200164794922,49.11491593,6.28186876
340,1623459046531,20.368000030517575,49.11494318,6.28187501
341,1623459107187,25.72800064086914,49.11496367,6.28187342
342,1623459168588,15.008000373840332,49.114971600000004,6.28189173
343,1623459229091,13.93600082397461,49.11496866,6.28191885
344,1623459290119,15.008000373840332,49.11510967,6.2818663
345,1623459351097,13.93600082397461,49.11511937,6.28187467
346,1623459412518,11.791999816894533,49.11511704,6.28191097
347,1623459473107,26.80000114440918,49.11509784,6.28194194
348,1623459534105,21.440000534057614,49.11510063,6.28194512
349,1623459595476,15.008000373840332,49.11510441,6.28196416
350,1623459656553,16.079999923706055,49.11508867,6.28199361
351,1623459717532,7.504000186920166,49.11504683,6.28208625
352,1623459778549,7.504000186920166,49.11530515,6.28208661
353,1623459839525,17.152000427246097,49.1147066,6.28367456
354,1623459900476,8.576000213623049,49.11479808,6.28385341
355,1623459961477,11.791999816894533,49.11467993,6.28378894
356,1623460022487,15.008000373840332,49.11466467,6.28366631
357,1623460083544,85.76000213623047,49.11428773,6.28333055
358,1623460144439,34.304000854492195,49.11462492,6.28376654
359,1623460205449,20.368000030517575,49.11457573,6.28365413
360,1623460266533,22.512001037597656,49.11452838,6.28358572
361,1623460327456,22.512001037597656,49.11452838,6.28358572
362,1623460388445,37.52000045776367,49.11434817,6.28351573
363,1623460449523,37.52000045776367,49.114310499999995,6.28346982
364,1623460510509,20.368000030517575,49.11428808,6.28345595
365,1623460571409,62.176002502441406,49.11427739,6.28343745
366,1623460632420,18.224000930786133,49.11430116,6.28347306
367,1623460693493,19.29600143432617,49.11431489,6.28347677
368,1623460754475,9.648000717163086,49.11474302,6.28367837
369,1623460815449,5.360000133514403,49.11477257,6.28379305
370,1623460876425,7.504000186920166,49.11505135,6.28246849
371,1623460937408,20.368000030517575,49.11504721,6.28246509
372,1623460998386,25.72800064086914,49.11504164,6.28246915
373,1623461059445,25.72800064086914,49.11501714,6.28245989
374,1623461120393,6.432000160217285,49.11506087,6.28239635
375,1623461181383,8.576000213623049,49.11550574,6.28126655
376,1623461242453,13.93600082397461,49.11513515,6.28048256
377,1623461303423,4.2880001068115225,49.11723575,6.27752444
378,1623461364461,7.504000186920166,49.11705986,6.26521985
379,1623461425374,8.576000213623049,49.11885491,6.24797586
380,1623461486366,15.008000373840332,49.11990302,6.23993309
381,1623461547359,11.791999816894533,49.122988,6.23655794
382,1623461608378,10.720000267028807,49.13258615,6.24477773
383,1623461669432,10.720000267028807,49.14112119,6.24663949
384,1623461730375,18.224000930786133,49.15430307,6.25264455
385,1623461791409,18.224000930786133,49.16663441,6.25113498
386,1623461852386,6.432000160217285,49.17939921,6.24769606
387,1623461913406,11.791999816894533,49.18621763,6.23209587
388,1623461974337,8.576000213623049,49.1938036,6.21725717
389,1623462035334,7.504000186920166,49.19948275,6.20019644
390,1623462096310,8.576000213623049,49.20123092,6.18065016
391,1623462157319,18.224000930786133,49.19697121,6.16254043
392,1623462218361,7.504000186920166,49.197164,6.14813262
393,1623462279310,11.791999816894533,49.204347,6.14758761
394,1623462340407,13.93600082397461,49.21528086,6.15100518
395,1623462401328,13.93600082397461,49.22087468,6.14774344
396,1623462462377,12.86400032043457,49.23164956,6.14577742
397,1623462523278,11.791999816894533,49.23851573,6.14504884
398,1623462584285,11.791999816894533,49.24220718,6.14515977
399,1623462645303,5.360000133514403,49.24228006,6.14540267
400,1623462706332,8.576000213623049,49.24230188,6.14557544
401,1623462767308,9.648000717163086,49.24234311,6.14570095
402,1623462828337,8.576000213623049,49.24239178,6.14576546
403,1623462889341,5.360000133514403,49.24234268,6.1457815
404,1623462950315,8.576000213623049,49.24235714,6.14579082
405,1623463011292,13.93600082397461,49.24238147,6.14577663
406,1623463072287,30.016000747680664,49.24239988,6.14576782
407,1623463133273,9.648000717163086,49.24240194,6.14576727
408,1623463194429,30.016000747680664,49.24242691,6.14571245
409,1623463255297,22.512001037597656,49.24254101,6.14553291
410,1623463316304,12.86400032043457,49.24234151,6.14573529
411,1623463377284,18.224000930786133,49.24236725,6.14576928
412,1623463438268,43.95199966430664,49.24236724,6.14578276
413,1623463499264,7.504000186920166,49.24240344,6.14575745
414,1623463560234,11.791999816894533,49.24243156,6.145750700000001
415,1623463621215,6.432000160217285,49.24227634,6.14580871
416,1623463682211,9.648000717163086,49.24232577,6.14574214
417,1623463743311,34.304000854492195,49.24236016,6.14565461
418,1623463804219,5.360000133514403,49.24226592,6.14541882
419,1623463865215,5.360000133514403,49.24231227,6.14524697
420,1623463926223,13.93600082397461,49.24063983,6.14446118
421,1623463987201,6.432000160217285,49.23243131,6.14515687
422,1623464048195,8.576000213623049,49.22277819,6.14660573
423,1623464109186,9.648000717163086,49.21521862,6.14976591
424,1623464170162,12.86400032043457,49.20567267,6.14765369
425,1623464231200,7.504000186920166,49.19766158,6.14295985
426,1623464292183,6.432000160217285,49.19574998,6.15388132
427,1623464353176,8.576000213623049,49.20023352,6.17139424
428,1623464414193,9.648000717163086,49.20170831,6.1755914
429,1623464475183,7.504000186920166,49.21112076,6.17505914
430,1623464536162,9.648000717163086,49.22364688,6.17737915
431,1623464597156,13.93600082397461,49.23768692,6.18106472
432,1623464658182,12.86400032043457,49.24977713,6.1763486
433,1623464719227,15.008000373840332,49.26181637,6.17744123
434,1623464780158,18.224000930786133,49.27440947,6.17408592
435,1623464841240,16.079999923706055,49.28706798,6.17406184
436,1623464902213,11.791999816894533,49.29774591,6.18331616
437,1623464963215,8.576000213623049,49.31004877,6.18279079
438,1623465024087,10.720000267028807,49.32266104,6.18416043
439,1623465085450,12.86400032043457,49.33531315,6.18518124
440,1623465146220,12.86400032043457,49.34610538,6.17569908
441,1623465207242,9.648000717163086,49.34861279,6.15827142
442,1623465268194,9.648000717163086,49.34932878,6.15779922
443,1623465329383,9.648000717163086,49.34940887,6.15939937
444,1623465390192,12.86400032043457,49.3491559,6.15921574
445,1623465451214,6.432000160217285,49.34911396,6.15931872
446,1623465512314,52.52799987792969,49.34911821,6.1592807999999994
447,1623465573530,37.52000045776367,49.34911964,6.15927403
448,1623465634158,50.38400268554688,49.34911954,6.15927259
449,1623465695205,48.2400016784668,49.34911978,6.15926351
450,1623465756161,51.45600128173828,49.34911931,6.15925662
451,1623465817149,53.60000228881836,49.34911892,6.15925429
452,1623465878111,49.3120002746582,49.34912256,6.15927317
453,1623465939177,57.88800048828125,49.34912391,6.15927491
454,1623466000113,53.60000228881836,49.34912347,6.15927568
455,1623466061673,58.96000289916992,49.34912404,6.15927657
456,1623466122597,64.31999969482422,49.34912109,6.15927428
457,1623466183128,53.60000228881836,49.34912081,6.15927431
458,1623466244128,53.60000228881836,49.34912081,6.15927431
459,1623466305464,53.60000228881836,49.34912081,6.15927431
460,1623466367038,255.1360015869141,49.34911978,6.15927289
461,1623466427104,88.97600555419922,49.34911947,6.15927279
462,1623466488121,76.11199951171875,49.3491195,6.15927297
463,1623466549119,75.04000091552734,49.34911946,6.15927318
464,1623466610124,76.11199951171875,49.34911945,6.1592732
465,1623466671463,71.82400512695312,49.34911951,6.15927345
466,1623466732610,73.96800231933594,49.34911961,6.15927375
467,1623466794054,78.2560043334961,49.34911963,6.15927372
468,1623466854084,156.5120086669922,49.34911964,6.15927392
469,1623466915636,156.5120086669922,49.34911964,6.15927392
470,1623466976545,77.18400573730469,49.3491197,6.15927407
471,1623467037427,63.24800109863281,49.34911976,6.15927421
472,1623467098562,122.20800018310548,49.34911982,6.15927431
473,1623467159657,153.29600524902344,49.34911989,6.15927449
474,1623467220550,86.83200073242188,49.34911997,6.15927467
475,1623467281552,93.26399993896484,49.34912002,6.15927491
476,1623467342416,78.2560043334961,49.34912005,6.15927499
477,1623467403493,78.2560043334961,49.34912005,6.15927499
478,1623467464556,88.97600555419922,49.34912019,6.15927502
479,1623467525378,88.97600555419922,49.34912019,6.15927502
480,1623467586509,78.2560043334961,49.34912011,6.1592752
481,1623467647487,110.41600036621094,49.34911977,6.15927512
482,1623467708510,110.41600036621094,49.34911977,6.15927512
483,1623467769507,219.760009765625,49.34912015,6.15927543
484,1623467830501,80.4000015258789,49.3491202,6.15927556
485,1623467891493,64.31999969482422,49.34912024,6.15927563
486,1623467952468,184.38400268554688,49.34912031,6.15927574
487,1623468013547,9.648000717163086,49.34916341,6.15928409
488,1623468074266,9.648000717163086,49.34915364,6.15930571
489,1623468135151,12.86400032043457,49.34915917,6.15931162
490,1623468196697,7.504000186920166,49.34916631,6.15931625
491,1623468257473,6.432000160217285,49.34907932,6.15928323
492,1623468318599,10.720000267028807,49.34914117,6.15925879
493,1623468379511,6.432000160217285,49.34913106,6.15926688
494,1623468440214,6.432000160217285,49.34913106,6.15926688
495,1623468501527,6.432000160217285,49.34913106,6.15926688
496,1623468562199,6.432000160217285,49.34913106,6.15926688
497,1623468623508,6.432000160217285,49.34913106,6.15926688
498,1623468684429,50.38400268554688,49.34921893,6.159165
499,1623468745461,17.152000427246097,49.34909266,6.15956044
500,1623468806423,7.504000186920166,49.34913351,6.15949931
501,1623468867460,10.720000267028807,49.34915871,6.1595118
502,1623468928431,27.87200164794922,49.34916521,6.15946529
503,1623468989444,8.576000213623049,49.34916872,6.15945235
504,1623469050432,9.648000717163086,49.34813162,6.15836884
505,1623469111621,7.504000186920166,49.34918199,6.15664357
506,1623469172634,9.648000717163086,49.35178473,6.14474927
507,1623469233398,5.360000133514403,49.35806822,6.14441285
508,1623469294665,8.576000213623049,49.361724,6.14608091
509,1623469355418,7.504000186920166,49.36500265,6.15107459
510,1623469416410,7.504000186920166,49.36518617,6.15153321
511,1623469477445,9.648000717163086,49.36738527,6.156053
512,1623469538411,12.86400032043457,49.36779322,6.15719073
513,1623469599340,12.86400032043457,49.37078671,6.16284943
514,1623469660416,8.576000213623049,49.371133,6.16467113
515,1623469721943,4.2880001068115225,49.37131598,6.16489893
516,1623469782301,7.504000186920166,49.3712914,6.16472504
517,1623469843361,50.38400268554688,49.37090867,6.16445482
518,1623469904345,26.80000114440918,49.37123879,6.16464575
519,1623469965228,63.24800109863281,49.37126382,6.16460227
520,1623470026327,63.24800109863281,49.37126382,6.16460227
521,1623470087372,19.29600143432617,49.37120457,6.16503261
522,1623470148343,24.6560001373291,49.37121404,6.16504178
523,1623470209348,39.66400146484375,49.37120788,6.16509509
524,1623470270366,39.66400146484375,49.37120788,6.16509509
525,1623470331367,35.375999450683594,49.37120411,6.16513727
526,1623470392317,25.72800064086914,49.37120546,6.16511098
527,1623470453308,50.38400268554688,49.3712069,6.1651182
528,1623470514321,41.80800247192383,49.371208,6.16512628
529,1623470575163,79.3280029296875,49.37120571,6.16513218
530,1623470636279,79.3280029296875,49.37120571,6.16513218
531,1623470697413,79.3280029296875,49.37120571,6.16513218
532,1623470758268,79.3280029296875,49.37120571,6.16513218
533,1623470819115,79.3280029296875,49.37120571,6.16513218
534,1623470880147,68.60800170898439,49.3712023,6.16516207
535,1623470941363,49.3120002746582,49.371202600000004,6.16516416
536,1623471002340,78.2560043334961,49.37120201,6.16516679
537,1623471063363,107.20000457763672,49.37120116,6.16517154
538,1623471124330,51.45600128173828,49.37120015,6.16517627
539,1623471185162,56.816001892089844,49.37120682,6.16517401
540,1623471246493,52.52799987792969,49.37120624,6.16517508
541,1623471307619,52.52799987792969,49.37120624,6.16517508
542,1623471368103,58.96000289916992,49.37120595,6.16518165
543,1623471429166,43.95199966430664,49.37120878,6.16518393
544,1623471490485,167.2320098876953,49.37120783,6.16518693
545,1623471551161,167.2320098876953,49.37120783,6.16518693
546,1623471612119,167.2320098876953,49.37120783,6.16518693
547,1623471673101,167.2320098876953,49.37120783,6.16518693
548,1623471734579,167.2320098876953,49.37120783,6.16518693
549,1623471795136,167.2320098876953,49.37120783,6.16518693
550,1623471856131,167.2320098876953,49.37120783,6.16518693
551,1623471918142,167.2320098876953,49.37120783,6.16518693
552,1623471978104,23.583999633789066,49.3712034,6.16520416
553,1623472039564,27.87200164794922,49.37120659,6.16519403
554,1623472100546,7.504000186920166,49.37124523,6.1647974
555,1623472161147,17.152000427246097,49.37130922,6.16454133
556,1623472222113,7.504000186920166,49.37302598,6.16815586
557,1623472283721,5.360000133514403,49.3715172,6.16441621
558,1623472344507,6.432000160217285,49.36841914,6.15772054
559,1623472405517,8.576000213623049,49.36833374,6.15755842
560,1623472466500,13.93600082397461,49.36563038,6.15210699
561,1623472527503,10.720000267028807,49.36562594,6.15190364
562,1623472588495,6.432000160217285,49.36152588,6.14582817
563,1623472649467,11.791999816894533,49.35632438,6.1434636
564,1623472710454,13.93600082397461,49.35129026,6.14239163
565,1623472771482,11.791999816894533,49.35003908,6.1304837
566,1623472832434,5.360000133514403,49.34854273,6.12746696
567,1623472893352,9.648000717163086,49.35056465,6.136621400000001
568,1623472954451,9.648000717163086,49.34891634,6.15428501
569,1623473015464,7.504000186920166,49.34694887,6.17308442
570,1623473076479,9.648000717163086,49.33724445,6.18414871
571,1623473137511,7.504000186920166,49.32470733,6.1844288
572,1623473198582,17.152000427246097,49.31190702,6.18232574
573,1623473259452,13.93600082397461,49.29947808,6.18376572
574,1623473320918,6.432000160217285,49.29104147,6.17473795
575,1623473381444,21.440000534057614,49.27651814,6.17321451
576,1623473442656,17.152000427246097,49.26266494,6.17689739
577,1623473503347,24.6560001373291,49.25198053,6.17606451
578,1623473564412,34.304000854492195,49.23765339,6.18072981
579,1623473625302,26.80000114440918,49.22554233,6.1781759
580,1623473686419,9.648000717163086,49.21350229,6.17466222
581,1623473747247,9.648000717163086,49.20338834,6.17471161
582,1623473808237,10.720000267028807,49.20098508,6.18179536
583,1623473869283,31.088001251220703,49.19925903,6.19880181
584,1623473930392,24.6560001373291,49.19557028,6.21328426
585,1623473991453,10.720000267028807,49.18587974,6.23315772
586,1623474052959,11.791999816894533,49.17842557,6.24824215
587,1623474113443,9.648000717163086,49.16675812,6.25070671
588,1623474174629,7.504000186920166,49.15415658,6.25248955
589,1623474235345,27.87200164794922,49.14301055,6.24640515
590,1623474296397,18.224000930786133,49.13085728,6.24316335
591,1623474357365,17.152000427246097,49.12294083,6.23568999
592,1623474418442,11.791999816894533,49.11958994,6.24010482
593,1623474479510,8.576000213623049,49.11810154,6.24932466
594,1623474540417,30.016000747680664,49.11679247,6.26661694
595,1623474601563,11.791999816894533,49.11682055,6.2796773
596,1623474662356,9.648000717163086,49.1142803,6.28051011
597,1623474723373,8.576000213623049,49.11332399,6.28312445
598,1623474784340,7.504000186920166,49.11361332,6.28310539
599,1623474845879,7.504000186920166,49.11337009,6.28319123
600,1623474906371,6.432000160217285,49.11333329,6.28329398
601,1623474967360,9.648000717163086,49.1133245,6.283417299999999
602,1623475028221,9.648000717163086,49.11321095,6.28348591
603,1623475089287,19.29600143432617,49.11306156,6.28411614
604,1623475150337,18.224000930786133,49.11314653,6.28394003
605,1623475211337,11.791999816894533,49.11335568,6.28344618
606,1623475272370,11.791999816894533,49.11333322,6.2835033
607,1623475333551,11.791999816894533,49.11336199,6.28352529
608,1623475394312,9.648000717163086,49.11340211,6.28355832
609,1623475455457,9.648000717163086,49.11339473,6.28355439
610,1623475516172,21.440000534057614,49.11337647,6.283563
611,1623475577371,19.29600143432617,49.11337211,6.28355986
612,1623475638249,28.944000244140625,49.1133652,6.28354754
613,1623475699262,41.80800247192383,49.11335823,6.28352611
614,1623475760227,55.74400329589844,49.11336313,6.28353894
615,1623475821246,26.80000114440918,49.11335733,6.28354569
616,1623475882272,19.29600143432617,49.11335376,6.28354428
617,1623475943284,13.93600082397461,49.11335908,6.28354636
618,1623476004256,23.583999633789066,49.11336558,6.28354915
619,1623476065283,73.96800231933594,49.11336189,6.28354419
620,1623476126308,18.224000930786133,49.11336206,6.28354807
621,1623476187273,16.079999923706055,49.11336132,6.28354905
622,1623476248481,24.6560001373291,49.113359,6.2835502
623,1623476309184,20.368000030517575,49.11335858,6.28354797
624,1623476370241,16.079999923706055,49.11336138,6.28355276
625,1623476431222,17.152000427246097,49.11335936,6.28355135
626,1623476492162,10.720000267028807,49.11337606,6.28348871
627,1623476553226,10.720000267028807,49.11327695,6.28345309
628,1623476614182,8.576000213623049,49.11287429,6.28369595
629,1623476675263,20.368000030517575,49.11506581,6.28244472
630,1623476736224,39.66400146484375,49.11492774,6.2823945
631,1623476797216,68.60800170898439,49.11493376,6.28239008
632,1623476858218,28.944000244140625,49.1149114,6.28240866
633,1623476919200,31.088001251220703,49.11490353,6.28238147
634,1623476980201,53.60000228881836,49.11490275,6.28238717
635,1623477041231,71.82400512695312,49.11490329,6.28238763
636,1623477102106,61.10400009155274,49.11490539,6.28238709
637,1623477163211,35.375999450683594,49.11490374,6.28238892
638,1623477224212,4.2880001068115225,49.1149331,6.28241958
