,Timestamp,Quality,Lat,Lon
0,1627323132273,3.2160000801086426,48.97980972,4.02958895
1,1627323138090,3.2160000801086426,48.97980966,4.02958894
2,1627323144120,3.2160000801086426,48.97980959,4.02958893
3,1627323150091,3.2160000801086426,48.979809499999995,4.02958898
4,1627323156100,4.2880001068115225,48.97980917,4.02958869
5,1627323162101,3.2160000801086426,48.97980882,4.02958844
6,1627323168086,3.2160000801086426,48.97980854,4.02958811
7,1627323174069,3.2160000801086426,48.979808399999996,4.02958785
8,1627323180087,3.2160000801086426,48.97980169,4.02959066
9,1627323186072,4.2880001068115225,48.97978411,4.02960316
10,1627323192059,4.2880001068115225,48.97977817,4.029603
11,1627323198111,4.2880001068115225,48.97977798,4.02960324
12,1627323204055,5.360000133514403,48.97977811,4.02960045
13,1627323210077,4.2880001068115225,48.97977876,4.02960206
14,1627323216106,4.2880001068115225,48.97977875,4.02960226
15,1627323222147,4.2880001068115225,48.97977867,4.0296023000000005
16,1627323228123,5.360000133514403,48.97977863,4.02960245
17,1627323234090,5.360000133514403,48.97977853,4.02960262
18,1627323240102,6.432000160217285,48.97977846,4.02960286
19,1627323246584,7.504000186920166,48.97977831,4.02960273
20,1627323252050,5.360000133514403,48.97977817,4.02960276
21,1627323258119,7.504000186920166,48.97977801,4.02960272
22,1627323264077,7.504000186920166,48.97977788,4.02960272
23,1627323270518,6.432000160217285,48.97977788,4.02960275
24,1627323276052,6.432000160217285,48.97977776,4.02960268
25,1627323282562,7.504000186920166,48.97977761,4.0296026
26,1627323288088,3.2160000801086426,48.97977755,4.0296026
27,1627323294097,4.2880001068115225,48.97977746,4.0296027
28,1627323300521,4.2880001068115225,48.97977735,4.02960278
29,1627323306557,6.432000160217285,48.97977724,4.02960271
30,1627323312108,4.2880001068115225,48.9797771,4.02960282
31,1627323318097,5.360000133514403,48.97977685,4.02960283
32,1627323324073,3.2160000801086426,48.97977676,4.02960265
33,1627323330199,3.2160000801086426,48.97977673,4.02960266
34,1627323340836,4.2880001068115225,48.97977662,4.02960285
35,1627323346295,3.2160000801086426,48.9797765,4.02960288
36,1627323352428,3.2160000801086426,48.97977744,4.02959004
37,1627323358325,3.2160000801086426,48.97978003,4.02943395
38,1627323364321,3.2160000801086426,48.97976265,4.02931434
39,1627323370323,4.2880001068115225,48.97975972,4.02908681
40,1627323376297,3.2160000801086426,48.97993504,4.028973000000001
41,1627323382345,3.2160000801086426,48.98011395,4.02902908
42,1627323388347,3.2160000801086426,48.98033143,4.029072
43,1627323394398,3.2160000801086426,48.98042129,4.02932801
44,1627323400359,3.2160000801086426,48.98051477,4.02925196
45,1627323406414,3.2160000801086426,48.98050392,4.02898669
46,1627323412358,3.2160000801086426,48.98049533,4.02872637
47,1627323418382,4.2880001068115225,48.98050033,4.028662799999999
48,1627323424354,4.2880001068115225,48.98050584,4.02867043
49,1627323430356,3.2160000801086426,48.98051683,4.028624
50,1627323436354,3.2160000801086426,48.98068542,4.0286122
51,1627323442372,3.2160000801086426,48.98106692,4.02868179
52,1627323448369,4.2880001068115225,48.98161642,4.02869356
53,1627323454371,4.2880001068115225,48.98238527,4.02878016
54,1627323460296,4.2880001068115225,48.98334578,4.02888882
55,1627323466357,4.2880001068115225,48.98437844,4.0290069
56,1627323472361,4.2880001068115225,48.985332299999996,4.02911131
57,1627323478439,5.360000133514403,48.986256299999994,4.02917935
58,1627323484304,5.360000133514403,48.98725341,4.02935798
59,1627323490360,4.2880001068115225,48.98840512,4.029587
60,1627323496409,4.2880001068115225,48.98962775,4.02982387
61,1627323502380,4.2880001068115225,48.99086071,4.03005828
62,1627323508366,3.2160000801086426,48.99210002,4.03029935
63,1627323514419,3.2160000801086426,48.99330034,4.03052597
64,1627323520339,5.360000133514403,48.99452495,4.03076258
65,1627323526374,7.504000186920166,48.99581046,4.0310477
66,1627323532397,7.504000186920166,48.997077399999995,4.03130895
67,1627323538382,5.360000133514403,48.99835165,4.03156293
68,1627323544343,5.360000133514403,48.99961453,4.03177718
69,1627323550378,5.360000133514403,49.00075433,4.03200054
70,1627323556385,6.432000160217285,49.0016365,4.03219288
71,1627323562341,5.360000133514403,49.00211246,4.03243449
72,1627323568435,4.2880001068115225,49.00249399,4.03241693
73,1627323574339,4.2880001068115225,49.00300569,4.03245185
74,1627323580342,3.2160000801086426,49.00374191,4.03261259
75,1627323586417,3.2160000801086426,49.00462697,4.03285722
76,1627323592340,3.2160000801086426,49.00565346,4.03306935
77,1627323598321,3.2160000801086426,49.00681907,4.03330867
78,1627323604338,3.2160000801086426,49.00804576,4.03364289
79,1627323610399,4.2880001068115225,49.00932115,4.03398456
80,1627323616396,4.2880001068115225,49.01061067,4.03428873
81,1627323622291,4.2880001068115225,49.01186811,4.03461106
82,1627323628302,4.2880001068115225,49.01304826,4.03491227
83,1627323634349,3.2160000801086426,49.0142305,4.03520935
84,1627323640315,4.2880001068115225,49.01536603,4.03552107
85,1627323646337,5.360000133514403,49.0165239,4.03580513
86,1627323652292,5.360000133514403,49.01764423,4.03609288
87,1627323658315,4.2880001068115225,49.01874431,4.03637995
88,1627323664291,4.2880001068115225,49.01971136,4.03663387
89,1627323670323,5.360000133514403,49.02052669,4.03682401
90,1627323676281,4.2880001068115225,49.0212436,4.03705506
91,1627323682325,5.360000133514403,49.02171133,4.03749692
92,1627323688315,4.2880001068115225,49.02208855,4.03742215
93,1627323694348,4.2880001068115225,49.02265658,4.03731526
94,1627323700315,3.2160000801086426,49.02340743,4.03744685
95,1627323706346,3.2160000801086426,49.02429887,4.03757189
96,1627323712401,4.2880001068115225,49.02517584,4.03786906
97,1627323718351,4.2880001068115225,49.02613696,4.03836826
98,1627323724322,5.360000133514403,49.027215000000005,4.03866428
99,1627323730262,4.2880001068115225,49.02826203,4.0384440999999995
100,1627323736314,4.2880001068115225,49.02939379,4.03849667
101,1627323742263,4.2880001068115225,49.03050479,4.038695
102,1627323748304,5.360000133514403,49.03164425,4.03884679
103,1627323754307,6.432000160217285,49.03283576,4.03906768
104,1627323760254,6.432000160217285,49.03401485,4.03930661
105,1627323766375,6.432000160217285,49.0351033,4.03950188
106,1627323772392,4.2880001068115225,49.0360792,4.03971775
107,1627323778265,7.504000186920166,49.03680045,4.04007082
108,1627323784303,7.504000186920166,49.03725165,4.04045968
109,1627323790321,5.360000133514403,49.03762173,4.04105034
110,1627323796321,4.2880001068115225,49.03813961,4.04193485
111,1627323802355,4.2880001068115225,49.03855732,4.04324371
112,1627323808298,4.2880001068115225,49.03884292,4.04485157
113,1627323814317,4.2880001068115225,49.0387284,4.04668003
114,1627323820298,4.2880001068115225,49.03856977,4.04852808
115,1627323826311,4.2880001068115225,49.03841147,4.05040635
116,1627323832359,3.2160000801086426,49.03829581,4.05230719
117,1627323838303,3.2160000801086426,49.03852508,4.05421358
118,1627323844312,4.2880001068115225,49.03913885,4.05586586
119,1627323850300,5.360000133514403,49.04005785,4.05709532
120,1627323856260,4.2880001068115225,49.04120803,4.05779025
121,1627323862301,3.2160000801086426,49.04243077,4.05793246
122,1627323868319,3.2160000801086426,49.04353208,4.05754725
123,1627323874261,3.2160000801086426,49.04446655,4.05707807
124,1627323880258,3.2160000801086426,49.04521802,4.0567021
125,1627323886297,3.2160000801086426,49.04585084,4.05647839
126,1627323892366,5.360000133514403,49.04612969,4.05677485
127,1627323898343,5.360000133514403,49.04614142,4.05752632
128,1627323904343,6.432000160217285,49.04611283,4.05856178
129,1627323910324,3.2160000801086426,49.04590978,4.05986192
130,1627323916311,4.2880001068115225,49.04558091,4.0612922
131,1627323922312,5.360000133514403,49.04538002,4.06289486
132,1627323928356,5.360000133514403,49.04538156,4.06453659
133,1627323934277,5.360000133514403,49.04525135,4.06631495
134,1627323940316,6.432000160217285,49.04512092,4.06804641
135,1627323946272,5.360000133514403,49.04529234,4.06987676
136,1627323952375,5.360000133514403,49.04546775,4.07170685
137,1627323958336,9.648000717163086,49.04557286,4.07360426
138,1627323964273,5.360000133514403,49.04564205,4.07550624
139,1627323970296,4.2880001068115225,49.04569456,4.07740318
140,1627323976342,6.432000160217285,49.04562114,4.07934363
141,1627323982396,5.360000133514403,49.04560181,4.08127107
142,1627323988295,5.360000133514403,49.04594019,4.0830269
143,1627323994361,4.2880001068115225,49.04633195,4.08429212
144,1627324000306,6.432000160217285,49.04662365,4.08519825
145,1627324006342,8.576000213623049,49.04685796,4.08574414
146,1627324012314,9.648000717163086,49.04699273,4.08631912
147,1627324018289,6.432000160217285,49.04692816,4.08695924
148,1627324024280,5.360000133514403,49.04681601,4.08763175
149,1627324030314,6.432000160217285,49.04666175,4.08836947
150,1627324036354,6.432000160217285,49.04658087,4.08914399
151,1627324042387,7.504000186920166,49.04660501,4.08960331
152,1627324048325,7.504000186920166,49.04662959,4.08974937
153,1627324054368,6.432000160217285,49.04664093,4.09011613
154,1627324060348,5.360000133514403,49.04668805,4.09072665
155,1627324066277,5.360000133514403,49.04677125,4.09156672
156,1627324072273,4.2880001068115225,49.04684717,4.09270783
157,1627324078306,4.2880001068115225,49.04696952,4.09384868
158,1627324084265,5.360000133514403,49.04702567,4.09532073
159,1627324090363,5.360000133514403,49.04716242,4.09686887
160,1627324096335,5.360000133514403,49.04732144,4.09863779
161,1627324102362,4.2880001068115225,49.04745793,4.10047686
162,1627324108310,4.2880001068115225,49.0476097,4.10240384
163,1627324114306,3.2160000801086426,49.04775215,4.1042997
164,1627324120319,3.2160000801086426,49.04789347,4.10614285
165,1627324126328,3.2160000801086426,49.04771902,4.10780558
166,1627324132280,5.360000133514403,49.04783617,4.10933205
167,1627324138202,5.360000133514403,49.04817864,4.11060761
168,1627324144235,4.2880001068115225,49.0484235,4.11152645
169,1627324150293,4.2880001068115225,49.0485525,4.11186478
170,1627324156257,6.432000160217285,49.04856507,4.11191651
171,1627324162248,5.360000133514403,49.04857032,4.11191451
172,1627324168246,5.360000133514403,49.04861693,4.11210348
173,1627324174274,5.360000133514403,49.04874588,4.11260618
174,1627324180290,5.360000133514403,49.04893249,4.11319953
175,1627324186325,6.432000160217285,49.04913683,4.11384978
176,1627324192239,5.360000133514403,49.04926499,4.11448744
177,1627324198258,5.360000133514403,49.04952853,4.11519451
178,1627324204210,5.360000133514403,49.04968822,4.11608217
179,1627324210317,5.360000133514403,49.04972422,4.11699544
180,1627324216255,4.2880001068115225,49.04965883,4.11785945
181,1627324222276,4.2880001068115225,49.04964696,4.1186913999999994
182,1627324228282,5.360000133514403,49.04978061,4.11949623
183,1627324240926,8.576000213623049,49.05004861,4.12113267
184,1627324246306,6.432000160217285,49.05018445,4.12193976
185,1627324252294,5.360000133514403,49.0502662,4.12263859
186,1627324258327,4.2880001068115225,49.05041081,4.12335088
187,1627324264352,8.576000213623049,49.05058033,4.12413478
188,1627324270265,6.432000160217285,49.05082038,4.124801000000001
189,1627324276354,6.432000160217285,49.05097156,4.12574028
190,1627324282308,8.576000213623049,49.0509935,4.12688305
191,1627324288344,4.2880001068115225,49.05104712,4.12814571
192,1627324294286,4.2880001068115225,49.05111249,4.12954069
193,1627324300324,5.360000133514403,49.05109978,4.13124999
194,1627324306371,3.2160000801086426,49.05089274,4.13298828
195,1627324312217,3.2160000801086426,49.05066461,4.13484303
196,1627324318273,4.2880001068115225,49.05044189,4.13674148
197,1627324324281,3.2160000801086426,49.05024015,4.13861215
198,1627324330266,4.2880001068115225,49.05016903,4.14052245
199,1627324336221,5.360000133514403,49.05012144,4.14239894
200,1627324342282,4.2880001068115225,49.05011647,4.14424169
201,1627324348280,5.360000133514403,49.05009646,4.14616937
202,1627324354221,5.360000133514403,49.05005403,4.14809886
203,1627324360355,4.2880001068115225,49.04999394,4.14997016
204,1627324366289,7.504000186920166,49.04991666,4.15178841
205,1627324372286,4.2880001068115225,49.049844,4.15371832
206,1627324378283,5.360000133514403,49.04959487,4.15551561
207,1627324384316,6.432000160217285,49.04929501,4.15742454
208,1627324390211,6.432000160217285,49.04894445,4.15931406
209,1627324396346,3.2160000801086426,49.04865402,4.16112301
210,1627324402275,4.2880001068115225,49.04836094,4.16297082
211,1627324408278,4.2880001068115225,49.04817678,4.16483929
212,1627324414261,3.2160000801086426,49.04794276,4.16670692
213,1627324420223,7.504000186920166,49.04745353,4.16829911
214,1627324426308,9.648000717163086,49.04692235,4.16991259
215,1627324432281,8.576000213623049,49.04636588,4.17151895
216,1627324438283,4.2880001068115225,49.04587018,4.17313689
217,1627324444223,4.2880001068115225,49.04561543,4.17469079
218,1627324450275,4.2880001068115225,49.04553093,4.17602578
219,1627324456283,5.360000133514403,49.04545415,4.17699713
220,1627324462233,6.432000160217285,49.04543272,4.17760389
221,1627324468212,8.576000213623049,49.04535565,4.17804281
222,1627324474275,5.360000133514403,49.04533672,4.17849556
223,1627324480237,11.791999816894533,49.0452676,4.17898536
224,1627324486262,6.432000160217285,49.04501137,4.17960482
225,1627324492307,4.2880001068115225,49.04468675,4.18002934
226,1627324498268,7.504000186920166,49.0444824,4.18052914
227,1627324504287,8.576000213623049,49.04430617,4.1810769
228,1627324510254,6.432000160217285,49.04403773,4.18186773
229,1627324516231,7.504000186920166,49.04379328,4.18270798
230,1627324522260,7.504000186920166,49.04351312,4.18364825
231,1627324528284,6.432000160217285,49.04311771,4.18474954
232,1627324534287,5.360000133514403,49.04281982,4.18583681
233,1627324540292,4.2880001068115225,49.04250751,4.18713325
234,1627324546321,4.2880001068115225,49.04217043,4.18852143
235,1627324552373,7.504000186920166,49.04178649,4.19008188
236,1627324558281,5.360000133514403,49.04138984,4.19171235
237,1627324564233,8.576000213623049,49.04097564,4.19335996
238,1627324570242,5.360000133514403,49.04049369,4.19517593
239,1627324576273,6.432000160217285,49.04006519,4.19685374
240,1627324582348,6.432000160217285,49.03963053,4.19861691
241,1627324588259,6.432000160217285,49.039184000000006,4.20035779
242,1627324594237,5.360000133514403,49.03874081,4.20211561
243,1627324600263,5.360000133514403,49.03833906,4.20365273
244,1627324606214,5.360000133514403,49.03801927,4.20485623
245,1627324612321,9.648000717163086,49.03769306,4.20581766
246,1627324618241,6.432000160217285,49.03727546,4.20660843
247,1627324624223,8.576000213623049,49.03697802,4.20725018
248,1627324630343,6.432000160217285,49.03656581,4.20810781
249,1627324636218,8.576000213623049,49.03636234,4.20874308
250,1627324642237,8.576000213623049,49.0361398,4.20949031
251,1627324648257,6.432000160217285,49.03587659,4.21030044
252,1627324654190,3.2160000801086426,49.03551799,4.21113105
253,1627324660257,8.576000213623049,49.0352021,4.21188656
254,1627324666258,6.432000160217285,49.03494039,4.2126782
255,1627324672194,4.2880001068115225,49.03457823,4.21373216
256,1627324678258,7.504000186920166,49.03424696,4.21492352
257,1627324684202,7.504000186920166,49.03375076,4.21642502
258,1627324690220,5.360000133514403,49.03323142,4.21800375
259,1627324696332,6.432000160217285,49.03270906,4.21969687
260,1627324702194,6.432000160217285,49.03215978,4.22140148
261,1627324708250,8.576000213623049,49.03164106,4.223088099999999
262,1627324714278,5.360000133514403,49.03108333,4.22479892
263,1627324720267,6.432000160217285,49.03055321,4.22656297
264,1627324726272,6.432000160217285,49.03007923,4.22807478
265,1627324732259,7.504000186920166,49.02959228,4.22954413
266,1627324738176,8.576000213623049,49.02917785,4.23073079
267,1627324744199,5.360000133514403,49.028931899999996,4.2316307
268,1627324750196,3.2160000801086426,49.02871708,4.2325931
269,1627324756169,3.2160000801086426,49.02861249,4.23342738
270,1627324762281,5.360000133514403,49.02851561,4.23427782
271,1627324768303,6.432000160217285,49.02845287,4.23513339
272,1627324774231,4.2880001068115225,49.02837339,4.23599796
273,1627324780293,5.360000133514403,49.02833811,4.23662436
274,1627324786226,8.576000213623049,49.02816218,4.23744211
275,1627324792225,7.504000186920166,49.02796833,4.23815472
276,1627324798256,7.504000186920166,49.02779432,4.23888978
277,1627324804207,5.360000133514403,49.02758976,4.23965138
278,1627324810221,5.360000133514403,49.02736557,4.24040418
279,1627324816237,8.576000213623049,49.0270453,4.24123799
280,1627324822236,6.432000160217285,49.02671562,4.24194095
281,1627324828220,7.504000186920166,49.02637786,4.24266565
282,1627324834237,5.360000133514403,49.02591909,4.24365182
283,1627324840243,8.576000213623049,49.02540865,4.24479023
284,1627324846231,4.2880001068115225,49.02481181,4.246091000000001
285,1627324852268,3.2160000801086426,49.0243607,4.24758356
286,1627324858290,4.2880001068115225,49.02384872,4.24918983
287,1627324864228,8.576000213623049,49.02324252,4.25059032
288,1627324870208,4.2880001068115225,49.02264731,4.25198562
289,1627324876182,3.2160000801086426,49.02215014,4.25309905
290,1627324882223,3.2160000801086426,49.0217625,4.25397199
291,1627324888173,4.2880001068115225,49.02139873,4.25465451
292,1627324894235,5.360000133514403,49.02103347,4.25527279
293,1627324900200,5.360000133514403,49.02069735,4.25608573
294,1627324906232,5.360000133514403,49.02051289,4.25694132
295,1627324912200,5.360000133514403,49.02032579,4.25775766
296,1627324918192,7.504000186920166,49.02015823,4.25856525
297,1627324924244,6.432000160217285,49.01997022,4.25933817
298,1627324930245,6.432000160217285,49.01978572,4.25999812
299,1627324936337,8.576000213623049,49.01959818,4.2606212
300,1627324942235,5.360000133514403,49.01936867,4.2613996
301,1627324948242,5.360000133514403,49.01903283,4.2619648
302,1627324954303,7.504000186920166,49.01871856,4.26271849
303,1627324960291,9.648000717163086,49.01847883,4.26351988
304,1627324966282,6.432000160217285,49.01823282,4.26434804
305,1627324972304,6.432000160217285,49.01797617,4.26516731
306,1627324978254,5.360000133514403,49.01781369,4.26600871
307,1627324984181,6.432000160217285,49.0177246,4.26695829
308,1627324990237,7.504000186920166,49.01759026,4.26791386
309,1627324996197,7.504000186920166,49.01729628,4.26869403
310,1627325002208,4.2880001068115225,49.01701849,4.26922546
311,1627325008309,4.2880001068115225,49.01663615,4.26971167
312,1627325014182,4.2880001068115225,49.01638191,4.27014578
313,1627325020221,4.2880001068115225,49.01615121,4.27068363
314,1627325026288,4.2880001068115225,49.01578771,4.27127912
315,1627325032182,3.2160000801086426,49.01541461,4.2719593
316,1627325038311,4.2880001068115225,49.01497086,4.27273878
317,1627325044279,5.360000133514403,49.01445856,4.27365638
318,1627325050384,5.360000133514403,49.01391596,4.27462091
319,1627325056203,4.2880001068115225,49.01328108,4.27566789
320,1627325062157,4.2880001068115225,49.01259077,4.27684587
321,1627325068202,3.2160000801086426,49.01183097,4.27815499
322,1627325074206,3.2160000801086426,49.01102648,4.27954779
323,1627325080153,4.2880001068115225,49.01021494,4.2809444
324,1627325086194,6.432000160217285,49.00939853,4.28238655
325,1627325092146,5.360000133514403,49.00855062,4.28380106
326,1627325098195,4.2880001068115225,49.00773416,4.28520769
327,1627325104238,4.2880001068115225,49.00688535,4.28661149
328,1627325110202,3.2160000801086426,49.00605451,4.28802893
329,1627325116216,3.2160000801086426,49.00522931,4.28948199
330,1627325122196,4.2880001068115225,49.00439296,4.29089012
331,1627325128157,4.2880001068115225,49.00354525,4.292307599999999
332,1627325140796,4.2880001068115225,49.00188695,4.29516703
333,1627325146237,3.2160000801086426,49.00104809,4.29658371
334,1627325152188,5.360000133514403,49.000208,4.2980044
335,1627325158201,5.360000133514403,48.999390399999996,4.29941402
336,1627325164191,4.2880001068115225,48.99856683,4.30085534
337,1627325170197,4.2880001068115225,48.99770489,4.30229091
338,1627325176287,3.2160000801086426,48.99687759,4.30372428
339,1627325182216,3.2160000801086426,48.99609438,4.30507411
340,1627325188247,3.2160000801086426,48.99533997,4.30638061
341,1627325194220,3.2160000801086426,48.99467464,4.30770042
342,1627325200202,3.2160000801086426,48.99432166,4.3091483
343,1627325206219,3.2160000801086426,48.99426392,4.31073468
344,1627325212196,3.2160000801086426,48.99450916,4.3123886
345,1627325218194,3.2160000801086426,48.99479527,4.31417248
346,1627325224185,3.2160000801086426,48.994800299999994,4.31603696
347,1627325230184,3.2160000801086426,48.99456372,4.31779349
348,1627325236219,3.2160000801086426,48.99410017,4.31935369
349,1627325242262,3.2160000801086426,48.9935096,4.32057427
350,1627325248198,3.2160000801086426,48.99299168,4.32134765
351,1627325254180,4.2880001068115225,48.99258807,4.32157654
352,1627325260193,6.432000160217285,48.99239591,4.32201946
353,1627325266186,3.2160000801086426,48.99275728,4.32226683
354,1627325272191,3.2160000801086426,48.99307613,4.32256151
355,1627325278155,3.2160000801086426,48.99353362,4.32325451
356,1627325284143,4.2880001068115225,48.99397738,4.32395324
357,1627325290202,4.2880001068115225,48.99441079,4.32455862
358,1627325296284,4.2880001068115225,48.99478508,4.32516379
359,1627325302250,4.2880001068115225,48.99526987,4.32592499
360,1627325308221,6.432000160217285,48.99580738,4.32697882
361,1627325314189,5.360000133514403,48.99605517,4.32834742
362,1627325320198,3.2160000801086426,48.99586431,4.32978037
363,1627325326267,3.2160000801086426,48.99531907,4.33093839
364,1627325332201,4.2880001068115225,48.99466323,4.33190328
365,1627325338287,4.2880001068115225,48.99402997,4.33272824
366,1627325344180,5.360000133514403,48.99355317,4.33325418
367,1627325350224,5.360000133514403,48.99339965,4.33334376
368,1627325356218,5.360000133514403,48.99318063,4.33363821
369,1627325362133,5.360000133514403,48.99301328,4.33397051
370,1627325368187,6.432000160217285,48.99272127,4.33426006
371,1627325374232,5.360000133514403,48.99227901,4.33477595
372,1627325380132,5.360000133514403,48.99172876,4.33542913
373,1627325386150,4.2880001068115225,48.99118528,4.33606537
374,1627325392207,3.2160000801086426,48.99071782,4.33655574
375,1627325398277,3.2160000801086426,48.99029584,4.33704968
376,1627325404204,4.2880001068115225,48.98987311,4.33730454
377,1627325410274,5.360000133514403,48.98963195,4.33763186
378,1627325416267,4.2880001068115225,48.98991815,4.33792238
379,1627325422218,5.360000133514403,48.99026512,4.33842746
380,1627325428176,6.432000160217285,48.99067534,4.33915542
381,1627325434276,4.2880001068115225,48.99113135,4.34013087
382,1627325440217,4.2880001068115225,48.99149653,4.34110443
383,1627325446269,3.2160000801086426,48.99166525,4.34183665
384,1627325452240,3.2160000801086426,48.99170231,4.34235574
385,1627325458226,3.2160000801086426,48.99184818,4.34300775
386,1627325464227,4.2880001068115225,48.99198074,4.34395371
387,1627325470184,3.2160000801086426,48.99166124,4.34487932
388,1627325476234,4.2880001068115225,48.99097252,4.34550069
389,1627325482206,5.360000133514403,48.99009941,4.34620461
390,1627325488170,5.360000133514403,48.98910242,4.34695626
391,1627325494197,5.360000133514403,48.98803659,4.34776121
392,1627325500168,4.2880001068115225,48.98691414,4.34864778
393,1627325506177,4.2880001068115225,48.98578943,4.34952784
394,1627325512184,4.2880001068115225,48.98461986,4.35044897
395,1627325518165,5.360000133514403,48.983543,4.35139722
396,1627325524184,7.504000186920166,48.98260828,4.35261987
397,1627325530262,5.360000133514403,48.98179944,4.35405926
398,1627325536196,5.360000133514403,48.98107279,4.35555654
399,1627325542142,6.432000160217285,48.98048981,4.35731298
400,1627325548135,5.360000133514403,48.98007713,4.35911226
401,1627325554154,4.2880001068115225,48.97967425,4.36089278
402,1627325560121,4.2880001068115225,48.9792626,4.36265103
403,1627325566197,5.360000133514403,48.9788779,4.36438879
404,1627325572168,7.504000186920166,48.97844849,4.36614351
405,1627325578126,6.432000160217285,48.97802223,4.36797786
406,1627325584124,4.2880001068115225,48.97762591,4.36979388
407,1627325590116,4.2880001068115225,48.977185999999996,4.3716379000000005
408,1627325596183,8.576000213623049,48.97670304,4.37342804
409,1627325602082,7.504000186920166,48.97608933,4.37508521
410,1627325608147,5.360000133514403,48.97539595,4.37657737
411,1627325614118,4.2880001068115225,48.97461801,4.37788452
412,1627325620170,5.360000133514403,48.97361713,4.37916623
413,1627325626124,4.2880001068115225,48.97255406,4.38013297
414,1627325632122,5.360000133514403,48.97138911,4.38088409
415,1627325638176,5.360000133514403,48.9702524,4.38157019
416,1627325644139,4.2880001068115225,48.96909952,4.382248000000001
417,1627325650174,5.360000133514403,48.967946600000005,4.38297121
418,1627325656213,5.360000133514403,48.96685988,4.38392118
419,1627325662227,6.432000160217285,48.96588954,4.38523341
420,1627325668171,4.2880001068115225,48.96506847,4.38681595
421,1627325674155,5.360000133514403,48.96429624,4.38836725
422,1627325680180,6.432000160217285,48.96346648,4.38957961
423,1627325686210,5.360000133514403,48.96236903,4.39039407
424,1627325692144,6.432000160217285,48.96115557,4.39072357
425,1627325698194,4.2880001068115225,48.95991574,4.39045443
426,1627325704116,3.2160000801086426,48.95872594,4.38991944
427,1627325710111,3.2160000801086426,48.95755911,4.38949607
428,1627325716163,3.2160000801086426,48.95629824,4.38940272
429,1627325722156,3.2160000801086426,48.95501732,4.38965526
430,1627325728118,3.2160000801086426,48.95376276,4.38996956
431,1627325734161,4.2880001068115225,48.95250667,4.39028035
432,1627325740193,4.2880001068115225,48.95125858,4.3906165
433,1627325746251,4.2880001068115225,48.95008092,4.39091897
434,1627325752144,5.360000133514403,48.94886665,4.39126037
435,1627325758235,4.2880001068115225,48.94764549,4.39158809
436,1627325764132,5.360000133514403,48.94644941,4.39188423
437,1627325770161,5.360000133514403,48.94530827,4.3921845
438,1627325776218,5.360000133514403,48.94407021,4.3925886
439,1627325782165,6.432000160217285,48.94292251,4.39326639
440,1627325788164,5.360000133514403,48.94190206,4.39421555
441,1627325794193,3.2160000801086426,48.94087827,4.39535562
442,1627325800146,5.360000133514403,48.93993542,4.3964504
443,1627325806127,5.360000133514403,48.93899475,4.39751734
444,1627325812148,5.360000133514403,48.93809056,4.39852373
445,1627325818241,5.360000133514403,48.93728391,4.39948899
446,1627325824113,6.432000160217285,48.93648202,4.40037753
447,1627325830193,6.432000160217285,48.93565536,4.40129824
448,1627325836126,5.360000133514403,48.93481564,4.402247
449,1627325842134,6.432000160217285,48.933995700000004,4.40319608
450,1627325848133,5.360000133514403,48.9331598,4.40411854
451,1627325854222,4.2880001068115225,48.93232538,4.40506617
452,1627325860215,5.360000133514403,48.93149673,4.40602778
453,1627325866111,6.432000160217285,48.93069138,4.40698317
454,1627325872110,5.360000133514403,48.92984099,4.40796473
455,1627325878119,5.360000133514403,48.9290283,4.4088796
456,1627325884148,5.360000133514403,48.92819951,4.40984875
457,1627325890150,5.360000133514403,48.92736691,4.41077532
458,1627325896120,5.360000133514403,48.92655122,4.41169344
459,1627325902178,5.360000133514403,48.92572841,4.41262959
460,1627325908162,4.2880001068115225,48.924912400000004,4.41356355
461,1627325914105,5.360000133514403,48.92410112,4.41448213
462,1627325920105,5.360000133514403,48.9232908,4.41540998
463,1627325926195,4.2880001068115225,48.92247655,4.41635487
464,1627325932202,4.2880001068115225,48.92166339,4.41729166
465,1627325938136,5.360000133514403,48.92084616,4.41823636
466,1627325944115,5.360000133514403,48.92001614,4.41922914
467,1627325950216,5.360000133514403,48.91917588,4.42019384
468,1627325956196,5.360000133514403,48.91834826,4.4211136
469,1627325962116,4.2880001068115225,48.91753679999999,4.42207554
470,1627325968155,4.2880001068115225,48.91673389,4.42295783
471,1627325974188,4.2880001068115225,48.91591037,4.42390743
472,1627325980171,5.360000133514403,48.91509303,4.42485335
473,1627325986221,4.2880001068115225,48.91428409,4.42578448
474,1627325992218,4.2880001068115225,48.91352417,4.4267015999999995
475,1627325998189,5.360000133514403,48.91280079,4.42754072
476,1627326004103,6.432000160217285,48.91216066,4.42842416
477,1627326010264,6.432000160217285,48.91164192,4.4293239
478,1627326016168,5.360000133514403,48.91120316,4.43012039
479,1627326022164,5.360000133514403,48.91076618,4.43054709
480,1627326028096,5.360000133514403,48.91065893,4.43094764
481,1627326041133,3.2160000801086426,48.91088773,4.43239374
482,1627326047079,3.2160000801086426,48.91075593,4.43353076
483,1627326053186,3.2160000801086426,48.91036333,4.43481958
484,1627326059094,3.2160000801086426,48.90974735,4.43618955
485,1627326065072,3.2160000801086426,48.90901068,4.43758932
486,1627326071089,3.2160000801086426,48.90821791,4.43900824
487,1627326077096,4.2880001068115225,48.9073613,4.44041314
488,1627326083162,4.2880001068115225,48.90654013,4.44172966
489,1627326089097,5.360000133514403,48.90559345,4.44302381
490,1627326095099,5.360000133514403,48.90464349,4.44422672
491,1627326101169,5.360000133514403,48.90364422,4.44538377
492,1627326107083,5.360000133514403,48.90262466,4.44650851
493,1627326113079,4.2880001068115225,48.90176482,4.44738963
494,1627326119162,4.2880001068115225,48.90050278,4.44853652
495,1627326125133,4.2880001068115225,48.89942477,4.44943991
496,1627326131140,4.2880001068115225,48.89832433,4.45027647
497,1627326137080,4.2880001068115225,48.89725521,4.45106031
498,1627326143104,4.2880001068115225,48.89615187,4.45173095
499,1627326149121,3.2160000801086426,48.89499935,4.45240777
500,1627326155081,3.2160000801086426,48.89383028,4.45310733
501,1627326161125,4.2880001068115225,48.89267207,4.45377381
502,1627326167179,4.2880001068115225,48.89149570000001,4.45448611
503,1627326173113,4.2880001068115225,48.89034133,4.45517159
504,1627326179093,4.2880001068115225,48.88918885,4.45585768
505,1627326185134,4.2880001068115225,48.88800001,4.45657247
506,1627326191137,4.2880001068115225,48.88686732,4.45732321
507,1627326197124,5.360000133514403,48.88574296,4.458168
508,1627326203151,5.360000133514403,48.88462757,4.45909412
509,1627326209099,4.2880001068115225,48.88357711,4.46010766
510,1627326215175,4.2880001068115225,48.88251688,4.46118875
511,1627326221094,4.2880001068115225,48.88149984,4.46227608
512,1627326227161,4.2880001068115225,48.88051478,4.46334792
513,1627326233103,4.2880001068115225,48.879700899999996,4.46425848
514,1627326239183,4.2880001068115225,48.87853997,4.46551103
515,1627326245105,4.2880001068115225,48.87756961,4.466565599999999
516,1627326251095,4.2880001068115225,48.87656909,4.46769591
517,1627326257173,4.2880001068115225,48.87558609,4.46875893
518,1627326263249,4.2880001068115225,48.87459058,4.46987653
519,1627326269071,4.2880001068115225,48.87357663,4.47100127
520,1627326275151,4.2880001068115225,48.87256556,4.47213227
521,1627326281221,5.360000133514403,48.87161312,4.47337831
522,1627326287171,7.504000186920166,48.87075303,4.47477485
523,1627326293122,4.2880001068115225,48.86998325,4.47634198
524,1627326299165,5.360000133514403,48.86926626,4.47803647
525,1627326305124,4.2880001068115225,48.86859172,4.47972343
526,1627326311148,4.2880001068115225,48.86784633,4.48131456
527,1627326317159,4.2880001068115225,48.86699139,4.48277823
528,1627326323091,4.2880001068115225,48.86607928,4.48405694
529,1627326329156,4.2880001068115225,48.86509854,4.4851711
530,1627326335161,4.2880001068115225,48.86407667,4.48600797
531,1627326341065,6.432000160217285,48.86298465,4.48679707
532,1627326347072,6.432000160217285,48.86183643,4.487382900000001
533,1627326353095,4.2880001068115225,48.86066474,4.48794323
534,1627326359133,4.2880001068115225,48.85950056,4.48849747
535,1627326365037,4.2880001068115225,48.85834598,4.48906129
536,1627326371121,4.2880001068115225,48.85721602,4.48985853
537,1627326377077,3.2160000801086426,48.85615451,4.49074936
538,1627326383111,3.2160000801086426,48.85514106,4.49180365
539,1627326389163,4.2880001068115225,48.85418617,4.49304271
540,1627326395131,7.504000186920166,48.85328672,4.49436589
541,1627326401145,10.720000267028807,48.85245027,4.49568137
542,1627326407067,6.432000160217285,48.85155818,4.49707559
543,1627326413068,7.504000186920166,48.85064989,4.49846056
544,1627326419116,5.360000133514403,48.84985867,4.49965688
545,1627326425097,4.2880001068115225,48.84879794,4.50084386
546,1627326431109,4.2880001068115225,48.84776251,4.50190253
547,1627326437096,4.2880001068115225,48.84679311,4.50293598
548,1627326443120,5.360000133514403,48.84589393,4.50411266
549,1627326449085,4.2880001068115225,48.84503397,4.50540021
550,1627326455064,5.360000133514403,48.84418386,4.50658268
551,1627326461240,7.504000186920166,48.84332305,4.50783467
552,1627326467066,5.360000133514403,48.84253436,4.50918803
553,1627326473083,4.2880001068115225,48.841816200000004,4.51071553
554,1627326479090,4.2880001068115225,48.84120689,4.51240385
555,1627326485161,5.360000133514403,48.84069176,4.51418811
556,1627326491118,4.2880001068115225,48.84027203,4.51597991
557,1627326497078,3.2160000801086426,48.8398386,4.51777186
558,1627326503089,3.2160000801086426,48.83928891,4.51948798
559,1627326509057,3.2160000801086426,48.83861968,4.5211117
560,1627326515122,4.2880001068115225,48.8378733,4.52276225
561,1627326521259,4.2880001068115225,48.83715293,4.52438352
562,1627326527155,4.2880001068115225,48.83644055,4.52599765
563,1627326533058,3.2160000801086426,48.83574068,4.52759484
564,1627326539143,3.2160000801086426,48.83506209,4.52915182
565,1627326545164,4.2880001068115225,48.8344158,4.53062378
566,1627326551068,4.2880001068115225,48.83374151,4.53214122
567,1627326557072,5.360000133514403,48.83299405,4.53371486
568,1627326563093,4.2880001068115225,48.83211272,4.53505399
569,1627326569108,5.360000133514403,48.83105105,4.53614471
570,1627326575088,5.360000133514403,48.82989259,4.53685053
571,1627326581186,5.360000133514403,48.82869442,4.53723118
572,1627326587106,5.360000133514403,48.8275088,4.53739633
573,1627326593105,4.2880001068115225,48.82632782,4.53751887
574,1627326599055,3.2160000801086426,48.82517537,4.53775948
575,1627326605071,3.2160000801086426,48.82403214,4.53810146
576,1627326611234,3.2160000801086426,48.82290853,4.53860387
577,1627326617096,4.2880001068115225,48.82184885,4.53928658
578,1627326623172,3.2160000801086426,48.82080001,4.54014784
579,1627326629105,4.2880001068115225,48.81978403,4.54120592
580,1627326635057,4.2880001068115225,48.81885676,4.54240624
581,1627326641212,3.2160000801086426,48.81798398,4.54372859
582,1627326647058,3.2160000801086426,48.81713788,4.54504813
583,1627326653062,3.2160000801086426,48.81628618,4.54636164
584,1627326659156,3.2160000801086426,48.81543649,4.54766707
585,1627326665050,3.2160000801086426,48.81456342,4.54900894
586,1627326671110,3.2160000801086426,48.81370488,4.5503516
587,1627326677107,3.2160000801086426,48.81285406,4.55174107
588,1627326683115,3.2160000801086426,48.81198547,4.55308297
589,1627326689157,3.2160000801086426,48.81113878,4.5544324000000005
590,1627326695075,3.2160000801086426,48.810300700000006,4.55573638
591,1627326701174,3.2160000801086426,48.80947629,4.55700871
592,1627326707110,3.2160000801086426,48.80868439,4.55829434
593,1627326713065,3.2160000801086426,48.80787193,4.55968909
594,1627326719056,3.2160000801086426,48.80703034,4.56114309
595,1627326725086,3.2160000801086426,48.80622558,4.56256571
596,1627326731107,3.2160000801086426,48.80540833,4.563983400000001
597,1627326737093,3.2160000801086426,48.80458949,4.56538335
598,1627326743126,3.2160000801086426,48.803782299999995,4.56680886
599,1627326749046,3.2160000801086426,48.80299901,4.56822366
600,1627326755058,3.2160000801086426,48.80219557,4.569605200000001
601,1627326761142,3.2160000801086426,48.80135713,4.57105453
602,1627326767060,3.2160000801086426,48.8004794,4.572572
603,1627326773079,3.2160000801086426,48.79952214,4.57386458
604,1627326779122,3.2160000801086426,48.79853060000001,4.57486687
605,1627326785099,3.2160000801086426,48.79745685,4.57563544
606,1627326791076,3.2160000801086426,48.79628144,4.57621631
607,1627326797103,3.2160000801086426,48.79508763,4.57676912
608,1627326803624,3.2160000801086426,48.79395211,4.57724319
609,1627326809109,3.2160000801086426,48.79286272,4.57768604
610,1627326815085,3.2160000801086426,48.79182593,4.57813309
611,1627326821066,3.2160000801086426,48.79075133,4.57859494
612,1627326827110,4.2880001068115225,48.78961146,4.57909676
613,1627326833091,4.2880001068115225,48.78842897,4.57964124
614,1627326839100,4.2880001068115225,48.78726141,4.5801525000000005
615,1627326845098,4.2880001068115225,48.78608776,4.58070332
616,1627326851095,4.2880001068115225,48.78490466,4.58122082
617,1627326857067,4.2880001068115225,48.78374204,4.58169658
618,1627326863049,4.2880001068115225,48.78266088,4.58224167
619,1627326869092,3.2160000801086426,48.78171162,4.58311099
620,1627326875168,3.2160000801086426,48.78094842,4.58432567
621,1627326881024,3.2160000801086426,48.78033452,4.58568321
622,1627326887102,3.2160000801086426,48.77978336,4.58698801
623,1627326893102,4.2880001068115225,48.77924579,4.58819631
624,1627326899103,7.504000186920166,48.77862207,4.58919375
625,1627326905582,3.2160000801086426,48.77781107,4.58972705
626,1627326911088,4.2880001068115225,48.7768985,4.58972415
627,1627326917126,4.2880001068115225,48.77602706,4.58911652
628,1627326923181,3.2160000801086426,48.77535094,4.58811661
629,1627326929061,3.2160000801086426,48.77469687,4.58709554
630,1627326935041,3.2160000801086426,48.77396358,4.58612618
631,1627326941625,3.2160000801086426,48.7731742,4.58519309
632,1627326947543,4.2880001068115225,48.77240613,4.58425205
633,1627326953049,4.2880001068115225,48.77163973,4.58354911
634,1627326959059,5.360000133514403,48.77095142,4.58291708
635,1627326965027,5.360000133514403,48.77021911,4.58237944
636,1627326971478,5.360000133514403,48.76946831,4.58217713
637,1627326977584,6.432000160217285,48.76870568,4.58230747
638,1627326983077,6.432000160217285,48.76800613,4.58278808
639,1627326989094,7.504000186920166,48.7674643,4.58356424
640,1627326995574,5.360000133514403,48.76688763,4.58436289
641,1627327001089,5.360000133514403,48.76618333,4.584612
642,1627327007059,4.2880001068115225,48.76548718,4.58443804
643,1627327013188,3.2160000801086426,48.76477268,4.58449117
644,1627327019098,3.2160000801086426,48.76412113,4.58498473
645,1627327025064,3.2160000801086426,48.76344914,4.58552286
646,1627327031051,3.2160000801086426,48.762716299999994,4.58610512
647,1627327037063,3.2160000801086426,48.761824600000004,4.58673985
648,1627327043678,3.2160000801086426,48.76085822,4.58743837
649,1627327049127,3.2160000801086426,48.75989871,4.58810812
650,1627327055109,3.2160000801086426,48.75894452,4.58875935
651,1627327061100,3.2160000801086426,48.75797264,4.58929971
652,1627327067548,3.2160000801086426,48.7570008,4.58966384
653,1627327073142,3.2160000801086426,48.75601221,4.58958007
654,1627327079066,3.2160000801086426,48.75500707,4.58955838
655,1627327085547,3.2160000801086426,48.75398531,4.58973941
656,1627327091586,3.2160000801086426,48.7529365,4.59014128
657,1627327097171,3.2160000801086426,48.75188015,4.59066198
658,1627327103548,4.2880001068115225,48.75079718,4.59125352
659,1627327109089,4.2880001068115225,48.74974943,4.59193136
660,1627327115028,4.2880001068115225,48.74872025,4.5926651
661,1627327121118,4.2880001068115225,48.74769928,4.59331953
662,1627327127057,3.2160000801086426,48.74669698,4.59383056
663,1627327133521,3.2160000801086426,48.74566161,4.59401823
664,1627327139078,3.2160000801086426,48.74466911,4.59386424
665,1627327145582,4.2880001068115225,48.74372281,4.59354221
666,1627327151679,3.2160000801086426,48.74279516,4.59318043
667,1627327157159,3.2160000801086426,48.74196996,4.59284795
668,1627327163503,3.2160000801086426,48.74125249,4.59244887
669,1627327169525,3.2160000801086426,48.74080375,4.59193669
670,1627327175169,3.2160000801086426,48.7404402,4.59159537
671,1627327181080,4.2880001068115225,48.74022824,4.59207042
672,1627327187576,4.2880001068115225,48.74036847,4.59274005
673,1627327193515,3.2160000801086426,48.74018336,4.59367654
674,1627327199541,3.2160000801086426,48.73994637,4.59486011
675,1627327205072,3.2160000801086426,48.7396063,4.59624297
676,1627327211621,4.2880001068115225,48.73920943,4.59783475
677,1627327217506,5.360000133514403,48.73875042,4.59954585
678,1627327223560,4.2880001068115225,48.7382662,4.60131361
679,1627327229110,4.2880001068115225,48.73782038,4.60308055
680,1627327235076,4.2880001068115225,48.73731721,4.60479107
681,1627327241056,3.2160000801086426,48.73678965,4.60650596
682,1627327247101,3.2160000801086426,48.73622262,4.60819777
683,1627327253063,4.2880001068115225,48.73561133,4.6098576
684,1627327259068,4.2880001068115225,48.73496528,4.61147653
685,1627327265119,4.2880001068115225,48.73427720000001,4.61305071
686,1627327271056,4.2880001068115225,48.73356552,4.61455403
687,1627327277580,3.2160000801086426,48.73277726,4.61602271
688,1627327283576,3.2160000801086426,48.73195358,4.61742681
689,1627327289123,3.2160000801086426,48.73107143,4.61878272
690,1627327295550,4.2880001068115225,48.73015866,4.62007401
691,1627327301581,3.2160000801086426,48.72919841,4.62134726
692,1627327307605,3.2160000801086426,48.72825508,4.62249123
693,1627327313074,5.360000133514403,48.72726557,4.62360027
694,1627327319058,5.360000133514403,48.72626346,4.62469735
695,1627327325066,5.360000133514403,48.72523812,4.62581919
696,1627327331105,4.2880001068115225,48.7242267,4.62682041
697,1627327337029,5.360000133514403,48.72320172,4.62781795
698,1627327343663,5.360000133514403,48.72214422,4.62883989
699,1627327349556,4.2880001068115225,48.72107666,4.62986064
700,1627327355508,3.2160000801086426,48.71999954,4.63088141
701,1627327361111,4.2880001068115225,48.719010100000006,4.63186925
702,1627327367092,5.360000133514403,48.71802697,4.63281307
703,1627327373595,4.2880001068115225,48.717026000000004,4.6337511
704,1627327379053,4.2880001068115225,48.71601932,4.63473907
705,1627327385064,4.2880001068115225,48.71502053,4.63572711
706,1627327391091,4.2880001068115225,48.71403804,4.63676505
707,1627327397587,3.2160000801086426,48.71312245,4.63791263
708,1627327403062,3.2160000801086426,48.71227044,4.63919686
709,1627327409535,3.2160000801086426,48.71151019,4.64061794
710,1627327415626,3.2160000801086426,48.71081372,4.64216134
711,1627327421620,4.2880001068115225,48.71022914,4.64382051
712,1627327427544,4.2880001068115225,48.70969638,4.64553945
713,1627327433528,4.2880001068115225,48.70922999,4.64725206
714,1627327439620,4.2880001068115225,48.70874555,4.64900164
715,1627327445526,4.2880001068115225,48.70822586,4.65079541
716,1627327451568,4.2880001068115225,48.70774456,4.652513
717,1627327457505,5.360000133514403,48.70728465,4.65410833
718,1627327463069,4.2880001068115225,48.70689797,4.65553521
719,1627327469522,8.576000213623049,48.70648305,4.65696588
720,1627327475545,5.360000133514403,48.7061243,4.65835525
721,1627327481073,4.2880001068115225,48.70568043,4.65989701
722,1627327487465,3.2160000801086426,48.70519964,4.66152791
723,1627327493505,3.2160000801086426,48.70473107,4.66324827
724,1627327499557,3.2160000801086426,48.70425253,4.66496911
725,1627327505057,3.2160000801086426,48.70377042,4.66672126
726,1627327511034,6.432000160217285,48.70327512,4.66845116
727,1627327517567,6.432000160217285,48.702785999999996,4.67018806
728,1627327523466,5.360000133514403,48.70233092,4.67190622
729,1627327529038,5.360000133514403,48.70183182,4.67368098
730,1627327535523,5.360000133514403,48.70135787,4.67540012
731,1627327541063,4.2880001068115225,48.70084969,4.67716038
732,1627327547528,4.2880001068115225,48.70037833,4.67887626
733,1627327553061,4.2880001068115225,48.69988515,4.68059126
734,1627327559115,4.2880001068115225,48.69940563,4.68233295
735,1627327565588,4.2880001068115225,48.69890527,4.68406104
736,1627327571545,3.2160000801086426,48.69839843,4.68580261
737,1627327577515,3.2160000801086426,48.69791791,4.68755387
738,1627327583505,3.2160000801086426,48.69744022,4.68931543
739,1627327589464,3.2160000801086426,48.69693932,4.69108484
740,1627327595069,3.2160000801086426,48.69645011,4.69283518
741,1627327601508,3.2160000801086426,48.69597143,4.69457124
742,1627327607124,3.2160000801086426,48.69548407,4.69631961
743,1627327613095,3.2160000801086426,48.69500359,4.69804576
744,1627327619026,3.2160000801086426,48.69451335,4.6997819000000005
745,1627327625537,4.2880001068115225,48.69403914,4.70153515
746,1627327631027,3.2160000801086426,48.69355298,4.70329054
747,1627327637505,3.2160000801086426,48.69305553,4.70504444
748,1627327643513,3.2160000801086426,48.69256775,4.70678053
749,1627327649467,3.2160000801086426,48.69209033,4.70852677
750,1627327655097,3.2160000801086426,48.69159570000001,4.71029827
751,1627327661126,3.2160000801086426,48.69111657,4.7120443
752,1627327667469,3.2160000801086426,48.69068202,4.71379677
753,1627327673507,4.2880001068115225,48.69029256,4.715598
754,1627327679103,3.2160000801086426,48.68992911,4.71741631
755,1627327685550,3.2160000801086426,48.68957622,4.71925403
756,1627327691117,4.2880001068115225,48.68924849,4.72107665
757,1627327697077,4.2880001068115225,48.68887703,4.72288774
758,1627327703467,3.2160000801086426,48.68854069,4.72468383
759,1627327709046,3.2160000801086426,48.68817173,4.72648939
760,1627327715483,3.2160000801086426,48.68767072,4.72824473
761,1627327721466,4.2880001068115225,48.68711503,4.7299446
762,1627327727479,3.2160000801086426,48.68654327,4.73161858
763,1627327733479,3.2160000801086426,48.6859641,4.73331018
764,1627327739459,3.2160000801086426,48.68536914,4.73500621
765,1627327745568,4.2880001068115225,48.68478775,4.73667515
766,1627327751070,4.2880001068115225,48.6842217,4.73835352
767,1627327757093,4.2880001068115225,48.68365048,4.74003668
768,1627327763636,4.2880001068115225,48.68306526,4.74172383
769,1627327769532,4.2880001068115225,48.68249198,4.74338303
770,1627327775477,4.2880001068115225,48.68190729,4.74508899
771,1627327781074,9.648000717163086,48.68132731,4.74674771
772,1627327787025,9.648000717163086,48.68070973,4.74841255
773,1627327793027,9.648000717163086,48.68013609,4.75007987
774,1627327799520,4.2880001068115225,48.67956812,4.75173791
775,1627327805479,5.360000133514403,48.67896408,4.75344174
776,1627327811480,4.2880001068115225,48.67837732,4.755156200000001
777,1627327817511,5.360000133514403,48.67779149,4.75681094
778,1627327823474,4.2880001068115225,48.67721523,4.75850172
779,1627327829601,4.2880001068115225,48.67663157,4.76018877
780,1627327841572,4.2880001068115225,48.67552246,4.76353665
781,1627327847538,4.2880001068115225,48.67494033,4.7652130999999995
782,1627327853575,4.2880001068115225,48.67431921,4.76693136
783,1627327859476,4.2880001068115225,48.67374174,4.7686159
784,1627327865465,4.2880001068115225,48.67312948,4.77028357
785,1627327871545,4.2880001068115225,48.67250854,4.7719515999999995
786,1627327877551,4.2880001068115225,48.67193948,4.77360859
787,1627327883485,4.2880001068115225,48.67137939,4.77528061
788,1627327889466,5.360000133514403,48.67080193,4.77697732
789,1627327895512,6.432000160217285,48.67020915,4.77859167
790,1627327901464,4.2880001068115225,48.66963854,4.7802893
791,1627327907465,4.2880001068115225,48.66907998,4.78195236
792,1627327913423,4.2880001068115225,48.66849082,4.78363892
793,1627327919058,4.2880001068115225,48.66790701,4.78534982
794,1627327925468,4.2880001068115225,48.66731929,4.78701463
795,1627327931024,4.2880001068115225,48.66672416,4.78871446
796,1627327937466,3.2160000801086426,48.66614924,4.7903977
797,1627327943438,3.2160000801086426,48.66555865,4.79207076
798,1627327949067,3.2160000801086426,48.66499563,4.79373358
799,1627327955482,4.2880001068115225,48.66440451,4.79541104
800,1627327961483,4.2880001068115225,48.66381907,4.79704898
801,1627327967467,3.2160000801086426,48.66325499,4.79872254
802,1627327973451,3.2160000801086426,48.66265948,4.80041823
803,1627327979469,3.2160000801086426,48.66208723,4.80208337
804,1627327985056,3.2160000801086426,48.6615106,4.80375579
805,1627327991601,3.2160000801086426,48.66092566,4.80543575
806,1627327997509,4.2880001068115225,48.66033796,4.80711786
807,1627328003405,4.2880001068115225,48.65975576,4.80879753
808,1627328009511,4.2880001068115225,48.65917654,4.81046504
809,1627328015451,9.648000717163086,48.65861356,4.81215634
810,1627328021437,10.720000267028807,48.65801029,4.81383326
811,1627328027467,10.720000267028807,48.65736695,4.81547806
812,1627328033426,3.2160000801086426,48.65655784,4.81689225
813,1627328039532,3.2160000801086426,48.65564456,4.81817399
814,1627328045508,3.2160000801086426,48.654773,4.8195611
815,1627328051545,4.2880001068115225,48.65412147,4.82114222
816,1627328057124,5.360000133514403,48.65366072,4.82291848
817,1627328063509,4.2880001068115225,48.65336452,4.82470847
818,1627328069507,4.2880001068115225,48.65311457,4.82655034
819,1627328075437,3.2160000801086426,48.65301248,4.82847088
820,1627328081050,3.2160000801086426,48.65306971,4.83034481
821,1627328087440,3.2160000801086426,48.653113,4.83223618
822,1627328093096,3.2160000801086426,48.65302794,4.83411709
823,1627328099451,5.360000133514403,48.65280797,4.83596594
824,1627328105548,4.2880001068115225,48.65250119,4.83775868
825,1627328111504,3.2160000801086426,48.65213785,4.83956894
826,1627328117482,3.2160000801086426,48.65178027,4.84137256
827,1627328123074,4.2880001068115225,48.65141743,4.84322926
828,1627328129060,5.360000133514403,48.65104966,4.84505419
829,1627328135049,4.2880001068115225,48.65073073,4.84685275
830,1627328141093,4.2880001068115225,48.65034731,4.84868797
831,1627328147057,4.2880001068115225,48.65000348,4.85049001
832,1627328153062,4.2880001068115225,48.64967722,4.85228889
833,1627328159475,4.2880001068115225,48.64931197,4.85411761
834,1627328165443,5.360000133514403,48.648954700000004,4.85595088
835,1627328171431,5.360000133514403,48.64859632,4.85775153
836,1627328177575,5.360000133514403,48.64836096,4.85948216
837,1627328183502,7.504000186920166,48.64809243,4.86112772
838,1627328189479,12.86400032043457,48.64800504,4.86278523
839,1627328195023,6.432000160217285,48.64767057,4.86425514
840,1627328201519,4.2880001068115225,48.64746544,4.86573858
841,1627328207522,5.360000133514403,48.64725365,4.86723256
842,1627328213552,4.2880001068115225,48.64707311,4.86875222
843,1627328219466,4.2880001068115225,48.64684811,4.87028526
844,1627328225426,3.2160000801086426,48.64661109,4.87179028
845,1627328231468,3.2160000801086426,48.6463751,4.87328784
846,1627328237056,4.2880001068115225,48.64615211,4.87481678
847,1627328243438,3.2160000801086426,48.64595244,4.87642484
848,1627328249477,4.2880001068115225,48.64565614,4.87810785
849,1627328255479,4.2880001068115225,48.64540387,4.87992307
850,1627328261504,5.360000133514403,48.64506205,4.88173997
851,1627328267500,9.648000717163086,48.64482679,4.8836487
852,1627328273585,9.648000717163086,48.64458263,4.88547192
853,1627328279510,9.648000717163086,48.64433616,4.88731916
854,1627328285467,9.648000717163086,48.64407176,4.88915227
855,1627328291508,9.648000717163086,48.64379425,4.89100671
856,1627328297430,9.648000717163086,48.64354854,4.89287303
857,1627328303511,9.648000717163086,48.64327279,4.89475326
858,1627328309136,9.648000717163086,48.64302167,4.89660472
859,1627328315418,9.648000717163086,48.64273422,4.898435
860,1627328321488,9.648000717163086,48.64244698,4.9002715
861,1627328327433,9.648000717163086,48.64214393,4.90211723
862,1627328333443,9.648000717163086,48.641888,4.90394669
863,1627328339441,9.648000717163086,48.64162134,4.905786099999999
864,1627328345441,9.648000717163086,48.64136191,4.90760347
865,1627328351575,10.720000267028807,48.64112396,4.90943577
866,1627328357437,9.648000717163086,48.64085568,4.91122651
867,1627328363440,9.648000717163086,48.64062041,4.91294292
868,1627328369547,9.648000717163086,48.64029934,4.91467146
869,1627328375525,3.2160000801086426,48.63982528,4.91627274
870,1627328381030,4.2880001068115225,48.6392385,4.91782947
871,1627328387436,3.2160000801086426,48.63851935,4.91922187
872,1627328393464,3.2160000801086426,48.63768129,4.92042802
873,1627328399479,3.2160000801086426,48.63671905,4.92149631
874,1627328405466,3.2160000801086426,48.63569814,4.92251403
875,1627328411459,3.2160000801086426,48.63463864,4.92341253
876,1627328417447,3.2160000801086426,48.63360303,4.92441096
877,1627328423444,3.2160000801086426,48.63255649,4.92530775
878,1627328429505,3.2160000801086426,48.63157691,4.9263277
879,1627328435496,4.2880001068115225,48.63061564,4.92748327
880,1627328441467,6.432000160217285,48.62969203,4.92878791
881,1627328447413,4.2880001068115225,48.62881401,4.93012575
882,1627328453357,3.2160000801086426,48.62795153,4.931489
883,1627328459503,3.2160000801086426,48.6270896,4.9328737
884,1627328465428,3.2160000801086426,48.62620955,4.93423421
885,1627328471484,3.2160000801086426,48.62536141,4.93556408
886,1627328477400,3.2160000801086426,48.62451364,4.93689728
887,1627328483401,3.2160000801086426,48.62366931,4.93827237
888,1627328489399,3.2160000801086426,48.6229199,4.93978867
889,1627328495435,3.2160000801086426,48.62226436,4.94140661
890,1627328501456,4.2880001068115225,48.62171056,4.9430928
891,1627328507358,3.2160000801086426,48.62129314,4.9448824
892,1627328513477,5.360000133514403,48.62103363,4.9466904000000005
893,1627328519438,4.2880001068115225,48.62089061,4.94855902
894,1627328525440,4.2880001068115225,48.62083382,4.95041948
895,1627328531379,3.2160000801086426,48.620954100000006,4.95229921
896,1627328537398,4.2880001068115225,48.62111984,4.95415115
897,1627328543398,4.2880001068115225,48.6213299,4.95599468
898,1627328549402,4.2880001068115225,48.62150287,4.95787033
899,1627328555402,5.360000133514403,48.62166695,4.95975742
900,1627328561431,5.360000133514403,48.62186385,4.96161717
901,1627328567426,4.2880001068115225,48.62195001,4.96348762
902,1627328573058,4.2880001068115225,48.62197862,4.96538946
903,1627328579443,3.2160000801086426,48.62194316,4.96728549
904,1627328585464,3.2160000801086426,48.62178712,4.9691717
905,1627328591468,5.360000133514403,48.62153608,4.97098373
906,1627328597399,6.432000160217285,48.62126536,4.97281325
907,1627328603398,6.432000160217285,48.62097562,4.97468969
908,1627328609431,7.504000186920166,48.62068343,4.97653332
909,1627328615057,4.2880001068115225,48.62044104,4.97836096
910,1627328621060,7.504000186920166,48.62029925,4.98025606
911,1627328627429,10.720000267028807,48.62034305,4.98215551
912,1627328633463,4.2880001068115225,48.6206294,4.98395606
913,1627328639463,4.2880001068115225,48.62114783,4.98569358
914,1627328645397,4.2880001068115225,48.62183562,4.98724581
915,1627328651026,4.2880001068115225,48.62273981,4.988633999999999
916,1627328657400,4.2880001068115225,48.62369644,4.98988392
917,1627328663533,5.360000133514403,48.62458434,4.99111977
918,1627328669388,5.360000133514403,48.62542707,4.99242501
919,1627328675449,5.360000133514403,48.6261583,4.99384964
920,1627328681504,4.2880001068115225,48.62682358,4.99542095
921,1627328687412,4.2880001068115225,48.62745883,4.99704172
922,1627328693399,3.2160000801086426,48.62799082,4.99872655
923,1627328699413,10.720000267028807,48.62852042,5.00035636
924,1627328705380,9.648000717163086,48.62913974,5.002018799999999
925,1627328711467,10.720000267028807,48.629886299999995,5.00351214
926,1627328717064,9.648000717163086,48.63077847,5.00487683
927,1627328723400,9.648000717163086,48.63172582,5.00609134
928,1627328729400,9.648000717163086,48.63277207,5.00718006
929,1627328741451,8.576000213623049,48.63504834,5.00879636
930,1627328747475,7.504000186920166,48.63618688,5.00953296
931,1627328753502,5.360000133514403,48.63729042,5.01048781
932,1627328759450,4.2880001068115225,48.63821958,5.01168902
933,1627328765510,4.2880001068115225,48.63897335,5.0131583
934,1627328771430,4.2880001068115225,48.63951888,5.01485843
935,1627328777431,4.2880001068115225,48.63982474,5.01670437
936,1627328783433,7.504000186920166,48.64009899,5.01854931
937,1627328789466,4.2880001068115225,48.64018929,5.02041979
938,1627328795474,5.360000133514403,48.64015667,5.02230544
939,1627328801432,4.2880001068115225,48.63995959,5.02417082
940,1627328807403,4.2880001068115225,48.63973886,5.02599202
941,1627328813469,5.360000133514403,48.6395335,5.02778074
942,1627328819442,5.360000133514403,48.63931312,5.02952409
943,1627328825461,4.2880001068115225,48.63910931,5.03132928
944,1627328831396,9.648000717163086,48.63903528,5.03311338
945,1627328837451,3.2160000801086426,48.63915371,5.03491233
946,1627328843436,4.2880001068115225,48.63931625,5.03668948
947,1627328849405,5.360000133514403,48.63948857,5.03849894
948,1627328855419,5.360000133514403,48.63964472,5.04034405
949,1627328861478,7.504000186920166,48.63983655,5.04219964
950,1627328867532,5.360000133514403,48.63998031,5.04407805
951,1627328873432,5.360000133514403,48.64015133,5.04592215
952,1627328879534,6.432000160217285,48.64030106,5.04777214
953,1627328885390,7.504000186920166,48.64046473,5.04962246
954,1627328891374,4.2880001068115225,48.64053945,5.05145535
955,1627328897375,5.360000133514403,48.64058751,5.05319423
956,1627328903430,7.504000186920166,48.64064327,5.0548399
957,1627328909429,5.360000133514403,48.64074552,5.0565298
958,1627328915416,10.720000267028807,48.64101264,5.0582157
959,1627328921574,4.2880001068115225,48.641639500000004,5.05986765
960,1627328927401,3.2160000801086426,48.64219791,5.06150995
961,1627328933405,3.2160000801086426,48.64253336,5.06327252
962,1627328939033,3.2160000801086426,48.64286682,5.06496406
963,1627328945467,5.360000133514403,48.643303,5.06656584
964,1627328951474,5.360000133514403,48.64375165,5.06831249
965,1627328957342,5.360000133514403,48.6439975,5.07015031
966,1627328963426,9.648000717163086,48.64399604,5.07203686
967,1627328969365,9.648000717163086,48.64378395,5.07391757
968,1627328975434,10.720000267028807,48.64358036,5.07571014
969,1627328981421,9.648000717163086,48.64337932,5.07742774
970,1627328987416,10.720000267028807,48.64318363,5.07912854
971,1627328993495,4.2880001068115225,48.64324902,5.08091683
972,1627328999423,4.2880001068115225,48.64348387,5.08268963
973,1627329005428,5.360000133514403,48.64373613,5.0844944000000005
974,1627329011408,4.2880001068115225,48.64388824,5.08634054
975,1627329017406,3.2160000801086426,48.64376004,5.08814121
976,1627329023501,6.432000160217285,48.64357065,5.08991735
977,1627329029406,5.360000133514403,48.64337254,5.091745400000001
978,1627329035402,4.2880001068115225,48.64315963,5.09358198
979,1627329041427,5.360000133514403,48.64295188,5.09543619
980,1627329047380,5.360000133514403,48.64275373,5.09724065
981,1627329053045,6.432000160217285,48.64257512,5.09898897
982,1627329059529,6.432000160217285,48.64239204,5.10076346
983,1627329065411,6.432000160217285,48.64217485,5.10264151
984,1627329071462,5.360000133514403,48.64196053,5.10448779
985,1627329077383,10.720000267028807,48.64173363,5.10633027
986,1627329083385,10.720000267028807,48.64153535,5.10816602
987,1627329089429,6.432000160217285,48.64132103,5.11002324
988,1627329095433,5.360000133514403,48.64107738,5.11190057
989,1627329101507,4.2880001068115225,48.64087569,5.1137632
990,1627329107423,4.2880001068115225,48.64066913,5.11554724
991,1627329113425,5.360000133514403,48.64047478,5.11742279
992,1627329119462,5.360000133514403,48.64024815,5.11924964
993,1627329125384,4.2880001068115225,48.64005643,5.12108482
994,1627329131466,3.2160000801086426,48.64012064,5.1229381
995,1627329137534,3.2160000801086426,48.64037409,5.12482023
996,1627329143388,4.2880001068115225,48.64070571,5.12660807
997,1627329149383,4.2880001068115225,48.64105978,5.12838453
998,1627329155422,5.360000133514403,48.64146312,5.13024577
999,1627329161488,5.360000133514403,48.64168278,5.13213548
1000,1627329167384,4.2880001068115225,48.64169856,5.13403878
1001,1627329173457,5.360000133514403,48.64168934,5.13588921
1002,1627329179451,4.2880001068115225,48.64177799,5.13780532
1003,1627329185382,4.2880001068115225,48.64205075,5.13960778
1004,1627329191443,4.2880001068115225,48.64243189,5.14141597
1005,1627329197426,5.360000133514403,48.64282772,5.143180200000001
1006,1627329203429,5.360000133514403,48.64319144,5.14497659
1007,1627329209416,4.2880001068115225,48.64359309,5.1468008
1008,1627329215449,4.2880001068115225,48.64400255,5.14858947
1009,1627329221455,4.2880001068115225,48.64440428,5.15039404
1010,1627329227495,5.360000133514403,48.64479019,5.15216488
1011,1627329233427,4.2880001068115225,48.645162899999995,5.15386161
1012,1627329239456,4.2880001068115225,48.64553217,5.1555197999999995
1013,1627329245390,4.2880001068115225,48.64589014,5.15721757
1014,1627329251489,4.2880001068115225,48.646285299999995,5.15895688
1015,1627329257391,5.360000133514403,48.64662991,5.160764599999999
1016,1627329263460,4.2880001068115225,48.64705786,5.16255366
1017,1627329269431,4.2880001068115225,48.64744215,5.16436411
1018,1627329275442,4.2880001068115225,48.64784266,5.16616585
1019,1627329281445,5.360000133514403,48.64816051,5.16796448
1020,1627329287455,4.2880001068115225,48.64830872,5.16986077
1021,1627329293446,3.2160000801086426,48.64828776,5.17176983
1022,1627329299408,4.2880001068115225,48.64808225,5.17367942
1023,1627329305394,5.360000133514403,48.64766568,5.17551037
1024,1627329311354,3.2160000801086426,48.64709184,5.17724369
1025,1627329317470,3.2160000801086426,48.6464304,5.17881343
1026,1627329323482,3.2160000801086426,48.64574726,5.1803904
1027,1627329329520,4.2880001068115225,48.64516028,5.18198418
1028,1627329335388,5.360000133514403,48.6447253,5.18364874
1029,1627329341420,6.432000160217285,48.6444192,5.18529968
1030,1627329347524,6.432000160217285,48.64421039,5.18702281
1031,1627329353439,4.2880001068115225,48.64419761,5.18874787
1032,1627329359430,3.2160000801086426,48.64425457,5.19057517
1033,1627329365414,4.2880001068115225,48.64440745,5.19252736
1034,1627329371455,3.2160000801086426,48.64454242,5.19450989
1035,1627329377343,3.2160000801086426,48.64472181,5.19641911
1036,1627329383321,3.2160000801086426,48.64487437,5.19824271
1037,1627329389467,4.2880001068115225,48.64504434,5.20004358
1038,1627329395401,5.360000133514403,48.64524913,5.20178759
1039,1627329401448,4.2880001068115225,48.64550247,5.20355712
1040,1627329407460,5.360000133514403,48.64585585,5.20519263
1041,1627329413372,5.360000133514403,48.64626792,5.20688661
1042,1627329419416,6.432000160217285,48.64681601,5.20851163
1043,1627329425350,4.2880001068115225,48.64738318,5.21016444
1044,1627329431419,4.2880001068115225,48.64802148,5.21173649
1045,1627329437430,4.2880001068115225,48.64874588,5.21327025
1046,1627329443437,4.2880001068115225,48.64953947,5.21474324
1047,1627329449309,4.2880001068115225,48.65037572,5.21612915
1048,1627329455367,3.2160000801086426,48.6512138,5.2174986
1049,1627329461452,3.2160000801086426,48.65207419,5.21883287
1050,1627329467392,3.2160000801086426,48.65290122,5.22025126
1051,1627329473300,3.2160000801086426,48.65367811,5.22177659
1052,1627329479406,4.2880001068115225,48.65435708,5.22332948
1053,1627329485315,3.2160000801086426,48.6549311,5.2249819
1054,1627329491347,3.2160000801086426,48.65538901,5.22663603
1055,1627329497425,4.2880001068115225,48.65579345,5.22833422
1056,1627329503360,5.360000133514403,48.65619385,5.2299629
1057,1627329509448,5.360000133514403,48.65659065,5.23163883
1058,1627329515337,5.360000133514403,48.65698566,5.23330426
1059,1627329521367,5.360000133514403,48.65737463,5.23498044
1060,1627329527420,5.360000133514403,48.65782157,5.23664967
1061,1627329533422,4.2880001068115225,48.65821399,5.23836734
1062,1627329539388,4.2880001068115225,48.65861553,5.24011798
1063,1627329545350,3.2160000801086426,48.65901532,5.24186729
1064,1627329551426,3.2160000801086426,48.65940483,5.24365466
1065,1627329557366,5.360000133514403,48.65981436,5.24543065
1066,1627329563355,4.2880001068115225,48.66026393,5.24721562
1067,1627329569063,5.360000133514403,48.66069514,5.24871087
1068,1627329575044,7.504000186920166,48.66115495,5.25047597
1069,1627329581227,5.360000133514403,48.66153629,5.25225892
1070,1627329587358,4.2880001068115225,48.66197185,5.25400762
1071,1627329593361,4.2880001068115225,48.66240118,5.25574363
1072,1627329599211,5.360000133514403,48.66280494,5.25752239
1073,1627329605203,5.360000133514403,48.66326853,5.259332
1074,1627329611275,5.360000133514403,48.66370721,5.26105668
1075,1627329617181,5.360000133514403,48.66417778,5.26280526
1076,1627329623196,6.432000160217285,48.66461085,5.26458415
1077,1627329629285,4.2880001068115225,48.66504544,5.26633187
1078,1627329641801,5.360000133514403,48.66592997,5.26983663
1079,1627329647253,3.2160000801086426,48.66636945,5.27159484
1080,1627329653236,4.2880001068115225,48.66684601,5.27329762
1081,1627329659226,4.2880001068115225,48.66727592,5.27495884
1082,1627329665345,6.432000160217285,48.66765713,5.276699
1083,1627329671338,7.504000186920166,48.66802757,5.27846839
1084,1627329677304,6.432000160217285,48.66839838,5.28015224
1085,1627329683224,5.360000133514403,48.66884248,5.2817833
1086,1627329689223,9.648000717163086,48.66922075,5.2833689
1087,1627329695228,9.648000717163086,48.66960469,5.28501006
1088,1627329701225,10.720000267028807,48.67007481,5.28676911
1089,1627329707336,10.720000267028807,48.6704339,5.28856553
1090,1627329713333,10.720000267028807,48.67086175,5.29034927
1091,1627329719303,10.720000267028807,48.67132611,5.29214504
1092,1627329725059,10.720000267028807,48.67184465,5.29393132
1093,1627329731518,9.648000717163086,48.67254425,5.29594265
1094,1627329737519,10.720000267028807,48.67320518,5.29750597
1095,1627329743538,10.720000267028807,48.67399672,5.29897741
1096,1627329749506,4.2880001068115225,48.6749539,5.30028009
1097,1627329755569,4.2880001068115225,48.67598045,5.30149602
1098,1627329761507,4.2880001068115225,48.67709425,5.30254079
1099,1627329767052,5.360000133514403,48.67799969,5.30331456
1100,1627329773082,7.504000186920166,48.67914799,5.30408972
1101,1627329779557,4.2880001068115225,48.68044455,5.30516173
1102,1627329785460,4.2880001068115225,48.68147858,5.30616742
1103,1627329791533,4.2880001068115225,48.68245418,5.30735934
1104,1627329797083,4.2880001068115225,48.6833189,5.30867917
1105,1627329803050,5.360000133514403,48.68399287,5.30980938
1106,1627329809491,5.360000133514403,48.68489,5.3113634
1107,1627329815519,5.360000133514403,48.68555611,5.31268343
1108,1627329821501,4.2880001068115225,48.68632191,5.31382321
1109,1627329827394,4.2880001068115225,48.68720866,5.31477685
1110,1627329833387,4.2880001068115225,48.68822607,5.31543527
1111,1627329839377,6.432000160217285,48.68934256,5.31588646
1112,1627329845532,7.504000186920166,48.69051656,5.31634347
1113,1627329851458,4.2880001068115225,48.691652000000005,5.31711479
1114,1627329857461,3.2160000801086426,48.69264185,5.31836585
1115,1627329863426,3.2160000801086426,48.69340551,5.31990602
1116,1627329869320,3.2160000801086426,48.69388914,5.32164368
1117,1627329875383,3.2160000801086426,48.69415198,5.32343081
1118,1627329881401,3.2160000801086426,48.69423405,5.32524098
1119,1627329887447,3.2160000801086426,48.69417137,5.32702854
1120,1627329893378,3.2160000801086426,48.69406953,5.32879975
1121,1627329899342,3.2160000801086426,48.6939586,5.33058672
1122,1627329905342,4.2880001068115225,48.69379368,5.33234702
1123,1627329911423,4.2880001068115225,48.69358517,5.33411825
1124,1627329917395,4.2880001068115225,48.69333126,5.33584899
1125,1627329923458,4.2880001068115225,48.693070500000005,5.33757909
1126,1627329929319,4.2880001068115225,48.69282833,5.33933673
1127,1627329935361,4.2880001068115225,48.69267846,5.34107463
1128,1627329941417,4.2880001068115225,48.69261042,5.34282748
1129,1627329947460,5.360000133514403,48.69265383,5.34462709
1130,1627329953352,4.2880001068115225,48.69276217,5.34640128
1131,1627329959400,4.2880001068115225,48.69297055,5.3481526
1132,1627329965454,4.2880001068115225,48.69320157,5.34983392
1133,1627329971097,4.2880001068115225,48.69343178,5.35153005
1134,1627329977382,4.2880001068115225,48.69365405,5.3532617
1135,1627329983411,4.2880001068115225,48.69387254,5.35491823
1136,1627329989399,5.360000133514403,48.69411434,5.35661244
1137,1627329995308,6.432000160217285,48.69425115,5.35832668
1138,1627330001439,6.432000160217285,48.69426965,5.36003695
1139,1627330007434,4.2880001068115225,48.69432753,5.36175173
1140,1627330013490,5.360000133514403,48.69442077,5.36345621
1141,1627330019414,3.2160000801086426,48.69454113,5.36516567
1142,1627330025420,4.2880001068115225,48.69474715,5.36696613
1143,1627330031434,4.2880001068115225,48.69496801,5.36868686
1144,1627330037341,4.2880001068115225,48.69520317,5.37041185
1145,1627330043359,4.2880001068115225,48.69542639,5.37215137
1146,1627330049417,5.360000133514403,48.69563105,5.37391605
1147,1627330055359,3.2160000801086426,48.69592493,5.37565802
1148,1627330061357,4.2880001068115225,48.6962279,5.37737251
1149,1627330067444,6.432000160217285,48.69656771,5.37907501
1150,1627330073381,6.432000160217285,48.69685923,5.38073977
1151,1627330079376,4.2880001068115225,48.69712896,5.38255764
1152,1627330085418,5.360000133514403,48.69740034,5.38434591
1153,1627330091342,4.2880001068115225,48.69765377,5.38612844
1154,1627330097351,4.2880001068115225,48.69792942,5.38789933
1155,1627330103477,4.2880001068115225,48.69819947,5.38968855
1156,1627330109346,4.2880001068115225,48.69849737,5.391507099999999
1157,1627330115414,3.2160000801086426,48.69875995,5.39329914
1158,1627330121360,4.2880001068115225,48.69904881,5.39515079
1159,1627330127373,4.2880001068115225,48.69934728,5.39696565
1160,1627330133405,4.2880001068115225,48.6996015,5.39871157
1161,1627330139357,3.2160000801086426,48.69986993,5.40042906
1162,1627330145113,3.2160000801086426,48.70013394,5.4022073
1163,1627330151459,3.2160000801086426,48.70041046,5.40401512
1164,1627330157488,3.2160000801086426,48.70069313,5.40580609
1165,1627330163347,4.2880001068115225,48.70095307,5.40751288
1166,1627330169491,3.2160000801086426,48.70117234,5.40912336
1167,1627330175472,3.2160000801086426,48.70140972,5.4107262
1168,1627330181461,3.2160000801086426,48.70166299,5.41232638
1169,1627330187340,3.2160000801086426,48.701885600000004,5.41397245
1170,1627330193462,3.2160000801086426,48.70211802,5.41564374
1171,1627330199366,3.2160000801086426,48.7023852,5.41740878
1172,1627330205356,3.2160000801086426,48.7026482,5.41920834
1173,1627330211380,3.2160000801086426,48.70289668,5.42097075
1174,1627330217372,3.2160000801086426,48.70315829,5.42274614
1175,1627330223480,3.2160000801086426,48.7033761,5.42446816
1176,1627330229365,3.2160000801086426,48.70360535,5.42624481
1177,1627330235446,4.2880001068115225,48.70385436,5.428046599999999
1178,1627330241341,3.2160000801086426,48.70409147,5.42986838
1179,1627330247310,4.2880001068115225,48.70431432,5.43166945
1180,1627330253490,4.2880001068115225,48.70442708,5.43336713
1181,1627330259401,3.2160000801086426,48.70425616,5.43494612
1182,1627330265395,3.2160000801086426,48.70383595,5.43636302
1183,1627330271384,3.2160000801086426,48.70332933,5.43767167
1184,1627330277394,3.2160000801086426,48.70297657,5.43912984
1185,1627330283494,3.2160000801086426,48.70287982,5.44078511
1186,1627330289341,4.2880001068115225,48.70311365,5.44241466
1187,1627330295492,5.360000133514403,48.70367453,5.44403221
1188,1627330301450,5.360000133514403,48.70420783,5.44558849
1189,1627330307381,4.2880001068115225,48.70472882,5.44716681
1190,1627330313415,4.2880001068115225,48.70515526,5.44892593
1191,1627330319419,5.360000133514403,48.70521337,5.45079093
1192,1627330325353,4.2880001068115225,48.70521922,5.4526466
1193,1627330331326,4.2880001068115225,48.70524679,5.45453375
1194,1627330337346,4.2880001068115225,48.705258,5.45641012
1195,1627330343353,3.2160000801086426,48.70528515,5.45820905
1196,1627330349342,4.2880001068115225,48.70531019,5.46007214
1197,1627330355277,4.2880001068115225,48.70530441,5.46191338
1198,1627330361288,4.2880001068115225,48.70531108,5.46358267
1199,1627330367378,3.2160000801086426,48.70533221,5.46525278
1200,1627330373373,4.2880001068115225,48.7053659,5.46691185
1201,1627330379344,4.2880001068115225,48.70537998,5.46856225
1202,1627330385300,4.2880001068115225,48.70539241,5.47026995
1203,1627330391377,5.360000133514403,48.70550307,5.47209452
1204,1627330397303,5.360000133514403,48.70580602,5.47402637
1205,1627330403301,4.2880001068115225,48.70604024,5.47594804
1206,1627330409319,4.2880001068115225,48.70610681,5.47778206
1207,1627330415282,3.2160000801086426,48.70619318,5.47955391
1208,1627330421414,3.2160000801086426,48.70628297,5.48136967
1209,1627330427340,3.2160000801086426,48.70635720000001,5.4832081
1210,1627330433271,3.2160000801086426,48.70642949,5.48502988
1211,1627330439273,3.2160000801086426,48.70647486,5.48683055
1212,1627330445393,6.432000160217285,48.70643188,5.48861745
1213,1627330451307,6.432000160217285,48.70638326,5.49035498
1214,1627330457341,4.2880001068115225,48.70632815,5.49208747
1215,1627330463404,6.432000160217285,48.70620185,5.49386066
1216,1627330469342,6.432000160217285,48.70599396,5.49574714
1217,1627330475304,5.360000133514403,48.70570491,5.49765529
1218,1627330481395,6.432000160217285,48.70541456,5.499545400000001
1219,1627330487310,5.360000133514403,48.70527097,5.50118482
1220,1627330493355,6.432000160217285,48.70520339,5.50265053
1221,1627330499318,6.432000160217285,48.70510178,5.50418272
1222,1627330505292,10.720000267028807,48.70503117,5.50564144
1223,1627330511374,10.720000267028807,48.70482173,5.50729587
1224,1627330517394,7.504000186920166,48.70468577,5.50891092
1225,1627330523280,8.576000213623049,48.70460991,5.51041317
1226,1627330529456,7.504000186920166,48.70458487,5.51207015
1227,1627330541423,4.2880001068115225,48.70457104,5.51553122
1228,1627330547308,10.720000267028807,48.70455414,5.51711226
1229,1627330553306,10.720000267028807,48.70460696,5.51865082
1230,1627330559346,10.720000267028807,48.70469804,5.52025931
1231,1627330565372,11.791999816894533,48.70474401,5.52191601
1232,1627330571305,4.2880001068115225,48.70471234,5.52365231
1233,1627330577400,3.2160000801086426,48.70467851,5.5255397
1234,1627330583346,5.360000133514403,48.7044739,5.52745145
1235,1627330589318,5.360000133514403,48.70395811,5.52920873
1236,1627330595396,6.432000160217285,48.70315675,5.53071791
1237,1627330601352,5.360000133514403,48.7022405,5.53207273
1238,1627330607303,3.2160000801086426,48.7012932,5.53344699
1239,1627330613374,3.2160000801086426,48.70043505,5.53495366
1240,1627330619301,3.2160000801086426,48.69970479999999,5.53654124
1241,1627330625371,4.2880001068115225,48.69898098,5.53812079
1242,1627330631306,3.2160000801086426,48.6982512,5.53968249
1243,1627330637325,3.2160000801086426,48.69750996,5.54130241
1244,1627330643308,5.360000133514403,48.69679888,5.54290915
1245,1627330649422,4.2880001068115225,48.69609976,5.54455522
1246,1627330655308,4.2880001068115225,48.69538987,5.54618485
1247,1627330661306,4.2880001068115225,48.69466503,5.54777452
1248,1627330667313,5.360000133514403,48.69378783,5.54908731
1249,1627330673402,5.360000133514403,48.69280147,5.55016224
1250,1627330679322,5.360000133514403,48.69176787,5.55121158
1251,1627330685299,4.2880001068115225,48.69082113,5.55247158
1252,1627330691489,4.2880001068115225,48.69011651,5.55403462
1253,1627330697301,4.2880001068115225,48.68948167,5.55557102
1254,1627330703306,4.2880001068115225,48.68883905,5.5571199
1255,1627330709432,6.432000160217285,48.68815488,5.55877418
1256,1627330715401,4.2880001068115225,48.68771844,5.56059598
1257,1627330721299,4.2880001068115225,48.68761329,5.56249192
1258,1627330727500,5.360000133514403,48.68759013,5.56439099
1259,1627330733321,5.360000133514403,48.68752496,5.56621
1260,1627330739372,5.360000133514403,48.68730704,5.568075299999999
1261,1627330745396,6.432000160217285,48.68711015,5.56991794
1262,1627330751404,9.648000717163086,48.68693844,5.57173256
1263,1627330757306,6.432000160217285,48.68687055,5.57362353
1264,1627330763344,4.2880001068115225,48.68686486,5.57554732
1265,1627330769383,4.2880001068115225,48.68679501,5.57748733
1266,1627330775362,4.2880001068115225,48.6867483,5.57932299
1267,1627330781351,4.2880001068115225,48.68670998,5.58117834
1268,1627330787334,4.2880001068115225,48.68665391,5.58304706
1269,1627330793271,5.360000133514403,48.68659045,5.58495729
1270,1627330799278,4.2880001068115225,48.68654296,5.58688082
1271,1627330805307,4.2880001068115225,48.68649571,5.58876506
1272,1627330811341,5.360000133514403,48.68643663,5.59059608
1273,1627330817301,5.360000133514403,48.68642034,5.59246641
1274,1627330823378,4.2880001068115225,48.68654154,5.59434161
1275,1627330829308,5.360000133514403,48.68667182,5.59625635
1276,1627330835299,5.360000133514403,48.68680999,5.598053599999999
1277,1627330841262,4.2880001068115225,48.6869277,5.59994362
1278,1627330847281,4.2880001068115225,48.68711772,5.60181307
1279,1627330853266,7.504000186920166,48.68748948,5.60366159
1280,1627330859262,7.504000186920166,48.6880571,5.60534428
1281,1627330865448,5.360000133514403,48.68865460000001,5.60696617
1282,1627330871296,6.432000160217285,48.68925414,5.60860379
1283,1627330877234,6.432000160217285,48.68984419,5.61028208
1284,1627330883211,11.791999816894533,48.69044025,5.61196674
1285,1627330889324,10.720000267028807,48.6909405,5.61364073
1286,1627330895341,10.720000267028807,48.69130844,5.61537368
1287,1627330901408,9.648000717163086,48.69150451,5.6171415
1288,1627330907277,9.648000717163086,48.69159696,5.61900321
1289,1627330913297,3.2160000801086426,48.69149464,5.620843900000001
1290,1627330919270,4.2880001068115225,48.69122902,5.62268575
1291,1627330925259,3.2160000801086426,48.69078872,5.62442761
1292,1627330931323,3.2160000801086426,48.69017319,5.62604012
1293,1627330937308,5.360000133514403,48.68943152,5.62755538
1294,1627330943336,3.2160000801086426,48.68862568,5.62897355
1295,1627330949269,3.2160000801086426,48.687891,5.630433099999999
1296,1627330955349,4.2880001068115225,48.68723651,5.63201454
1297,1627330961278,4.2880001068115225,48.68675612,5.63370473
1298,1627330967338,3.2160000801086426,48.68640321,5.63548049
1299,1627330973331,4.2880001068115225,48.68613232,5.63731253
1300,1627330979341,6.432000160217285,48.68585809,5.639103400000001
1301,1627330985344,4.2880001068115225,48.68558683,5.64092152
1302,1627330991348,5.360000133514403,48.68531501,5.64272655
1303,1627330997369,4.2880001068115225,48.68509272,5.64453428
1304,1627331003311,3.2160000801086426,48.68490283,5.64633289
1305,1627331009273,3.2160000801086426,48.684861100000006,5.64812228
1306,1627331015314,5.360000133514403,48.68501031,5.64994412
1307,1627331021341,5.360000133514403,48.68518455,5.6517893
1308,1627331027322,4.2880001068115225,48.68532369,5.65362991
1309,1627331033304,3.2160000801086426,48.68547841,5.65545287
1310,1627331039306,3.2160000801086426,48.68583447,5.65720899
1311,1627331045311,4.2880001068115225,48.6862535,5.65883999
1312,1627331051275,5.360000133514403,48.68666432,5.66052913
1313,1627331057320,6.432000160217285,48.68708533,5.66214484
1314,1627331063315,5.360000133514403,48.68755674,5.66370109
1315,1627331069333,4.2880001068115225,48.68806829,5.66528662
1316,1627331075364,6.432000160217285,48.68859062,5.6668595
1317,1627331081284,7.504000186920166,48.68906613,5.66840695
1318,1627331087306,5.360000133514403,48.68947148,5.67002641
1319,1627331093320,5.360000133514403,48.68977878,5.67171358
1320,1627331099277,6.432000160217285,48.68998074,5.67341187
1321,1627331105414,7.504000186920166,48.69003111,5.67511574
1322,1627331111341,7.504000186920166,48.6900114,5.67679599
1323,1627331117233,5.360000133514403,48.68996361,5.67846792
1324,1627331123263,5.360000133514403,48.68989352,5.68010707
1325,1627331129299,10.720000267028807,48.68986233,5.68174858
1326,1627331135321,6.432000160217285,48.68985503,5.6833818
1327,1627331141448,3.2160000801086426,48.68988056,5.68502898
1328,1627331147363,4.2880001068115225,48.68991876,5.68674119
1329,1627331153254,5.360000133514403,48.68993964,5.68858754
1330,1627331159262,5.360000133514403,48.68991883,5.69043372
1331,1627331165263,4.2880001068115225,48.68991447,5.69234587
1332,1627331171257,5.360000133514403,48.68988152,5.69436418
1333,1627331177322,5.360000133514403,48.68993357,5.69618779
1334,1627331183275,5.360000133514403,48.68986527,5.6981052000000005
1335,1627331189305,5.360000133514403,48.689750700000005,5.69994923
1336,1627331195397,5.360000133514403,48.68949689,5.70180968
1337,1627331201417,3.2160000801086426,48.68911373,5.70358381
1338,1627331207364,3.2160000801086426,48.68859068,5.70529903
1339,1627331213340,4.2880001068115225,48.68793717,5.7069046
1340,1627331219346,6.432000160217285,48.68722499,5.70838989
1341,1627331225274,6.432000160217285,48.68648736,5.70989243
1342,1627331231352,5.360000133514403,48.68581955,5.71147288
1343,1627331237322,3.2160000801086426,48.68525716,5.71308446
1344,1627331243310,3.2160000801086426,48.6848214,5.71486461
1345,1627331249314,3.2160000801086426,48.68450041,5.7166602
1346,1627331255316,4.2880001068115225,48.68432521,5.71849823
1347,1627331261242,3.2160000801086426,48.68426637,5.72032145
1348,1627331267308,3.2160000801086426,48.68429771,5.72199561
1349,1627331273269,5.360000133514403,48.68424944,5.72310367
1350,1627331279264,3.2160000801086426,48.68414365,5.72370807
1351,1627331285263,3.2160000801086426,48.68407711,5.72417606
1352,1627331291289,3.2160000801086426,48.68409735,5.724361599999999
1353,1627331297363,3.2160000801086426,48.68431789,5.72449765
1354,1627331303335,8.576000213623049,48.68465666,5.72468203
1355,1627331309295,4.2880001068115225,48.6851389,5.72486907
1356,1627331315275,3.2160000801086426,48.68552633,5.72503517
1357,1627331321237,3.2160000801086426,48.68580701,5.72523219
1358,1627331327302,3.2160000801086426,48.68575237,5.72575281
1359,1627331333203,3.2160000801086426,48.68561787,5.72620831
1360,1627331339277,3.2160000801086426,48.68546109,5.72672518
1361,1627331345461,3.2160000801086426,48.68529492,5.72723033
1362,1627331351326,3.2160000801086426,48.68512981,5.72778523
1363,1627331357221,3.2160000801086426,48.68492359,5.7284177000000005
1364,1627331363373,3.2160000801086426,48.68465695,5.72923984
1365,1627331369231,3.2160000801086426,48.68442239,5.73002935
1366,1627331375265,3.2160000801086426,48.68422578,5.73081667
1367,1627331381373,3.2160000801086426,48.68407934,5.73164266
1368,1627331387250,3.2160000801086426,48.68392014,5.73258692
1369,1627331393306,3.2160000801086426,48.68373823,5.73362183
1370,1627331399322,3.2160000801086426,48.68358838,5.73452858
1371,1627331405234,3.2160000801086426,48.68343724,5.73555742
1372,1627331411362,3.2160000801086426,48.68327892,5.73673626
1373,1627331417290,3.2160000801086426,48.68310818,5.73806486
1374,1627331423381,4.2880001068115225,48.68294776,5.73941621
1375,1627331429219,3.2160000801086426,48.68283552,5.74042367
1376,1627331441232,3.2160000801086426,48.68267616,5.741818599999999
1377,1627331447257,3.2160000801086426,48.68287555,5.74205521
1378,1627331453199,3.2160000801086426,48.683099600000006,5.74207299
1379,1627331459350,3.2160000801086426,48.68313211,5.74208068
1380,1627331465334,3.2160000801086426,48.68314155,5.74208443
1381,1627331471367,3.2160000801086426,48.68314559,5.74208568
1382,1627331477261,3.2160000801086426,48.68314652,5.74208589
1383,1627331483242,3.2160000801086426,48.68314681,5.74208586
1384,1627331489339,3.2160000801086426,48.68314687,5.74208584
1385,1627331495237,3.2160000801086426,48.68314109,5.74208755
1386,1627331501398,3.2160000801086426,48.68314253,5.74208557
1387,1627331507339,3.2160000801086426,48.68314292,5.74208521
1388,1627331513377,3.2160000801086426,48.68314267,5.74208531
1389,1627331519237,4.2880001068115225,48.68314248,5.74208533
1390,1627331525249,3.2160000801086426,48.68314151,5.74208566
1391,1627331531222,3.2160000801086426,48.68314151,5.74208572
1392,1627331537278,3.2160000801086426,48.68314174,5.74208565
1393,1627331543264,3.2160000801086426,48.68316288,5.74208101
1394,1627331549297,3.2160000801086426,48.68332083,5.74205981
1395,1627331555287,3.2160000801086426,48.68346843,5.74224582
1396,1627331561370,3.2160000801086426,48.68335592,5.74268583
1397,1627331567340,3.2160000801086426,48.68329002,5.74307954
1398,1627331573344,3.2160000801086426,48.68330847,5.74347759
1399,1627331579266,3.2160000801086426,48.68338325,5.74388204
1400,1627331585273,3.2160000801086426,48.68324073,5.74409915
1401,1627331591341,6.432000160217285,48.68328379,5.74379379
1402,1627331597381,5.360000133514403,48.68335221,5.74367334
1403,1627331603280,5.360000133514403,48.68335562,5.74368841
1404,1627331609343,4.2880001068115225,48.68334726,5.74381217
1405,1627331615402,5.360000133514403,48.68331885,5.74393805
1406,1627331621277,5.360000133514403,48.68330808,5.74405863
1407,1627331627269,5.360000133514403,48.68329205,5.74417479
1408,1627331633297,6.432000160217285,48.68328672,5.74428753
1409,1627331639301,7.504000186920166,48.68327408,5.74439663
1410,1627331645284,6.432000160217285,48.68326703,5.74451771
1411,1627331651275,6.432000160217285,48.68327234,5.7445923
1412,1627331657128,6.432000160217285,48.68329292,5.74459378
1413,1627331663128,9.648000717163086,48.68330802,5.74460617
1414,1627331669131,8.576000213623049,48.68330868,5.74460989
1415,1627331675079,9.648000717163086,48.68330842,5.74460975
