,Timestamp,Quality,Lat,Lon
0,1623184972198,5,48.084267,-0.7371731666666667
1,1623185032346,5,48.08483216666666,-0.7371755
2,1623185093430,5,48.087501,-0.7379494999999999
3,1623185154503,5,48.09133883333334,-0.7467908333333334
4,1623185215458,5,48.09163,-0.7560928333333333
5,1623185276360,5,48.091421,-0.7666876666666667
6,1623185337566,5,48.08954883333334,-0.7770994999999999
7,1623185398682,5,48.08539183333334,-0.7841140000000001
8,1623185459654,5,48.08088616666667,-0.7959381666666666
9,1623185520615,5,48.0755065,-0.7956426666666666
10,1623185581460,5,48.06985783333333,-0.7928888333333333
11,1623185642309,5,48.06487266666666,-0.7877898333333333
12,1623185703417,5,48.06039300000001,-0.7855376666666667
13,1623185764369,5,48.056262333333336,-0.7911481666666667
14,1623185825390,5,48.05039266666666,-0.7957591666666667
15,1623185886322,5,48.041545,-0.8012788333333333
16,1623185947454,5,48.03350783333334,-0.8056318333333333
17,1623186008381,5,48.02837883333334,-0.8036946666666667
18,1623186069332,5,48.02219116666666,-0.7921414999999999
19,1623186130297,5,48.016992,-0.7829065
20,1623186191351,5,48.01166333333334,-0.7757675
21,1623186252595,5,48.00048883333334,-0.7798151666666667
22,1623186313261,5,47.99095533333334,-0.7808031666666667
23,1623186374325,5,47.986103,-0.7824408333333334
24,1623186435293,5,47.97915483333333,-0.7853441666666666
25,1623186496296,5,47.96880066666666,-0.7887053333333333
26,1623186557325,5,47.9589695,-0.7919858333333334
27,1623186618306,5,47.948578999999995,-0.7956906666666667
28,1623186679352,5,47.93784583333333,-0.7998951666666667
29,1623186740338,5,47.92931366666666,-0.8021966666666667
30,1623186801297,5,47.925046,-0.8035323333333333
31,1623186862257,5,47.924943,-0.8035086666666668
32,1623186923254,5,47.92605966666667,-0.8095263333333332
33,1623186984271,5,47.929118,-0.8239405000000001
34,1623187045259,5,47.93199283333333,-0.8374816666666667
35,1623187106251,5,47.935665,-0.8548979999999999
36,1623187167290,5,47.937653999999995,-0.8665948333333334
37,1623187228279,5,47.933963500000004,-0.8694535
38,1623187289233,5,47.927671999999994,-0.8741825000000001
39,1623187350266,5,47.92085266666666,-0.8798253333333333
40,1623187411247,5,47.9196485,-0.8826376666666668
41,1623187472237,5,47.914446833333336,-0.8888721666666667
42,1623187533250,5,47.90945866666666,-0.8989613333333334
43,1623187594190,5,47.90376066666666,-0.9096095
44,1623187655285,5,47.90112533333333,-0.9136405000000001
45,1623187716186,5,47.8982055,-0.9170578333333332
46,1623187777228,5,47.89959416666667,-0.9286254999999999
47,1623187838318,5,47.891873499999996,-0.9329025
48,1623187899181,5,47.87987183333333,-0.9395961666666668
49,1623187960257,5,47.86785766666666,-0.9421146666666668
50,1623188021193,5,47.855527,-0.9456741666666668
51,1623188082149,5,47.848536,-0.9485115
52,1623188143247,5,47.84279316666666,-0.9472364999999999
53,1623188204157,5,47.84338733333334,-0.957258
54,1623188265130,5,47.844436,-0.965873
55,1623188326169,5,47.84022933333334,-0.9735248333333334
56,1623188387191,5,47.8326105,-0.9879693333333334
57,1623188448172,5,47.82471466666666,-1.0027840000000001
58,1623188509154,5,47.817338,-1.0166293333333334
59,1623188570271,5,47.81144416666666,-1.027749
60,1623188631281,5,47.803909,-1.0420225
61,1623188692197,5,47.805038,-1.0512771666666665
62,1623188753287,5,47.809902,-1.0620493333333334
63,1623188814214,5,47.80540183333333,-1.0634795
64,1623188875220,5,47.80318483333334,-1.0671888333333333
65,1623188936177,5,47.80298216666666,-1.0687041666666666
66,1623188997208,5,47.80311733333333,-1.069637333333333
67,1623189058294,5,47.80315966666667,-1.0697273333333333
68,1623189119246,5,47.803108,-1.069787
69,1623189180304,5,47.80313450000001,-1.0697766666666666
70,1623189241168,5,47.80311466666667,-1.0696988333333333
71,1623189302184,5,47.80313750000001,-1.0696736666666666
72,1623189363728,5,47.80314416666667,-1.0697046666666667
73,1623189424206,5,47.8031395,-1.0696831666666666
74,1623189485211,5,47.8031465,-1.069696166666667
75,1623189546709,5,47.80314383333333,-1.0697303333333332
76,1623189607197,5,47.803119,-1.0696873333333334
77,1623189668556,5,47.80311199999999,-1.069659666666667
78,1623189729204,5,47.80313,-1.0696683333333332
79,1623189791074,5,47.80310599999999,-1.0696638333333333
80,1623189851278,5,47.80313750000001,-1.0696781666666666
81,1623189912731,5,47.8031605,-1.0697023333333333
82,1623189973192,5,47.80315183333334,-1.0696626666666669
83,1623190034316,5,47.80313216666666,-1.0696628333333331
84,1623190095218,5,47.80313066666666,-1.0696830000000002
85,1623190156414,5,47.80315883333333,-1.0697020000000002
86,1623190217187,5,47.803156666666666,-1.0697295
87,1623190278497,5,47.80315833333334,-1.0696733333333337
88,1623190339359,5,47.80315900000001,-1.0696586666666663
89,1623190400296,5,47.80315649999999,-1.0696171666666667
90,1623190461589,5,47.80317366666666,-1.0696431666666666
91,1623190522608,5,47.80315466666666,-1.0696528333333333
92,1623190583816,5,47.80316366666666,-1.0696601666666663
93,1623190644590,5,47.80317749999999,-1.0697245000000002
94,1623190705846,5,47.80315133333333,-1.0697571666666663
95,1623190766720,5,47.80318316666667,-1.0696936666666663
96,1623190827624,5,47.80320400000001,-1.0696696666666663
97,1623190888570,5,47.80318383333334,-1.0696686666666666
98,1623190949400,5,47.80317933333334,-1.0696681666666668
99,1623191010670,5,47.80318466666666,-1.069628
100,1623191071646,5,47.80316833333333,-1.069610333333333
101,1623191132930,5,47.80314833333333,-1.069615
102,1623191193591,5,47.80312683333333,-1.0696721666666666
103,1623191254517,5,47.80315833333334,-1.069679
104,1623191315539,5,47.80316,-1.0696323333333335
105,1623191376170,5,47.80316083333334,-1.0695845000000002
106,1623191437633,5,47.80314883333334,-1.0696305
107,1623191498671,5,47.80313616666668,-1.0696046666666668
108,1623191559713,5,47.80316816666666,-1.0696088333333331
109,1623191620499,5,47.80314033333334,-1.0696013333333334
110,1623191681485,5,47.80317950000001,-1.0695781666666666
111,1623191742768,5,47.80315916666667,-1.0696495
112,1623191803494,5,47.80313666666666,-1.0696086666666669
113,1623191864483,5,47.80314283333334,-1.069622
114,1623191925445,5,47.8031135,-1.0696536666666667
115,1623191986776,5,47.80313083333333,-1.0695846666666666
