,Timestamp,Quality,Lat,Lon
0,1624603564731,5.141176223754883,50.72717848355178,2.6275383278758855
1,1624603570379,5.141176223754883,50.72717848355178,2.6275383278758855
2,1624603576411,5.141176223754883,50.72717848355178,2.6275383278758855
3,1624603582407,5.141176223754883,50.72717848355178,2.6275383278758855
4,1624603588394,5.141176223754883,50.72717848355178,2.6275383278758855
5,1624603594391,5.141176223754883,50.72717848355178,2.6275383278758855
6,1624603600378,5.141176223754883,50.72717848355178,2.6275383278758855
7,1624603606390,5.141176223754883,50.72717848355178,2.6275383278758855
8,1624603612382,5.141176223754883,50.72717848355178,2.6275383278758855
9,1624603618374,5.141176223754883,50.72717848355178,2.6275383278758855
10,1624603624391,5.141176223754883,50.72717848355178,2.6275383278758855
11,1624603630364,5.141176223754883,50.72717848355178,2.6275383278758855
12,1624603636390,19.0,50.7273351849483,2.6271620642342155
13,1624603642486,19.0,50.7273351849483,2.6271620642342155
14,1624603648425,4.900000095367432,50.727372711145094,2.6271703262544555
15,1624603654426,4.900000095367432,50.727372711145094,2.6271703262544555
16,1624603660397,16.643630981445312,50.727388984694954,2.627273620382708
17,1624603666429,9.819706916809082,50.727611496276474,2.627078043642224
18,1624603672368,9.819706916809082,50.727611496276474,2.627078043642224
19,1624603678379,14.224225997924805,50.72827586909112,2.6266162442289684
20,1624603684401,14.224225997924805,50.72827586909112,2.6266162442289684
21,1624603690433,11.38091278076172,50.72847416751669,2.626529949393745
22,1624603696452,11.38091278076172,50.72847416751669,2.626529949393745
23,1624603702409,11.105463027954102,50.72873763266446,2.625257412832865
24,1624603708404,11.105463027954102,50.72873763266446,2.625257412832865
25,1624603714376,7.757119178771973,50.72902208187914,2.623815980542252
26,1624603720428,7.889040946960449,50.72932238021056,2.6239774780195666
27,1624603726416,7.889040946960449,50.72932238021056,2.6239774780195666
28,1624603732421,7.4292802810668945,50.72952062072928,2.6260602711021566
29,1624603738398,7.4292802810668945,50.72952062072928,2.6260602711021566
30,1624603744366,6.891517639160156,50.72974110294153,2.629178507503761
31,1624603750390,6.891517639160156,50.72974110294153,2.629178507503761
32,1624603756420,8.610574722290039,50.729920893927,2.6323935680776556
33,1624603762432,9.522283554077148,50.73010654811822,2.6357139294056613
34,1624603768393,9.522283554077148,50.73010654811822,2.6357139294056613
35,1624603774385,9.554672241210938,50.7304914649503,2.6392273900820773
36,1624603780418,9.554672241210938,50.7304914649503,2.6392273900820773
37,1624603786399,9.412152290344238,50.730861708894494,2.6422616064833258
38,1624603792408,9.412152290344238,50.730861708894494,2.6422616064833258
39,1624603798393,8.943591117858887,50.73120242538682,2.644885849983729
40,1624603804376,8.746415138244629,50.731479631191156,2.647602468689534
41,1624603810366,8.746415138244629,50.731479631191156,2.647602468689534
42,1624603816401,10.118978500366213,50.73217310333582,2.6500947364327483
43,1624603822424,10.118978500366213,50.73217310333582,2.6500947364327483
44,1624603828407,10.003947257995604,50.732739138071295,2.6527807204357274
45,1624603834396,11.778552055358887,50.733178406070444,2.655652471715788
46,1624603840360,11.778552055358887,50.733178406070444,2.655652471715788
47,1624603846357,7.530520915985107,50.73339693256853,2.6587198818507813
48,1624603852412,7.530520915985107,50.73339693256853,2.6587198818507813
49,1624603858394,8.611629486083983,50.733064519860754,2.6617543440344957
50,1624603864406,6.485858917236327,50.73298247225075,2.6649128954251147
51,1624603870385,6.485858917236327,50.73298247225075,2.6649128954251147
52,1624603876385,6.498488426208496,50.73288208122123,2.6680094627505597
53,1624603882429,6.498488426208496,50.73288208122123,2.6680094627505597
54,1624603888369,7.647502899169923,50.73307257207088,2.6710999496730343
55,1624603894414,8.604987144470215,50.73290193911601,2.6741877490016406
56,1624603900425,8.604987144470215,50.73290193911601,2.6741877490016406
57,1624603906371,9.268364906311037,50.73240112532506,2.6771520009311587
58,1624603912400,9.268364906311037,50.73240112532506,2.6771520009311587
59,1624603918396,8.694133758544924,50.731917160043594,2.6802153593010214
60,1624603924400,7.845049381256103,50.73189533726596,2.6831866613354256
61,1624603930396,7.845049381256103,50.73189533726596,2.6831866613354256
62,1624603936389,8.72132682800293,50.732331682303155,2.6860153504639075
63,1624603942410,8.72132682800293,50.732331682303155,2.6860153504639075
64,1624603948359,7.718149185180664,50.7329002636634,2.68878754825232
65,1624603954372,7.403028011322021,50.733287499335795,2.691324341159702
66,1624603960408,7.403028011322021,50.733287499335795,2.691324341159702
67,1624603966348,7.64033842086792,50.7336421856553,2.6938406525728444
68,1624603972358,7.64033842086792,50.7336421856553,2.6938406525728444
69,1624603978402,8.145807266235353,50.73404997252897,2.6966620120852323
70,1624603984393,7.884247779846191,50.73446021862996,2.6991567175780866
71,1624603990430,7.884247779846191,50.73446021862996,2.6991567175780866
72,1624603996394,9.025991439819336,50.734477578329106,2.7001101368409235
73,1624604002421,9.025991439819336,50.734477578329106,2.7001101368409235
74,1624604008399,8.63355827331543,50.73512571765146,2.7013095322533016
75,1624604014396,8.63355827331543,50.73512571765146,2.7013095322533016
76,1624604020389,6.96315336227417,50.7356039687093,2.7035395860901006
77,1624604026390,6.082369804382324,50.735738389737044,2.705643751084716
78,1624604032388,6.082369804382324,50.735738389737044,2.705643751084716
79,1624604038388,6.940384387969972,50.73595978375762,2.7076507409925457
80,1624604044391,6.940384387969972,50.73595978375762,2.7076507409925457
81,1624604050441,6.455942630767822,50.73603218441404,2.709676612984389
82,1624604056391,6.432629108428955,50.735874122238634,2.71181353082516
83,1624604062390,6.432629108428955,50.735874122238634,2.71181353082516
84,1624604068410,10.3441743850708,50.73597539169691,2.714054483641983
85,1624604074435,10.3441743850708,50.73597539169691,2.714054483641983
86,1624604080375,6.5352888107299805,50.73617649620107,2.7161765158359064
87,1624604086410,7.113144397735597,50.736236785862104,2.7182997486442804
88,1624604092363,7.113144397735597,50.736236785862104,2.7182997486442804
89,1624604098384,7.131636142730713,50.73617954846478,2.720188648814025
90,1624604104368,7.131636142730713,50.73617954846478,2.720188648814025
91,1624604110364,7.887143135070801,50.73644212166127,2.7216253526211736
92,1624604116362,7.887143135070801,50.73644212166127,2.7216253526211736
93,1624604122371,7.432557106018066,50.736742229719134,2.7230697935201635
94,1624604128399,10.176788330078123,50.73733939323032,2.72437432833368
95,1624604134385,10.176788330078123,50.73733939323032,2.72437432833368
96,1624604140420,9.111055374145508,50.73804402689157,2.725538620572564
97,1624604146387,9.111055374145508,50.73804402689157,2.725538620572564
98,1624604152409,7.852279186248778,50.7385621767326,2.726369398291465
99,1624604158365,7.844849109649657,50.73859647361662,2.7268183200604468
100,1624604164359,7.844849109649657,50.73859647361662,2.7268183200604468
101,1624604170379,13.841192245483398,50.738530515940994,2.7281985421777915
102,1624604176379,13.841192245483398,50.738530515940994,2.7281985421777915
103,1624604182336,11.548969268798828,50.73828507673916,2.729590705068744
104,1624604188382,11.791311264038086,50.73801910384171,2.730878189819744
105,1624604194333,11.791311264038086,50.73801910384171,2.730878189819744
106,1624604200366,11.154474258422852,50.737957083806506,2.731208864073144
107,1624604206354,11.154474258422852,50.737957083806506,2.731208864073144
108,1624604212348,13.420783996582033,50.73806138287261,2.7316884306109777
109,1624604218372,13.420783996582033,50.73806138287261,2.7316884306109777
110,1624604224394,11.044159889221193,50.73873430375114,2.732640612648321
111,1624604230333,9.003279685974121,50.73907909003268,2.7335563924473827
112,1624604236391,9.003279685974121,50.73907909003268,2.7335563924473827
113,1624604242405,9.372076988220217,50.739360709231455,2.7343798691622108
114,1624604248354,9.372076988220217,50.739360709231455,2.7343798691622108
115,1624604254333,8.815625190734863,50.7396079525076,2.7352177589101068
116,1624604260352,12.039161682128904,50.7400164524852,2.7349855892433834
117,1624604266365,12.039161682128904,50.7400164524852,2.7349855892433834
