1632213091798
102265136960f82af4452731.54182943
176268218060f82bb68025d1.86554204
1632213091820;10;45.641357421875;5.1366599
1632213097271;10;45.641357421875;5.1366599
1632213103266;10;45.641357421875;5.1366599
1632213109271;10;45.641357421875;5.1366599
1632213115270;10;45.641357421875;5.136679899999999
1632213121274;10;45.64141845703125;5.1367499
1632213127270;10;45.64166259765625;5.1363799
1632213133271;10;45.64208984375;5.1357498999999995
1632213139301;10;45.64251708984375;5.1350599
1632213145269;10;45.64300537109375;5.134359900000001
1632213151272;10;45.643463134765625;5.1336599
1632213157270;10;45.64385986328125;5.133149899999999
1632213163247;10;45.644287109375;5.132679900000001
1632213169276;10;45.64483642578125;5.1316999
1632213175239;10;45.645538330078125;5.130599900000001
1632213181242;10;45.646209716796875;5.1295299
1632213187241;10;45.64691162109375;5.128520842403265
1632213193240;10;45.64739990234375;5.127766397366539
1632213199207;10;45.647857666015625;5.127111659419824
1632213205193;10;45.648162841796875;5.126751905764386
1632213211232;10;45.64825439453125;5.12668255619199
1632213217248;10;45.648529052734375;5.126616089657199
1632213223277;10;45.648895263671875;5.1265899
1632213229241;10;45.64892578125;5.1258099
1632213235244;10;45.649261474609375;5.124749899999999
1632213241243;10;45.649932861328125;5.1235199
1632213247242;10;45.65057373046875;5.1222799000000006
1632213253239;10;45.651214599609375;5.1210799
1632213259195;10;45.651763916015625;5.1199599
1632213265214;10;45.65216064453125;5.1190799
1632213271208;10;45.65264892578125;5.118699899999999
1632213277216;10;45.65289306640625;5.1177599
1632213283217;10;45.653411865234375;5.1166399
1632213289274;10;45.653900146484375;5.1154999000000005
1632213295244;10;45.65447998046875;5.114426387670626
1632213301242;10;45.655059814453125;5.1131999
1632213307244;10;45.655670166015625;5.111989900000001
1632213313243;10;45.656280517578125;5.110819900000001
1632213319242;10;45.65692138671875;5.1095299
1632213325242;10;45.657623291015625;5.108231451829398
1632213331243;10;45.65826416015625;5.1069035187840655
1632213337238;10;45.658843994140625;5.1056499
1632213343249;10;45.659393310546875;5.1045799
1632213349252;10;45.659881591796875;5.1036399
1632213355284;10;45.660369873046875;5.1032699
1632213361245;10;45.6605224609375;5.102469899999999
1632213367238;10;45.6610107421875;5.101459900000001
1632213373239;10;45.661590576171875;5.1002899
1632213379243;10;45.662200927734375;5.0990399
1632213385244;10;45.662872314453125;5.097689900000001
1632213391245;10;45.663543701171875;5.0962899
1632213397240;10;45.664276123046875;5.0948999
1632213403246;10;45.66497802734375;5.0934799
1632213409237;10;45.665679931640625;5.0921199
1632213415242;10;45.66632080078125;5.0907998999999995
1632213421270;10;45.66680908203125;5.0896099
1632213427244;10;45.667083740234375;5.0883799
1632213433245;10;45.667388916015625;5.0873799
1632213439246;10;45.66778564453125;5.0866299
1632213445244;10;45.66827392578125;5.0859899
1632213451247;10;45.668792724609375;5.0852899
1632213457246;10;45.66943359375;5.0844299
1632213463243;10;45.67010498046875;5.083539899999999
1632213469235;10;45.670745849609375;5.0826999
1632213475249;10;45.671295166015625;5.0819499
1632213481239;10;45.67181396484375;5.081309900000001
1632213487214;10;45.672210693359375;5.0808999
1632213493242;10;45.672576904296875;5.0805899000000005
1632213499221;10;45.67291259765625;5.0799099000000005
1632213505245;10;45.673492431640625;5.0790899
1632213511218;10;45.6741943359375;5.0781388375088845
1632213517244;10;45.6751708984375;5.076861690131909
1632213523206;10;45.676177978515625;5.075553174622993
1632213529210;10;45.677093505859375;5.074317303157163
1632213535181;10;45.678009033203125;5.07311645687627
1632213541180;10;45.678924560546875;5.071869899999999
1632213547221;10;45.679840087890625;5.0706299
1632213553219;10;45.6807861328125;5.069439900000001
1632213559217;10;45.681854248046875;5.0688799
1632213565218;10;45.68310546875;5.0687698999999995
1632213571209;10;45.684417724609375;5.0687499
1632213577216;10;45.685699462890625;5.0690399
1632213583213;10;45.686981201171875;5.0694899
1632213589217;10;45.688232421875;5.069979900000001
1632213595216;10;45.689453125;5.0704399
1632213601204;10;45.690673828125;5.0708699
1632213607224;10;45.691650390625;5.0715899
1632213613222;10;45.692230224609375;5.0728699
1632213619211;10;45.69244384765625;5.0743899
1632213625227;10;45.692596435546875;5.0757699
1632213631178;10;45.69268798828125;5.0766199
1632213637176;10;45.692657470703125;5.0768999
1632213643185;10;45.692596435546875;5.0771899
1632213649195;10;45.69244384765625;5.077499899999999
1632213655192;10;45.69219970703125;5.0779699
1632213661219;10;45.692626953125;5.0782399
1632213667188;10;45.693084716796875;5.0789899
1632213673209;10;45.693359375;5.0803899
1632213679197;10;45.693603515625;5.0821999
1632213685199;10;45.693878173828125;5.084359900000001
1632213691181;10;45.69439697265625;5.0866599
1632213697179;10;45.695159912109375;5.088959900000001
1632213703186;10;45.696258544921875;5.091159899999999
1632213709221;10;45.6976318359375;5.093069900000001
1632213715209;10;45.699127197265625;5.0948599
1632213721213;10;45.700592041015625;5.0965699
1632213727208;10;45.7022705078125;5.097949900000001
1632213733210;10;45.704071044921875;5.0989099
1632213739215;10;45.7059326171875;5.0994999
1632213745225;10;45.707855224609375;5.0996099
1632213751247;10;45.709808349609375;5.0994098999999995
1632213757180;10;45.711700439453125;5.0991499000000005
1632213763188;10;45.713623046875;5.0987899
1632213769214;10;45.715484619140625;5.098199900000001
1632213775207;10;45.717376708984375;5.097519900000001
1632213781211;10;45.719268798828125;5.097019899999999
1632213787209;10;45.721160888671875;5.096749900000001
1632213793206;10;45.72308349609375;5.0965099
1632213799212;10;45.725006103515625;5.0962799
1632213805220;10;45.7269287109375;5.0960299000000004
1632213811225;10;45.728851318359375;5.095779900000001
1632213817251;10;45.73077392578125;5.095729899999999
1632213823219;10;45.732696533203125;5.095729899999999
1632213829220;10;45.734619140625;5.0957499
1632213835219;10;45.736541748046875;5.0957899
1632213841223;10;45.73846435546875;5.0958198999999995
1632213847223;10;45.740386962890625;5.0958399
1632213853211;10;45.7423095703125;5.0958399
1632213859224;10;45.744232177734375;5.095709899999999
1632213865209;10;45.74615478515625;5.095439900000001
1632213871215;10;45.748077392578125;5.095009900000001
1632213877178;10;45.749969482421875;5.094469900000001
1632213883174;10;45.7518310546875;5.093749900000001
1632213889180;10;45.753631591796875;5.0928999
1632213895186;10;45.75543212890625;5.091889900000001
1632213901214;10;45.757232666015625;5.0908199
1632213907180;10;45.75909423828125;5.0896699
1632213913181;10;45.760955810546875;5.0885599
1632213919179;10;45.76275634765625;5.0874599
1632213925184;10;45.7645263671875;5.0863799
1632213931174;10;45.76629638671875;5.0853199
1632213937183;10;45.768096923828125;5.0843399
1632213943180;10;45.769989013671875;5.0836999
1632213949176;10;45.771881103515625;5.0833999
1632213955179;10;45.7738037109375;5.083099900000001
1632213961198;10;45.7757568359375;5.082709900000001
1632213967212;10;45.777679443359375;5.0822799000000005
1632213973182;10;45.779571533203125;5.0818299
1632213979180;10;45.781494140625;5.0813999
1632213985187;10;45.78338623046875;5.0809799
1632213991182;10;45.7852783203125;5.080539900000001
1632213997188;10;45.787017822265625;5.0800699
1632214003182;10;45.78857421875;5.0795599
1632214009188;10;45.789947509765625;5.0790499
1632214015187;10;45.79132080078125;5.0784499
1632214021182;10;45.792755126953125;5.0777899
1632214027184;10;45.794189453125;5.0770199
1632214033217;10;45.795745849609375;5.0761099000000005
1632214039187;10;45.797332763671875;5.0750798999999995
1632214045190;10;45.79901123046875;5.0738799
1632214051188;10;45.800689697265625;5.072539900000001
1632214057187;10;45.802337646484375;5.0710799
1632214063189;10;45.803955078125;5.0695499
1632214069189;10;45.80548095703125;5.0678999000000005
1632214075189;10;45.8070068359375;5.0661898999999995
1632214081187;10;45.808441162109375;5.064369899999999
1632214087189;10;45.809844970703125;5.0624799
1632214093186;10;45.8111572265625;5.060479900000001
1632214099220;10;45.81243896484375;5.0584099
1632214105186;10;45.81365966796875;5.0562599
1632214111186;10;45.814788818359375;5.0540399
1632214117187;10;45.815887451171875;5.0517899
1632214123187;10;45.8170166015625;5.0495399
1632214129189;10;45.818115234375;5.0472799
1632214135190;10;45.8192138671875;5.0450299
1632214141188;10;45.820281982421875;5.0428899000000005
1632214147186;10;45.82122802734375;5.0409499
1632214153190;10;45.822174072265625;5.0391099
1632214159193;10;45.8232421875;5.0373599
1632214165187;10;45.824371337890625;5.035809899999999
1632214171187;10;45.825347900390625;5.0347099
1632214177182;10;45.826171875;5.0339298999999995
1632214183192;10;45.82696533203125;5.0333399
1632214189191;10;45.8275146484375;5.0328699
1632214195190;10;45.827667236328125;5.032679900000001
1632214201189;10;45.827728271484375;5.0326199
1632214207189;10;45.827728271484375;5.0326199
1632214213159;10;45.827850341796875;5.032469900000001
1632214219148;10;45.82830810546875;5.031869899999999
1632214225158;10;45.8291015625;5.0306899
1632214231158;10;45.830169677734375;5.0291999
1632214237133;10;45.831390380859375;5.027539900000001
1632214243162;10;45.832672119140625;5.0257299
1632214249190;10;45.834014892578125;5.0239399
1632214255160;10;45.83538818359375;5.0221799
1632214261155;10;45.836822509765625;5.020639900000001
1632214267164;10;45.83837890625;5.0192899
1632214273162;10;45.840087890625;5.0181199
1632214279166;10;45.84185791015625;5.0171299
1632214285124;10;45.8436279296875;5.0160299
1632214291118;10;45.845245361328125;5.0145799
1632214297129;10;45.846771240234375;5.0128999
1632214303167;10;45.848297119140625;5.011199899999999
1632214309157;10;45.8497314453125;5.0093899
1632214315159;10;45.85101318359375;5.0073699
1632214321126;10;45.852142333984375;5.0051198999999995
1632214327158;10;45.853179931640625;5.0027999
1632214333140;10;45.854248046875;5.000469899999999
1632214339142;10;45.855255126953125;4.9981298999999995
1632214345130;10;45.856109619140625;4.995649899999999
1632214351130;10;45.85675048828125;4.9930599
1632214357132;10;45.857421875;4.9904599
1632214363185;10;45.858062744140625;4.9878699
1632214369166;10;45.858673095703125;4.9852399
1632214375164;10;45.859161376953125;4.982579899999999
1632214381167;10;45.859619140625;4.9799099
1632214387159;10;45.859954833984375;4.9771899
1632214393166;10;45.860137939453125;4.9744599
1632214399163;10;45.86016845703125;4.971699899999999
1632214405166;10;45.8602294921875;4.9689399
1632214411163;10;45.860137939453125;4.9661899
1632214417172;10;45.85986328125;4.9634599
1632214423168;10;45.859619140625;4.9607299000000005
1632214429170;10;45.859375;4.957979900000001
1632214435162;10;45.85919189453125;4.9552899
1632214441165;10;45.8590087890625;4.9528999
1632214447165;10;45.858795166015625;4.9505498999999995
1632214453194;10;45.85858154296875;4.9479299
1632214459163;10;45.8583984375;4.9451899
1632214465167;10;45.8582763671875;4.9424499
1632214471165;10;45.858154296875;4.9396899
1632214477167;10;45.857940673828125;4.9369399
1632214483165;10;45.857818603515625;4.9341799
1632214489164;10;45.857696533203125;4.9314298999999995
1632214495195;10;45.8577880859375;4.9286699
1632214501166;10;45.857757568359375;4.9259099
1632214507167;10;45.857879638671875;4.923219899999999
1632214513162;10;45.858123779296875;4.9206999
1632214519164;10;45.858367919921875;4.9183299
1632214525154;10;45.85882568359375;4.9160499
1632214531162;10;45.859466552734375;4.9138798999999995
1632214537164;10;45.859954833984375;4.9116099
1632214543163;10;45.86065673828125;4.9094698999999995
1632214549135;10;45.86187744140625;4.9078999
1632214555136;10;45.8634033203125;4.9070599
1632214561123;10;45.864959716796875;4.9062799
1632214567136;10;45.86651611328125;4.905609899999999
1632214573140;10;45.867889404296875;4.9052099
1632214579165;10;45.869476318359375;4.9048799
1632214585137;10;45.871246337890625;4.904499899999999
1632214591137;10;45.87310791015625;4.9039999000000005
1632214597134;10;45.874969482421875;4.903199900000001
1632214603134;10;45.87677001953125;4.9021099
1632214609134;10;45.87847900390625;4.900769899999999
1632214615136;10;45.88006591796875;4.899209899999999
1632214621136;10;45.881683349609375;4.8976399
1632214627135;10;45.88330078125;4.896179900000001
1632214633137;10;45.88507080078125;4.8949699
1632214639138;10;45.886871337890625;4.8939499
1632214645165;10;45.888702392578125;4.8930699
1632214651128;10;45.89056396484375;4.8921699
1632214657137;10;45.892364501953125;4.8911799
1632214663134;10;45.89410400390625;4.889919900000001
1632214669133;10;45.89569091796875;4.8883699
1632214675137;10;45.897186279296875;4.8865599
1632214681135;10;45.89849853515625;4.8845199
1632214687138;10;45.899627685546875;4.8822699
1632214693139;10;45.900543212890625;4.8798199
1632214699137;10;45.90130615234375;4.8772499
1632214705137;10;45.90191650390625;4.8746099
1632214711167;10;45.902557373046875;4.8719799
1632214717136;10;45.903228759765625;4.869359899999999
1632214723136;10;45.9039306640625;4.8667699
1632214729136;10;45.90484619140625;4.864299900000001
1632214735133;10;45.90594482421875;4.862019900000001
1632214741136;10;45.907196044921875;4.859909899999999
1632214747136;10;45.908477783203125;4.8577999
1632214753135;10;45.909423828125;4.8553999
1632214759136;10;45.910003662109375;4.8527398999999996
1632214765134;10;45.910186767578125;4.849979899999999
1632214771138;10;45.90997314453125;4.8472199
1632214777165;10;45.90960693359375;4.8444999
1632214783135;10;45.90887451171875;4.841919900000001
1632214789135;10;45.9078369140625;4.8395798999999995
1632214795139;10;45.90673828125;4.8371899
1632214801139;10;45.905975341796875;4.8346599
1632214807136;10;45.905364990234375;4.8320399
1632214813138;10;45.90460205078125;4.829509900000001
1632214819138;10;45.90374755859375;4.8270299
1632214825136;10;45.903045654296875;4.8244399
1632214831139;10;45.90252685546875;4.821759899999999
1632214837137;10;45.90216064453125;4.8190299
1632214843128;10;45.902008056640625;4.8162599
1632214849135;10;45.90216064453125;4.8134899
1632214855137;10;45.902618408203125;4.8107899000000005
1632214861139;10;45.903167724609375;4.808129900000001
1632214867140;10;45.90380859375;4.805509900000001
1632214873143;10;45.9046630859375;4.8029999000000005
1632214879139;10;45.905731201171875;4.8006699
1632214885138;10;45.90704345703125;4.7986499
1632214891111;10;45.908660888671875;4.7970999
1632214897113;10;45.910430908203125;4.7959999
1632214903114;10;45.9122314453125;4.7949399
1632214909105;10;45.91387939453125;4.793499899999999
1632214915120;10;45.915313720703125;4.7916299
1632214921123;10;45.916473388671875;4.7893799
1632214927146;10;45.917266845703125;4.7868599
1632214933111;10;45.917755126953125;4.784159900000001
1632214939112;10;45.91796875;4.7813899
1632214945114;10;45.918243408203125;4.7786399
1632214951112;10;45.918731689453125;4.7759599
1632214957110;10;45.91943359375;4.773349900000001
1632214963111;10;45.920318603515625;4.7708799
1632214969111;10;45.92138671875;4.7685599
1632214975111;10;45.922576904296875;4.766339899999999
1632214981114;10;45.9237060546875;4.7640999
1632214987115;10;45.92474365234375;4.7617499
1632214993110;10;45.9256591796875;4.7592899
1632214999115;10;45.926422119140625;4.7567299
1632215005115;10;45.927001953125;4.7540799
1632215011115;10;45.927459716796875;4.7513699
1632215017113;10;45.92779541015625;4.7486299
1632215023113;10;45.92822265625;4.7459199
1632215029112;10;45.9288330078125;4.7432699000000005
1632215035112;10;45.9295654296875;4.740699900000001
1632215041115;10;45.93048095703125;4.7382399
1632215047112;10;45.9315185546875;4.7358799
1632215053112;10;45.93255615234375;4.733599899999999
1632215059115;10;45.9334716796875;4.7314899
1632215065116;10;45.9344482421875;4.729549899999999
1632215071113;10;45.935699462890625;4.7280199000000005
1632215077114;10;45.937103271484375;4.726809899999999
1632215083118;10;45.9383544921875;4.7252499
1632215089114;10;45.939544677734375;4.7236599
1632215095117;10;45.94073486328125;4.7221899
1632215101117;10;45.9417724609375;4.7209399
1632215107143;10;45.942901611328125;4.7196599
1632215113110;10;45.94427490234375;4.718529899999999
1632215119113;10;45.945892333984375;4.7174899
1632215125114;10;45.9476318359375;4.7167199
1632215131110;10;45.949493408203125;4.716249899999999
1632215137116;10;45.951019287109375;4.7161399
1632215143114;10;45.953125;4.7164099
1632215149115;10;45.954925537109375;4.7169499
1632215155115;10;45.956695556640625;4.7178499
1632215161114;10;45.95831298828125;4.7190699
1632215167114;10;45.959869384765625;4.7203799
1632215173143;10;45.9613037109375;4.7216299
1632215179117;10;45.96270751953125;4.7228199
1632215185113;10;45.96405029296875;4.7239899
1632215191118;10;45.965484619140625;4.7251899
1632215197117;10;45.96685791015625;4.7263798999999995
1632215203111;10;45.96820068359375;4.7275199
1632215209116;10;45.969451904296875;4.7285899
1632215215117;10;45.970550537109375;4.7296399
1632215221115;10;45.971466064453125;4.7308299
1632215227080;10;45.97216796875;4.7317599
1632215233088;10;45.972869873046875;4.732459899999999
1632215239076;10;45.972991943359375;4.732579899999999
1632215245081;10;45.9730224609375;4.732599899999999
1632215251090;10;45.9730224609375;4.7326099
1632215257113;10;45.973052978515625;4.7326299
1632215263080;10;45.973114013671875;4.7326599
1632215269081;10;45.973114013671875;4.732669899999999
1632215275084;10;45.97332763671875;4.7328399
1632215281083;10;45.97406005859375;4.7334499
1632215287098;10;45.975189208984375;4.7340399
1632215293087;10;45.976593017578125;4.7349899
1632215299087;10;45.977996826171875;4.7358598999999995
1632215305089;10;45.97955322265625;4.7365199
1632215311089;10;45.98114013671875;4.7368898999999995
1632215317089;10;45.9827880859375;4.7369999
1632215323117;10;45.9844970703125;4.737009899999999
1632215329089;10;45.986236572265625;4.7370299
1632215335089;10;45.98773193359375;4.737049900000001
1632215341087;10;45.989776611328125;4.7370599
1632215347088;10;45.991485595703125;4.7370699
1632215353088;10;45.99334716796875;4.7369499
1632215359090;10;45.99530029296875;4.7366399
1632215365087;10;45.9969482421875;4.736249900000001
1632215371089;10;45.999114990234375;4.7355199
1632215377096;10;46.000946044921875;4.7347299000000005
1632215383101;10;46.00274658203125;4.7337698999999995
1632215389195;10;46.00457763671875;4.7327699
1632215395097;10;46.006072998046875;4.731989899999999
1632215401090;10;46.0079345703125;4.731159900000001
1632215407098;10;46.010101318359375;4.730199900000001
1632215413096;10;46.011962890625;4.729369900000001
1632215419096;10;46.013824462890625;4.7285499
1632215425088;10;46.01568603515625;4.7277299
1632215431090;10;46.017547607421875;4.726909900000001
1632215437096;10;46.0194091796875;4.7261099
1632215443089;10;46.020965576171875;4.7255799
1632215449089;10;46.02288818359375;4.7252298999999995
1632215455120;10;46.025177001953125;4.7251699
1632215461090;10;46.027099609375;4.7253199
1632215467091;10;46.029022216796875;4.7254799
1632215473090;10;46.030975341796875;4.7256499
1632215479092;10;46.032928466796875;4.7258099
1632215485090;10;46.0345458984375;4.7259499
1632215491097;10;46.03680419921875;4.726159900000001
1632215497089;10;46.038421630859375;4.7263099
1632215503093;10;46.0406494140625;4.7266599000000005
1632215509086;10;46.042266845703125;4.7270599
1632215515086;10;46.04443359375;4.727889899999999
1632215521086;10;46.046295166015625;4.728789900000001
1632215527096;10;46.048065185546875;4.7298799
1632215533090;10;46.0498046875;4.7310399
1632215539093;10;46.051544189453125;4.7321899
1632215545090;10;46.0533447265625;4.7332999
1632215551092;10;46.055145263671875;4.734339899999999
1632215557092;10;46.056640625;4.7351699
1632215563063;10;46.0584716796875;4.7360899000000005
1632215569060;10;46.060302734375;4.7369699
1632215575062;10;46.062164306640625;4.7377899
1632215581064;10;46.063873291015625;4.7384899
1632215587058;10;46.065399169921875;4.7390599
1632215593057;10;46.06689453125;4.7395799
1632215599061;10;46.06842041015625;4.740109899999999
1632215605087;10;46.0703125;4.740639900000001
1632215611058;10;46.071746826171875;4.7410299
1632215617062;10;46.0736083984375;4.7414898999999995
1632215623061;10;46.075531005859375;4.7419099
1632215629062;10;46.077392578125;4.7422199
1632215635060;10;46.07928466796875;4.7425099
1632215641061;10;46.081085205078125;4.7427299
1632215647059;10;46.08270263671875;4.7429099
1632215653061;10;46.084381103515625;4.743029900000001
1632215659059;10;46.08599853515625;4.7432199
1632215665057;10;46.08770751953125;4.7434799
1632215671061;10;46.089599609375;4.7439199
1632215677063;10;46.0914306640625;4.7445499
1632215683062;10;46.09326171875;4.7453899
1632215689063;10;46.095062255859375;4.746379900000001
1632215695058;10;46.096710205078125;4.7475299
1632215701056;10;46.0982666015625;4.7487599
1632215707066;10;46.09967041015625;4.7500399
1632215713062;10;46.101043701171875;4.7513198999999995
1632215719070;10;46.102325439453125;4.7525799
1632215725070;10;46.103546142578125;4.753789900000001
1632215731065;10;46.104736328125;4.755019900000001
1632215737070;10;46.10595703125;4.756229899999999
1632215743070;10;46.10711669921875;4.7573699
1632215749071;10;46.108367919921875;4.7584799
1632215755071;10;46.109588623046875;4.7595199
1632215761063;10;46.110809326171875;4.7604299
1632215767062;10;46.112091064453125;4.7612199
1632215773063;10;46.113372802734375;4.7618899
1632215779064;10;46.114715576171875;4.7624699
1632215785064;10;46.116058349609375;4.7628999
1632215791064;10;46.11737060546875;4.763239899999999
1632215797064;10;46.118743896484375;4.7634799
1632215803060;10;46.1201171875;4.763709899999999
1632215809065;10;46.1214599609375;4.7639399
1632215815065;10;46.122833251953125;4.7641599
1632215821065;10;46.124237060546875;4.764379900000001
1632215827067;10;46.1256103515625;4.7645899
1632215833062;10;46.126953125;4.7647999
1632215839064;10;46.1282958984375;4.765009900000001
1632215845057;10;46.129608154296875;4.765209899999999
1632215851095;10;46.131134033203125;4.765449899999999
1632215857063;10;46.132232666015625;4.7656099
1632215863062;10;46.133514404296875;4.7658699
1632215869065;10;46.134796142578125;4.766139900000001
1632215875063;10;46.136077880859375;4.766429899999999
1632215881063;10;46.137359619140625;4.766759899999999
1632215887056;10;46.138641357421875;4.7671399
1632215893063;10;46.139923095703125;4.7675298999999995
1632215899064;10;46.1412353515625;4.7679799
1632215905038;10;46.142608642578125;4.7684699
1632215911034;10;46.144012451171875;4.7689299
1632215917023;10;46.145416259765625;4.7693598999999995
1632215923036;10;46.146820068359375;4.7697699
1632215929033;10;46.14825439453125;4.7701299
1632215935065;10;46.149658203125;4.7704199
1632215941037;10;46.151092529296875;4.770639900000001
1632215947032;10;46.15252685546875;4.7708299
1632215953044;10;46.1539306640625;4.7709799
1632215959035;10;46.155303955078125;4.771099899999999
1632215965041;10;46.156707763671875;4.7711399000000005
1632215971040;10;46.1580810546875;4.7711599
1632215977040;10;46.1595458984375;4.771099899999999
1632215983040;10;46.1610107421875;4.771039899999999
1632215989045;10;46.16265869140625;4.7709199
1632215995038;10;46.16448974609375;4.770779900000001
1632216001075;10;46.166412353515625;4.7706199
1632216007038;10;46.1683349609375;4.7704899
1632216013043;10;46.170257568359375;4.7703599
1632216019037;10;46.172149658203125;4.7701999
1632216025035;10;46.174102783203125;4.7700899
1632216031037;10;46.176025390625;4.7700399
1632216037036;10;46.177947998046875;4.770139899999999
1632216043036;10;46.17987060546875;4.7703899000000005
1632216049037;10;46.1817626953125;4.7708299
1632216055038;10;46.18365478515625;4.7714799
1632216061020;10;46.185546875;4.7722399
1632216067068;10;46.18743896484375;4.773079900000001
1632216073039;10;46.189300537109375;4.7739699
1632216079037;10;46.191131591796875;4.7748799
1632216085040;10;46.1929931640625;4.775769899999999
1632216091039;10;46.194854736328125;4.7766799
1632216097040;10;46.196685791015625;4.7775699000000005
1632216103034;10;46.198516845703125;4.7784599
1632216109041;10;46.200347900390625;4.7793499
1632216115039;10;46.20220947265625;4.7802499
1632216121035;10;46.20404052734375;4.7811399
1632216127041;10;46.20587158203125;4.7820399
1632216133068;10;46.20770263671875;4.7829299
1632216139038;10;46.209564208984375;4.7838099
1632216145041;10;46.211395263671875;4.7846699
1632216151042;10;46.213226318359375;4.7855799
1632216157034;10;46.215087890625;4.7864599
1632216163040;10;46.2169189453125;4.787349900000001
1632216169036;10;46.21875;4.788229899999999
1632216175039;10;46.220611572265625;4.7891099
1632216181038;10;46.222442626953125;4.7899799000000005
1632216187039;10;46.22430419921875;4.7908199
1632216193036;10;46.226165771484375;4.7916299
1632216199040;10;46.22802734375;4.7924099
1632216205042;10;46.229888916015625;4.793199899999999
1632216211040;10;46.23175048828125;4.7939699
1632216217040;10;46.233612060546875;4.7947799
1632216223039;10;46.235443115234375;4.7955499
1632216229040;10;46.23724365234375;4.796299899999999
1632216235038;10;46.239044189453125;4.7970399
1632216241011;10;46.2408447265625;4.7977299
1632216247017;10;46.242706298828125;4.7983399
1632216253011;10;46.244598388671875;4.798809899999999
1632216259016;10;46.24652099609375;4.7989799
1632216265010;10;46.248443603515625;4.798889900000001
1632216271012;10;46.2503662109375;4.7985699
1632216277010;10;46.25225830078125;4.7979599
1632216283038;10;46.25408935546875;4.7971499
1632216289010;10;46.255889892578125;4.796159899999999
1632216295011;10;46.257659912109375;4.795089900000001
1632216301011;10;46.259429931640625;4.7939799
1632216307011;10;46.261199951171875;4.7928699
1632216313012;10;46.262939453125;4.7917399000000005
1632216319011;10;46.264739990234375;4.7907199
1632216325523;10;46.266876220703125;4.7896298999999996
1632216331020;10;46.268402099609375;4.788989900000001
1632216337020;10;46.270294189453125;4.7884199
1632216343018;10;46.272216796875;4.7880299
1632216349017;10;46.274139404296875;4.7878199
1632216355019;10;46.27606201171875;4.7878699000000005
1632216361018;10;46.277984619140625;4.7880598999999995
1632216367020;10;46.279876708984375;4.7883899
1632216373021;10;46.28179931640625;4.7888199
1632216379019;10;46.283660888671875;4.7892798999999995
1632216385014;10;46.28558349609375;4.7896399
1632216391015;10;46.287506103515625;4.790039900000001
1632216397013;10;46.289398193359375;4.7904399
1632216403016;10;46.291290283203125;4.7908399
1632216409012;10;46.293212890625;4.791259900000001
1632216415012;10;46.29510498046875;4.791689900000001
1632216421008;10;46.297027587890625;4.7921199
1632216427009;10;46.298919677734375;4.7925099
1632216433009;10;46.300811767578125;4.7929499
1632216439015;10;46.302734375;4.7933499
1632216445488;10;46.304931640625;4.793869900000001
1632216451013;10;46.306549072265625;4.794219899999999
1632216457013;10;46.308441162109375;4.7946599
1632216463043;10;46.310333251953125;4.795099899999999
1632216469014;10;46.312225341796875;4.7955999
1632216475011;10;46.3140869140625;4.7963199
1632216481014;10;46.31585693359375;4.7973699000000005
1632216487018;10;46.317596435546875;4.7986199
1632216493017;10;46.31927490234375;4.799979899999999
1632216499013;10;46.3209228515625;4.8014199
1632216505016;10;46.322509765625;4.803019900000001
1632216511494;10;46.32421875;4.8051499
1632216517012;10;46.32525634765625;4.8069199
1632216523016;10;46.326324462890625;4.8092199
1632216529045;10;46.3272705078125;4.8116399
1632216535016;10;46.3282470703125;4.8140298999999995
1632216541456;10;46.329681396484375;4.816529900000001
1632216547010;10;46.330902099609375;4.818009900000001
1632216553015;10;46.332550048828125;4.819429899999999
1632216559019;10;46.3343505859375;4.8204099000000005
1632216565498;10;46.3365478515625;4.821129899999999
1632216571493;10;46.33843994140625;4.8215799
1632216577498;10;46.34033203125;4.8220599
1632216583493;10;46.342193603515625;4.8226799
1632216589497;10;46.343963623046875;4.8234799
1632216595493;10;46.34576416015625;4.824409899999999
1632216601495;10;46.347564697265625;4.8254599
1632216607495;10;46.349334716796875;4.8265599
1632216613018;10;46.350830078125;4.827349899999999
1632216619502;10;46.35302734375;4.828089899999999
1632216625497;10;46.35491943359375;4.828569900000001
1632216631497;10;46.3568115234375;4.8290199
1632216637493;10;46.35870361328125;4.8295899
1632216643496;10;46.360595703125;4.8302299
1632216649498;10;46.362457275390625;4.8310199
1632216655496;10;46.3642578125;4.8320699
1632216661526;10;46.365997314453125;4.8333999
1632216667495;10;46.367645263671875;4.8349999
1632216673497;10;46.36920166015625;4.8367299
1632216679021;10;46.370513916015625;4.8381699
1632216685495;10;46.372344970703125;4.840129900000001
1632216691507;10;46.373931884765625;4.8417699
1632216697506;10;46.375579833984375;4.8433199
1632216703503;10;46.37725830078125;4.8447799
1632216709506;10;46.37896728515625;4.846129899999999
1632216715519;10;46.3807373046875;4.8473899000000005
1632216721509;10;46.382476806640625;4.8485699
1632216727538;10;46.38427734375;4.8496499
1632216733511;10;46.385986328125;4.8505799
1632216739518;10;46.38775634765625;4.8514498999999995
1632216745034;10;46.389312744140625;4.8521099
1632216751480;10;46.3914794921875;4.8529499
1632216757482;10;46.393402099609375;4.8535699
1632216763488;10;46.395294189453125;4.8540799
1632216769440;10;46.397216796875;4.8545199
1632216775482;10;46.399139404296875;4.854889899999999
1632216781479;10;46.40106201171875;4.855229899999999
1632216787478;10;46.402984619140625;4.8556499
1632216793469;10;46.404876708984375;4.8562598999999995
1632216799427;10;46.40673828125;4.8570399
1632216805483;10;46.4085693359375;4.8580199
1632216811511;10;46.410308837890625;4.8591698999999995
1632216817486;10;46.41204833984375;4.8604099000000005
1632216823487;10;46.413818359375;4.8616798999999995
1632216829481;10;46.415618896484375;4.862939899999999
1632216835481;10;46.417388916015625;4.8640999
1632216841489;10;46.419189453125;4.8651699
1632216847429;10;46.420989990234375;4.8661199
1632216853480;10;46.422821044921875;4.866939899999999
1632216859480;10;46.42474365234375;4.8676499
1632216865482;10;46.4267578125;4.8683099
1632216871488;10;46.428741455078125;4.868819899999999
1632216877490;10;46.430694580078125;4.8691799
1632216883479;10;46.4326171875;4.869449899999999
1632216889480;10;46.434539794921875;4.8696999
1632216895486;10;46.43646240234375;4.869899899999999
1632216901440;10;46.438385009765625;4.8700999
1632216907482;10;46.4403076171875;4.8703399
1632216913480;10;46.44219970703125;4.8706198999999994
1632216919482;10;46.444122314453125;4.8709299
1632216925489;10;46.446044921875;4.871289900000001
1632216931449;10;46.44793701171875;4.8717199
1632216937481;10;46.4498291015625;4.8722599
1632216943522;10;46.45172119140625;4.8728599
1632216949489;10;46.453582763671875;4.8735499
1632216955483;10;46.4554443359375;4.8742899
1632216961484;10;46.457275390625;4.8751099
1632216967483;10;46.4591064453125;4.8759699
1632216973490;10;46.460845947265625;4.8769199
1632216979489;10;46.46258544921875;4.8778999
1632216985484;10;46.46429443359375;4.878949899999999
1632216991486;10;46.46600341796875;4.880009899999999
1632216997487;10;46.467681884765625;4.881119899999999
1632217003481;10;46.469390869140625;4.8822199
1632217009484;10;46.4710693359375;4.8833499
1632217015481;10;46.472808837890625;4.8845199
1632217021494;10;46.47454833984375;4.885669900000001
1632217027477;10;46.476318359375;4.8868099
1632217033485;10;46.478057861328125;4.8879799
1632217039486;10;46.47979736328125;4.8891299
1632217045495;10;46.4815673828125;4.8902899
1632217051492;10;46.483306884765625;4.8914599
1632217057455;10;46.48504638671875;4.892639900000001
1632217063456;10;46.48681640625;4.8937799
1632217069462;10;46.48858642578125;4.8948799
1632217075461;10;46.4903564453125;4.8959299
1632217081459;10;46.492156982421875;4.8969599
1632217087457;10;46.49395751953125;4.8979799
1632217093487;10;46.495758056640625;4.8990199
1632217099463;10;46.49749755859375;4.9001798999999995
1632217105423;10;46.49920654296875;4.901429900000001
1632217111456;10;46.50091552734375;4.9027598999999995
1632217117456;10;46.502532958984375;4.904229900000001
1632217123442;10;46.504180908203125;4.9056698999999995
1632217129458;10;46.505889892578125;4.9070298999999995
1632217135456;10;46.507598876953125;4.908299899999999
1632217141463;10;46.50933837890625;4.9094499
1632217147461;10;46.511138916015625;4.9104899
1632217153431;10;46.512939453125;4.9113899000000005
1632217159457;10;46.514801025390625;4.9122199
1632217165458;10;46.516632080078125;4.9130399
1632217171458;10;46.518463134765625;4.9139199
1632217177466;10;46.520263671875;4.9149099
1632217183427;10;46.52203369140625;4.9159999
1632217189456;10;46.523773193359375;4.9171599
1632217195465;10;46.52557373046875;4.918249899999999
1632217201462;10;46.527374267578125;4.9191399
1632217207460;10;46.529266357421875;4.9197499
1632217213457;10;46.53118896484375;4.920039900000001
1632217219466;10;46.5330810546875;4.920099899999999
1632217225422;10;46.535003662109375;4.9200199
1632217231462;10;46.53692626953125;4.9198199
1632217237458;10;46.538848876953125;4.9195299
1632217243462;10;46.540740966796875;4.9190499
1632217249461;10;46.542572021484375;4.9182299
1632217255461;10;46.5443115234375;4.9169998999999995
1632217261459;10;46.545928955078125;4.915469900000001
1632217267459;10;46.54742431640625;4.913679899999999
1632217273499;10;46.548797607421875;4.911759900000001
1632217279427;10;46.55010986328125;4.9097299
1632217285462;10;46.551422119140625;4.907689899999999
1632217291462;10;46.552734375;4.9056499
1632217297459;10;46.5540771484375;4.9036099
1632217303469;10;46.555450439453125;4.9016599
1632217309461;10;46.556976318359375;4.8999999
1632217315460;10;46.55865478515625;4.898639899999999
1632217321466;10;46.560455322265625;4.8975999
1632217327425;10;46.562286376953125;4.8968199
1632217333464;10;46.564178466796875;4.8961699
1632217339487;10;46.566070556640625;4.8957299
1632217345440;10;46.5679931640625;4.8956699
1632217351438;10;46.569915771484375;4.8959599
1632217357465;10;46.571807861328125;4.8965799
1632217363432;10;46.57366943359375;4.8972499
1632217369439;10;46.575531005859375;4.8979499
1632217375431;10;46.577392578125;4.8986299
1632217381431;10;46.579254150390625;4.8993299
1632217387434;10;46.581146240234375;4.8999899
1632217393440;10;46.583038330078125;4.9004599
1632217399385;10;46.584930419921875;4.9005399
1632217405418;10;46.58685302734375;4.9002899
1632217411435;10;46.588714599609375;4.8996199
1632217417441;10;46.59051513671875;4.898599900000001
1632217423471;10;46.59222412109375;4.8973199
1632217429381;10;46.5938720703125;4.8958699
1632217435434;10;46.595489501953125;4.8943099
1632217441444;10;46.5970458984375;4.892699900000001
1632217447443;10;46.59857177734375;4.8910099
1632217453435;10;46.600067138671875;4.8892599
1632217459436;10;46.601531982421875;4.8874399
1632217465435;10;46.60296630859375;4.8855599000000005
1632217471439;10;46.604339599609375;4.883629899999999
1632217477393;10;46.605743408203125;4.8816899
1632217483437;10;46.60711669921875;4.8797199
1632217489468;10;46.608489990234375;4.8776699
1632217495448;10;46.609832763671875;4.8756099
1632217501438;10;46.611175537109375;4.873579899999999
1632217507430;10;46.612548828125;4.8715999
1632217513443;10;46.613922119140625;4.8696599
1632217519446;10;46.6153564453125;4.8677799
1632217525398;10;46.6168212890625;4.8659799
1632217531434;10;46.61834716796875;4.8642899
1632217537437;10;46.61993408203125;4.8626898999999995
1632217543448;10;46.62164306640625;4.861399899999999
1632217549432;10;46.62347412109375;4.860499900000001
1632217555436;10;46.625396728515625;4.860089899999999
1632217561440;10;46.6273193359375;4.8601999
1632217567404;10;46.62921142578125;4.8606099
1632217573434;10;46.631134033203125;4.860679900000001
1632217579448;10;46.633056640625;4.8602299
1632217585434;10;46.63494873046875;4.8596399
1632217591437;10;46.6368408203125;4.8593499
1632217597438;10;46.638763427734375;4.8593999
1632217603441;10;46.64068603515625;4.8595599
1632217609407;10;46.64263916015625;4.8596999
1632217615434;10;46.644561767578125;4.8597599
1632217621438;10;46.646484375;4.8596999
1632217627447;10;46.648406982421875;4.8595199
1632217633403;10;46.65032958984375;4.8591599
1632217639437;10;46.6522216796875;4.8586799
1632217645437;10;46.654083251953125;4.8580199
1632217651450;10;46.65594482421875;4.8572499
1632217657449;10;46.657745361328125;4.856339900000001
1632217663417;10;46.6595458984375;4.8553199
1632217669364;10;46.66131591796875;4.8542499
1632217675412;10;46.6630859375;4.8531699
1632217681408;10;46.66485595703125;4.8520599
1632217687417;10;46.666656494140625;4.8509799000000005
1632217693357;10;46.668426513671875;4.849939900000001
1632217699411;10;46.670257568359375;4.8489999
1632217705411;10;46.672088623046875;4.848179900000001
1632217711417;10;46.6739501953125;4.847469899999999
1632217717404;10;46.67584228515625;4.8468699
1632217723411;10;46.677734375;4.8463899
1632217729411;10;46.67962646484375;4.8460199
1632217735400;10;46.681549072265625;4.8456798999999995
1632217741408;10;46.6834716796875;4.8453699
1632217747411;10;46.685302734375;4.845049899999999
1632217753414;10;46.68701171875;4.8447899
1632217759419;10;46.688720703125;4.8444999
1632217765412;10;46.6903076171875;4.844239900000001
1632217771411;10;46.6917724609375;4.8439999
1632217777411;10;46.693115234375;4.8437799
1632217783419;10;46.694427490234375;4.8435499
1632217789418;10;46.695770263671875;4.8433199
1632217795359;10;46.697235107421875;4.843089900000001
1632217801412;10;46.69879150390625;4.8428199
1632217807415;10;46.70037841796875;4.8425598999999995
1632217813396;10;46.7020263671875;4.8422899
1632217819413;10;46.70361328125;4.8420198999999995
1632217825407;10;46.70526123046875;4.8417399
1632217831418;10;46.706878662109375;4.8414599
1632217837373;10;46.708526611328125;4.841169900000001
1632217843408;10;46.710174560546875;4.8408799
1632217849413;10;46.711822509765625;4.840569899999999
1632217855414;10;46.713470458984375;4.8402399
1632217861377;10;46.71502685546875;4.839909899999999
1632217867411;10;46.716583251953125;4.8395798999999995
1632217873406;10;46.7181396484375;4.8392498999999995
1632217879421;10;46.719696044921875;4.8389199
1632217885430;10;46.721221923828125;4.8385799
1632217891413;10;46.722869873046875;4.8382099
1632217897411;10;46.724639892578125;4.8378199
1632217903418;10;46.7264404296875;4.8374199
1632217909420;10;46.728271484375;4.8370199000000005
1632217915371;10;46.7301025390625;4.8366199000000005
1632217921409;10;46.73193359375;4.836229899999999
1632217927422;10;46.733795166015625;4.8358299
1632217933376;10;46.735626220703125;4.8354099
1632217939412;10;46.737457275390625;4.8350099
1632217945415;10;46.739288330078125;4.8346199
1632217951451;10;46.741119384765625;4.8342199
1632217957420;10;46.742919921875;4.833849900000001
1632217963411;10;46.74462890625;4.8334699
1632217969415;10;46.746246337890625;4.8331099
1632217975412;10;46.74786376953125;4.8327599
1632217981424;10;46.749481201171875;4.8324199000000005
1632217987422;10;46.7510986328125;4.8320099
1632217993412;10;46.752716064453125;4.8314899
1632217999416;10;46.754302978515625;4.8308999
1632218005386;10;46.755859375;4.830149899999999
1632218011393;10;46.75738525390625;4.8293599
1632218017333;10;46.758941650390625;4.8284199
1632218023385;10;46.760498046875;4.827409899999999
1632218029384;10;46.761993408203125;4.8264499
1632218035423;10;46.763519287109375;4.8254899
1632218041389;10;46.7650146484375;4.8245299
1632218047386;10;46.766510009765625;4.8235599
1632218053385;10;46.76800537109375;4.822599900000001
1632218059392;10;46.769500732421875;4.8216299000000005
1632218065332;10;46.771026611328125;4.8206698999999995
1632218071384;10;46.772552490234375;4.8198699
1632218077394;10;46.774169921875;4.8194899
1632218083333;10;46.77581787109375;4.8194699000000005
1632218089386;10;46.7774658203125;4.8195399
1632218095385;10;46.779083251953125;4.8196299
1632218101417;10;46.780731201171875;4.8197099
1632218107389;10;46.782379150390625;4.8197999000000005
1632218113387;10;46.784027099609375;4.8198799
1632218119383;10;46.785675048828125;4.8199699
1632218125389;10;46.78729248046875;4.8200599
1632218131379;10;46.7889404296875;4.8203599
1632218137386;10;46.790557861328125;4.8209499000000005
1632218143384;10;46.792144775390625;4.8215999
1632218149391;10;46.793731689453125;4.8222499
1632218155392;10;46.79534912109375;4.8228899
1632218161387;10;46.79693603515625;4.8235299000000005
1632218167425;10;46.79852294921875;4.8241899
1632218173393;10;46.800140380859375;4.8247399
1632218179396;10;46.8017578125;4.8251899
1632218185388;10;46.80340576171875;4.825559899999999
1632218191389;10;46.805023193359375;4.8259099
1632218197391;10;46.806671142578125;4.8262499000000005
1632218203394;10;46.80828857421875;4.8265899
1632218209352;10;46.8099365234375;4.8269798999999995
1632218215387;10;46.811553955078125;4.8273798999999995
1632218221389;10;46.81317138671875;4.8277899
1632218227389;10;46.8148193359375;4.8281899
1632218233387;10;46.81646728515625;4.8285799
1632218239387;10;46.818084716796875;4.8290099
1632218245386;10;46.8197021484375;4.8294199
1632218251389;10;46.82135009765625;4.8298199
1632218257395;10;46.822967529296875;4.8302198999999995
1632218263354;10;46.824615478515625;4.8306299
1632218269385;10;46.82623291015625;4.831029899999999
1632218275386;10;46.828033447265625;4.8314199
1632218281393;10;46.8299560546875;4.8317699
1632218287396;10;46.831878662109375;4.832029899999999
1632218293386;10;46.833831787109375;4.8321799
1632218299385;10;46.83575439453125;4.8321899
1632218305397;10;46.83770751953125;4.8320599
1632218311395;10;46.839630126953125;4.831839899999999
1632218317392;10;46.841552734375;4.8314999
1632218323386;10;46.843475341796875;4.831079900000001
1632218329389;10;46.845428466796875;4.830469900000001
1632218335392;10;46.847320556640625;4.8297199
1632218341369;10;46.84918212890625;4.828939900000001
1632218347309;10;46.85101318359375;4.828039899999999
1632218353361;10;46.852874755859375;4.8271299
1632218359367;10;46.854705810546875;4.8261899
1632218365354;10;46.85650634765625;4.8252199
1632218371363;10;46.85833740234375;4.8242499
1632218377356;10;46.86016845703125;4.8233299
1632218383360;10;46.86199951171875;4.8224499000000005
1632218389371;10;46.8638916015625;4.8216299000000005
1632218395315;10;46.865753173828125;4.8208699
1632218401362;10;46.867645263671875;4.8202299
1632218407363;10;46.86956787109375;4.8196899
1632218413373;10;46.8714599609375;4.8193098999999995
1632218419357;10;46.8734130859375;4.8190399
1632218425358;10;46.875335693359375;4.8188999
1632218431362;10;46.877288818359375;4.818869900000001
1632218437370;10;46.87921142578125;4.8189699
1632218443369;10;46.88116455078125;4.8191999
1632218449363;10;46.883087158203125;4.8195099
1632218455361;10;46.885009765625;4.819889900000001
1632218461358;10;46.886932373046875;4.8203599
1632218467368;10;46.88885498046875;4.8208499
1632218473335;10;46.890777587890625;4.8213499
1632218479370;10;46.892669677734375;4.821869899999999
1632218485369;10;46.89459228515625;4.8222599
1632218491327;10;46.896514892578125;4.822509900000001
1632218497388;10;46.898468017578125;4.822599900000001
1632218503362;10;46.900390625;4.8224499000000005
1632218509363;10;46.902313232421875;4.8221199
1632218515368;10;46.90423583984375;4.821719900000001
1632218521330;10;46.906158447265625;4.821219899999999
1632218527360;10;46.908050537109375;4.8207199
1632218533363;10;46.90997314453125;4.8202299
1632218539367;10;46.911895751953125;4.8198099
1632218545370;10;46.913818359375;4.819439900000001
1632218551333;10;46.915740966796875;4.819159899999999
1632218557362;10;46.917694091796875;4.8189999
1632218563396;10;46.919647216796875;4.8189699
1632218569370;10;46.92156982421875;4.8190498999999996
1632218575336;10;46.92352294921875;4.8192599000000005
1632218581359;10;46.925445556640625;4.8195898999999995
1632218587361;10;46.9273681640625;4.8200399
1632218593369;10;46.92926025390625;4.8205999
1632218599366;10;46.93115234375;4.8212699
1632218605360;10;46.933013916015625;4.8220499
1632218611359;10;46.934844970703125;4.8228999
1632218617375;10;46.93670654296875;4.823829900000001
1632218623328;10;46.93853759765625;4.824779899999999
1632218629393;10;46.94036865234375;4.825739899999999
1632218635363;10;46.942169189453125;4.826739900000001
1632218641363;10;46.9439697265625;4.8277499
1632218647373;10;46.94580078125;4.828729900000001
1632218653364;10;46.947601318359375;4.8297299
1632218659365;10;46.949432373046875;4.8307199
1632218665364;10;46.951263427734375;4.8317099
1632218671341;10;46.95306396484375;4.8326899
1632218677289;10;46.95489501953125;4.833679900000001
1632218683333;10;46.95672607421875;4.8345999
1632218689332;10;46.958587646484375;4.835489900000001
1632218695320;10;46.96044921875;4.836229899999999
1632218701342;10;46.96234130859375;4.836909899999999
1632218707291;10;46.9642333984375;4.8375499
1632218713365;10;46.96612548828125;4.838189900000001
1632218719338;10;46.967987060546875;4.8388899
1632218725338;10;46.9698486328125;4.8396899
1632218731335;10;46.9716796875;4.840599899999999
1632218737335;10;46.9735107421875;4.8416199
1632218743335;10;46.97528076171875;4.8427399
1632218749339;10;46.977020263671875;4.8439699
1632218755292;10;46.978759765625;4.8452299
1632218761335;10;46.980499267578125;4.8465299
1632218767335;10;46.98223876953125;4.8478199
1632218773335;10;46.98394775390625;4.8491199
1632218779358;10;46.985687255859375;4.850409899999999
1632218785334;10;46.9874267578125;4.8516999
1632218791336;10;46.989166259765625;4.8529599
1632218797334;10;46.99090576171875;4.8541999
1632218803342;10;46.99267578125;4.8553599
1632218809341;10;46.994476318359375;4.8564799
1632218815301;10;46.996246337890625;4.857539900000001
1632218821336;10;46.998077392578125;4.858539899999999
1632218827339;10;46.9998779296875;4.8595599
1632218833341;10;47.001708984375;4.8605299
1632218839331;10;47.00347900390625;4.8614899
1632218845334;10;47.005096435546875;4.8623799000000005
1632218851339;10;47.006805419921875;4.863279899999999
1632218857346;10;47.008544921875;4.864229900000001
1632218863321;10;47.01025390625;4.8651399
1632218869341;10;47.011871337890625;4.8659999
1632218875337;10;47.013458251953125;4.8668699
1632218881338;10;47.014923095703125;4.867619899999999
1632218887346;10;47.016265869140625;4.8683299
1632218893314;10;47.017547607421875;4.8689899
1632218899328;10;47.018829345703125;4.8697299
1632218905347;10;47.02008056640625;4.8705499
1632218911343;10;47.021270751953125;4.8715098999999995
1632218917323;10;47.022369384765625;4.8726999
1632218923336;10;47.02349853515625;4.8738199
1632218929336;10;47.024749755859375;4.8746298999999995
1632218935339;10;47.026092529296875;4.8750499
1632218941319;10;47.0274658203125;4.875089900000001
1632218947335;10;47.02880859375;4.8746999
1632218953310;10;47.030059814453125;4.8739599
1632218959308;10;47.03118896484375;4.8728299
1632218965314;10;47.03216552734375;4.871419899999999
1632218971312;10;47.03289794921875;4.8697499
1632218977308;10;47.033416748046875;4.8678899
1632218983309;10;47.033782958984375;4.8659599
1632218989314;10;47.034210205078125;4.8640599
1632218995317;10;47.034881591796875;4.8623099
1632219001315;10;47.03558349609375;4.860769899999999
1632219007266;10;47.03607177734375;4.8597099
1632219013309;10;47.036529541015625;4.858759900000001
1632219019311;10;47.037017822265625;4.8576899
1632219025295;10;47.03753662109375;4.8566199
1632219031317;10;47.038055419921875;4.855519899999999
1632219037262;10;47.038604736328125;4.854319899999999
1632219043313;10;47.039154052734375;4.853059900000001
1632219049310;10;47.0396728515625;4.8518799
1632219055314;10;47.040252685546875;4.850589899999999
1632219061319;10;47.04083251953125;4.8492299
1632219067308;10;47.041473388671875;4.847779900000001
1632219073311;10;47.0421142578125;4.846269899999999
1632219079310;10;47.042724609375;4.8447599
1632219085318;10;47.04327392578125;4.8434199
1632219091311;10;47.0438232421875;4.842069900000001
1632219097311;10;47.04437255859375;4.8407399
1632219103311;10;47.044921875;4.839409900000001
1632219109323;10;47.045501708984375;4.8380298999999996
1632219115318;10;47.046051025390625;4.8366599
1632219121308;10;47.046600341796875;4.8353999000000005
1632219127312;10;47.047149658203125;4.834139899999999
1632219133313;10;47.0478515625;4.8328999
1632219139316;10;47.048797607421875;4.831779899999999
1632219145270;10;47.049957275390625;4.8308899
1632219151314;10;47.05133056640625;4.8303899
1632219157311;10;47.05291748046875;4.830039899999999
1632219163321;10;47.05462646484375;4.829379899999999
1632219169282;10;47.05621337890625;4.827979899999999
1632219175344;10;47.057403564453125;4.8258299
1632219181313;10;47.058074951171875;4.8231799
1632219187319;10;47.058197021484375;4.8202698999999996
1632219193321;10;47.058013916015625;4.817419899999999
1632219199316;10;47.05816650390625;4.8146299
1632219205312;10;47.058624267578125;4.8118999
1632219211323;10;47.05889892578125;4.8091099
1632219217314;10;47.0587158203125;4.806319899999999
1632219223316;10;47.058349609375;4.8035399000000005
1632219229314;10;47.058013916015625;4.800779899999999
1632219235322;10;47.05780029296875;4.7979799000000005
1632219241348;10;47.05792236328125;4.795169899999999
1632219247317;10;47.058013916015625;4.792359899999999
1632219253314;10;47.05780029296875;4.7895799
1632219259314;10;47.057373046875;4.7868299
1632219265320;10;47.057342529296875;4.7840599
1632219271315;10;47.05780029296875;4.7815499
1632219277313;10;47.05841064453125;4.7791299
1632219283313;10;47.059356689453125;4.7768499
1632219289324;10;47.0606689453125;4.774839899999999
1632219295235;10;47.062042236328125;4.7729099
1632219301285;10;47.0634765625;4.7710499
1632219307271;10;47.06494140625;4.7692198999999995
1632219313293;10;47.06646728515625;4.7674599
1632219319296;10;47.068145751953125;4.7660999
1632219325317;10;47.07000732421875;4.7655799000000005
1632219331287;10;47.071929931640625;4.7656999
1632219337289;10;47.0738525390625;4.7656298999999995
1632219343301;10;47.07568359375;4.7646999
1632219349286;10;47.07745361328125;4.763619899999999
1632219355286;10;47.079345703125;4.763169899999999
1632219361284;10;47.081268310546875;4.763129900000001
1632219367292;10;47.0831298828125;4.7626399
1632219373280;10;47.0848388671875;4.7612699
1632219379288;10;47.086212158203125;4.7592799
1632219385288;10;47.087432861328125;4.7571199
1632219391329;10;47.08868408203125;4.7549798999999995
1632219397295;10;47.090057373046875;4.752999900000001
1632219403238;10;47.0916748046875;4.7515099
1632219409286;10;47.0933837890625;4.7502099
1632219415288;10;47.094970703125;4.7485899
1632219421288;10;47.096466064453125;4.7467999
1632219427295;10;47.09796142578125;4.7450199
1632219433248;10;47.09942626953125;4.743229899999999
1632219439289;10;47.100830078125;4.7412499
1632219445286;10;47.101898193359375;4.7389098999999995
1632219451288;10;47.10247802734375;4.7362299
1632219457318;10;47.102447509765625;4.7334299
1632219463285;10;47.101898193359375;4.7307399000000006
1632219469288;10;47.1011962890625;4.728119899999999
1632219475292;10;47.100799560546875;4.7253699000000005
1632219481268;10;47.100860595703125;4.722559899999999
1632219487287;10;47.101470947265625;4.7198999
1632219493286;10;47.102569580078125;4.7175799000000005
1632219499300;10;47.104034423828125;4.715709899999999
1632219505249;10;47.10577392578125;4.7145199
1632219511289;10;47.10760498046875;4.7136299
1632219517277;10;47.10943603515625;4.7127599
1632219523291;10;47.11126708984375;4.711869900000001
1632219529289;10;47.113067626953125;4.7109499
1632219535289;10;47.114776611328125;4.7096499
1632219541298;10;47.11639404296875;4.708069900000001
1632219547280;10;47.117950439453125;4.7064398999999995
1632219553292;10;47.119537353515625;4.7047999
1632219559291;10;47.121124267578125;4.7032099
1632219565298;10;47.122772216796875;4.7017199
1632219571299;10;47.12451171875;4.700529899999999
1632219577287;10;47.126373291015625;4.6997899
1632219583290;10;47.1282958984375;4.6994799
1632219589290;10;47.130218505859375;4.699319900000001
1632219595300;10;47.13214111328125;4.6992899
1632219601300;10;47.134063720703125;4.699459900000001
1632219607286;10;47.135955810546875;4.699949899999999
1632219613290;10;47.1378173828125;4.700669899999999
1632219619289;10;47.13970947265625;4.701349899999999
1632219625300;10;47.1416015625;4.7016699
1632219631268;10;47.143524169921875;4.7016899
1632219637244;10;47.14544677734375;4.7014399
1632219643261;10;47.14727783203125;4.700649899999999
1632219649276;10;47.149078369140625;4.699589899999999
1632219655221;10;47.150970458984375;4.6992099
1632219661259;10;47.15289306640625;4.6992999
1632219667260;10;47.15478515625;4.6988099
1632219673259;10;47.156494140625;4.698149900000001
1632219679267;10;47.1580810546875;4.6976699
1632219685254;10;47.159912109375;4.6976499
1632219691262;10;47.16180419921875;4.6981399
1632219697249;10;47.1636962890625;4.6985299000000005
1632219703248;10;47.16558837890625;4.6981099
1632219709263;10;47.167327880859375;4.6968899
1632219715268;10;47.168701171875;4.6949699
1632219721262;10;47.16998291015625;4.6928399
1632219727270;10;47.17156982421875;4.6912799
1632219733268;10;47.173370361328125;4.6902399
1632219739267;10;47.17498779296875;4.688709899999999
1632219745261;10;47.176239013671875;4.6865599
1632219751262;10;47.17742919921875;4.684309900000001
1632219757269;10;47.17877197265625;4.6822999
1632219763263;10;47.180389404296875;4.6807498999999995
1632219769261;10;47.18212890625;4.6796099
1632219775262;10;47.183929443359375;4.6785999
1632219781260;10;47.185546875;4.6770999
1632219787299;10;47.18682861328125;4.675009899999999
1632219793219;10;47.18792724609375;4.6726699
1632219799262;10;47.18914794921875;4.670499899999999
1632219805261;10;47.190643310546875;4.6687598999999995
1632219811264;10;47.19232177734375;4.667369900000001
1632219817267;10;47.1939697265625;4.6659199
1632219823262;10;47.195465087890625;4.6641399
1632219829261;10;47.196807861328125;4.6620999
1632219835272;10;47.197906494140625;4.6597999
1632219841267;10;47.19879150390625;4.6572799
1632219847261;10;47.19952392578125;4.6546598999999995
1632219853296;10;47.20037841796875;4.6521299
1632219859263;10;47.201385498046875;4.6497099
1632219865271;10;47.202362060546875;4.6472799
1632219871273;10;47.2032470703125;4.6447799000000005
1632219877266;10;47.203948974609375;4.6421499
1632219883262;10;47.204559326171875;4.639469900000001
1632219889264;10;47.20513916015625;4.6367799000000005
1632219895273;10;47.205718994140625;4.6340799
1632219901271;10;47.206329345703125;4.6313999
1632219907265;10;47.2069091796875;4.6287099000000005
1632219913266;10;47.20751953125;4.6260299
1632219919289;10;47.2081298828125;4.623349900000001
1632219925271;10;47.20880126953125;4.6206999
1632219931224;10;47.20953369140625;4.6180899
1632219937266;10;47.210357666015625;4.6155299
1632219943263;10;47.211212158203125;4.612999899999999
1632219949275;10;47.212188720703125;4.6105599
1632219955272;10;47.21319580078125;4.6081599
1632219961263;10;47.21429443359375;4.6058199
1632219967264;10;47.2154541015625;4.603579900000001
1632219973235;10;47.216644287109375;4.6013899
1632219979231;10;47.21795654296875;4.5992799
1632219985219;10;47.21929931640625;4.5972599
1632219991242;10;47.220733642578125;4.5953499
1632219997235;10;47.222198486328125;4.5935099
1632220003266;10;47.223724365234375;4.591779900000001
1632220009235;10;47.225250244140625;4.5901099
1632220015248;10;47.22686767578125;4.5885599
1632220021183;10;47.228515625;4.5870999
1632220027238;10;47.230194091796875;4.5857299000000005
1632220033234;10;47.23193359375;4.584469899999999
1632220039243;10;47.233673095703125;4.583249900000001
1632220045238;10;47.23541259765625;4.5820599
1632220051237;10;47.237152099609375;4.5808899
1632220057233;10;47.238922119140625;4.5797299
1632220063247;10;47.24066162109375;4.5784999
1632220069272;10;47.242340087890625;4.5771699
1632220075185;10;47.243988037109375;4.575659900000001
1632220081237;10;47.2454833984375;4.5738999
1632220087236;10;47.246826171875;4.571899899999999
1632220093232;10;47.248077392578125;4.5697199
1632220099245;10;47.249114990234375;4.5673399
1632220105235;10;47.25;4.5648299
1632220111239;10;47.250701904296875;4.5621999
1632220117238;10;47.25128173828125;4.559509900000001
1632220123237;10;47.2518310546875;4.5567999
1632220129242;10;47.25238037109375;4.5540799
1632220135270;10;47.2529296875;4.5513599
1632220141217;10;47.25347900390625;4.5486398999999995
1632220147239;10;47.2540283203125;4.545929899999999
1632220153238;10;47.25457763671875;4.5432198999999995
1632220159244;10;47.255126953125;4.5405099
1632220165244;10;47.25567626953125;4.5377998999999996
1632220171246;10;47.25628662109375;4.535109899999999
1632220177241;10;47.256988525390625;4.5324699
1632220183241;10;47.2578125;4.5299299
1632220189247;10;47.2587890625;4.5274699
1632220195243;10;47.2598876953125;4.5251499
1632220201239;10;47.2611083984375;4.5229499
1632220207240;10;47.262451171875;4.5209399
1632220213239;10;47.263885498046875;4.5190599
1632220219238;10;47.265411376953125;4.5173299
1632220225241;10;47.267059326171875;4.5158399000000005
1632220231245;10;47.26873779296875;4.5144899
1632220237197;10;47.2705078125;4.5133799
1632220243245;10;47.2723388671875;4.5124599
1632220249238;10;47.274169921875;4.511739899999999
1632220255248;10;47.27606201171875;4.5111299
1632220261220;10;47.2779541015625;4.5105599000000005
1632220267240;10;47.27984619140625;4.509989900000001
1632220273238;10;47.28173828125;4.5094199
1632220279240;10;47.28363037109375;4.5088599
1632220285249;10;47.2855224609375;4.5082999
1632220291236;10;47.28741455078125;4.5077299
1632220297241;10;47.289276123046875;4.5071598999999996
1632220303240;10;47.291168212890625;4.5065899
1632220309251;10;47.293060302734375;4.5060399
1632220315220;10;47.294952392578125;4.5054699
1632220321220;10;47.296844482421875;4.5049099
1632220327188;10;47.298675537109375;4.5043599
1632220333210;10;47.300506591796875;4.5038199
1632220339211;10;47.30230712890625;4.503259900000001
1632220345209;10;47.30413818359375;4.5027299
1632220351215;10;47.305938720703125;4.5021799
1632220357212;10;47.307769775390625;4.501579899999999
1632220363209;10;47.309539794921875;4.5008199
1632220369212;10;47.311279296875;4.499859900000001
1632220375218;10;47.31304931640625;4.4986799
1632220381161;10;47.314727783203125;4.4972799000000006
1632220387212;10;47.31634521484375;4.4957598999999995
1632220393210;10;47.31793212890625;4.4941499
1632220399208;10;47.31951904296875;4.4925499
1632220405212;10;47.32110595703125;4.490959899999999
1632220411216;10;47.32269287109375;4.4893499
1632220417208;10;47.32427978515625;4.4877099
1632220423211;10;47.325836181640625;4.486029899999999
1632220429209;10;47.32733154296875;4.4842699
1632220435221;10;47.328826904296875;4.4824799
1632220441190;10;47.330291748046875;4.480629899999999
1632220447195;10;47.33172607421875;4.4787599
1632220453212;10;47.33319091796875;4.4768999
1632220459213;10;47.334625244140625;4.475029900000001
1632220465216;10;47.336090087890625;4.473179900000001
1632220471220;10;47.3375244140625;4.4712999
1632220477209;10;47.3389892578125;4.4694399
1632220483211;10;47.340423583984375;4.4675598999999995
1632220489211;10;47.341888427734375;4.4656899
1632220495213;10;47.343292236328125;4.4637999
1632220501211;10;47.344696044921875;4.4618599
1632220507210;10;47.3460693359375;4.4598299
1632220513210;10;47.34735107421875;4.4577399
1632220519217;10;47.34857177734375;4.4555599
1632220525168;10;47.3497314453125;4.4532699
1632220531241;10;47.350799560546875;4.4509099
1632220537212;10;47.351776123046875;4.4484799
1632220543211;10;47.35272216796875;4.4460199
1632220549220;10;47.353607177734375;4.4434899
1632220555212;10;47.35443115234375;4.4409299
1632220561214;10;47.355255126953125;4.4383599
1632220567212;10;47.356048583984375;4.4357799
1632220573212;10;47.356903076171875;4.4332299
1632220579216;10;47.357818603515625;4.4307399
1632220585213;10;47.358795166015625;4.4282999
1632220591211;10;47.35986328125;4.4259399
1632220597243;10;47.360931396484375;4.4235899
1632220603220;10;47.362030029296875;4.4212698999999995
1632220609220;10;47.3631591796875;4.4189399
1632220615214;10;47.3642578125;4.4165999000000005
1632220621213;10;47.365325927734375;4.4142399
1632220627212;10;47.366363525390625;4.411849900000001
1632220633213;10;47.367340087890625;4.4094199000000005
1632220639209;10;47.368316650390625;4.406969900000001
1632220645182;10;47.3692626953125;4.4044899
1632220651168;10;47.37017822265625;4.4019999
1632220657184;10;47.37109375;4.3994998999999995
1632220663167;10;47.372039794921875;4.397039899999999
1632220669167;10;47.37310791015625;4.3945399
1632220675178;10;47.37408447265625;4.392159899999999
1632220681222;10;47.3751220703125;4.389789899999999
1632220687178;10;47.37615966796875;4.387409900000001
1632220693183;10;47.377197265625;4.3850399
1632220699188;10;47.37823486328125;4.3826599
1632220705137;10;47.379364013671875;4.3803299
1632220711179;10;47.3804931640625;4.3780599
1632220717185;10;47.381744384765625;4.3758799
1632220723171;10;47.383026123046875;4.3737699
1632220729185;10;47.384368896484375;4.371739900000001
1632220735184;10;47.3857421875;4.3698099
1632220741182;10;47.387237548828125;4.367969899999999
1632220747220;10;47.38873291015625;4.366189899999999
1632220753180;10;47.3902587890625;4.3644699000000005
1632220759173;10;47.39178466796875;4.3627599
1632220765183;10;47.39324951171875;4.3611299
1632220771174;10;47.3946533203125;4.3595299
1632220777180;10;47.396087646484375;4.3579399
1632220783185;10;47.3975830078125;4.3562399
1632220789173;10;47.39910888671875;4.3545099
1632220795172;10;47.40057373046875;4.3527699
1632220801187;10;47.40203857421875;4.3510199
1632220807185;10;47.403533935546875;4.3492299
1632220813215;10;47.405029296875;4.347429900000001
1632220819176;10;47.406494140625;4.3456399
1632220825182;10;47.407989501953125;4.343839900000001
1632220831175;10;47.409454345703125;4.3420299
1632220837165;10;47.41094970703125;4.3402399
1632220843170;10;47.412445068359375;4.3384499
1632220849186;10;47.413909912109375;4.3366399
1632220855169;10;47.4154052734375;4.3348299
1632220861187;10;47.416839599609375;4.3329099
1632220867181;10;47.418212890625;4.3309199
1632220873187;10;47.419525146484375;4.328829900000001
1632220879178;10;47.420806884765625;4.3266998999999995
1632220885189;10;47.422088623046875;4.3246099
1632220891184;10;47.423431396484375;4.3225899
1632220897180;10;47.424896240234375;4.3207199
1632220903183;10;47.426483154296875;4.3189299
1632220909175;10;47.4281005859375;4.3171999
1632220915193;10;47.429718017578125;4.3154499
1632220921182;10;47.43109130859375;4.313449899999999
1632220927185;10;47.43243408203125;4.3114099
1632220933170;10;47.43377685546875;4.309369899999999
1632220939180;10;47.43511962890625;4.3073198999999995
1632220945177;10;47.436431884765625;4.305259899999999
1632220951169;10;47.437774658203125;4.303229900000001
1632220957170;10;47.439117431640625;4.301179899999999
1632220963189;10;47.44049072265625;4.2992099
1632220969162;10;47.4420166015625;4.297459900000001
1632220975182;10;47.44354248046875;4.2956899
1632220981186;10;47.444915771484375;4.2937299
1632220987162;10;47.44610595703125;4.2914899
1632220993179;10;47.447021484375;4.2889999
1632220999155;10;47.44775390625;4.2863599
1632221005166;10;47.448486328125;4.2837199
1632221011122;10;47.449066162109375;4.2815199
1632221017154;10;47.44989013671875;4.2784399
1632221023156;10;47.450592041015625;4.2757898999999995
1632221029160;10;47.4512939453125;4.2731399
1632221035161;10;47.4520263671875;4.2705199
1632221041137;10;47.452911376953125;4.2679998999999995
1632221047155;10;47.4539794921875;4.2656299
1632221053153;10;47.45526123046875;4.2633199
1632221059131;10;47.45660400390625;4.2610699
1632221065167;10;47.457916259765625;4.2588199
1632221071153;10;47.459197998046875;4.256629899999999
1632221077152;10;47.46044921875;4.254489899999999
1632221083159;10;47.461700439453125;4.252329899999999
1632221089146;10;47.462982177734375;4.2501799
1632221095146;10;47.4642333984375;4.2480099
1632221101157;10;47.465362548828125;4.2457299
1632221107150;10;47.466339111328125;4.2432599
1632221113181;10;47.46710205078125;4.2406699
1632221119156;10;47.46771240234375;4.2379799
1632221125140;10;47.46826171875;4.2352599
1632221131155;10;47.46881103515625;4.232539900000001
1632221137162;10;47.469390869140625;4.2298298999999995
1632221143105;10;47.469940185546875;4.2271099
1632221149154;10;47.470489501953125;4.2243899
1632221155156;10;47.4710693359375;4.221669899999999
1632221161160;10;47.47161865234375;4.2189499
1632221167162;10;47.47216796875;4.2162299
1632221173153;10;47.472747802734375;4.2135199000000005
1632221179162;10;47.473358154296875;4.210819900000001
1632221185157;10;47.473968505859375;4.2081199
1632221191154;10;47.474609375;4.2054399
1632221197156;10;47.475250244140625;4.2027599
1632221203164;10;47.4759521484375;4.2000999
1632221209184;10;47.476654052734375;4.1974599
1632221215134;10;47.47735595703125;4.1948099
1632221221153;10;47.47808837890625;4.1921699
1632221227157;10;47.478790283203125;4.1895199000000005
1632221233164;10;47.4794921875;4.1868899
1632221239160;10;47.480224609375;4.1842499
1632221245165;10;47.480926513671875;4.1816199
1632221251159;10;47.481658935546875;4.1789799
1632221257158;10;47.482330322265625;4.1763299
1632221263159;10;47.483001708984375;4.1736599000000005
1632221269157;10;47.483612060546875;4.1709599
1632221275183;10;47.484161376953125;4.1682399000000006
1632221281153;10;47.48468017578125;4.1654999
1632221287160;10;47.485198974609375;4.1627599
1632221293159;10;47.485687255859375;4.160019900000001
1632221299158;10;47.4862060546875;4.1572699
1632221305159;10;47.4866943359375;4.1545198999999995
1632221311166;10;47.4871826171875;4.151769900000001
1632221317127;10;47.4876708984375;4.1490299
1632221323159;10;47.488189697265625;4.1462799
1632221329159;10;47.48870849609375;4.1435399
1632221335133;10;47.48919677734375;4.1407899
1632221341113;10;47.48980712890625;4.1380999
1632221347131;10;47.490509033203125;4.135439900000001
1632221353132;10;47.491302490234375;4.1328499
1632221359159;10;47.492156982421875;4.1302999
1632221365140;10;47.493072509765625;4.1278099
1632221371139;10;47.4940185546875;4.1253099
1632221377081;10;0;4.122819900047034
1632221378166;10;47.495086669921875;4.122409899999999
1632221383133;10;47.495849609375;4.1203399
1632221389132;10;47.496734619140625;4.1178199
1632221395128;10;47.497650146484375;4.1153199
1632221401140;10;47.498565673828125;4.112819900000001
1632221407117;10;47.499481201171875;4.1103099
1632221413134;10;47.500396728515625;4.1078099
1632221419131;10;47.50128173828125;4.1052799
1632221425159;10;47.502105712890625;4.102719899999999
1632221431134;10;47.5029296875;4.1001299
1632221437132;10;47.503662109375;4.0974999
1632221443130;10;47.504302978515625;4.0948399
1632221449131;10;47.5048828125;4.0921199
1632221455140;10;47.50531005859375;4.089359900000001
1632221461139;10;47.505645751953125;4.0865499
1632221467133;10;47.50579833984375;4.0837299
1632221473133;10;47.505859375;4.0808899
1632221479132;10;47.5057373046875;4.078049900000001
1632221485142;10;47.505523681640625;4.0752299
1632221491161;10;47.5052490234375;4.0724199
1632221497133;10;47.5050048828125;4.0695999
1632221503135;10;47.504791259765625;4.0667799
1632221509134;10;47.504669189453125;4.0639499
1632221515136;10;47.504608154296875;4.0611099
1632221521138;10;47.50457763671875;4.0582699
1632221527139;10;47.504608154296875;4.0554299
1632221533134;10;47.504608154296875;4.0525799
1632221539134;10;47.504638671875;4.0497299
1632221545143;10;47.50457763671875;4.0468999
1632221551145;10;47.50445556640625;4.0440599
1632221557141;10;47.5042724609375;4.0412299
1632221563136;10;47.504058837890625;4.0384098999999996
1632221569134;10;47.50384521484375;4.0355799
1632221575135;10;47.503662109375;4.0327499
1632221581134;10;47.503570556640625;4.029909900000001
1632221587135;10;47.503631591796875;4.027089899999999
1632221593133;10;47.5037841796875;4.0244499000000005
1632221599136;10;47.5040283203125;4.022039899999999
1632221605135;10;47.50433349609375;4.0198199
1632221611135;10;47.50469970703125;4.0177898999999995
1632221617141;10;47.505096435546875;4.0158699
1632221623103;10;47.50543212890625;4.0143199
1632221629134;10;47.5059814453125;4.0121799
1632221635135;10;47.5064697265625;4.0104299
1632221641135;10;47.5069580078125;4.0088199
1632221647136;10;47.507476806640625;4.0072499
1632221653145;10;47.508026123046875;4.005689899999999
1632221659137;10;47.508575439453125;4.0041399
1632221665136;10;47.509185791015625;4.0026098999999995
1632221671131;10;47.50982666015625;4.0011299
1632221677112;10;47.510498046875;3.9996699
1632221683105;10;47.511199951171875;3.9982499
1632221689106;10;47.511993408203125;3.9969099
1632221695106;10;47.512786865234375;3.9955899
1632221701110;10;47.51361083984375;3.9943598999999996
1632221707105;10;47.5145263671875;3.9932099
1632221713104;10;47.51531982421875;3.9923199
1632221719114;10;47.5164794921875;3.9911799000000006
1632221725114;10;47.517547607421875;3.9903599000000005
1632221731112;10;47.518646240234375;3.9896298999999997
1632221737094;10;47.519744873046875;3.9890299
1632221743108;10;47.520904541015625;3.9884999000000003
1632221749105;10;47.522064208984375;3.9879899
1632221755115;10;47.523193359375;3.9874798999999994
1632221761114;10;47.52435302734375;3.9869499
1632221767115;10;47.52545166015625;3.9863398999999995
1632221773112;10;47.526580810546875;3.9856799000000005
1632221779108;10;47.527679443359375;3.9849599
1632221785112;10;47.52874755859375;3.9842399000000004
1632221791114;10;47.529815673828125;3.9833998999999993
1632221797106;10;47.530853271484375;3.9825299
1632221803074;10;47.531707763671875;3.9817998999999995
1632221809108;10;47.532745361328125;3.9808999
1632221815105;10;47.53399658203125;3.9798398999999995
1632221821107;10;47.5352783203125;3.9787299
1632221827104;10;47.53680419921875;3.9774198999999997
1632221833103;10;47.538482666015625;3.9759899
1632221839108;10;47.54022216796875;3.9744899
1632221845108;10;47.5419921875;3.9729598999999998
1632221851108;10;47.543731689453125;3.9714399
1632221857108;10;47.54547119140625;3.9698899000000005
1632221863115;10;47.54718017578125;3.9680299
1632221869115;10;47.548583984375;3.9658799
1632221875092;10;47.549530029296875;3.9639499
1632221881108;10;47.55059814453125;3.9610399000000003
1632221887135;10;47.551361083984375;3.9584199000000004
1632221893121;10;47.55224609375;3.9559299
1632221899111;10;47.55352783203125;3.9537899
1632221905105;10;47.5550537109375;3.9520599000000005
1632221911108;10;47.556732177734375;3.9506799
1632221917118;10;47.5582275390625;3.9491598999999997
1632221923116;10;47.5592041015625;3.9477199000000005
1632221929118;10;47.560089111328125;3.9463099
1632221935110;10;47.56103515625;3.944869899999999
1632221941109;10;47.562103271484375;3.9435898999999996
1632221947105;10;47.563232421875;3.9425399
1632221953138;10;47.564544677734375;3.9416699000000004
1632221959106;10;47.566131591796875;3.9408198999999997
1632221965117;10;47.56787109375;3.9398498999999996
1632221971085;10;47.56939697265625;3.9390498999999997
1632221977110;10;47.57147216796875;3.9378999
1632221983111;10;47.573272705078125;3.9368599
1632221989110;10;47.57501220703125;3.9356799000000007
1632221995115;10;47.576690673828125;3.9343198999999998
1632222001095;10;47.57806396484375;3.9330499000000003
1632222007106;10;47.579833984375;3.9310399
1632222013109;10;47.581298828125;3.9291799
1632222019143;10;47.5826416015625;3.9271699000000004
1632222025186;10;47.584014892578125;3.9251298999999995
1632222031108;10;47.585357666015625;3.9230799
1632222037109;10;47.586700439453125;3.9210499
1632222043107;10;47.588104248046875;3.9191199
1632222049108;10;47.589630126953125;3.9173398999999995
1632222055108;10;47.5909423828125;3.9159898999999996
1632222061106;10;47.5928955078125;3.9142999000000005
1632222067110;10;47.5946044921875;3.9130399000000002
1632222073114;10;47.59637451171875;3.9119499
1632222079077;10;47.597900390625;3.9112099
1632222085065;10;47.599761962890625;3.9104999000000005
1632222091074;10;47.601654052734375;3.9099799
1632222097073;10;47.60357666015625;3.9096599
1632222103116;10;47.6058349609375;3.9095399
1632222109090;10;47.607421875;3.9095999
1632222115083;10;47.609344482421875;3.9096799000000004
1632222121085;10;47.61126708984375;3.9097199000000002
1632222127080;10;47.613189697265625;3.9096799000000004
1632222133076;10;47.6151123046875;3.9094898999999996
1632222139089;10;47.617034912109375;3.9092099000000005
1632222145088;10;47.61895751953125;3.9088499000000003
1632222151069;10;47.620880126953125;3.9084699
1632222157080;10;47.622772216796875;3.9080999
1632222163082;10;47.62469482421875;3.9077298999999996
1632222169108;10;47.626922607421875;3.9073198999999996
1632222175082;10;47.628509521484375;3.9070199000000003
1632222181079;10;47.63043212890625;3.9067599000000004
1632222187078;10;47.632354736328125;3.9066199
1632222193080;10;47.63427734375;3.9066298999999995
1632222199079;10;47.636199951171875;3.9067499
1632222205087;10;47.63812255859375;3.9069599
1632222211067;10;47.640045166015625;3.9071499
1632222217081;10;47.6419677734375;3.9072399
1632222223078;10;47.64385986328125;3.9070398999999996
1632222229080;10;47.645782470703125;3.9065298999999998
1632222235117;10;47.647918701171875;3.9055499
1632222241078;10;47.649383544921875;3.9046099
1632222247081;10;47.651092529296875;3.9032199000000003
1632222253084;10;47.652679443359375;3.9015899
1632222259093;10;47.65435791015625;3.8993699
1632222265081;10;47.655426025390625;3.8976299
1632222271079;10;47.656585693359375;3.8953499000000003
1632222277069;10;47.657562255859375;3.8928899
1632222283083;10;47.65838623046875;3.8903199
1632222289084;10;47.659088134765625;3.8876798999999997
1632222295086;10;47.6597900390625;3.8850199000000005
1632222301081;10;47.660491943359375;3.8823499
1632222307051;10;47.6612548828125;3.8797299
1632222313058;10;47.66217041015625;3.8772299000000006
1632222319083;10;47.663330078125;3.8749199000000005
1632222325082;10;47.66461181640625;3.8727999
1632222331087;10;47.666046142578125;3.8709099
1632222337090;10;47.6676025390625;3.8692399
1632222343065;10;47.66925048828125;3.8677898999999996
1632222349081;10;47.6708984375;3.8663399
1632222355083;10;47.672576904296875;3.8648999
1632222361082;10;47.674224853515625;3.8634498999999995
1632222367084;10;47.6759033203125;3.8619999
1632222373080;10;47.67755126953125;3.860539899999999
1632222379090;10;47.679412841796875;3.8586899
1632222385084;10;47.680694580078125;3.8572699
1632222391085;10;47.68218994140625;3.8554799
1632222397082;10;47.68365478515625;3.8536299000000005
1632222403081;10;47.68505859375;3.8516599
1632222409085;10;47.686614990234375;3.8492499
1632222415093;10;47.68768310546875;3.8474599000000005
1632222421092;10;47.6890869140625;3.8448799
1632222427060;10;47.690032958984375;3.8429799000000004
1632222433051;10;47.69110107421875;3.8406198999999996
1632222439050;10;47.692138671875;3.8381998999999998
1632222445060;10;47.693084716796875;3.8357198999999995
1632222451059;10;47.6939697265625;3.8331698999999997
1632222457056;10;47.69476318359375;3.8305699000000004
1632222463057;10;47.69549560546875;3.8279099000000003
1632222469058;10;47.696197509765625;3.8252599000000003
1632222475060;10;47.6968994140625;3.8226199
1632222481013;10;47.6976318359375;3.8199699
1632222487060;10;47.6983642578125;3.8173199
1632222493028;10;47.699066162109375;3.8146798999999993
1632222499016;10;47.699798583984375;3.8120298999999997
1632222505057;10;47.7005615234375;3.8094099
1632222511067;10;47.701507568359375;3.8069198999999996
1632222517062;10;47.70257568359375;3.8045699
1632222523069;10;47.70367431640625;3.8022299000000004
1632222529060;10;47.70477294921875;3.7998698999999996
1632222535062;10;47.705841064453125;3.7975099
1632222541060;10;47.706939697265625;3.7951599
1632222547040;10;47.7080078125;3.7927898999999994
1632222553061;10;47.70904541015625;3.7904099
1632222559048;10;47.710052490234375;3.7879699
1632222565056;10;47.710845947265625;3.7853698999999996
1632222571054;10;47.7115478515625;3.7826899
1632222577056;10;47.712249755859375;3.7800099
1632222583057;10;47.712890625;3.7773299
1632222589063;10;47.71356201171875;3.7746699
1632222595060;10;47.71429443359375;3.7720299
1632222601056;10;47.715087890625;3.7694399000000005
1632222607054;10;47.715972900390625;3.7669098999999995
1632222613054;10;47.71697998046875;3.7644798999999995
1632222619057;10;47.71807861328125;3.7621199
1632222625057;10;47.71923828125;3.7598399000000002
1632222631087;10;47.720489501953125;3.7576699
1632222637063;10;47.7218017578125;3.7555999000000004
1632222643057;10;47.723175048828125;3.7536399
1632222649026;10;47.724609375;3.7517199
1632222655045;10;47.726043701171875;3.7498099
1632222661057;10;47.72747802734375;3.7478899
1632222667054;10;47.7288818359375;3.7459598999999995
1632222673056;10;47.730316162109375;3.7440399000000006
1632222679056;10;47.731719970703125;3.7421199
1632222685057;10;47.7330322265625;3.7400999
1632222691046;10;47.7342529296875;3.7380399000000004
1632222697089;10;47.735504150390625;3.7359899
1632222703056;10;47.736785888671875;3.7340098999999998
1632222709063;10;47.73822021484375;3.7322699
1632222715056;10;47.739776611328125;3.7307599000000002
1632222721056;10;47.741424560546875;3.7294699
1632222727058;10;47.74322509765625;3.7284199
1632222733053;10;47.745086669921875;3.7276898999999997
1632222739055;10;47.746978759765625;3.7272299000000007
1632222745056;10;47.7489013671875;3.7270599000000004
1632222751057;10;47.750823974609375;3.7272398999999994
1632222757065;10;47.752716064453125;3.7277099000000002
1632222763097;10;47.75457763671875;3.7283798999999997
1632222769036;10;47.7564697265625;3.7290799
1632222775036;10;47.758331298828125;3.7297198999999996
1632222781057;10;47.76025390625;3.7300099
1632222787027;10;47.76220703125;3.7299199
1632222793030;10;47.76409912109375;3.7294299000000004
1632222799030;10;47.765899658203125;3.7284898999999996
1632222805030;10;47.76763916015625;3.7272199
1632222811032;10;47.769195556640625;3.7255899
1632222817035;10;47.7706298828125;3.7236499
1632222823028;10;47.77178955078125;3.7213999
1632222829047;10;47.772796630859375;3.7189598999999998
1632222835028;10;47.7735595703125;3.7163299000000007
1632222841025;10;47.77423095703125;3.713649899999999
1632222847066;10;47.77490234375;3.7109698999999994
1632222853030;10;47.775543212890625;3.7082799000000004
1632222859038;10;47.776153564453125;3.7055699000000004
1632222865539;10;47.776641845703125;3.7023198999999996
1632222871029;10;47.77691650390625;3.6999798999999993
1632222877031;10;47.7772216796875;3.6971799000000005
1632222883024;10;47.777679443359375;3.6943898999999996
1632222889030;10;47.77825927734375;3.6916499
1632222895029;10;47.778961181640625;3.6889798999999996
1632222901028;10;47.77978515625;3.6864099
1632222907026;10;47.780731201171875;3.6839099
1632222913058;10;47.781829833984375;3.6815399000000006
1632222919030;10;47.782989501953125;3.6792898999999992
1632222925040;10;47.7843017578125;3.6771699000000004
1632222931035;10;47.785675048828125;3.6751799
1632222937028;10;47.787139892578125;3.6733499000000003
1632222943029;10;47.788665771484375;3.6715999
1632222949030;10;47.79022216796875;3.6698899000000003
1632222955031;10;47.791748046875;3.6681598999999996
1632222961027;10;47.793212890625;3.6662899
1632222967037;10;47.794525146484375;3.6642099000000004
1632222973033;10;47.795684814453125;3.6619299
1632222979063;10;47.796661376953125;3.6594699
1632222985028;10;47.7974853515625;3.6568699
1632222991038;10;47.798248291015625;3.6542499000000004
1632222997031;10;47.798980712890625;3.6516199
1632223003032;10;47.79974365234375;3.6489898999999997
1632223009040;10;47.800506591796875;3.6463598999999998
1632223015509;10;47.801361083984375;3.6432999
1632223021030;10;47.802001953125;3.6411098999999996
1632223027027;10;47.802764892578125;3.6384899
1632223033030;10;47.8037109375;3.6359899
1632223039033;10;47.80487060546875;3.6337099000000004
1632223045029;10;47.8062744140625;3.6317199
1632223051037;10;47.807830810546875;3.6300598999999996
1632223057037;10;47.809539794921875;3.6286898999999995
1632223063029;10;47.811248779296875;3.6273598999999996
1632223069030;10;47.81298828125;3.6259798999999995
1632223075025;10;47.814788818359375;3.6247399000000002
1632223081041;10;47.816619873046875;3.6239099
1632223087036;10;47.818511962890625;3.6234599
1632223093038;10;47.8204345703125;3.6234299
1632223099033;10;47.822357177734375;3.6236999
1632223105511;10;47.824615478515625;3.6240098999999995
1632223111541;10;47.8265380859375;3.6240098999999995
1632223117508;10;47.82843017578125;3.6237299
1632223123517;10;47.830322265625;3.6230998999999993
1632223129033;10;47.83184814453125;3.6223899
1632223135519;10;47.833892822265625;3.6210199
1632223141511;10;47.835540771484375;3.6195199000000002
1632223147519;10;47.837127685546875;3.6178899
1632223153518;10;47.83868408203125;3.6162299
1632223159520;10;47.840240478515625;3.6145699
1632223165519;10;47.841827392578125;3.6129199
1632223171521;10;47.8433837890625;3.6112499000000007
1632223177550;10;47.844940185546875;3.6095899000000005
1632223183519;10;47.846466064453125;3.6078099
1632223189518;10;47.847869873046875;3.6058898999999998
1632223195516;10;47.849212646484375;3.6038299000000005
1632223201487;10;47.8504638671875;3.6016398999999995
1632223207512;10;47.85162353515625;3.5993299
1632223213512;10;47.852630615234375;3.5969099
1632223219509;10;47.853546142578125;3.5943799000000003
1632223225022;10;47.854248046875;3.5922198999999995
1632223231514;10;47.85504150390625;3.5891098999999995
1632223237513;10;47.855621337890625;3.5863799000000003
1632223243513;10;47.8560791015625;3.5835899
1632223249521;10;47.85638427734375;3.5807798999999996
1632223255520;10;47.8565673828125;3.5779399
1632223261506;10;47.85662841796875;3.5750799
1632223267505;10;47.8565673828125;3.5722299
1632223273514;10;47.856475830078125;3.5693699
1632223279513;10;47.856353759765625;3.5665099
1632223285512;10;47.856170654296875;3.5636699000000003
1632223291514;10;47.855926513671875;3.5608299
1632223297483;10;47.855621337890625;3.5579999
1632223303514;10;47.8553466796875;3.5551699
1632223309487;10;47.855194091796875;3.5523198999999996
1632223315480;10;47.8553466796875;3.5494799
1632223321491;10;47.85577392578125;3.5466899
1632223327520;10;47.8564453125;3.5440099000000003
1632223333489;10;47.85736083984375;3.5414898999999997
1632223339459;10;47.858489990234375;3.5391899
1632223345491;10;47.859649658203125;3.5370299
1632223351489;10;47.860870361328125;3.5348298999999996
1632223357491;10;47.86199951171875;3.5325099000000004
1632223363477;10;47.86297607421875;3.5300499000000003
1632223369484;10;47.863739013671875;3.5274299000000005
1632223375044;10;47.8642578125;3.5251699000000003
1632223381484;10;47.864715576171875;3.5219199000000008
1632223387484;10;47.86492919921875;3.5190799
1632223393484;10;47.864959716796875;3.5162198999999994
1632223399484;10;47.86492919921875;3.5133699
1632223405485;10;47.864837646484375;3.5106898999999996
1632223411484;10;47.86480712890625;3.5082298999999995
1632223417484;10;47.864898681640625;3.5057899000000003
1632223423012;10;47.865020751953125;3.5037498999999994
1632223429483;10;47.865386962890625;3.5009299
1632223435483;10;47.865753173828125;3.4985399000000004
1632223441032;10;47.866180419921875;3.4965899
1632223447485;10;47.86688232421875;3.4939299
1632223453485;10;47.867584228515625;3.4917098999999996
1632223459491;10;47.868408203125;3.4895699
1632223465491;10;47.869293212890625;3.4875098999999996
1632223471486;10;47.870269775390625;3.4855499
1632223477485;10;47.871368408203125;3.4836799000000003
1632223483492;10;47.87249755859375;3.4818999
1632223489486;10;47.8736572265625;3.4801198999999996
1632223495486;10;47.874755859375;3.4783199
1632223501486;10;47.87579345703125;3.4763898999999996
1632223507485;10;47.876678466796875;3.4743098999999997
1632223513487;10;47.877410888671875;3.4721299
1632223519486;10;47.878021240234375;3.4698299
1632223525485;10;47.878448486328125;3.4674499
1632223531485;10;47.878753662109375;3.4650299
1632223537480;10;47.878936767578125;3.4625799
1632223543486;10;47.8790283203125;3.4601299
1632223549493;10;47.879119873046875;3.4576699
1632223555490;10;47.879150390625;3.4552099
1632223561494;10;47.879180908203125;3.4527598999999998
1632223567494;10;47.8792724609375;3.4502999
1632223573523;10;47.87945556640625;3.4478499
1632223579493;10;47.87969970703125;3.4454299
1632223585484;10;47.880035400390625;3.4430299
1632223591493;10;47.8804931640625;3.4406599
1632223597493;10;47.8809814453125;3.4383198999999998
1632223603493;10;47.881561279296875;3.4360199000000002
1632223609484;10;47.882232666015625;3.4336298999999997
1632223615465;10;47.883056640625;3.4310399
1632223621485;10;47.8839111328125;3.4284898999999998
1632223627487;10;47.88482666015625;3.4259699
1632223633482;10;47.88580322265625;3.4234998999999995
1632223639520;10;47.88677978515625;3.4210499
1632223645485;10;47.887786865234375;3.4185999000000002
1632223651457;10;47.8887939453125;3.4161499
1632223657015;10;47.889617919921875;3.4141299000000003
1632223663455;10;47.890777587890625;3.4112798999999994
1632223669455;10;47.8917236328125;3.4087799
1632223675465;10;47.892669677734375;3.4062898999999995
1632223681463;10;47.893585205078125;3.4037498999999993
1632223687463;10;47.894439697265625;3.4011798999999994
1632223693466;10;47.89520263671875;3.3985598999999995
1632223699466;10;47.895904541015625;3.3958998999999994
1632223705443;10;47.896514892578125;3.3931799000000002
1632223711466;10;47.897003173828125;3.3904099000000003
1632223717466;10;47.897369384765625;3.3875899000000005
1632223723491;10;47.897613525390625;3.3847499
1632223729463;10;47.89776611328125;3.3818999
1632223735463;10;47.8978271484375;3.3790399
1632223741463;10;47.897857666015625;3.3761798999999995
1632223747468;10;47.897857666015625;3.3733199000000003
1632223753459;10;47.897918701171875;3.3704599
1632223759467;10;47.8980712890625;3.3676099
1632223765465;10;47.898345947265625;3.3647599000000006
1632223771453;10;47.89874267578125;3.3619698999999996
1632223777454;10;47.8992919921875;3.3592199000000003
1632223783467;10;47.89996337890625;3.3565299
1632223789494;10;47.9007568359375;3.3539198999999997
1632223795459;10;47.90167236328125;3.3514199
1632223801459;10;47.902740478515625;3.3490199
1632223807461;10;47.90386962890625;3.3466998999999995
1632223813453;10;47.905059814453125;3.3444498999999994
1632223819459;10;47.90625;3.3422099
1632223825460;10;47.90740966796875;3.3399299000000005
1632223831452;10;47.908538818359375;3.3375899000000007
1632223837458;10;47.909515380859375;3.3351299
1632223843460;10;47.910400390625;3.3325998999999995
1632223849457;10;47.91107177734375;3.3299099000000005
1632223855486;10;47.91143798828125;3.3271099000000004
1632223861459;10;47.911590576171875;3.3242699
1632223867458;10;47.9114990234375;3.3214099000000004
1632223873460;10;47.9112548828125;3.3185699000000004
1632223879457;10;47.91094970703125;3.3157436304861823
1632223885460;10;47.910614013671875;3.3129299000000003
1632223891461;10;47.910369873046875;3.3100999
1632223897460;10;47.91021728515625;3.3072499
1632223903455;10;47.91021728515625;3.3043899
1632223909455;10;47.910491943359375;3.3015599
1632223915459;10;47.911041259765625;3.2987999
1632223921494;10;47.911834716796875;3.2961899
1632223927469;10;47.91290283203125;3.2937799000000005
1632223933460;10;47.91412353515625;3.2915898999999995
1632223939463;10;47.915618896484375;3.2897199
1632223945470;10;47.917236328125;3.2881799000000003
1632223951462;10;47.918914794921875;3.2867699
1632223957464;10;47.920501708984375;3.2851798999999997
1632223963468;10;47.921966552734375;3.2833199
1632223969469;10;47.923309326171875;3.2812499000000006
1632223975452;10;47.92449951171875;3.2789899
1632223981462;10;47.925506591796875;3.2765498999999996
1632223987463;10;47.92633056640625;3.2739699000000004
1632223993458;10;47.926971435546875;3.2712698999999996
1632223999458;10;47.92742919921875;3.2684899
1632224005460;10;47.927734375;3.2656599
1632224011463;10;47.928070068359375;3.2628299
1632224017432;10;47.9285888671875;3.2600699
1632224023431;10;47.929290771484375;3.2574199000000004
1632224029430;10;47.93023681640625;3.2548899
1632224035432;10;47.93133544921875;3.2525198999999994
1632224041432;10;47.93255615234375;3.2503199000000005
1632224047433;10;47.9339599609375;3.2483698999999997
1632224053435;10;47.93548583984375;3.2466199000000002
1632224059432;10;47.937164306640625;3.2451598999999995
1632224065433;10;47.93890380859375;3.2439399
1632224071461;10;47.940643310546875;3.2427699
1632224077433;10;47.942413330078125;3.2415898999999997
1632224083434;10;47.944122314453125;3.2402899
1632224089417;10;47.94573974609375;3.2386699000000005
1632224095430;10;47.9471435546875;3.2367198999999998
1632224101431;10;47.9483642578125;3.2345299
1632224107435;10;47.949554443359375;3.2322898999999996
1632224113432;10;47.950836181640625;3.2301699000000004
1632224119425;10;47.952301025390625;3.2282998999999997
1632224125430;10;47.953826904296875;3.2265299
1632224131435;10;47.955322265625;3.2247798999999997
1632224137430;10;47.956878662109375;3.2230198999999997
1632224143430;10;47.9583740234375;3.2212499
1632224149435;10;47.959869384765625;3.2193898999999995
1632224155435;10;47.96124267578125;3.2173898999999997
1632224161428;10;47.96258544921875;3.2153399
1632224167431;10;47.963897705078125;3.2132598999999997
1632224173434;10;47.9652099609375;3.2111799
1632224179430;10;47.966552734375;3.2091099000000005
1632224185432;10;47.9678955078125;3.2070298999999998
1632224191430;10;47.96923828125;3.2049799
1632224197433;10;47.97064208984375;3.2030499000000003
1632224203435;10;47.97198486328125;3.2013198999999997
1632224209430;10;47.97296142578125;3.2002498999999998
1632224215435;10;47.97357177734375;3.200012125005012
1632224221443;29.593421863628524;47.97406005859375;3.2000473902199675
1632224227437;21.69123842060236;47.974395751953125;3.199760302726387
1632224233440;20.95239860291055;47.97454833984375;3.1995440671578446
1632224239437;10;47.974639892578125;3.19943811286257
1632224245438;10;47.974700927734375;3.1992098999999996
1632224251470;10;47.974700927734375;3.1991420358938956
1632224257438;10;47.974700927734375;3.1991420358939484
1632224263997;4.780194484603386;47.974700927734375;3.1991718596804617
1632224269221;4.938348609359491;47.974700927734375;3.1991733648926597
1632224275180;4.661494027858867;47.974700927734375;3.199173364893823
1632224281560;4.641597248501299;47.974700927734375;3.1991565144502108
1632224287220;4.686267556103043;47.974700927734375;3.1991260589725705
1632224293179;4.650676510961185;47.974700927734375;3.1991245733271243
1632224299198;4.6491439628062246;47.974700927734375;3.1991245733271243
1632224305173;4.65322293052579;47.974700927734375;3.1991245733271243
1632224311197;4.657492105570132;47.974700927734375;3.1991245733271243
1632224317173;4.662954085247381;47.974700927734375;3.199152127601537
1632224323694;4.715804590914891;47.97467041015625;3.1991652426670596
1632224329569;8.809869421598297;47.97467041015625;3.199210242497206
1632224335551;4.657778679466597;47.974578857421875;3.199235351033148
1632224341191;4.883170802012378;47.97454833984375;3.1992603902832095
1632224347306;4.928881002167937;47.9744873046875;3.199277490284674
