	Timestamp	Quality	Lat	Lon	
0	1,62607E+12	4,757581728	49,01239014	2,036803276	
1	1,62607E+12	4,734386492	49,01123047	2,03190897	61036
2	1,62607E+12	4,748237639	49,01257324	2,035966857	60987
3	1,62607E+12	4,759607805	49,01168823	2,037697079	60970
4	1,62607E+12	4,766506697	49,0116272	2,037695696	61034
5	1,62607E+12	4,741397587	49,01141357	2,037404303	61014
6	1,62607E+12	4,736213101	49,01156616	2,03264353	61006
7	1,62607E+12	4,728501689	49,01000977	2,02758521	61006
8	1,62607E+12	4,738099497	49,00817871	2,022309702	60991
9	1,62607E+12	4,725789622	49,0032959	2,015105364	61005
10	1,62607E+12	4,745621717	49,00067139	2,013721869	60973
11	1,62607E+12	4,753354437	48,99609375	2,018152802	60980
12	1,62607E+12	4,696913852	48,98779297	2,024978194	61011
13	1,62607E+12	4,754422999	48,98016357	2,028318667	60986
14	1,62607E+12	4,750929522	48,97766113	2,030792321	60997
15	1,62607E+12	4,733123308	48,97512817	2,028285318	60982
16	1,62607E+12	4,729133828	48,97518921	2,018171949	60987
17	1,62607E+12	4,745708916	48,96936035	2,012746822	61034
18	1,62607E+12	4,725997917	48,96722412	1,993833106	60910
19	1,62607E+12	4,744279605	48,95895386	1,979811511	61104
20	1,62607E+12	4,740911239	48,95388794	1,97997778	60912
21	1,62607E+12	4,747335799	48,95004272	1,979053222	61022
22	1,62607E+12	4,749688811	48,94381714	1,978069898	61023
23	1,62607E+12	4,745411076	48,9397583	1,977417907	60976
24	1,62607E+12	4,745693405	48,93392944	1,974774474	61025
25	1,62607E+12	4,750339315	48,93145752	1,972964416	60984
26	1,62607E+12	4,74147193	48,93063354	1,974145779	60989
27	1,62607E+12	4,738315604	48,9263916	1,987930961	60971
28	1,62607E+12	4,736329302	48,92388916	1,995544881	60993
29	1,62607E+12	4,720388699	48,91403198	2,005486373	60994
30	1,62607E+12	4,745738433	48,90542603	2,005191065	61112
31	1,62607E+12	4,744559451	48,90283203	2,005115972	60973
32	1,62607E+12	4,744187986	48,90011597	2,005205729	60965
33	1,62607E+12	4,670647032	48,89682007	2,006436939	61038
34	1,62607E+12	4,706043279	48,89016724	2,009900616	60943
35	1,62607E+12	4,677550933	48,87927246	2,017927629	60990
36	1,62607E+12	4,709540847	48,86877441	2,031004876	60984
37	1,62607E+12	4,729380007	48,86050415	2,047323035	60998
38	1,62607E+12	4,733608713	48,85281372	2,063240191	60990
39	1,62607E+12	4,719819591	48,84634399	2,081622465	61427
40	1,62607E+12	4,705426834	48,83892822	2,091969166	60619
41	1,62607E+12	4,727127762	48,82745361	2,077648697	60939
42	1,62607E+12	4,723610041	48,81674194	2,063390455	61458
43	1,62607E+12	4,713311349	48,81436157	2,06025643	60527
44	1,62607E+12	4,712669092	48,81140137	2,056714258	60999
45	1,62607E+12	4,734490072	48,80639648	2,051520025	61029
46	1,62607E+12	4,717266434	48,80041504	2,045316205	60979
47	1,62607E+12	4,726550692	48,79919434	2,043828149	61000
48	1,62607E+12	4,730155555	48,79516602	2,051465266	60981
49	1,62607E+12	4,715268154	48,79534912	2,063233103	61478
50	1,62607E+12	4,714285823	48,79458618	2,068912103	60995
51	1,62607E+12	4,71274231	48,79315186	2,076711525	60527
52	1,62607E+12	4,712460821	48,79193115	2,095816515	61419
53	1,62607E+12	4,720100134	48,78988647	2,117839338	61042
54	1,62607E+12	4,728763057	48,78790283	2,14315106	60982
55	1,62607E+12	4,725065374	48,78158569	2,164303725	60959
56	1,62607E+12	4,728662915	48,78009033	2,185111968	60601
57	1,62607E+12	4,723669171	48,77832031	2,209151059	61402
58	1,62607E+12	4,731954568	48,77716064	2,222932388	61064
59	1,62607E+12	4,709982257	48,77609253	2,227256019	60972
60	1,62607E+12	4,70493325	48,77398682	2,228783624	61031
61	1,62607E+12	4,698446414	48,77102661	2,229211373	61009
62	1,62607E+12	4,712368793	48,76889038	2,229635527	61020
63	1,62607E+12	4,698512381	48,76504517	2,22952688	60917
64	1,62607E+12	4,705775271	48,76065063	2,225993575	60948
65	1,62607E+12	4,672723754	48,75384521	2,223318651	61097
66	1,62607E+12	4,702577515	48,74899292	2,218762011	60999
67	1,62607E+12	4,671892275	48,7487793	2,199562497	60947
68	1,62607E+12	4,721733579	48,74151611	2,185072642	61033
69	1,62607E+12	4,718639281	48,73178101	2,166933478	60957
70	1,62607E+12	4,731751653	48,71856689	2,170131756	60998
71	1,62607E+12	4,711386263	48,71112061	2,18621077	61035
72	1,62607E+12	4,724594359	48,70031738	2,192581459	60972
73	1,62607E+12	4,707783504	48,68731689	2,1902004	60977
74	1,62607E+12	4,706264333	48,67163086	2,193816057	61024
75	1,62607E+12	4,725355592	48,65881348	2,183129616	61000
76	1,62607E+12	4,724086823	48,64938354	2,185520933	60861
77	1,62607E+12	4,719099446	48,6390686	2,201665181	61157
78	1,62607E+12	4,725483966	48,63339233	2,222100142	60671
79	1,62607E+12	4,697958606	48,63088989	2,242987962	61307
80	1,62607E+12	4,744529076	48,62612915	2,260005255	60990
81	1,62607E+12	4,744885412	48,6166687	2,256653018	60997
82	1,62607E+12	4,742917022	48,60739136	2,250843715	60990
83	1,62607E+12	4,710595215	48,59710693	2,244368842	61005
84	1,62607E+12	4,69657634	48,58462524	2,233797347	61022
85	1,62607E+12	4,714716524	48,57086182	2,234002988	60964
86	1,62607E+12	4,713524469	48,5579834	2,224150818	60999
87	1,62607E+12	4,742448349	48,5473938	2,216065708	60994
88	1,62607E+12	4,741114737	48,5362854	2,209034954	60994
89	1,62607E+12	4,727512745	48,52148438	2,205125632	60953
90	1,62607E+12	4,706286	48,50686646	2,200817942	61119
91	1,62607E+12	4,723932669	48,49291992	2,198793855	60917
92	1,62607E+12	4,709801291	48,47839355	2,191115263	61005
93	1,62607E+12	4,726863025	48,46466064	2,181091012	60997
94	1,62607E+12	4,734619225	48,45898438	2,172927338	60942
95	1,62607E+12	4,734896301	48,45776367	2,16258424	61060
96	1,62607E+12	4,73224796	48,45523071	2,155657273	60959
97	1,62607E+12	4,735026157	48,45672607	2,152297881	60856
98	1,62607E+12	9,845426618	48,45755005	2,151790249	61004
99	1,62607E+12	9,35991308	48,45751953	2,151803886	60982
100	1,62607E+12	9,3599155	48,45751953	2,151803886	60996
101	1,62607E+12	9,359915399	48,45751953	2,151803886	60991
102	1,62607E+12	4,735301007	48,45751953	2,151897492	60983
