	Timestamp	Quality	Lat	Lon		8104	5465
0	1,62538E+12	27.67300033569336	44,3137549	23,8227313			
1	1,62538E+12	68.40000152587889	44,3138147	23,8225388	5465		
2	1,62538E+12	68.40000152587889	44,3138147	23,8225388	5889		
3	1,62538E+12	68.40000152587889	44,3138147	23,8225388	5987		
4	1,62538E+12	10.0	44,31366927	23,8226442	5923		
5	1,62538E+12	6.0	44,31378654	23,82244069	5960		
6	1,62538E+12	6.0	44,31393238	23,82185044	5941		
7	1,62538E+12	11.5	44,31408187	23,82125004	5944		
8	1,62538E+12	6.5	44,31419159	23,8206913	5913		
9	1,62538E+12	5.0	44,3143133	23,82024807	5946		
10	1,62538E+12	4.5	44,31434159	23,82023382	5947		
11	1,62538E+12	4.5	44,3146826	23,82023659	6994		
12	1,62538E+12	4.0	44,31520869	23,82041797	6844		
13	1,62538E+12	4.0	44,31571907	23,8206152	5938		
14	1,62538E+12	4.5	44,3158541	23,82102801	6946		
15	1,62538E+12	3.0	44,31566756	23,82177936	5919		
16	1,62538E+12	3.0	44,31543765	23,82270405	5966		
17	1,62538E+12	3.0	44,31522978	23,82352782	5943		
18	1,62538E+12	3.0	44,31515564	23,82382035	5921		
19	1,62538E+12	3.0	44,31515627	23,82382203	5924		
20	1,62538E+12	3.0	44,31515627	23,82382203	5982		
21	1,62538E+12	3.0	44,31515627	23,82382203	6916		
22	1,62538E+12	3.0	44,31515627	23,82382203	5926		
23	1,62538E+12	3.0	44,31515627	23,82382203	5948		
24	1,62538E+12	3.0	44,31515627	23,82382203	5917		
25	1,62538E+12	3.5	44,31511419	23,82398187	5942		
26	1,62538E+12	22.0	44,31493599	23,82461873	5990		
27	1,62538E+12	5.0	44,3148458	23,82572732	6893		
28	1,62538E+12	3.5	44,31466991	23,82671915	5963		
29	1,62538E+12	16.5	44,3145521	23,82782967	5915		
30	1,62538E+12	5.5	44,31443152	23,82874028	6938		
31	1,62538E+12	10.5	44,31435257	23,82979757	5966		
32	1,62538E+12	4.0	44,31416741	23,83079669	5912		
33	1,62538E+12	3.0	44,31404596	23,83181258	5962		
34	1,62538E+12	2.5	44,31393574	23,83274297	5913		
35	1,62538E+12	3.0	44,31383779	23,8337493	5940		
36	1,62538E+12	3.0	44,31371512	23,83490944	5965		
37	1,62538E+12	3.0	44,31357477	23,83610554	5921		
38	1,62538E+12	3.0	44,31345885	23,83703744	5938		
39	1,62538E+12	3.0	44,31330969	23,83762074	5925		
40	1,62538E+12	3.5	44,31334858	23,8379602	5950		
41	1,62538E+12	9.5	44,31335194	23,83888414	5924		
42	1,62538E+12	5.5	44,31325043	23,84015341	5956		
43	1,62538E+12	11.0	44,31310304	23,84151002	6954		
44	1,62538E+12	5.0	44,31300325	23,84290217	5914		
45	1,62538E+12	3.5	44,31290598	23,84432676	5937		
46	1,62538E+12	3.0	44,3128657	23,84578672	6029		
47	1,62538E+12	3.0	44,31285128	23,84732162	5855		
48	1,62538E+12	2.5	44,31284445	23,84881645	5936		
49	1,62538E+12	2.5	44,31282417	23,85023869	5948		
50	1,62538E+12	10.0	44,31284843	23,85152849	5939		
51	1,62538E+12	4.0	44,31282639	23,85281361	5953		
52	1,62538E+12	3.5	44,31283226	23,85390527	5927		
53	1,62538E+12	6.0	44,31283213	23,85545223	5963		
54	1,62538E+12	4.0	44,31280749	23,85683382	5913		
55	1,62538E+12	3.5	44,31280824	23,8581186	5940		
56	1,62538E+12	3.0	44,31285816	23,85928486	5941		
57	1,62538E+12	14.0	44,31297525	23,86067776	5948		
58	1,62538E+12	6.5	44,31278955	23,86220125	5920		
59	1,62538E+12	4.5	44,31272103	23,86346667	5942		
60	1,62538E+12	3.5	44,31235855	23,86520742	6968		
61	1,62538E+12	3.5	44,31212072	23,86661055	5896		
62	1,62538E+12	3.5	44,31223107	23,86790774	5982		
63	1,62538E+12	3.5	44,31227624	23,86919595	5911		
64	1,62538E+12	3.5	44,31219046	23,87053689	5980		
65	1,62538E+12	3.0	44,31210546	23,87193533	5929		
66	1,62538E+12	3.5	44,31204214	23,87334374	5912		
67	1,62538E+12	3.0	44,3120853	23,87480814	6949		
68	1,62538E+12	9.5	44,31217101	23,8759832	5948		
69	1,62538E+12	5.0	44,31217151	23,87715088	5922		
70	1,62538E+12	3.5	44,31221862	23,87849995	6942		
71	1,62538E+12	3.0	44,31225244	23,87965598	5953		
72	1,62538E+12	3.0	44,31229028	23,88085677	5931		
73	1,62538E+12	3.0	44,31235432	23,88207952	5935		
74	1,62538E+12	3.0	44,31242054	23,8832887	5929		
75	1,62538E+12	2.5	44,31248097	23,88434918	5927		
76	1,62538E+12	2.5	44,31254581	23,88583613	6960		
77	1,62538E+12	2.5	44,31260083	23,88702921	5917		
78	1,62538E+12	2.5	44,31268541	23,88816873	5927		
79	1,62538E+12	2.5	44,31274601	23,88908562	5950		
80	1,62538E+12	3.0	44,31268604	23,88972851	5949		
81	1,62538E+12	3.0	44,31278632	23,89010193	5935		
82	1,62538E+12	12.5	44,31289009	23,89087373	5959		
83	1,62538E+12	4.5	44,31295304	23,89179264	5953		
84	1,62538E+12	6.5	44,31302471	23,89289696	5910		
85	1,62538E+12	3.5	44,31311008	23,89408752	5948		
86	1,62538E+12	2.5	44,31316686	23,89532503	5933		
87	1,62538E+12	2.5	44,31324523	23,89658541	5943		
88	1,62538E+12	2.5	44,31331346	23,89792962	5965		
89	1,62538E+12	5.5	44,31340298	23,89926427	5907		
90	1,62538E+12	3.5	44,3134873	23,90065642	5935		
91	1,62538E+12	3.0	44,31354958	23,90196794	5932		
92	1,62538E+12	14.0	44,31373738	23,90325515	6982		
93	1,62538E+12	5.0	44,31375473	23,90445208	6891		
94	1,62538E+12	3.0	44,31379245	23,90567148	5968		
95	1,62538E+12	2.5	44,31387702	23,90716145	6895		
96	1,62538E+12	2.5	44,31395388	23,90829996	5945		
97	1,62538E+12	3.0	44,31398737	23,90922826	6014		
98	1,62538E+12	2.5	44,31386474	23,9097409	5869		
99	1,62538E+12	3.5	44,31403653	23,91033266	5937		
100	1,62538E+12	3.0	44,31412898	23,91138584	5936		
101	1,62538E+12	3.0	44,31421221	23,91269174	5939		
102	1,62538E+12	3.0	44,31429486	23,91416126	5943		
103	1,62538E+12	12.0	44,314399	23,9158099	5944		
104	1,62538E+12	4.5	44,31449183	23,91750555	5949		
105	1,62538E+12	3.5	44,31458211	23,91917196	5923		
106	1,62538E+12	3.0	44,31466064	23,92081557	5965		
107	1,62538E+12	3.0	44,3146808	23,92255942	5908		
108	1,62538E+12	3.0	44,31469078	23,92406146	5954		
109	1,62538E+12	10.5	44,31476718	23,92606474	7012		
110	1,62538E+12	6.5	44,31490343	23,92780306	5854		
111	1,62538E+12	4.0	44,31506298	23,92957952	5933		
112	1,62538E+12	3.0	44,31521666	23,93123562	5946		
113	1,62538E+12	3.0	44,31535693	23,93284251	5972		
114	1,62538E+12	2.5	44,31550026	23,93444362	5904		
115	1,62538E+12	2.5	44,3156539	23,93612428	5938		
116	1,62538E+12	12.5	44,31581743	23,93790761	5976		
117	1,62538E+12	4.0	44,31595904	23,93954988	5918		
118	1,62538E+12	3.5	44,315938	23,94117312	5931		
119	1,62538E+12	3.5	44,31603817	23,94288135	5973		
120	1,62538E+12	3.0	44,3163465	23,94472696	5947		
121	1,62538E+12	2.5	44,31661015	23,94664382	5905		
122	1,62538E+12	2.5	44,31687439	23,94844249	5941		
123	1,62538E+12	2.5	44,31717928	23,95003648	5926		
124	1,62538E+12	2.5	44,31747742	23,95135897	5941		
125	1,62538E+12	2.5	44,31791856	23,95325219	6937		
126	1,62538E+12	2.5	44,31830568	23,95491416	6019		
127	1,62538E+12	2.5	44,31868027	23,95652415	5863		
128	1,62538E+12	2.5	44,31905444	23,95819173	5987		
129	1,62538E+12	3.0	44,31947169	23,96001521	5917		
130	1,62538E+12	3.0	44,31992347	23,96203014	6938		
131	1,62538E+12	3.5	44,32028419	23,96359286	5917		
132	1,62538E+12	3.0	44,32065144	23,96517201	5941		
133	1,62538E+12	3.0	44,32099896	23,96671194	5934		
134	1,62538E+12	11.0	44,32131374	23,96804131	5976		
135	1,62538E+12	5.5	44,3217576	23,96914068	5933		
136	1,62538E+12	3.0	44,32262463	23,96971693	5916		
137	1,62538E+12	2.5	44,32348184	23,97014324	5963		
138	1,62538E+12	2.0	44,32430633	23,97058069	5920		
139	1,62538E+12	8.5	44,32484633	23,97137177	5919		
140	1,62538E+12	4.0	44,32500031	23,97241088	5939		
141	1,62538E+12	3.5	44,32528479	23,97329374	6967		
142	1,62538E+12	3.0	44,3257675	23,97409153	5913		
143	1,62538E+12	2.5	44,32620797	23,97493919	5943		
144	1,62538E+12	3.0	44,32643579	23,97622313	6969		
145	1,62538E+12	2.5	44,32661433	23,97743432	5928		
146	1,62538E+12	2.5	44,32677237	23,97853369	5910		
147	1,62538E+12	3.0	44,3270693	23,97975694	5962		
148	1,62538E+12	3.0	44,32741094	23,98084332	5920		
149	1,62538E+12	2.5	44,32772066	23,98182912	5981		
150	1,62538E+12	2.5	44,32802957	23,9828186	5905		
151	1,62538E+12	2.5	44,32834389	23,9838417	5965		
152	1,62538E+12	2.5	44,32864002	23,98486253	5910		
153	1,62538E+12	3.0	44,32892572	23,98590356	5931		
154	1,62538E+12	2.5	44,32922663	23,98696178	5941		
155	1,62538E+12	2.5	44,32953865	23,98808654	5977		
156	1,62538E+12	3.0	44,32987158	23,98928759	5900		
157	1,62538E+12	8.5	44,33039716	23,9903831	5967		
158	1,62538E+12	5.0	44,331203	23,99160719	6912		
159	1,62538E+12	3.0	44,33206022	23,99276448	5937		
160	1,62538E+12	2.0	44,33287486	23,99383921	5955		
161	1,62538E+12	3.5	44,3339798	23,99443575	6017		
162	1,62538E+12	4.5	44,33524408	23,99480363	5876		
163	1,62538E+12	4.0	44,3357954	23,99637281	5916		
164	1,62538E+12	15.5	44,33611769	23,99829864	5938		
165	1,62538E+12	5.5	44,33616597	24,00046016	5946		
166	1,62538E+12	4.0	44,33664717	24,00232757	5933		
167	1,62538E+12	3.5	44,33705177	24,00378929	5950		
168	1,62538E+12	3.0	44,33739794	24,00515688	5927		
169	1,62538E+12	10.0	44,33766214	24,00617427	5950		
170	1,62538E+12	4.5	44,33800403	24,00742846	5933		
171	1,62538E+12	13.0	44,33831417	24,00895966	5978		
172	1,62538E+12	5.5	44,3389063	24,01085364	5891		
173	1,62538E+12	4.0	44,3393593	24,01261627	5948		
174	1,62538E+12	3.5	44,33977568	24,01417983	6965		
175	1,62538E+12	3.0	44,34016774	24,01567373	5939		
176	1,62538E+12	12.0	44,34056404	24,01718457	5909		
177	1,62538E+12	5.0	44,3409382	24,01855669	5961		
178	1,62538E+12	3.5	44,34131061	24,01998421	5926		
179	1,62538E+12	3.5	44,34168771	24,02143856	5934		
180	1,62538E+12	3.0	44,34209985	24,02294772	5935		
181	1,62538E+12	3.0	44,34247423	24,02442763	5948		
182	1,62538E+12	3.0	44,34283541	24,02580285	5945		
183	1,62538E+12	3.0	44,34328405	24,02707991	5963		
184	1,62538E+12	3.0	44,34390645	24,02817241	5946		
185	1,62538E+12	3.0	44,34444385	24,02926038	5909		
186	1,62538E+12	3.5	44,34438183	24,03045824	5938		
187	1,62538E+12	3.5	44,34407065	24,03143842	5981		
188	1,62538E+12	9.0	44,34414269	24,03296392	5892		
189	1,62538E+12	5.0	44,34424608	24,03426572	5931		
190	1,62538E+12	4.0	44,34451267	24,03521011	5980		
191	1,62538E+12	3.5	44,34501948	24,0365632	6900		
192	1,62538E+12	3.5	44,3453084	24,03789575	5944		
193	1,62538E+12	3.5	44,34576735	24,03951396	6928		
194	1,62538E+12	3.5	44,34621302	24,04090016	5978		
195	1,62538E+12	8.5	44,34667465	24,04230321	5951		
196	1,62538E+12	5.0	44,34736243	24,04442341	5902		
197	1,62538E+12	3.5	44,34792418	24,04618428	5926		
198	1,62538E+12	2.5	44,34845275	24,04775253	5952		
199	1,62538E+12	2.5	44,34894803	24,04928089	5928		
200	1,62538E+12	2.5	44,34946101	24,05084898	5946		
201	1,62538E+12	2.5	44,34992172	24,05229117	5967		
202	1,62538E+12	2.5	44,35040846	24,05373369	6930		
203	1,62538E+12	2.5	44,35076829	24,05497631	5907		
204	1,62538E+12	3.0	44,35079184	24,05645312	5963		
205	1,62538E+12	9.5	44,35066691	24,05804501	5908		
206	1,62538E+12	3.5	44,35058724	24,05958627	5967		
207	1,62538E+12	3.0	44,35084117	24,06121396	6947		
208	1,62538E+12	3.0	44,35143335	24,06277525	5948		
209	1,62538E+12	6.5	44,35219937	24,06445851	6892		
210	1,62538E+12	3.5	44,35289004	24,06595686	5938		
211	1,62538E+12	3.0	44,3531353	24,06754925	5946		
212	1,62538E+12	3.0	44,35313199	24,06923217	5933		
213	1,62538E+12	2.5	44,35311929	24,07098591	5994		
214	1,62538E+12	2.5	44,35310236	24,0726338	5878		
215	1,62538E+12	2.5	44,35309356	24,07414136	5946		
216	1,62538E+12	2.5	44,35308073	24,07573183	5966		
217	1,62538E+12	2.5	44,35306447	24,07732506	5924		
218	1,62538E+12	2.5	44,35304808	24,07869919	5945		
219	1,62538E+12	6.0	44,35303995	24,07990233	5930		
220	1,62538E+12	3.5	44,35304109	24,08108938	5939		
221	1,62538E+12	3.0	44,35296225	24,08228958	5925		
222	1,62538E+12	3.0	44,35281327	24,08349155	5953		
223	1,62538E+12	3.0	44,35296556	24,08462654	6963		
224	1,62538E+12	3.0	44,35305584	24,08561359	5929		
225	1,62538E+12	3.0	44,35303015	24,08663794	5950		
226	1,62538E+12	3.0	44,35299008	24,08776824	5912		
227	1,62538E+12	3.0	44,35286209	24,08891933	5926		
228	1,62538E+12	2.0	44,35254907	24,09017008	5953		
229	1,62538E+12	9.0	44,35221983	24,0913712	5957		
230	1,62538E+12	3.5	44,3518983	24,09257761	5917		
231	1,62538E+12	2.5	44,35168984	24,09367631	5936		
232	1,62538E+12	2.5	44,35155045	24,09474559	5951		
233	1,62538E+12	2.5	44,35137267	24,09569761	5936		
234	1,62538E+12	10.0	44,35117381	24,09652306	5940		
235	1,62538E+12	3.0	44,35096845	24,0973558	7002		
236	1,62538E+12	3.0	44,35095449	24,09769149	5902		
237	1,62538E+12	3.0	44,35095106	24,09811847	5906		
238	1,62538E+12	3.0	44,35094092	24,09855827	5968		
239	1,62538E+12	4.5	44,35093082	24,09920292	6905		
240	1,62538E+12	3.0	44,35092537	24,09969871	5961		
241	1,62538E+12	3.0	44,35090282	24,1002945	5943		
242	1,62538E+12	7.0	44,35077236	24,10097343	5931		
243	1,62538E+12	3.0	44,35057241	24,10164088	5927		
244	1,62538E+12	2.5	44,3503919	24,10230598	5932		
245	1,62538E+12	2.0	44,35022556	24,10292717	5950		
246	1,62538E+12	2.0	44,3500482	24,10358791	5956		
247	1,62538E+12	2.0	44,34983865	24,10435553	5922		
248	1,62538E+12	2.0	44,34960681	24,10516857	5943		
249	1,62538E+12	12.5	44,34939085	24,10599863	5955		
250	1,62538E+12	4.0	44,34912816	24,10686582	5921		
251	1,62538E+12	3.0	44,34889435	24,10772338	5934		
252	1,62538E+12	2.5	44,34865626	24,10858721	5979		
253	1,62538E+12	2.5	44,34843372	24,10936397	5897		
254	1,62538E+12	2.5	44,34826944	24,1099683	5939		
255	1,62538E+12	3.0	44,34813281	24,11043995	5964		
256	1,62538E+12	9.0	44,3478687	24,11135542	6959		
257	1,62538E+12	4.0	44,34771786	24,11191357	5923		
258	1,62538E+12	2.5	44,34748594	24,11276241	6940		
259	1,62538E+12	2.5	44,34726185	24,11355844	5902		
260	1,62538E+12	2.5	44,34705502	24,11428766	5942		
261	1,62538E+12	2.5	44,34684229	24,11504254	5938		
262	1,62538E+12	2.5	44,3466156	24,11585181	5952		
263	1,62538E+12	2.5	44,34639013	24,1166413	5927		
264	1,62538E+12	2.5	44,34618628	24,11737011	5963		
265	1,62538E+12	2.5	44,34602627	24,11800026	5946		
266	1,62538E+12	2.5	44,34587062	24,11853922	5916		
267	1,62538E+12	2.5	44,34571275	24,11916442	5939		
268	1,62538E+12	2.5	44,34550127	24,11994184	5936		
269	1,62538E+12	2.5	44,34529164	24,12067099	5967		
270	1,62538E+12	2.5	44,3451025	24,12137255	5906		
271	1,62538E+12	6.0	44,34504224	24,12159526	5985		
272	1,62538E+12	8.5	44,34480658	24,12226371	6917		
273	1,62538E+12	4.0	44,34457042	24,12320349	5944		
274	1,62538E+12	3.0	44,344333	24,12412282	5913		
275	1,62538E+12	12.0	44,34398666	24,12525455	5960		
276	1,62538E+12	5.5	44,34372904	24,1262333	5952		
277	1,62538E+12	3.0	44,34343505	24,12734499	5924		
278	1,62538E+12	2.5	44,34313305	24,12844277	5920		
279	1,62538E+12	2.5	44,343025	24,12963459	5949		
280	1,62538E+12	2.5	44,34333979	24,13087738	5937		
281	1,62538E+12	8.0	44,34379358	24,13209493	5934		
282	1,62538E+12	4.0	44,34426578	24,1333497	5945		
283	1,62538E+12	3.0	44,34473504	24,13458645	5946		
284	1,62538E+12	3.0	44,34519852	24,13584231	5947		
285	1,62538E+12	3.0	44,34566551	24,13712969	5911		
286	1,62538E+12	3.0	44,34612551	24,13837801	5943		
287	1,62538E+12	3.0	44,34659385	24,13959657	5968		
288	1,62538E+12	3.0	44,34696806	24,14059795	5922		
289	1,62538E+12	3.5	44,34722396	24,14128217	6919		
290	1,62538E+12	3.0	44,34765089	24,14232094	5949		
291	1,62538E+12	3.5	44,34808692	24,14353087	5951		
292	1,62538E+12	3.5	44,348517	24,14466058	5955		
293	1,62538E+12	13.5	44,34888986	24,14574553	5907		
294	1,62538E+12	7.0	44,34934894	24,146976	5942		
295	1,62538E+12	5.0	44,34980911	24,14813773	5940		
296	1,62538E+12	4.5	44,35020343	24,14918957	5940		
297	1,62538E+12	4.0	44,35058988	24,15020135	5969		
298	1,62538E+12	4.0	44,35098932	24,15128035	5906		
299	1,62538E+12	3.5	44,3513976	24,15238593	5951		
300	1,62538E+12	3.5	44,35179499	24,1534806	5927		
301	1,62538E+12	3.5	44,35220021	24,15458081	5951		
302	1,62538E+12	3.5	44,35263176	24,15571203	5929		
303	1,62538E+12	3.5	44,35309435	24,15691459	5941		
304	1,62538E+12	3.5	44,35360246	24,15826382	5978		
305	1,62538E+12	13.0	44,3540237	24,15936202	5936		
306	1,62538E+12	5.5	44,3546362	24,16102147	6921		
307	1,62538E+12	5.0	44,35551345	24,16325826	6944		
308	1,62538E+12	6.5	44,35629481	24,16542658	5913		
309	1,62538E+12	3.0	44,35703607	24,16743027	5964		
310	1,62538E+12	3.0	44,35769841	24,1692162	5903		
311	1,62538E+12	2.5	44,35832994	24,17091756	5983		
312	1,62538E+12	2.5	44,35893683	24,1725641	5916		
313	1,62538E+12	2.5	44,35950865	24,17412062	5939		
314	1,62538E+12	14.0	44,3601212	24,17550741	5951		
315	1,62538E+12	5.0	44,36054938	24,17696368	5926		
316	1,62538E+12	3.0	44,36101479	24,17820957	5958		
317	1,62538E+12	2.5	44,36139378	24,17939611	5946		
318	1,62538E+12	2.5	44,36144453	24,18033329	5924		
319	1,62538E+12	4.0	44,36114488	24,18146585	5919		
320	1,62538E+12	3.0	44,36081593	24,18241359	5940		
321	1,62538E+12	2.5	44,36076434	24,18348111	5994		
322	1,62538E+12	2.5	44,36068023	24,18463572	6915		
323	1,62538E+12	2.5	44,36035614	24,18582318	5979		
324	1,62538E+12	2.5	44,36008109	24,18684754	5869		
325	1,62538E+12	2.5	44,36006294	24,18790173	5948		
326	1,62538E+12	3.0	44,36058233	24,18884788	5935		
327	1,62538E+12	3.0	44,361497	24,18905491	5949		
328	1,62538E+12	3.0	44,36248632	24,18858519	5948		
329	1,62538E+12	3.5	44,36335099	24,18887638	5929		
330	1,62538E+12	3.5	44,36432472	24,18953125	5962		
331	1,62538E+12	11.5	44,36520662	24,1893326	5963		
332	1,62538E+12	7.0	44,36652912	24,18920511	5874		
333	1,62538E+12	4.5	44,36723215	24,19045519	5960		
334	1,62538E+12	3.5	44,36785748	24,19205027	5934		
335	1,62538E+12	9.0	44,36892115	24,19269282	6029		
336	1,62538E+12	4.0	44,37025886	24,19332356	5846		
337	1,62538E+12	3.5	44,37124591	24,19450792	5944		
338	1,62538E+12	2.5	44,37203029	24,19608666	6960		
339	1,62538E+12	2.5	44,37283713	24,19781702	5939		
340	1,62538E+12	11.0	44,37368609	24,19960815	5951		
341	1,62538E+12	4.5	44,37443137	24,20143171	5976		
342	1,62538E+12	3.5	44,37489053	24,20342543	5870		
343	1,62538E+12	2.5	44,37513666	24,20549241	5962		
344	1,62538E+12	3.0	44,37552977	24,20725655	5914		
345	1,62538E+12	3.0	44,37647035	24,20874987	5982		
346	1,62538E+12	11.5	44,37697372	24,21010061	5900		
347	1,62538E+12	6.5	44,37665245	24,21158865	5980		
348	1,62538E+12	4.0	44,37685579	24,21302841	5925		
349	1,62538E+12	3.5	44,37719848	24,21449457	5918		
350	1,62538E+12	3.0	44,37718386	24,21627296	5937		
351	1,62538E+12	3.5	44,37723436	24,217876	5965		
352	1,62538E+12	3.5	44,37760853	24,21927217	5946		
353	1,62538E+12	2.5	44,37816366	24,22076038	5908		
354	1,62538E+12	2.5	44,37861117	24,22198883	5958		
355	1,62538E+12	2.0	44,37927116	24,22382958	6950		
356	1,62538E+12	2.0	44,37996828	24,22575105	6893		
357	1,62538E+12	2.0	44,38057916	24,22742232	5944		
358	1,62538E+12	2.0	44,38118337	24,2291085	5935		
359	1,62538E+12	2.0	44,38182559	24,23088077	5943		
360	1,62538E+12	2.0	44,38245029	24,23261357	5958		
361	1,62538E+12	2.0	44,38306469	24,23430847	5919		
362	1,62538E+12	2.0	44,38368042	24,2360079	5930		
363	1,62538E+12	2.0	44,3842037	24,23745847	5950		
364	1,62538E+12	2.0	44,3846497	24,23867326	6007		
365	1,62538E+12	2.0	44,38508049	24,23988847	5883		
366	1,62538E+12	2.0	44,38552704	24,24112631	5957		
367	1,62538E+12	2.0	44,38600451	24,242453	5935		
368	1,62538E+12	2.0	44,38651602	24,24388295	5930		
369	1,62538E+12	2.0	44,38711025	24,24549068	5955		
370	1,62538E+12	2.0	44,38770901	24,2471239	5991		
371	1,62538E+12	2.0	44,3883079	24,24879944	6859		
372	1,62538E+12	2.0	44,38892573	24,25050893	5960		
373	1,62538E+12	2.0	44,38956506	24,25227818	5915		
374	1,62538E+12	2.0	44,39024311	24,2540968	5944		
375	1,62538E+12	2.0	44,39086279	24,2558213	5932		
376	1,62538E+12	2.0	44,39147379	24,25749659	5950		
377	1,62538E+12	2.0	44,39212083	24,25928688	5932		
378	1,62538E+12	2.0	44,39274096	24,2609993	5939		
379	1,62538E+12	2.0	44,39332493	24,26262832	5945		
380	1,62538E+12	2.0	44,39391992	24,26427126	5964		
381	1,62538E+12	2.0	44,39451164	24,26589584	5940		
382	1,62538E+12	2.5	44,39502889	24,26745563	5945		
383	1,62538E+12	2.5	44,39503517	24,26905062	5902		
384	1,62538E+12	2.0	44,39471121	24,27051209	5933		
385	1,62538E+12	2.5	44,39469101	24,27176443	5942		
386	1,62538E+12	3.5	44,39527787	24,27273614	5941		
387	1,62538E+12	3.0	44,39603141	24,2734942	6955		
388	1,62538E+12	3.0	44,39675933	24,27421672	5971		
389	1,62538E+12	3.0	44,39744573	24,27492131	5896		
390	1,62538E+12	3.0	44,39804151	24,27555456	5940		
391	1,62538E+12	3.0	44,39847947	24,27599922	5971		
392	1,62538E+12	3.0	44,39884345	24,27643466	5928		
393	1,62538E+12	3.0	44,39935336	24,27705903	5950		
394	1,62538E+12	2.5	44,39979295	24,27806997	5916		
395	1,62538E+12	2.0	44,40028866	24,27928166	5937		
396	1,62538E+12	2.0	44,40077171	24,28047918	5936		
397	1,62538E+12	2.0	44,40128137	24,28171308	5962		
398	1,62538E+12	2.0	44,40181144	24,28286743	5940		
399	1,62538E+12	3.0	44,40215807	24,28400058	5942		
400	1,62538E+12	3.0	44,40176182	24,28512535	5905		
401	1,62538E+12	3.0	44,40095372	24,28611886	5939		
402	1,62538E+12	3.0	44,40054598	24,28752869	5939		
403	1,62538E+12	3.0	44,40063102	24,28878095	5944		
404	1,62538E+12	3.0	44,4013765	24,29038013	6969		
405	1,62538E+12	3.0	44,40220941	24,29182249	5918		
406	1,62538E+12	3.0	44,40320518	24,29350751	5930		
407	1,62538E+12	3.0	44,40446842	24,29564917	5965		
408	1,62538E+12	2.5	44,40587474	24,29809509	6930		
409	1,62538E+12	2.5	44,4070604	24,3001396	5920		
410	1,62538E+12	2.5	44,40821128	24,30210181	5944		
411	1,62538E+12	2.5	44,40936182	24,30407583	5981		
412	1,62538E+12	2.5	44,41051173	24,30603099	5916		
413	1,62538E+12	2.5	44,41163532	24,30795304	5940		
414	1,62538E+12	2.5	44,41270867	24,30979539	5919		
415	1,62538E+12	2.5	44,4137388	24,31158358	5958		
416	1,62538E+12	2.5	44,41478629	24,31338569	5929		
417	1,62538E+12	2.5	44,41581056	24,31516668	5925		
418	1,62538E+12	2.5	44,41681375	24,31686049	5933		
419	1,62538E+12	2.5	44,4177454	24,31847636	5951		
420	1,62538E+12	2.5	44,41848648	24,31993196	6967		
421	1,62538E+12	3.0	44,4188754	24,32146844	5897		
422	1,62538E+12	2.5	44,41889904	24,32311859	5947		
423	1,62538E+12	2.5	44,41861879	24,32470344	5983		
424	1,62538E+12	2.0	44,41826285	24,32618955	5898		
425	1,62538E+12	2.0	44,41792104	24,32756293	5940		
426	1,62538E+12	2.0	44,41763702	24,32892012	5948		
427	1,62538E+12	2.0	44,41740186	24,33025804	5950		
428	1,62538E+12	2.0	44,41737374	24,33171633	5943		
429	1,62538E+12	2.5	44,41755789	24,33314335	5919		
430	1,62538E+12	2.5	44,41791077	24,33440742	5945		
431	1,62538E+12	2.5	44,4183367	24,33553521	5952		
432	1,62538E+12	2.5	44,41870257	24,33654078	5942		
433	1,62538E+12	2.0	44,41909233	24,33756773	5935		
434	1,62538E+12	2.0	44,41955031	24,33876827	5921		
435	1,62538E+12	2.0	44,41999757	24,33999077	5934		
436	1,62538E+12	2.0	44,42036558	24,34093466	5951		
437	1,62538E+12	2.0	44,42084859	24,34220284	6916		
438	1,62538E+12	2.5	44,42124811	24,34326215	5949		
439	1,62538E+12	2.5	44,4216571	24,3442979	5949		
440	1,62538E+12	2.5	44,42205143	24,34536927	5972		
441	1,62538E+12	2.0	44,42248214	24,34657853	5929		
442	1,62538E+12	2.5	44,42294477	24,34781025	5936		
443	1,62538E+12	2.0	44,42340067	24,34903292	5915		
444	1,62538E+12	2.0	44,42384302	24,35021007	5966		
445	1,62538E+12	2.0	44,42426786	24,35128103	5923		
446	1,62538E+12	2.5	44,42468004	24,35212056	6020		
447	1,62538E+12	2.5	44,42504729	24,35269522	5893		
448	1,62538E+12	2.5	44,42556714	24,35277888	5897		
449	1,62538E+12	2.0	44,42606586	24,35283545	5979		
450	1,62538E+12	2.5	44,42649439	24,35311072	5900		
451	1,62538E+12	2.5	44,42698305	24,35345194	5934		
452	1,62538E+12	2.0	44,42746832	24,35376199	6018		
453	1,62538E+12	2.0	44,42803741	24,35399115	6888		
454	1,62538E+12	2.5	44,42862812	24,35419215	5957		
455	1,62538E+12	2.5	44,42922391	24,35429709	5917		
456	1,62538E+12	2.5	44,42975461	24,35430044	5940		
457	1,62538E+12	2.5	44,43027483	24,35449239	5916		
458	1,62538E+12	2.5	44,43087892	24,35491299	5990		
459	1,62538E+12	3.0	44,43156498	24,35561338	5928		
460	1,62538E+12	3.0	44,43215439	24,35640522	5893		
461	1,62538E+12	2.5	44,43249553	24,35726864	5942		
462	1,62538E+12	2.5	44,4326475	24,35814413	5950		
463	1,62538E+12	3.0	44,43278605	24,35895139	5943		
464	1,62538E+12	3.5	44,43296086	24,36005227	5984		
465	1,62538E+12	2.5	44,43328486	24,36104544	5914		
466	1,62538E+12	3.0	44,43370802	24,36192513	5912		
467	1,62538E+12	3.0	44,43416345	24,36279751	5937		
468	1,62538E+12	3.0	44,43474599	24,36341291	5938		
469	1,62538E+12	2.5	44,43526621	24,36375439	5961		
470	1,62538E+12	2.5	44,43608609	24,36429972	6913		
471	1,62538E+12	2.0	44,43685815	24,36482895	5976		
472	1,62538E+12	2.0	44,43764106	24,3653581	5910		
473	1,62538E+12	2.5	44,43840063	24,36600024	5968		
474	1,62538E+12	2.5	44,43893543	24,36688361	5937		
475	1,62538E+12	2.5	44,43922277	24,36792296	5925		
476	1,62538E+12	3.0	44,43938219	24,36902887	5941		
477	1,62538E+12	3.0	44,43951567	24,37017937	5932		
478	1,62538E+12	3.0	44,43962124	24,37111747	5964		
479	1,62538E+12	2.5	44,43946626	24,37162827	5914		
480	1,62538E+12	3.0	44,43973151	24,37226906	6944		
481	1,62538E+12	2.5	44,44014846	24,37295554	5917		
482	1,62538E+12	2.5	44,4406611	24,37378418	5957		
483	1,62538E+12	2.5	44,44115899	24,37455892	5928		
484	1,62538E+12	2.5	44,44163365	24,37530432	5943		
485	1,62538E+12	3.0	44,44190057	24,37575049	5966		
486	1,62538E+12	3.5	44,442046	24,37612533	6936		
487	1,62538E+12	4.0	44,44255235	24,37669178	5994		
488	1,62538E+12	3.0	44,44323405	24,37778452	5883		
489	1,62538E+12	2.5	44,44399886	24,37896939	5947		
490	1,62538E+12	2.5	44,44471652	24,380067	6007		
491	1,62538E+12	2.5	44,44541268	24,38117844	5869		
492	1,62538E+12	2.5	44,44603562	24,38215552	5905		
493	1,62538E+12	2.5	44,44656263	24,38298524	6023		
494	1,62538E+12	2.5	44,44705021	24,38376962	5888		
495	1,62538E+12	2.5	44,44753267	24,38452793	5947		
496	1,62538E+12	2.5	44,44788597	24,38508231	5928		
497	1,62538E+12	3.0	44,44826801	24,38567349	5911		
498	1,62538E+12	2.5	44,44882369	24,38652408	5984		
499	1,62538E+12	2.5	44,44941935	24,38750518	5916		
500	1,62538E+12	2.5	44,45004317	24,38849232	5926		
501	1,62538E+12	2.5	44,4506895	24,38950435	5930		
502	1,62538E+12	2.5	44,45118655	24,39030055	5951		
503	1,62538E+12	2.5	44,45189151	24,39139799	6929		
504	1,62538E+12	2.5	44,45252309	24,39240592	5962		
505	1,62538E+12	2.5	44,45319624	24,39348542	5919		
506	1,62538E+12	2.5	44,45388795	24,3945599	5942		
507	1,62538E+12	2.0	44,45455524	24,3956192	5941		
508	1,62538E+12	2.5	44,45532113	24,39683533	5975		
509	1,62538E+12	2.5	44,45603255	24,39796647	5901		
510	1,62538E+12	2.5	44,45678051	24,39915502	5962		
511	1,62538E+12	2.5	44,45754682	24,40036696	5920		
512	1,62538E+12	2.5	44,45833443	24,4016038	5946		
513	1,62538E+12	2.0	44,45909953	24,40283778	5959		
514	1,62538E+12	2.0	44,45983294	24,4039949	5919		
515	1,62538E+12	2.5	44,46064842	24,40525847	5936		
516	1,62538E+12	2.0	44,46148137	24,40657712	5930		
517	1,62538E+12	2.0	44,46231562	24,40789483	5940		
518	1,62538E+12	2.5	44,46314069	24,4092113	5964		
519	1,62538E+12	2.5	44,46400269	24,41055332	6918		
520	1,62538E+12	2.5	44,46481129	24,41183886	5943		
521	1,62538E+12	2.0	44,46551608	24,4129508	5930		
522	1,62538E+12	2.5	44,46621874	24,41405679	5942		
523	1,62538E+12	2.5	44,46690429	24,41515415	5949		
524	1,62538E+12	2.5	44,46764056	24,41629937	5929		
525	1,62538E+12	2.5	44,46853428	24,41768314	5953		
526	1,62538E+12	2.5	44,46948973	24,41923371	5937		
527	1,62538E+12	2.5	44,47027965	24,42048647	5961		
528	1,62538E+12	2.5	44,47103004	24,4216663	5921		
529	1,62538E+12	2.5	44,47168211	24,42271831	5974		
530	1,62538E+12	2.5	44,47206151	24,42367477	5901		
531	1,62538E+12	2.5	44,47255956	24,42463618	5942		
532	1,62538E+12	2.5	44,47294907	24,42549038	5969		
533	1,62538E+12	2.5	44,47332756	24,42628951	5908		
534	1,62538E+12	2.5	44,4737964	24,42700172	5928		
535	1,62538E+12	2.5	44,47428611	24,42725041	5971		
536	1,62538E+12	3.0	44,47474628	24,42750681	6952		
537	1,62538E+12	3.0	44,47518134	24,42819974	5941		
538	1,62538E+12	2.5	44,47567843	24,42899292	5911		
539	1,62538E+12	2.5	44,47622304	24,42986674	5950		
540	1,62538E+12	2.5	44,4765918	24,43082588	5913		
541	1,62538E+12	2.5	44,47659436	24,4319592	5943		
542	1,62538E+12	2.0	44,47655124	24,43300635	5965		
543	1,62538E+12	3.0	44,47688341	24,43393816	5925		
544	1,62538E+12	3.0	44,47763711	24,4343622	5953		
545	1,62538E+12	2.5	44,47844907	24,43399834	5917		
546	1,62538E+12	2.5	44,47926798	24,43386063	5974		
547	1,62538E+12	3.0	44,47998413	24,43447217	5907		
548	1,62538E+12	3.0	44,48066625	24,43530466	5936		
549	1,62538E+12	2.5	44,48112662	24,43629239	5935		
550	1,62538E+12	2.5	44,48150322	24,43744632	5935		
551	1,62538E+12	3.0	44,48211083	24,43880914	5969		
552	1,62538E+12	3.0	44,48309226	24,44037043	6946		
553	1,62538E+12	2.5	44,48408451	24,44206341	5975		
554	1,62538E+12	3.0	44,48532005	24,44314744	5875		
555	1,62538E+12	3.0	44,4867741	24,44319086	5941		
556	1,62538E+12	3.5	44,48827429	24,44241327	5939		
557	1,62538E+12	3.5	44,48954637	24,44232183	5919		
558	1,62538E+12	3.5	44,49037564	24,44360317	5963		
559	1,62538E+12	3.0	44,49124861	24,44538969	5956		
560	1,62538E+12	2.5	44,49215423	24,44733337	5953		
561	1,62538E+12	2.5	44,49311664	24,4493959	5911		
562	1,62538E+12	2.5	44,49413806	24,45158836	5956		
563	1,62538E+12	2.5	44,49513983	24,45374946	5924		
564	1,62538E+12	2.5	44,4961208	24,45587251	5957		
565	1,62538E+12	2.5	44,49707831	24,45790948	5911		
566	1,62538E+12	2.5	44,49803586	24,45997898	5934		
567	1,62538E+12	2.5	44,49904034	24,4621441	5988		
568	1,62538E+12	2.5	44,499887	24,46396625	5908		
569	1,62538E+12	2.5	44,50127261	24,46697384	7922		
570	1,62538E+12	2.5	44,50231683	24,46918524	5935		
571	1,62538E+12	2.5	44,50333854	24,47138633	5980		
572	1,62538E+12	2.5	44,50433402	24,47354492	5901		
573	1,62538E+12	2.5	44,50529949	24,47567535	5941		
574	1,62538E+12	2.5	44,50626852	24,47779111	5957		
575	1,62538E+12	2.5	44,50723013	24,47986747	5942		
576	1,62538E+12	2.5	44,50817381	24,48192204	5916		
577	1,62538E+12	2.5	44,50912289	24,48396228	5938		
578	1,62538E+12	2.5	44,51002466	24,48596011	5955		
579	1,62538E+12	2.5	44,51091297	24,48789147	5932		
580	1,62538E+12	2.5	44,5117893	24,48978511	5941		
581	1,62538E+12	2.5	44,51270226	24,49176416	5959		
582	1,62538E+12	2.5	44,5135969	24,49369652	5905		
583	1,62538E+12	2.5	44,51449402	24,49563911	5949		
584	1,62538E+12	2.5	44,51524755	24,49725196	5945		
585	1,62538E+12	2.5	44,51628121	24,49949655	6932		
586	1,62538E+12	2.5	44,51710884	24,50129614	5937		
587	1,62538E+12	2.5	44,51782918	24,50288527	5938		
588	1,62538E+12	2.5	44,51852286	24,50437565	5943		
589	1,62538E+12	2.5	44,5191782	24,50579463	5939		
590	1,62538E+12	2.5	44,51984167	24,50724872	5960		
591	1,62538E+12	2.5	44,52052408	24,50875084	5943		
592	1,62538E+12	2.5	44,52122598	24,51026805	5911		
593	1,62538E+12	2.5	44,52193346	24,51180269	5961		
594	1,62538E+12	2.5	44,52264626	24,51337329	5916		
595	1,62538E+12	2.5	44,52337024	24,51495772	5971		
596	1,62538E+12	2.5	44,52413509	24,51659571	5915		
597	1,62538E+12	2.5	44,52497697	24,51841861	5946		
598	1,62538E+12	2.5	44,52585778	24,5203405	5949		
599	1,62538E+12	2.5	44,5266694	24,52210966	5929		
600	1,62538E+12	2.5	44,52739888	24,52371824	5940		
601	1,62538E+12	2.5	44,52812178	24,52527543	5979		
602	1,62538E+12	2.5	44,52885251	24,52687126	6907		
603	1,62538E+12	2.5	44,52967075	24,52859323	5929		
604	1,62538E+12	3.5	44,53060525	24,53065485	5936		
605	1,62538E+12	3.0	44,53134277	24,53228043	5954		
606	1,62538E+12	2.5	44,53205075	24,53383628	5928		
607	1,62538E+12	2.5	44,53273673	24,53533572	5965		
608	1,62538E+12	3.0	44,53338373	24,53674858	6021		
609	1,62538E+12	2.5	44,53402197	24,53812773	5835		
610	1,62538E+12	2.5	44,53466578	24,53941335	5939		
611	1,62538E+12	3.0	44,53555405	24,54011198	5978		
612	1,62538E+12	2.5	44,53654882	24,5400492	5911		
613	1,62538E+12	2.5	44,5374277	24,53935426	5931		
614	1,62538E+12	3.0	44,53812612	24,53839394	5950		
615	1,62538E+12	3.0	44,53914959	24,53818473	5928		
616	1,62538E+12	2.5	44,54015081	24,53841473	5947		
617	1,62538E+12	2.5	44,54106909	24,53870441	5949		
618	1,62538E+12	3.0	44,54190137	24,53977436	7904		
619	1,62538E+12	2.5	44,54238023	24,54100616	5954		
620	1,62538E+12	2.0	44,54281647	24,54219597	5930		
621	1,62538E+12	2.0	44,54327211	24,54338721	5936		
622	1,62538E+12	2.5	44,54370176	24,54427737	5950		
623	1,62538E+12	2.5	44,54424386	24,54515303	5935		
624	1,62538E+12	2.5	44,54499874	24,54614779	5948		
625	1,62538E+12	2.5	44,54581002	24,54708405	5923		
626	1,62538E+12	2.0	44,54667604	24,54807747	5958		
627	1,62538E+12	2.0	44,54749935	24,54903024	5948		
628	1,62538E+12	2.5	44,54826487	24,54992987	5919		
629	1,62538E+12	2.5	44,54900784	24,5509906	5945		
630	1,62538E+12	2.5	44,54954781	24,5525255	5999		
631	1,62538E+12	2.5	44,54972726	24,55407606	5874		
632	1,62538E+12	2.5	44,55000479	24,55544164	5937		
633	1,62538E+12	2.5	44,55067408	24,55684084	5982		
634	1,62538E+12	2.5	44,55128546	24,55822712	6893		
635	1,62538E+12	2.5	44,5519066	24,55947158	5941		
636	1,62538E+12	2.5	44,55258868	24,56093984	5931		
637	1,62538E+12	2.5	44,55341605	24,56276558	5957		
638	1,62538E+12	2.5	44,55429775	24,56461161	5982		
639	1,62538E+12	3.0	44,55547289	24,5658171	5888		
640	1,62538E+12	3.0	44,55649154	24,56726776	6042		
641	1,62538E+12	2.5	44,55754854	24,56904388	5839		
642	1,62538E+12	2.0	44,55859527	24,57081984	5941		
643	1,62538E+12	2.0	44,55964079	24,57257736	5937		
644	1,62538E+12	2.0	44,56071087	24,57437469	5951		
645	1,62538E+12	2.0	44,56177252	24,57617596	5930		
646	1,62538E+12	2.0	44,56284842	24,57798159	5943		
647	1,62538E+12	2.0	44,56393287	24,57980658	5937		
648	1,62538E+12	2.0	44,56501154	24,58162419	5945		
649	1,62538E+12	2.0	44,56602043	24,58333109	5934		
650	1,62538E+12	2.5	44,56669584	24,58456499	5941		
651	1,62538E+12	2.5	44,56700278	24,58662735	6057		
652	1,62538E+12	2.0	44,56713446	24,58866105	6814		
653	1,62538E+12	2.0	44,5672736	24,59059375	5940		
654	1,62538E+12	2.0	44,56752443	24,59226469	5938		
655	1,62538E+12	2.5	44,56796092	24,59368123	5954		
656	1,62538E+12	2.5	44,56856484	24,59495746	5926		
657	1,62538E+12	2.5	44,56949464	24,59619605	5932		
658	1,62538E+12	3.0	44,57058395	24,59723717	5981		
659	1,62538E+12	3.5	44,5717376	24,59867793	5908		
660	1,62538E+12	3.0	44,57220837	24,60086334	5942		
661	1,62538E+12	3.0	44,57321604	24,60278993	5936		
662	1,62538E+12	3.0	44,57430854	24,60465163	5954		
663	1,62538E+12	3.0	44,57544034	24,60589567	5959		
664	1,62538E+12	3.0	44,57696929	24,60614931	5905		
665	1,62538E+12	2.0	44,57867739	24,60606624	5949		
666	1,62538E+12	2.0	44,58041358	24,60599139	5940		
667	1,62538E+12	2.0	44,58220622	24,60591436	6984		
668	1,62538E+12	2.0	44,5843242	24,60581454	6868		
669	1,62538E+12	1.5	44,58617802	24,60572904	5955		
670	1,62538E+12	2.0	44,58797783	24,60564455	5927		
671	1,62538E+12	2.5	44,58973497	24,60582619	5938		
672	1,62538E+12	2.0	44,59150468	24,60621754	5999		
673	1,62538E+12	2.0	44,59327603	24,60660981	5886		
674	1,62538E+12	2.0	44,59492328	24,60694827	5937		
675	1,62538E+12	2.5	44,59642368	24,6072905	5937		
676	1,62538E+12	3.0	44,59759443	24,60818762	5959		
677	1,62538E+12	2.5	44,59834532	24,60974707	5924		
678	1,62538E+12	2.5	44,59899408	24,61145665	5941		
679	1,62538E+12	2.5	44,59964812	24,61321592	5941		
680	1,62538E+12	2.5	44,60025752	24,61484696	5944		
681	1,62538E+12	2.5	44,60078118	24,61635771	5931		
682	1,62538E+12	2.5	44,60079904	24,61787551	5940		
683	1,62538E+12	2.0	44,60060177	24,61919172	5977		
684	1,62538E+12	3.0	44,60089706	24,62096591	6936		
685	1,62538E+12	2.5	44,60145153	24,62224835	5903		
686	1,62538E+12	2.5	44,60189845	24,62331402	5936		
687	1,62538E+12	2.0	44,60231084	24,62430074	5951		
688	1,62538E+12	2.0	44,60270491	24,62526315	5929		
689	1,62538E+12	2.5	44,60309912	24,6261699	5941		
690	1,62538E+12	3.0	44,60349361	24,62707481	5988		
691	1,62538E+12	3.0	44,6034354	24,6281917	5894		
692	1,62538E+12	3.0	44,6029355	24,62912394	5938		
693	1,62538E+12	3.0	44,60270345	24,63021602	5939		
694	1,62538E+12	3.0	44,60248099	24,63139283	5951		
695	1,62538E+12	3.0	44,60180998	24,63223999	5930		
696	1,62538E+12	3.0	44,60129277	24,63317483	5942		
697	1,62538E+12	3.0	44,60140664	24,63426515	5935		
698	1,62538E+12	2.5	44,60198394	24,63511717	5964		
699	1,62538E+12	3.0	44,60267319	24,63605183	5971		
700	1,62538E+12	2.5	44,60369943	24,63764012	6876		
701	1,62538E+12	2.5	44,60488119	24,63954952	5957		
702	1,62538E+12	3.0	44,60614539	24,64145171	5925		
703	1,62538E+12	2.5	44,60763385	24,64308098	5941		
704	1,62538E+12	2.5	44,60915584	24,64475191	5938		
705	1,62538E+12	2.5	44,61066659	24,6463671	5954		
706	1,62538E+12	3.0	44,61217789	24,64802136	5939		
707	1,62538E+12	3.0	44,6136705	24,64966404	5926		
708	1,62538E+12	3.0	44,61513712	24,65128443	5951		
709	1,62538E+12	3.0	44,616569	24,65286409	5933		
710	1,62538E+12	3.0	44,61801526	24,65445355	5937		
711	1,62538E+12	3.0	44,61942161	24,6559928	5941		
712	1,62538E+12	3.0	44,62078451	24,65748905	5949		
713	1,62538E+12	3.0	44,62212721	24,65896787	5930		
714	1,62538E+12	3.0	44,62347301	24,66044133	5961		
715	1,62538E+12	3.0	44,6247725	24,66185192	5923		
716	1,62538E+12	3.5	44,6256816	24,66284115	5942		
717	1,62538E+12	3.5	44,62672774	24,66400037	6924		
718	1,62538E+12	3.0	44,62745269	24,66485457	5937		
719	1,62538E+12	3.0	44,62768248	24,66598621	5951		
720	1,62538E+12	2.0	44,62753643	24,66720368	5931		
721	1,62538E+12	3.0	44,62695129	24,66797188	5944		
722	1,62538E+12	3.0	44,62645525	24,66857026	5936		
723	1,62538E+12	3.0	44,62672112	24,6694077	5951		
724	1,62538E+12	3.0	44,62739628	24,67002628	5931		
725	1,62538E+12	2.5	44,62790678	24,67105055	5937		
726	1,62538E+12	2.5	44,6284006	24,67207356	6004		
727	1,62538E+12	2.5	44,62893839	24,6730524	5880		
728	1,62538E+12	2.5	44,62955596	24,6737709	5944		
729	1,62538E+12	3.0	44,63031155	24,67463834	5931		
730	1,62538E+12	2.5	44,63117023	24,67562565	5952		
731	1,62538E+12	2.5	44,63201408	24,67658588	5929		
732	1,62538E+12	2.5	44,63289984	24,67758827	5940		
733	1,62538E+12	2.5	44,63378535	24,67859091	6984		
734	1,62538E+12	2.5	44,63474449	24,67967109	5890		
735	1,62538E+12	3.5	44,63580367	24,6806423	5938		
736	1,62538E+12	3.0	44,6373034	24,6809277	5938		
737	1,62538E+12	3.5	44,63866588	24,68198642	5952		
738	1,62538E+12	2.5	44,63987308	24,68372977	5931		
739	1,62538E+12	2.5	44,6410885	24,68546935	5980		
740	1,62538E+12	2.5	44,64221771	24,68709083	5900		
741	1,62538E+12	2.0	44,64330534	24,68863562	5945		
742	1,62538E+12	2.0	44,64434793	24,69012877	5934		
743	1,62538E+12	2.0	44,64535874	24,6915723	5938		
744	1,62538E+12	2.0	44,64633104	24,69297124	5963		
745	1,62538E+12	2.0	44,64720896	24,69422953	5970		
746	1,62538E+12	2.0	44,64800231	24,69537048	5892		
747	1,62538E+12	2.5	44,64882097	24,6965509	5932		
748	1,62538E+12	2.0	44,64971658	24,69783677	5956		
749	1,62538E+12	2.0	44,65046068	24,69889205	5944		
750	1,62538E+12	2.0	44,65147426	24,70036358	6913		
751	1,62538E+12	2.0	44,65233127	24,70158448	6039		
752	1,62538E+12	2.5	44,6531755	24,70278838	5843		
753	1,62538E+12	2.0	44,65402756	24,70401775	5997		
754	1,62538E+12	2.0	44,65481294	24,70512743	5880		
755	1,62538E+12	2.0	44,65567368	24,70637332	5951		
756	1,62538E+12	2.0	44,65659577	24,707685	5931		
757	1,62538E+12	2.0	44,65753555	24,70902443	5941		
758	1,62538E+12	2.0	44,65840983	24,71028239	5938		
759	1,62538E+12	2.0	44,6592942	24,71154453	5964		
760	1,62538E+12	2.0	44,66011207	24,71278128	5916		
761	1,62538E+12	2.5	44,66053615	24,71428617	5970		
762	1,62538E+12	2.0	44,66059872	24,71587454	5922		
763	1,62538E+12	2.0	44,66065702	24,7172951	5928		
764	1,62538E+12	2.0	44,6607058	24,71850839	5939		
765	1,62538E+12	2.0	44,66079754	24,71943534	5943		
766	1,62538E+12	2.5	44,66139747	24,72049263	6937		
767	1,62538E+12	2.5	44,66217988	24,72070235	5931		
768	1,62538E+12	2.5	44,66301044	24,72081307	5942		
769	1,62538E+12	2.5	44,6636103	24,72151715	5970		
770	1,62538E+12	2.5	44,66404029	24,72260362	5911		
771	1,62538E+12	2.5	44,6645774	24,72363115	5938		
772	1,62538E+12	2.5	44,66537003	24,72421093	5938		
773	1,62538E+12	2.5	44,66638077	24,72478769	6989		
774	1,62538E+12	2.0	44,66704541	24,72562672	5881		
775	1,62538E+12	2.0	44,66763432	24,72649852	5940		
776	1,62538E+12	2.0	44,66821858	24,72735942	6000		
777	1,62538E+12	2.0	44,66884794	24,72829686	5883		
778	1,62538E+12	2.0	44,66947587	24,72920093	5936		
779	1,62538E+12	2.5	44,67004336	24,73028488	5937		
780	1,62538E+12	2.5	44,67037893	24,73162749	5952		
781	1,62538E+12	2.0	44,67066388	24,7327945	5984		
782	1,62538E+12	2.0	44,67095858	24,73403209	6880		
783	1,62538E+12	2.5	44,67123594	24,73519089	5948		
784	1,62538E+12	2.5	44,67152243	24,73636745	5928		
785	1,62538E+12	2.0	44,67191819	24,73800335	5944		
786	1,62538E+12	2.0	44,67229256	24,73942702	5937		
787	1,62538E+12	2.5	44,6722007	24,74074918	5957		
788	1,62538E+12	3.0	44,67157495	24,74174302	5924		
789	1,62538E+12	3.5	44,67071794	24,74228106	5985		
790	1,62538E+12	3.5	44,66980155	24,74263167	5933		
791	1,62538E+12	3.5	44,66906088	24,74332611	5907		
792	1,62538E+12	3.0	44,66883583	24,74439581	5936		
793	1,62538E+12	2.5	44,66926573	24,7454707	5937		
794	1,62538E+12	2.5	44,67009428	24,74627646	5974		
795	1,62538E+12	2.5	44,67104119	24,74705287	5907		
796	1,62538E+12	2.5	44,67205485	24,74788729	5942		
797	1,62538E+12	2.5	44,67306496	24,74872464	5936		
798	1,62538E+12	2.5	44,67385663	24,74938681	5952		
799	1,62538E+12	2.5	44,67491811	24,75024579	6929		
800	1,62538E+12	3.0	44,67574826	24,75091341	5929		
801	1,62538E+12	3.0	44,67667718	24,75165227	6003		
802	1,62538E+12	3.0	44,67771846	24,75255425	5882		
803	1,62538E+12	2.5	44,67869106	24,75338037	6064		
804	1,62538E+12	2.5	44,67953474	24,75408319	5813		
805	1,62538E+12	2.5	44,68022771	24,754884	5949		
806	1,62538E+12	2.5	44,68065599	24,75560535	5933		
807	1,62538E+12	2.5	44,68101507	24,75616702	5942		
808	1,62538E+12	2.0	44,68152464	24,75680656	5937		
809	1,62538E+12	2.0	44,6820773	24,75747652	5941		
810	1,62538E+12	2.0	44,6826987	24,75821899	5938		
811	1,62538E+12	1.5	44,68326871	24,75889365	5940		
812	1,62538E+12	2.0	44,68380888	24,75955741	5954		
813	1,62538E+12	2.0	44,68447784	24,76035872	5924		
814	1,62538E+12	2.0	44,6851688	24,76116615	5942		
815	1,62538E+12	2.0	44,68583005	24,76195137	6931		
816	1,62538E+12	2.0	44,68644943	24,76268479	5950		
817	1,62538E+12	2.0	44,68699438	24,76339448	5930		
818	1,62538E+12	2.0	44,68748267	24,76417383	5938		
819	1,62538E+12	2.5	44,68786945	24,76498344	6000		
820	1,62538E+12	2.0	44,68824333	24,76579355	5885		
821	1,62538E+12	2.0	44,68863095	24,76660727	5937		
822	1,62538E+12	2.0	44,68901413	24,76743573	5991		
823	1,62538E+12	2.0	44,68945703	24,76827719	5896		
824	1,62538E+12	2.0	44,69008919	24,76893945	5933		
825	1,62538E+12	2.0	44,69080182	24,76965308	5941		
826	1,62538E+12	2.0	44,691566	24,77039639	5938		
827	1,62538E+12	2.0	44,69238734	24,77119016	6006		
828	1,62538E+12	2.0	44,69324313	24,77202885	5874		
829	1,62538E+12	2.0	44,69409339	24,77286654	5935		
830	1,62538E+12	2.0	44,69493749	24,77370548	6052		
831	1,62538E+12	2.0	44,69582664	24,77457041	6823		
832	1,62538E+12	2.0	44,69687887	24,77560708	6931		
833	1,62538E+12	2.0	44,6977668	24,77648241	5940		
834	1,62538E+12	2.5	44,69866237	24,77728036	5948		
835	1,62538E+12	2.5	44,69948949	24,77806801	5931		
836	1,62538E+12	2.5	44,70013691	24,77933368	5939		
837	1,62538E+12	2.0	44,70072239	24,78052927	5993		
838	1,62538E+12	2.0	44,70137819	24,78177315	5890		
839	1,62538E+12	2.5	44,70239403	24,78282114	5939		
840	1,62538E+12	2.5	44,70381326	24,78404196	6004		
841	1,62538E+12	2.5	44,70515981	24,78513815	5885		
842	1,62538E+12	2.5	44,7064388	24,78618915	5927		
843	1,62538E+12	2.5	44,70787458	24,78738592	6972		
844	1,62538E+12	3.0	44,70923308	24,78848504	5993		
845	1,62538E+12	2.5	44,71077292	24,78975766	5845		
846	1,62538E+12	2.5	44,71232931	24,79111503	5933		
847	1,62538E+12	2.5	44,71386576	24,79238656	5939		
848	1,62538E+12	2.5	44,71530749	24,79360001	6932		
849	1,62538E+12	2.5	44,71664243	24,79431088	5941		
850	1,62538E+12	2.5	44,7181741	24,7945698	5959		
851	1,62538E+12	2.0	44,7197232	24,79481866	5927		
852	1,62538E+12	2.0	44,72130172	24,79506492	5935		
853	1,62538E+12	2.0	44,72283804	24,79532501	5939		
854	1,62538E+12	2.5	44,72429762	24,79557035	5940		
855	1,62538E+12	2.0	44,72567988	24,79579121	6054		
856	1,62538E+12	2.0	44,72691001	24,79598726	5825		
857	1,62538E+12	2.0	44,72795113	24,79616454	5941		
858	1,62538E+12	2.0	44,72890147	24,7965092	5939		
859	1,62538E+12	2.5	44,72972482	24,79726399	5958		
860	1,62538E+12	3.0	44,73032186	24,79830729	5931		
861	1,62538E+12	2.5	44,73079443	24,79943616	5939		
862	1,62538E+12	2.5	44,73158229	24,80015977	5993		
863	1,62538E+12	2.5	44,73234333	24,80090174	5876		
864	1,62538E+12	2.5	44,73303756	24,80170917	6945		
865	1,62538E+12	2.0	44,73380459	24,80259849	5934		
866	1,62538E+12	2.0	44,73446277	24,80335579	6004		
867	1,62538E+12	2.0	44,73511631	24,80413171	5881		
868	1,62538E+12	2.5	44,73579696	24,80489379	5991		
869	1,62538E+12	2.5	44,73645972	24,80568965	5886		
870	1,62538E+12	2.5	44,73721636	24,80656338	5947		
871	1,62538E+12	2.5	44,73804134	24,80752487	5930		
872	1,62538E+12	2.5	44,73892484	24,8085752	5941		
873	1,62538E+12	2.0	44,73987275	24,80973601	5956		
874	1,62538E+12	2.0	44,74085473	24,81092432	5973		
875	1,62538E+12	2.5	44,74172636	24,81199544	5893		
876	1,62538E+12	2.5	44,74258337	24,8130441	5939		
877	1,62538E+12	2.0	44,74346812	24,81411648	5947		
878	1,62538E+12	2.5	44,74432836	24,81516246	5931		
879	1,62538E+12	2.5	44,74524593	24,81624414	5963		
880	1,62538E+12	2.0	44,74624425	24,81746673	6919		
881	1,62538E+12	2.5	44,74709736	24,81850776	6917		
882	1,62538E+12	2.0	44,74791166	24,81948618	5943		
883	1,62538E+12	2.0	44,74873187	24,82048145	5939		
884	1,62538E+12	2.0	44,74948595	24,82141343	5980		
885	1,62538E+12	2.0	44,75023245	24,82233427	5901		
886	1,62538E+12	2.0	44,75095878	24,82322115	5990		
887	1,62538E+12	2.0	44,75161424	24,82402448	5896		
888	1,62538E+12	2.0	44,7522933	24,82485588	5938		
889	1,62538E+12	2.5	44,75298758	24,82571008	5976		
890	1,62538E+12	2.0	44,75370402	24,826588	5898		
891	1,62538E+12	2.0	44,75443924	24,82747447	6000		
892	1,62538E+12	2.5	44,75486102	24,82820059	5881		
893	1,62538E+12	2.5	44,75476156	24,82896008	5942		
894	1,62538E+12	3.0	44,7544739	24,82999667	5938		
895	1,62538E+12	2.5	44,75424524	24,83125848	5944		
896	1,62538E+12	3.0	44,75411519	24,83254552	5934		
897	1,62538E+12	3.0	44,75432897	24,83377322	6940		
898	1,62538E+12	2.5	44,75469388	24,83492154	5968		
899	1,62538E+12	2.5	44,75526335	24,83576576	5904		
900	1,62538E+12	2.5	44,75579757	24,83622283	5939		
901	1,62538E+12	2.5	44,75622739	24,83650186	5939		
902	1,62538E+12	2.0	44,75685587	24,83682842	5950		
903	1,62538E+12	2.5	44,75766615	24,8372284	5931		
904	1,62538E+12	2.5	44,75860534	24,83743099	5940		
905	1,62538E+12	2.0	44,75960999	24,83734181	5946		
906	1,62538E+12	3.0	44,76059114	24,83716303	5939		
907	1,62538E+12	3.0	44,76155057	24,83669925	5936		
908	1,62538E+12	3.0	44,7625722	24,83684988	5938		
909	1,62539E+12	3.0	44,76339438	24,83702623	5981		
910	1,62539E+12	3.0	44,7641853	24,8368995	5898		
911	1,62539E+12	2.5	44,76498149	24,83674058	5941		
912	1,62539E+12	3.0	44,76561068	24,83660856	5935		
913	1,62539E+12	3.0	44,76617956	24,8365835	5957		
914	1,62539E+12	3.0	44,76696708	24,83733259	6919		
915	1,62539E+12	2.5	44,76743907	24,83845769	5942		
916	1,62539E+12	3.0	44,76808774	24,83935598	5939		
917	1,62539E+12	3.0	44,76892015	24,84014472	5945		
918	1,62539E+12	4.0	44,76968433	24,84061939	5985		
919	1,62539E+12	4.0	44,77059821	24,84012477	5887		
920	1,62539E+12	3.0	44,77152013	24,83998362	5966		
921	1,62539E+12	3.0	44,77221537	24,84072936	5937		
922	1,62539E+12	3.0	44,77279309	24,84172923	5922		
923	1,62539E+12	3.0	44,77357127	24,84250171	5935		
924	1,62539E+12	2.5	44,77438959	24,84309297	5948		
925	1,62539E+12	2.0	44,7752518	24,84373569	5934		
926	1,62539E+12	2.5	44,77605063	24,84435285	5939		
927	1,62539E+12	2.0	44,77681699	24,84493607	5961		
928	1,62539E+12	2.0	44,77755619	24,84550905	5918		
929	1,62539E+12	2.0	44,7782363	24,84603007	6935		
930	1,62539E+12	2.0	44,77902085	24,84672141	6929		
931	1,62539E+12	2.0	44,77978456	24,8474493	5969		
932	1,62539E+12	2.0	44,78050889	24,84812018	5909		
933	1,62539E+12	2.5	44,7811781	24,84883457	5939		
934	1,62539E+12	2.5	44,78202157	24,84978072	6002		
935	1,62539E+12	2.5	44,78275972	24,85050408	5878		
936	1,62539E+12	2.0	44,78340202	24,85103005	5942		
937	1,62539E+12	2.0	44,78405938	24,8516203	5937		
938	1,62539E+12	2.5	44,78465537	24,85221718	5951		
939	1,62539E+12	2.5	44,78523653	24,85287105	5978		
940	1,62539E+12	2.5	44,7857889	24,85355761	5932		
941	1,62539E+12	2.5	44,7863364	24,85424409	5964		
942	1,62539E+12	3.0	44,78691584	24,85497759	5882		
943	1,62539E+12	2.5	44,78754658	24,85575861	5932		
944	1,62539E+12	3.0	44,78820833	24,85649211	5937		
945	1,62539E+12	2.5	44,78891099	24,85711028	5954		
946	1,62539E+12	2.5	44,78952915	24,8576225	5959		
947	1,62539E+12	3.0	44,79039593	24,85816539	6900		
948	1,62539E+12	2.5	44,79107683	24,85852313	5949		
949	1,62539E+12	2.0	44,79187035	24,85887366	5960		
950	1,62539E+12	2.5	44,79288078	24,85932352	5916		
951	1,62539E+12	2.0	44,79407055	24,85988083	5932		
952	1,62539E+12	2.5	44,79521141	24,86047268	5953		
953	1,62539E+12	2.0	44,79628597	24,86097157	5932		
954	1,62539E+12	2.0	44,7973568	24,86140064	5938		
955	1,62539E+12	2.0	44,79827437	24,86179409	5942		
956	1,62539E+12	2.0	44,79911281	24,86216188	5952		
957	1,62539E+12	2.0	44,79997808	24,86252985	5926		
958	1,62539E+12	2.0	44,80097624	24,86294065	6971		
959	1,62539E+12	2.0	44,80184896	24,86330903	6059		
960	1,62539E+12	2.0	44,8027454	24,86369736	5781		
961	1,62539E+12	2.0	44,8036408	24,864066	5987		
962	1,62539E+12	2.0	44,8045647	24,86445744	5935		
963	1,62539E+12	2.0	44,80540817	24,86480847	5988		
964	1,62539E+12	2.0	44,80620927	24,86514626	6847		
965	1,62539E+12	2.0	44,80688929	24,86544902	5936		
966	1,62539E+12	2.0	44,80758122	24,86594858	5990		
967	1,62539E+12	2.0	44,80827344	24,86662919	5889		
968	1,62539E+12	2.0	44,80886713	24,86722346	5939		
969	1,62539E+12	2.0	44,8096528	24,86764516	5935		
970	1,62539E+12	2.0	44,81064191	24,86780282	5968		
971	1,62539E+12	2.0	44,81162305	24,86837329	5969		
972	1,62539E+12	2.0	44,81271752	24,86909933	5890		
973	1,62539E+12	1.5	44,81377867	24,86981113	5937		
974	1,62539E+12	1.5	44,81468149	24,87040875	5953		
975	1,62539E+12	1.5	44,81565794	24,87107562	5969		
976	1,62539E+12	1.5	44,81660107	24,87171055	5895		
977	1,62539E+12	1.5	44,81746763	24,87228379	5951		
978	1,62539E+12	2.0	44,81846357	24,87295317	6989		
979	1,62539E+12	2.0	44,81911099	24,87341844	6864		
980	1,62539E+12	2.5	44,81943591	24,87419679	5935		
981	1,62539E+12	2.5	44,81937523	24,87524562	5958		
982	1,62539E+12	2.5	44,81909393	24,87641581	5929		
983	1,62539E+12	2.0	44,81879692	24,87761694	5941		
984	1,62539E+12	2.0	44,81847019	24,87893776	5933		
985	1,62539E+12	2.0	44,81816014	24,88033905	5955		
986	1,62539E+12	2.5	44,81796149	24,88181032	5928		
987	1,62539E+12	2.0	44,81804602	24,88334287	5941		
988	1,62539E+12	2.5	44,81834727	24,8848962	5945		
989	1,62539E+12	2.0	44,81870744	24,88641928	5972		
990	1,62539E+12	2.5	44,81903903	24,8878121	5904		
991	1,62539E+12	2.0	44,81937363	24,88901834	5987		
992	1,62539E+12	2.5	44,81979369	24,89000279	5913		
993	1,62539E+12	2.5	44,82033588	24,89094551	5915		
994	1,62539E+12	2.0	44,82092248	24,89196617	5945		
995	1,62539E+12	2.0	44,8214554	24,89308784	5935		
996	1,62539E+12	2.0	44,82196511	24,8942841	6944		
997	1,62539E+12	2.5	44,8224741	24,89551255	5929		
998	1,62539E+12	2.0	44,82283113	24,89679842	5946		
999	1,62539E+12	2.0	44,82304285	24,89797097	5937		
1000	1,62539E+12	2.0	44,82323304	24,89909582	6000		
1001	1,62539E+12	2.0	44,82344225	24,90034631	5877		
1002	1,62539E+12	2.0	44,82361446	24,90143118	5941		
1003	1,62539E+12	2.0	44,82376965	24,90241522	6008		
1004	1,62539E+12	2.0	44,82394923	24,90343287	5873		
1005	1,62539E+12	2.0	44,82411687	24,90444607	5941		
1006	1,62539E+12	2.0	44,82427797	24,90544469	5975		
1007	1,62539E+12	2.0	44,82443924	24,90642982	5986		
1008	1,62539E+12	2.5	44,8245658	24,90718838	5853		
1009	1,62539E+12	2.5	44,82457657	24,9072877	5945		
1010	1,62539E+12	2.0	44,82457653	24,90728779	5934		
1011	1,62539E+12	2.5	44,82457653	24,90728779	5953		
1012	1,62539E+12	2.5	44,82458898	24,90737806	6956		
1013	1,62539E+12	2.5	44,82461299	24,90754763	5901		
1014	1,62539E+12	2.5	44,82462217	24,90758224	5953		
1015	1,62539E+12	2.5	44,82464673	24,90774343	5984		
1016	1,62539E+12	2.0	44,82470469	24,90809572	5885		
1017	1,62539E+12	2.5	44,82470955	24,90824458	5938		
1018	1,62539E+12	2.0	44,82470653	24,90827727	5976		
1019	1,62539E+12	2.5	44,82470653	24,90827727	5908		
1020	1,62539E+12	3.0	44,82475611	24,90862034	6031		
1021	1,62539E+12	2.5	44,82497396	24,90944521	5849		
1022	1,62539E+12	2.5	44,8251328	24,91035976	6008		
1023	1,62539E+12	2.0	44,82532667	24,91154512	5871		
1024	1,62539E+12	2.0	44,8255166	24,91272228	5939		
1025	1,62539E+12	2.5	44,82559447	24,91370045	5937		
1026	1,62539E+12	2.5	44,82557838	24,91425885	5949		
1027	1,62539E+12	3.0	44,82554669	24,91490501	6923		
1028	1,62539E+12	3.0	44,82531234	24,91608644	6956		
1029	1,62539E+12	3.0	44,82486592	24,91759862	5947		
1030	1,62539E+12	2.5	44,82439003	24,91933459	5909		
1031	1,62539E+12	2.5	44,82390439	24,92125573	5942		
1032	1,62539E+12	2.5	44,82334913	24,92318876	5933		
1033	1,62539E+12	2.5	44,82283695	24,92514811	5956		
1034	1,62539E+12	2.5	44,82225416	24,92703371	5928		
1035	1,62539E+12	2.5	44,82145545	24,92881193	5943		
1036	1,62539E+12	2.5	44,82064257	24,93063793	5947		
1037	1,62539E+12	2.5	44,81982697	24,9324428	5937		
1038	1,62539E+12	2.5	44,81911782	24,93434616	5945		
1039	1,62539E+12	2.5	44,81845288	24,93634944	5927		
1040	1,62539E+12	2.0	44,81779008	24,93832438	5993		
1041	1,62539E+12	2.5	44,81714329	24,94023336	5887		
1042	1,62539E+12	2.0	44,81651033	24,94210764	5938		
1043	1,62539E+12	2.5	44,81575085	24,94375108	5988		
1044	1,62539E+12	2.5	44,81490214	24,9453879	5913		
1045	1,62539E+12	2.5	44,81418641	24,94704399	6971		
1046	1,62539E+12	2.5	44,81379384	24,94900854	5928		
1047	1,62539E+12	2.5	44,81346058	24,95106504	5893		
1048	1,62539E+12	3.0	44,81323909	24,95291627	5948		
1049	1,62539E+12	2.5	44,81283654	24,95418906	5974		
1050	1,62539E+12	2.0	44,81223896	24,95521232	5946		
1051	1,62539E+12	2.5	44,81158458	24,95631496	5897		
1052	1,62539E+12	2.5	44,81098138	24,95735046	5984		
1053	1,62539E+12	3.0	44,81022319	24,95870305	5940		
1054	1,62539E+12	2.5	44,80914884	24,96043341	5890		
1055	1,62539E+12	2.5	44,80783791	24,962433	5975		
1056	1,62539E+12	2.0	44,80640264	24,96449989	5905		
1057	1,62539E+12	2.0	44,80493325	24,9665351	5943		
1058	1,62539E+12	2.0	44,80345342	24,96857207	5937		
1059	1,62539E+12	2.0	44,80204233	24,97063092	5947		
1060	1,62539E+12	2.0	44,80064318	24,97279789	5932		
1061	1,62539E+12	2.0	44,79925606	24,97505086	6940		
1062	1,62539E+12	2.0	44,79790729	24,97736578	5939		
1063	1,62539E+12	2.0	44,79659543	24,9796993	5995		
1064	1,62539E+12	2.0	44,79519909	24,98193903	5878		
1065	1,62539E+12	2.0	44,79374135	24,98404775	5951		
1066	1,62539E+12	2.0	44,79225214	24,98607156	5960		
1067	1,62539E+12	2.0	44,79061138	24,98803083	5897		
1068	1,62539E+12	2.0	44,78891795	24,98982833	5967		
1069	1,62539E+12	2.5	44,78733766	24,99170495	5924		
1070	1,62539E+12	2.0	44,78585226	24,99367344	5949		
1071	1,62539E+12	2.0	44,78444754	24,99571427	5931		
1072	1,62539E+12	2.0	44,78310413	24,99782458	5943		
1073	1,62539E+12	2.0	44,78185292	25,00000748	5936		
1074	1,62539E+12	2.5	44,78064459	25,00233321	5944		
1075	1,62539E+12	2.5	44,77948856	25,00478332	5981		
1076	1,62539E+12	3.0	44,77824875	25,00773056	6887		
1077	1,62539E+12	2.5	44,77743444	25,00989201	5978		
1078	1,62539E+12	2.5	44,77625934	25,01298686	6893		
1079	1,62539E+12	2.5	44,77523671	25,01557091	5940		
1080	1,62539E+12	2.5	44,77418202	25,01809211	5939		
1081	1,62539E+12	2.5	44,77306739	25,02053778	5946		
1082	1,62539E+12	2.5	44,7719264	25,02292402	5932		
1083	1,62539E+12	2.5	44,7707534	25,02523734	5941		
1084	1,62539E+12	2.0	44,769592	25,02755561	5939		
1085	1,62539E+12	2.0	44,76846292	25,02990849	5975		
1086	1,62539E+12	2.0	44,76739238	25,03231343	5903		
1087	1,62539E+12	2.0	44,76637281	25,0347767	5938		
1088	1,62539E+12	2.0	44,7654109	25,03728826	5978		
1089	1,62539E+12	2.5	44,7645186	25,03984826	5912		
1090	1,62539E+12	2.5	44,76370321	25,04244707	5944		
1091	1,62539E+12	2.5	44,76280555	25,04541233	6956		
1092	1,62539E+12	2.5	44,76210227	25,04791542	5909		
1093	1,62539E+12	2.0	44,76144932	25,05044826	5937		
1094	1,62539E+12	2.0	44,76083589	25,05310893	5987		
1095	1,62539E+12	2.5	44,76027338	25,05590614	6877		
1096	1,62539E+12	2.5	44,75974046	25,05882388	5949		
1097	1,62539E+12	2.5	44,75927409	25,06175612	5932		
1098	1,62539E+12	2.5	44,75886983	25,06470705	5944		
1099	1,62539E+12	2.5	44,75848078	25,06766939	5939		
1100	1,62539E+12	2.0	44,75813147	25,07065804	5941		
1101	1,62539E+12	2.5	44,75760257	25,0740429	6974		
1102	1,62539E+12	2.5	44,75701877	25,07694882	5890		
1103	1,62539E+12	2.5	44,75629562	25,07979909	5957		
1104	1,62539E+12	2.5	44,75547868	25,08259437	5927		
1105	1,62539E+12	2.5	44,75455893	25,08533475	5943		
1106	1,62539E+12	2.0	44,75352854	25,08796776	5942		
1107	1,62539E+12	2.0	44,75240617	25,09053899	5938		
1108	1,62539E+12	2.5	44,75120206	25,09301953	5933		
1109	1,62539E+12	2.0	44,74988279	25,09540544	5940		
1110	1,62539E+12	2.0	44,7486952	25,09729003	5955		
1111	1,62539E+12	2.0	44,7469552	25,09984542	6920		
1112	1,62539E+12	2.0	44,7454494	25,1018694	5936		
1113	1,62539E+12	2.0	44,74379602	25,10376622	5948		
1114	1,62539E+12	2.5	44,74217656	25,10547931	5947		
1115	1,62539E+12	2.0	44,74069044	25,10692905	5929		
1116	1,62539E+12	2.0	44,73919247	25,1083512	5941		
1117	1,62539E+12	2.0	44,73754824	25,11001116	5937		
1118	1,62539E+12	2.0	44,73584914	25,11181469	5952		
1119	1,62539E+12	2.0	44,73419623	25,11374186	5983		
1120	1,62539E+12	2.0	44,73272873	25,11563717	5884		
1121	1,62539E+12	2.0	44,73139638	25,11747432	5944		
1122	1,62539E+12	2.0	44,730145	25,11928313	5947		
1123	1,62539E+12	2.0	44,72898596	25,12109681	5927		
1124	1,62539E+12	2.0	44,72789241	25,12292381	5938		
1125	1,62539E+12	2.0	44,72682854	25,12478569	5979		
1126	1,62539E+12	2.0	44,72595301	25,12643692	5957		
1127	1,62539E+12	2.0	44,72472338	25,12889014	6883		
1128	1,62539E+12	2.5	44,72332079	25,13159179	6968		
1129	1,62539E+12	2.0	44,72195559	25,13396362	5908		
1130	1,62539E+12	2.0	44,72050615	25,13626345	5929		
1131	1,62539E+12	2.0	44,71896107	25,13846059	5939		
1132	1,62539E+12	2.0	44,71744156	25,14046202	5951		
1133	1,62539E+12	2.0	44,71587226	25,14241794	5937		
1134	1,62539E+12	2.0	44,71434139	25,14452205	5934		
1135	1,62539E+12	2.0	44,71288532	25,14673353	5938		
1136	1,62539E+12	2.5	44,71140005	25,14926721	5974		
1137	1,62539E+12	2.0	44,71001695	25,15190223	5960		
1138	1,62539E+12	2.0	44,70879194	25,15455561	5891		
1139	1,62539E+12	2.0	44,7077201	25,15713028	5933		
1140	1,62539E+12	2.5	44,70672354	25,15987594	5949		
1141	1,62539E+12	3.0	44,70549391	25,16395206	8004		
1142	1,62539E+12	3.0	44,70481946	25,16667115	5862		
1143	1,62539E+12	2.5	44,70400491	25,17045683	6983		
1144	1,62539E+12	2.5	44,70348393	25,1737137	5876		
1145	1,62539E+12	3.0	44,70309115	25,17704124	5939		
1146	1,62539E+12	3.0	44,70285839	25,18046248	5938		
1147	1,62539E+12	2.5	44,70267277	25,18399612	5957		
1148	1,62539E+12	3.0	44,70247412	25,18738082	5924		
1149	1,62539E+12	2.5	44,70226621	25,1908127	5948		
1150	1,62539E+12	2.5	44,70207041	25,19408885	5931		
1151	1,62539E+12	2.5	44,70184674	25,19726593	5947		
1152	1,62539E+12	2.5	44,70170123	25,20031619	5933		
1153	1,62539E+12	2.5	44,70152923	25,20342479	5941		
1154	1,62539E+12	2.5	44,70134688	25,20647496	6051		
1155	1,62539E+12	2.5	44,70117447	25,20947585	5841		
1156	1,62539E+12	2.5	44,70099958	25,21247221	5927		
1157	1,62539E+12	2.5	44,70082272	25,21539062	5936		
1158	1,62539E+12	2.5	44,70063953	25,21822899	5944		
1159	1,62539E+12	2.5	44,70046984	25,22109342	6965		
1160	1,62539E+12	2.5	44,70030602	25,22389188	5910		
1161	1,62539E+12	2.5	44,70014575	25,22662807	5969		
1162	1,62539E+12	2.5	44,69998788	25,22936468	5923		
1163	1,62539E+12	2.5	44,69974279	25,23221377	5924		
1164	1,62539E+12	2.5	44,69932261	25,23506706	5959		
1165	1,62539E+12	2.5	44,6988624	25,23790559	5921		
1166	1,62539E+12	2.5	44,69824298	25,24076382	5944		
1167	1,62539E+12	3.0	44,69763332	25,24323137	5936		
1168	1,62539E+12	3.0	44,69693222	25,24578902	5938		
1169	1,62539E+12	2.5	44,69601716	25,24864004	5997		
1170	1,62539E+12	2.5	44,69495924	25,251481	5890		
1171	1,62539E+12	2.5	44,69358796	25,2546994	6967		
1172	1,62539E+12	2.5	44,69231023	25,25734657	5893		
1173	1,62539E+12	2.5	44,69092583	25,25988529	5962		
1174	1,62539E+12	2.0	44,68944835	25,26234495	5920		
1175	1,62539E+12	2.5	44,6878596	25,26462609	5973		
1176	1,62539E+12	2.5	44,68621843	25,26684436	6898		
1177	1,62539E+12	2.5	44,68461111	25,26913019	5951		
1178	1,62539E+12	2.5	44,68307316	25,27156739	5928		
1179	1,62539E+12	2.5	44,68154325	25,27402874	5943		
1180	1,62539E+12	2.5	44,68013958	25,2765356	5946		
1181	1,62539E+12	2.5	44,67882563	25,27907859	5940		
1182	1,62539E+12	2.0	44,67755694	25,28167622	5933		
1183	1,62539E+12	2.0	44,67637723	25,28433312	5980		
1184	1,62539E+12	2.0	44,67524522	25,28708674	6055		
1185	1,62539E+12	2.0	44,67416131	25,28988688	5827		
1186	1,62539E+12	2.5	44,67311822	25,29278141	5942		
1187	1,62539E+12	2.5	44,6720479	25,29562354	5892		
1188	1,62539E+12	2.5	44,67102958	25,29846802	5953		
1189	1,62539E+12	2.5	44,67003456	25,30122877	5928		
1190	1,62539E+12	2.5	44,66907375	25,30390101	5943		
1191	1,62539E+12	3.0	44,66813602	25,3065455	5945		
1192	1,62539E+12	2.5	44,66718752	25,30920784	6935		
1193	1,62539E+12	3.0	44,66621426	25,31199683	5929		
1194	1,62539E+12	3.0	44,66517201	25,31489261	5985		
1195	1,62539E+12	2.5	44,66412394	25,3178412	5906		
1196	1,62539E+12	2.5	44,66306593	25,32080839	5932		
1197	1,62539E+12	2.5	44,66200369	25,32376025	5938		
1198	1,62539E+12	2.5	44,6609614	25,32665947	5938		
1199	1,62539E+12	2.5	44,65992511	25,32951686	5972		
1200	1,62539E+12	2.5	44,65890574	25,33234918	5915		
1201	1,62539E+12	2.0	44,65789623	25,33515402	5939		
1202	1,62539E+12	2.0	44,65689383	25,33795056	5936		
1203	1,62539E+12	2.5	44,65589182	25,34071818	5952		
1204	1,62539E+12	2.5	44,65491298	25,34343635	5960		
1205	1,62539E+12	2.5	44,6539732	25,34621746	5909		
1206	1,62539E+12	2.5	44,65311523	25,34906161	5935		
1207	1,62539E+12	2.0	44,65230604	25,35196125	5951		
1208	1,62539E+12	2.5	44,65166839	25,3544386	5934		
1209	1,62539E+12	2.5	44,65088015	25,35795791	6937		
1210	1,62539E+12	2.5	44,6502824	25,36098612	5929		
1211	1,62539E+12	2.0	44,64977806	25,363999	5947		
1212	1,62539E+12	2.0	44,64934484	25,36694432	5935		
1213	1,62539E+12	2.0	44,6490024	25,36972208	5945		
1214	1,62539E+12	2.0	44,64870249	25,37266396	6026		
1215	1,62539E+12	2.0	44,6483282	25,37565035	5848		
1216	1,62539E+12	2.0	44,64783249	25,37859768	5944		
1217	1,62539E+12	2.0	44,64722074	25,38149572	5937		
1218	1,62539E+12	2.5	44,6464797	25,38431707	5948		
1219	1,62539E+12	2.5	44,64567374	25,38709207	5934		
1220	1,62539E+12	2.5	44,64477038	25,38978257	5938		
1221	1,62539E+12	2.5	44,64377234	25,3923616	5939		
1222	1,62539E+12	2.0	44,64271036	25,39489218	5944		
1223	1,62539E+12	2.0	44,64151304	25,39741832	5932		
1224	1,62539E+12	2.5	44,64038496	25,39944942	5944		
1225	1,62539E+12	2.5	44,63852766	25,40244486	8104		
1226	1,62539E+12	2.5	44,63715068	25,40451092	5761		
1227	1,62539E+12	2.5	44,6357584	25,40661804	5940		
1228	1,62539E+12	2.5	44,63440657	25,40872542	5935		
1229	1,62539E+12	2.5	44,63308512	25,41090555	5946		
1230	1,62539E+12	2.5	44,63172855	25,41326582	5977		
1231	1,62539E+12	2.5	44,6304268	25,41567159	5943		
1232	1,62539E+12	2.5	44,62918414	25,41809999	5894		
1233	1,62539E+12	2.5	44,62797987	25,42063099	5957		
1234	1,62539E+12	2.0	44,62675465	25,42334883	5922		
1235	1,62539E+12	2.0	44,62561098	25,42601444	5942		
1236	1,62539E+12	2.0	44,62454044	25,42870712	6046		
1237	1,62539E+12	2.0	44,62347959	25,43134072	5835		
1238	1,62539E+12	2.0	44,62236215	25,43383802	5936		
1239	1,62539E+12	2.5	44,62118818	25,43622452	5987		
1240	1,62539E+12	2.5	44,61995529	25,43847866	5956		
1241	1,62539E+12	2.5	44,61845732	25,44096356	6870		
1242	1,62539E+12	2.5	44,6173823	25,44263248	5938		
1243	1,62539E+12	2.5	44,6160466	25,44453057	5939		
1244	1,62539E+12	2.5	44,61461095	25,44636645	5951		
1245	1,62539E+12	2.0	44,61310648	25,44814065	5980		
1246	1,62539E+12	2.0	44,61153613	25,44985374	5889		
1247	1,62539E+12	2.5	44,60990321	25,45145553	5996		
1248	1,62539E+12	2.5	44,60827121	25,45296988	5891		
1249	1,62539E+12	2.0	44,60658259	25,45436991	5931		
1250	1,62539E+12	2.5	44,604798	25,45570138	5946		
1251	1,62539E+12	2.5	44,60290512	25,45697392	5966		
1252	1,62539E+12	2.5	44,60094706	25,45813649	5910		
1253	1,62539E+12	2.5	44,59892304	25,45913855	5941		
1254	1,62539E+12	2.5	44,59689739	25,4599987	5938		
1255	1,62539E+12	2.0	44,59484302	25,46074687	5999		
1256	1,62539E+12	2.0	44,59278091	25,461504	5878		
1257	1,62539E+12	2.0	44,59072168	25,46242408	5949		
1258	1,62539E+12	2.5	44,58873325	25,46341751	6925		
1259	1,62539E+12	2.0	44,58682959	25,46457714	5948		
1260	1,62539E+12	2.5	44,58497069	25,4658688	5931		
1261	1,62539E+12	2.5	44,58321368	25,46724536	5970		
1262	1,62539E+12	2.5	44,58152502	25,46869115	5919		
1263	1,62539E+12	2.5	44,57988447	25,47023769	5941		
1264	1,62539E+12	3.0	44,57832732	25,47193218	5930		
1265	1,62539E+12	2.0	44,57686552	25,47367486	5937		
1266	1,62539E+12	2.5	44,57548628	25,4754898	6041		
1267	1,62539E+12	2.0	44,57409802	25,47743347	5843		
1268	1,62539E+12	2.0	44,57272058	25,47946793	5941		
1269	1,62539E+12	2.0	44,57144704	25,48163851	5938		
1270	1,62539E+12	2.0	44,57017454	25,48377832	5953		
1271	1,62539E+12	2.0	44,56882602	25,4857909	5926		
1272	1,62539E+12	2.5	44,56741023	25,48778487	5940		
1273	1,62539E+12	2.5	44,56570929	25,48997791	5937		
1274	1,62539E+12	2.5	44,5642992	25,49156805	5958		
1275	1,62539E+12	2.5	44,56225867	25,49367056	7954		
1276	1,62539E+12	2.5	44,56046934	25,49532104	5932		
1277	1,62539E+12	2.5	44,55855202	25,49694009	5990		
1278	1,62539E+12	2.5	44,55669715	25,49855185	5851		
1279	1,62539E+12	2.5	44,55483234	25,50029704	5940		
1280	1,62539E+12	2.0	44,5530154	25,50213545	5934		
1281	1,62539E+12	2.0	44,5512622	25,50403009	5962		
1282	1,62539E+12	2.0	44,54951621	25,50600613	5949		
1283	1,62539E+12	2.5	44,5478648	25,50807185	5913		
1284	1,62539E+12	2.5	44,54629299	25,51017914	5939		
1285	1,62539E+12	2.5	44,54477335	25,51234427	5949		
1286	1,62539E+12	2.5	44,5432874	25,51460881	5933		
1287	1,62539E+12	2.5	44,54191147	25,51690922	5943		
1288	1,62539E+12	2.5	44,54063395	25,5189627	5933		
1289	1,62539E+12	2.5	44,53904742	25,52152782	6983		
1290	1,62539E+12	2.0	44,53752795	25,52400182	5893		
1291	1,62539E+12	2.0	44,53597901	25,5264946	6926		
1292	1,62539E+12	2.0	44,5344994	25,52888646	5970		
1293	1,62539E+12	2.0	44,53300306	25,53129341	5910		
1294	1,62539E+12	2.0	44,53148049	25,5337638	5941		
1295	1,62539E+12	2.0	44,52999718	25,5361472	5940		
1296	1,62539E+12	2.0	44,52861166	25,5383881	5950		
1297	1,62539E+12	2.0	44,52717588	25,5406974	5940		
1298	1,62539E+12	2.0	44,52575682	25,54295079	5930		
1299	1,62539E+12	2.0	44,52436614	25,54516152	5948		
1300	1,62539E+12	2.0	44,5230239	25,54734031	5949		
1301	1,62539E+12	2.0	44,52167928	25,54955179	5924		
1302	1,62539E+12	2.0	44,52030138	25,55178364	5939		
1303	1,62539E+12	2.0	44,51890747	25,55401758	5940		
1304	1,62539E+12	2.0	44,51729382	25,55663927	6931		
1305	1,62539E+12	2.0	44,515908	25,55889141	5935		
1306	1,62539E+12	2.0	44,51470394	25,56081422	5949		
1307	1,62539E+12	2.0	44,51302555	25,56353213	6990		
1308	1,62539E+12	2.0	44,5116026	25,56583431	5873		
1309	1,62539E+12	2.5	44,51015638	25,56810463	5943		
1310	1,62539E+12	2.5	44,50878012	25,57031158	5937		
1311	1,62539E+12	2.5	44,50747845	25,5724001	5952		
1312	1,62539E+12	2.5	44,50618835	25,57447052	5929		
1313	1,62539E+12	2.5	44,50489871	25,57656993	5938		
1314	1,62539E+12	2.0	44,50361473	25,57874981	5951		
1315	1,62539E+12	2.0	44,50228749	25,58089131	5937		
1316	1,62539E+12	2.0	44,50100376	25,58299692	5990		
1317	1,62539E+12	2.5	44,49979371	25,58504856	5880		
1318	1,62539E+12	2.0	44,49871022	25,58707564	5970		
1319	1,62539E+12	2.0	44,49769882	25,58912518	5952		
1320	1,62539E+12	2.0	44,49672145	25,59125712	5903		
1321	1,62539E+12	1.5	44,49577995	25,59348243	5973		
1322	1,62539E+12	1.5	44,49489327	25,59579106	6014		
1323	1,62539E+12	1.5	44,49405273	25,59821335	5893		
1324	1,62539E+12	2.0	44,49324979	25,60070646	6871		
1325	1,62539E+12	2.5	44,4925424	25,6033222	5937		
1326	1,62539E+12	2.0	44,49188584	25,60599519	5950		
1327	1,62539E+12	2.5	44,49131043	25,60865493	5929		
1328	1,62539E+12	2.5	44,49081543	25,61130521	5943		
1329	1,62539E+12	3.0	44,49033427	25,61434315	5945		
1330	1,62539E+12	2.5	44,48989024	25,6175861	5936		
1331	1,62539E+12	2.5	44,48959687	25,6205559	5936		
1332	1,62539E+12	2.5	44,4894615	25,62354136	5938		
1333	1,62539E+12	2.5	44,4893823	25,62645961	6035		
1334	1,62539E+12	2.5	44,48932857	25,6293413	5847		
1335	1,62539E+12	2.5	44,48917518	25,63220507	5941		
1336	1,62539E+12	2.5	44,48891903	25,63496757	5940		
1337	1,62539E+12	2.5	44,4885786	25,63767878	5953		
1338	1,62539E+12	2.5	44,48814219	25,64031137	5923		
1339	1,62539E+12	2.5	44,48762465	25,64292384	5944		
1340	1,62539E+12	2.5	44,48694446	25,64577118	6929		
1341	1,62539E+12	2.0	44,48607245	25,64885169	5950		
1342	1,62539E+12	2.0	44,48514432	25,65170548	5934		
1343	1,62539E+12	2.5	44,48431116	25,65445483	5935		
1344	1,62539E+12	2.0	44,48356706	25,65713804	5947		
1345	1,62539E+12	2.0	44,48287153	25,65983031	5937		
1346	1,62539E+12	2.5	44,4822016	25,66257371	5938		
1347	1,62539E+12	2.5	44,48159182	25,66533554	5937		
1348	1,62539E+12	2.5	44,48104415	25,6680828	5964		
1349	1,62539E+12	2.5	44,4805616	25,67078219	5918		
1350	1,62539E+12	2.0	44,48011292	25,67345325	5938		
1351	1,62539E+12	2.5	44,47961503	25,67608383	5939		
1352	1,62539E+12	2.0	44,4791381	25,67816463	5952		
1353	1,62539E+12	2.0	44,47866943	25,68001075	5926		
1354	1,62539E+12	2.0	44,47810319	25,68226364	5944		
1355	1,62539E+12	1.5	44,47726973	25,68492129	5937		
1356	1,62539E+12	1.5	44,47634202	25,68757625	6952		
1357	1,62539E+12	1.5	44,47533787	25,69011002	5919		
1358	1,62539E+12	1.5	44,47426034	25,69258352	5941		
1359	1,62539E+12	1.5	44,47309705	25,69498041	5947		
1360	1,62539E+12	2.0	44,47184522	25,69725668	5990		
1361	1,62539E+12	1.5	44,47059506	25,69955274	5884		
1362	1,62539E+12	2.0	44,46942716	25,70188374	5946		
1363	1,62539E+12	2.0	44,46837016	25,70431634	6040		
1364	1,62539E+12	2.0	44,46741006	25,70668481	5832		
1365	1,62539E+12	2.0	44,46649744	25,70909352	5939		
1366	1,62539E+12	1.5	44,46555133	25,71200573	6978		
1367	1,62539E+12	1.5	44,4648247	25,71453078	5904		
1368	1,62539E+12	2.0	44,46419225	25,71712833	5928		
1369	1,62539E+12	2.0	44,46363833	25,71976896	6032		
1370	1,62539E+12	1.5	44,46315708	25,72246609	5849		
1371	1,62539E+12	2.0	44,46278015	25,72519013	5945		
1372	1,62539E+12	2.0	44,46252425	25,72752197	5934		
1373	1,62539E+12	2.0	44,46227447	25,73083165	6931		
1374	1,62539E+12	2.0	44,46219262	25,7337768	5978		
1375	1,62539E+12	2.0	44,4621717	25,73670921	5904		
1376	1,62539E+12	2.0	44,46224547	25,73965763	5938		
1377	1,62539E+12	2.0	44,46242299	25,7426902	5939		
1378	1,62539E+12	2.0	44,46271615	25,74569989	5948		
1379	1,62539E+12	2.0	44,46310578	25,74872416	5932		
1380	1,62539E+12	2.0	44,46360966	25,75173805	5944		
1381	1,62539E+12	2.5	44,46423034	25,75472577	5937		
1382	1,62539E+12	2.5	44,46497474	25,75762591	6001		
1383	1,62539E+12	2.5	44,4658514	25,76048716	5893		
1384	1,62539E+12	2.0	44,46671528	25,76330457	5923		
1385	1,62539E+12	2.0	44,46751332	25,76608451	5951		
1386	1,62539E+12	2.5	44,46822696	25,7688813	5943		
1387	1,62539E+12	2.5	44,46883808	25,77165001	5924		
1388	1,62539E+12	2.5	44,46929938	25,77399535	5950		
1389	1,62539E+12	2.5	44,46983255	25,77723261	6991		
1390	1,62539E+12	2.5	44,4702208	25,78030315	5874		
1391	1,62539E+12	2.0	44,47050034	25,78346623	5944		
1392	1,62539E+12	2.0	44,47068684	25,78640191	5929		
1393	1,62539E+12	2.5	44,47076898	25,78926844	5977		
1394	1,62539E+12	2.5	44,47077321	25,79198962	5906		
1395	1,62539E+12	2.5	44,47069459	25,79461961	5987		
1396	1,62539E+12	2.5	44,4705415	25,79726687	5892		
1397	1,62539E+12	2.5	44,47030202	25,79988713	5954		
1398	1,62539E+12	2.5	44,46998284	25,80252274	5928		
1399	1,62539E+12	2.0	44,46961358	25,80512599	5941		
1400	1,62539E+12	2.0	44,46916632	25,80770443	5950		
1401	1,62539E+12	1.5	44,4686953	25,81021783	5936		
1402	1,62539E+12	2.0	44,46826468	25,81273919	5935		
1403	1,62539E+12	2.0	44,46790354	25,81525544	5937		
1404	1,62539E+12	2.0	44,46761236	25,81776959	5948		
1405	1,62539E+12	2.0	44,46739405	25,81993924	6002		
1406	1,62539E+12	2.0	44,46715651	25,82298833	6870		
1407	1,62539E+12	2.0	44,46702101	25,82561622	5970		
1408	1,62539E+12	2.0	44,46692864	25,82827915	5916		
1409	1,62539E+12	2.0	44,4669545	25,83104854	5928		
1410	1,62539E+12	2.0	44,46701762	25,834292	6971		
1411	1,62539E+12	2.0	44,46713438	25,83752716	6933		
1412	1,62539E+12	2.0	44,46721375	25,84024466	5896		
1413	1,62539E+12	2.0	44,46724519	25,84287305	5938		
1414	1,62539E+12	2.0	44,46724037	25,84540791	5939		
1415	1,62539E+12	2.0	44,46716091	25,84799247	5947		
1416	1,62539E+12	2.0	44,46701196	25,85063939	5937		
1417	1,62539E+12	2.0	44,4668224	25,85325815	5937		
1418	1,62539E+12	2.0	44,46657212	25,85586048	5938		
1419	1,62539E+12	2.0	44,4662917	25,85834437	6012		
1420	1,62539E+12	2.0	44,46595999	25,8608571	5866		
1421	1,62539E+12	2.0	44,46563888	25,86292902	5943		
1422	1,62539E+12	2.0	44,46514141	25,86582136	6929		
1423	1,62539E+12	2.0	44,46463334	25,86843207	5946		
1424	1,62539E+12	2.0	44,46403085	25,87113515	5934		
1425	1,62539E+12	2.0	44,46334039	25,87391007	5939		
1426	1,62539E+12	2.0	44,46258003	25,87664969	5947		
1427	1,62539E+12	1.5	44,46177717	25,87930944	5994		
1428	1,62539E+12	1.5	44,46089598	25,88194706	5879		
1429	1,62539E+12	2.0	44,45999086	25,88448744	5945		
1430	1,62539E+12	1.5	44,45900531	25,88703252	5991		
1431	1,62539E+12	2.0	44,45795045	25,88955313	5887		
1432	1,62539E+12	2.0	44,45684635	25,89201582	5938		
1433	1,62539E+12	2.0	44,45566605	25,89448781	5971		
1434	1,62539E+12	2.0	44,45439879	25,89687246	5926		
1435	1,62539E+12	2.0	44,45309343	25,89923716	5919		
1436	1,62539E+12	2.0	44,45171528	25,90154395	5939		
1437	1,62539E+12	2.0	44,45027146	25,90379507	5940		
1438	1,62539E+12	2.0	44,44886451	25,90602105	6944		
1439	1,62539E+12	1.5	44,44754294	25,90833957	5929		
1440	1,62539E+12	1.5	44,44631608	25,91071232	5939		
1441	1,62539E+12	1.5	44,44515833	25,91318197	5949		
1442	1,62539E+12	1.5	44,44406801	25,91567743	5943		
1443	1,62539E+12	1.5	44,44306646	25,91823977	5936		
1444	1,62539E+12	1.5	44,442212	25,92088343	5933		
1445	1,62539E+12	1.5	44,44142289	25,92357527	5943		
1446	1,62539E+12	1.5	44,44069438	25,92628003	5944		
1447	1,62539E+12	2.0	44,44009474	25,92904321	5942		
1448	1,62539E+12	1.5	44,43956651	25,93184226	5929		
1449	1,62539E+12	2.0	44,43912952	25,93463478	5958		
1450	1,62539E+12	2.0	44,43878661	25,93728187	5924		
1451	1,62539E+12	2.0	44,4385251	25,9401867	6930		
1452	1,62539E+12	2.0	44,43832561	25,9424597	5937		
1453	1,62539E+12	1.5	44,43813953	25,94463606	5948		
1454	1,62539E+12	2.0	44,4379923	25,94631538	5934		
1455	1,62539E+12	2.0	44,43780643	25,94860531	6930		
1456	1,62539E+12	7.5	44,43760321	25,9507665	5944		
1457	1,62539E+12	3.5	44,43753897	25,95229897	5952		
1458	1,62539E+12	2.5	44,43738818	25,95435438	5924		
1459	1,62539E+12	2.0	44,43720336	25,95638447	5962		
1460	1,62539E+12	2.0	44,43703601	25,95832245	5976		
1461	1,62539E+12	1.5	44,43687428	25,96028893	5884		
1462	1,62539E+12	1.5	44,43670099	25,96227159	5939		
1463	1,62539E+12	2.0	44,43653268	25,96433613	5960		
1464	1,62539E+12	2.0	44,4363435	25,96643169	6022		
1465	1,62539E+12	4.0	44,43617624	25,96843095	5847		
1466	1,62539E+12	2.0	44,43600332	25,97029382	5932		
1467	1,62539E+12	1.5	44,43585949	25,97200616	5934		
1468	1,62539E+12	2.0	44,43569461	25,97365379	5948		
1469	1,62539E+12	2.0	44,43557329	25,97512725	5932		
1470	1,62539E+12	2.0	44,43545858	25,97652644	5942		
1471	1,62539E+12	2.0	44,43534002	25,97787802	6938		
1472	1,62539E+12	8.5	44,4351412	25,97905451	5971		
1473	1,62539E+12	3.5	44,43512825	25,98036057	5901		
1474	1,62539E+12	2.5	44,43504799	25,98122994	5967		
1475	1,62539E+12	2.5	44,43503777	25,98137462	5914		
1476	1,62539E+12	2.5	44,435035	25,98145475	5978		
1477	1,62539E+12	2.5	44,43499011	25,98182548	5905		
1478	1,62539E+12	8.5	44,43496748	25,98267473	5932		
1479	1,62539E+12	3.0	44,4348604	25,98372281	6012		
1480	1,62539E+12	4.5	44,43469893	25,98511772	5872		
1481	1,62539E+12	2.5	44,4346229	25,98650216	6971		
1482	1,62539E+12	2.5	44,43451582	25,98764939	5909		
1483	1,62539E+12	2.5	44,4344038	25,98909033	5941		
1484	1,62539E+12	2.5	44,43430024	25,99037452	5930		
1485	1,62539E+12	2.5	44,4342388	25,99102923	5934		
1486	1,62539E+12	3.0	44,43423231	25,99121816	5952		
1487	1,62539E+12	2.5	44,43421328	25,99142653	6930		
1488	1,62539E+12	2.5	44,43417154	25,99196758	5934		
1489	1,62539E+12	2.0	44,43409719	25,99282505	5943		
1490	1,62539E+12	2.0	44,43400914	25,99379073	5948		
1491	1,62539E+12	2.0	44,43395994	25,99434628	5976		
1492	1,62539E+12	5.5	44,43393425	25,99474392	5889		
1493	1,62539E+12	3.0	44,43389024	25,99522554	5936		
1494	1,62539E+12	3.0	44,43385395	25,99575411	5958		
1495	1,62539E+12	3.0	44,43382838	25,99604538	5924		
1496	1,62539E+12	2.5	44,43375047	25,99685205	5993		
1497	1,62539E+12	6.5	44,43375512	25,99794455	5902		
1498	1,62539E+12	3.0	44,43376057	25,999101	5936		
1499	1,62539E+12	2.5	44,43377302	26,0002479	5929		
1500	1,62539E+12	3.5	44,43378446	26,00097846	5938		
1501	1,62539E+12	2.5	44,43379347	26,00152446	5996		
1502	1,62539E+12	2.5	44,43380349	26,00218378	5891		
1503	1,62539E+12	2.5	44,43381392	26,00309037	5996		
1504	1,62539E+12	3.0	44,43382373	26,00375815	5917		
1505	1,62539E+12	3.0	44,4338143	26,00387994	6906		
1506	1,62539E+12	3.0	44,43381334	26,00413232	5925		
1507	1,62539E+12	3.0	44,43384301	26,00486306	5964		
1508	1,62539E+12	2.5	44,43381019	26,00604499	5918		
1509	1,62539E+12	2.0	44,4338019	26,00738157	5948		
1510	1,62539E+12	2.0	44,43380236	26,00874857	5974		
1511	1,62539E+12	2.5	44,43380609	26,00985875	5894		
1512	1,62539E+12	3.0	44,43381845	26,01081043	5942		
1513	1,62539E+12	3.0	44,43384117	26,01175633	6007		
1514	1,62539E+12	3.5	44,43385881	26,01300373	5873		
1515	1,62539E+12	3.5	44,43389959	26,01423888	5937		
1516	1,62539E+12	18.5	44,43391757	26,01505277	5967		
1517	1,62539E+12	5.5	44,43392565	26,01555183	5927		
1518	1,62539E+12	4.5	44,43390529	26,0155727	5939		
1519	1,62539E+12	4.5	44,43390721	26,01558745	5927		
1520	1,62539E+12	3.5	44,43389934	26,01628155	5982		
1521	1,62539E+12	3.5	44,43393919	26,01729266	6891		
1522	1,62539E+12	12.5	44,43398751	26,0183782	5943		
1523	1,62539E+12	6.5	44,43401128	26,01925202	5936		
1524	1,62539E+12	5.5	44,43400537	26,0193847	5949		
1525	1,62539E+12	5.0	44,43399242	26,01938579	5933		
1526	1,62539E+12	4.5	44,43399082	26,01940432	5939		
1527	1,62539E+12	3.5	44,43398236	26,01949803	5938		
1528	1,62539E+12	4.0	44,43398186	26,01949777	5952		
1529	1,62539E+12	4.0	44,43398186	26,01949777	5928		
1530	1,62539E+12	3.5	44,43399757	26,01966298	5939		
1531	1,62539E+12	2.5	44,43399954	26,02038777	5951		
1532	1,62539E+12	2.5	44,43402439	26,02116326	5942		
1533	1,62539E+12	6.5	44,43412925	26,02229188	5928		
1534	1,62539E+12	3.5	44,43408219	26,02313753	5940		
1535	1,62539E+12	3.0	44,43406949	26,02350391	5942		
1536	1,62539E+12	3.0	44,43407653	26,02364749	5950		
1537	1,62539E+12	4.0	44,43407632	26,02364707	6956		
1538	1,62539E+12	4.5	44,43406291	26,02365503	5903		
1539	1,62539E+12	3.5	44,43406291	26,02365503	6004		
1540	1,62539E+12	4.0	44,43406291	26,02365503	5878		
1541	1,62539E+12	4.0	44,43406291	26,02365503	5942		
1542	1,62539E+12	4.0	44,43406291	26,02365503	5935		
1543	1,62539E+12	3.5	44,43405767	26,02385293	5949		
1544	1,62539E+12	3.0	44,434079	26,02460763	5981		
1545	1,62539E+12	7.5	44,43406417	26,02557759	5894		
1546	1,62539E+12	4.0	44,43408881	26,02658048	5934		
1547	1,62539E+12	4.0	44,43406257	26,0272683	5958		
1548	1,62539E+12	16.5	44,43400956	26,02775839	5971		
1549	1,62539E+12	7.5	44,43409388	26,02881803	6899		
1550	1,62539E+12	16.0	44,43400247	26,02963476	5933		
1551	1,62539E+12	5.5	44,43405909	26,03024622	5939		
1552	1,62539E+12	14.5	44,43405147	26,03109447	5985		
1553	1,62539E+12	6.5	44,4341614	26,03201011	5936		
1554	1,62539E+12	4.0	44,43414413	26,032652	6978		
1555	1,62539E+12	3.5	44,43414195	26,0334425	5880		
1556	1,62539E+12	3.5	44,43412317	26,03386142	5909		
1557	1,62539E+12	3.5	44,43411911	26,03385162	5960		
1558	1,62539E+12	3.5	44,43411965	26,03385103	5935		
1559	1,62539E+12	3.5	44,43411965	26,03385103	5922		
1560	1,62539E+12	3.5	44,43411965	26,03385103	5942		
1561	1,62539E+12	3.5	44,43411965	26,03385103	5940		
1562	1,62539E+12	3.0	44,43411965	26,03385103	5944		
1563	1,62539E+12	3.5	44,43411567	26,03384994	5931		
1564	1,62539E+12	3.5	44,43411567	26,03384994	5942		
1565	1,62539E+12	3.5	44,43411567	26,03384994	5939		
1566	1,62539E+12	3.0	44,43412238	26,03395874	5948		
1567	1,62539E+12	6.5	44,43415042	26,03452854	5935		
1568	1,62539E+12	3.0	44,43418344	26,03524502	5940		
1569	1,62539E+12	6.0	44,43422837	26,03648311	5999		
1570	1,62539E+12	3.5	44,43420921	26,03769891	6877		
1571	1,62539E+12	2.5	44,43422862	26,0388282	5986		
1572	1,62539E+12	3.0	44,43423629	26,04001206	5883		
1573	1,62539E+12	3.0	44,43426449	26,04114119	5941		
1574	1,62539E+12	2.5	44,43428142	26,04228138	5942		
1575	1,62539E+12	2.0	44,43429165	26,04341805	5939		
1576	1,62539E+12	2.5	44,43429802	26,04459998	5998		
1577	1,62539E+12	2.5	44,43432719	26,04583321	5946		
1578	1,62539E+12	2.5	44,43435749	26,04718697	5884		
1579	1,62539E+12	2.5	44,43438176	26,04835541	5931		
1580	1,62539E+12	2.0	44,43439634	26,04945595	5938		
1581	1,62539E+12	2.5	44,43441595	26,05072062	5952		
1582	1,62539E+12	2.5	44,43443892	26,05184957	5931		
1583	1,62539E+12	2.5	44,43443884	26,05281106	5944		
1584	1,62539E+12	2.5	44,43445589	26,05334298	5931		
1585	1,62539E+12	9.5	44,43441197	26,05338866	5958		
1586	1,62539E+12	6.0	44,43440975	26,05338011	5987		
1587	1,62539E+12	4.0	44,43440242	26,05338715	6873		
1588	1,62539E+12	4.5	44,43440242	26,05338715	5936		
1589	1,62539E+12	4.0	44,43440242	26,05338715	5959		
1590	1,62539E+12	4.0	44,43440242	26,05338715	5926		
1591	1,62539E+12	4.0	44,43440242	26,05338715	5935		
1592	1,62539E+12	4.0	44,43440242	26,05338715	5946		
1593	1,62539E+12	4.0	44,43440242	26,05338715	5946		
1594	1,62539E+12	4.0	44,43440242	26,05338715	5930		
1595	1,62539E+12	4.0	44,43440242	26,05338715	5944		
1596	1,62539E+12	4.0	44,43440242	26,05338715	5935		
1597	1,62539E+12	3.5	44,43440824	26,05342177	5947		
1598	1,62539E+12	3.0	44,43441386	26,05383709	6924		
1599	1,62539E+12	12.5	44,43439974	26,05415334	5954		
1600	1,62539E+12	5.0	44,43437635	26,05443371	6015		
1601	1,62539E+12	2.5	44,43443762	26,0550865	5895		
1602	1,62539E+12	14.5	44,4344116	26,05597632	5936		
1603	1,62539E+12	4.0	44,43447526	26,05711408	6889		
1604	1,62539E+12	3.0	44,43447563	26,05833222	5945		
1605	1,62539E+12	2.5	44,43449261	26,0592684	5932		
1606	1,62539E+12	3.0	44,43463267	26,06019669	5941		
1607	1,62539E+12	2.5	44,43500453	26,06131685	5941		
1608	1,62539E+12	15.0	44,43525775	26,06289499	5948		
1609	1,62539E+12	5.0	44,43562538	26,06431665	5932		
1610	1,62539E+12	3.0	44,43622087	26,06541736	5940		
1611	1,62539E+12	3.0	44,43656889	26,0662351	5947		
1612	1,62539E+12	3.0	44,43666746	26,06641196	5944		
1613	1,62539E+12	3.0	44,43666633	26,06640517	5912		
1614	1,62539E+12	3.0	44,43666633	26,06640517	5986		
1615	1,62539E+12	3.0	44,43666633	26,06640517	5976		
1616	1,62539E+12	3.0	44,43666633	26,06640517	5882		
1617	1,62539E+12	3.0	44,43666633	26,06640517	5929		
1618	1,62539E+12	3.0	44,43666582	26,06640668	5943		
1619	1,62539E+12	14.5	44,43698228	26,06671387	6985		
1620	1,62539E+12	5.5	44,43716472	26,06761476	5928		
1621	1,62539E+12	9.0	44,43751717	26,06861296	5941		
1622	1,62539E+12	4.0	44,43788992	26,06953237	5910		
1623	1,62539E+12	3.5	44,43797646	26,07016596	5948		
1624	1,62539E+12	3.0	44,43758389	26,07112242	5919		
1625	1,62539E+12	12.0	44,43694029	26,07215046	5930		
1626	1,62539E+12	4.5	44,43648968	26,07322393	5959		
1627	1,62539E+12	4.0	44,43606354	26,07416237	5942		
1628	1,62539E+12	3.0	44,4359304	26,07440704	5934		
1629	1,62539E+12	3.0	44,43592457	26,07439907	5995		
1630	1,62539E+12	3.5	44,43585479	26,074544	5878		
1631	1,62539E+12	3.0	44,43563661	26,07496267	5946		
1632	1,62539E+12	3.0	44,43526274	26,0758079	5950		
1633	1,62539E+12	2.5	44,43481925	26,07700098	5927		
1634	1,62539E+12	3.5	44,43463766	26,07757053	5935		
1635	1,62539E+12	3.5	44,43462693	26,0775997	6943		
1636	1,62539E+12	3.5	44,43462693	26,0775997	5930		
1637	1,62539E+12	3.5	44,43462693	26,0775997	5949		
1638	1,62539E+12	3.0	44,43458016	26,07764429	6972		
1639	1,62539E+12	2.5	44,43428633	26,07825039	5944		
1640	1,62539E+12	3.0	44,43393819	26,07922621	5886		
1641	1,62539E+12	3.5	44,43370814	26,08055659	5938		
1642	1,62539E+12	3.0	44,43362139	26,08192803	6055		
1643	1,62539E+12	4.0	44,43355467	26,08290151	5829		
1644	1,62539E+12	3.5	44,43353259	26,08331717	5981		
1645	1,62539E+12	4.0	44,43352337	26,08338263	5936		
1646	1,62539E+12	3.5	44,43350346	26,08372796	6002		
1647	1,62539E+12	3.5	44,4334385	26,08457638	6831		
1648	1,62539E+12	3.0	44,43335443	26,08564951	5939		
1649	1,62539E+12	12.0	44,43325619	26,08675811	5934		
1650	1,62539E+12	5.0	44,43319031	26,08787525	5949		
1651	1,62539E+12	4.0	44,43313017	26,08858687	5938		
1652	1,62539E+12	4.0	44,43312384	26,08883648	6927		
1653	1,62539E+12	3.5	44,43312736	26,08883363	5950		
1654	1,62539E+12	3.5	44,43312736	26,08883363	5940		
1655	1,62539E+12	3.5	44,43312736	26,08883363	5929		
1656	1,62539E+12	3.5	44,43312736	26,08883363	5941		
1657	1,62539E+12	3.5	44,43312736	26,08883363	5942		
1658	1,62539E+12	3.5	44,43312736	26,08883363	5948		
1659	1,62539E+12	3.5	44,43312736	26,08883363	5931		
1660	1,62539E+12	12.0	44,43320992	26,08914519	5990		
1661	1,62539E+12	5.0	44,43308541	26,08985094	5934		
1662	1,62539E+12	14.5	44,43303378	26,09093782	5897		
1663	1,62539E+12	5.5	44,43290696	26,09209805	5935		
1664	1,62539E+12	4.0	44,43247592	26,09322877	5927		
1665	1,62539E+12	13.5	44,43175633	26,0942004	5952		
1666	1,62539E+12	5.0	44,430871	26,0949898	5946		
1667	1,62539E+12	4.0	44,43001064	26,09582908	5941		
1668	1,62539E+12	3.5	44,4294229	26,09671572	5996		
1669	1,62539E+12	3.0	44,42927144	26,09804207	6887		
1670	1,62539E+12	3.0	44,42917739	26,09924655	5919		
1671	1,62539E+12	3.5	44,42903247	26,10021458	5948		
1672	1,62539E+12	4.0	44,4288388	26,10066762	5928		
1673	1,62539E+12	4.5	44,42881818	26,10066812	5949		
1674	1,62539E+12	4.0	44,42881818	26,10066812	5935		
1675	1,62539E+12	4.0	44,42881818	26,10066812	5938		
1676	1,62539E+12	4.0	44,42881818	26,10066812	5948		
1677	1,62539E+12	4.0	44,42881818	26,10066812	5939		
1678	1,62539E+12	4.5	44,42881818	26,10066812	5935		
1679	1,62539E+12	4.0	44,42881818	26,10066812	5939		
1680	1,62539E+12	4.0	44,42881818	26,10066812	5946		
1681	1,62539E+12	4.0	44,42881818	26,10066812	5945		
1682	1,62539E+12	4.0	44,42881818	26,10066812	6958		
1683	1,62539E+12	4.5	44,42880268	26,10068581	5899		
1684	1,62539E+12	4.5	44,42857058	26,10099049	5998		
1685	1,62539E+12	4.0	44,42811088	26,10120951	6874		
1686	1,62539E+12	4.0	44,42743039	26,10114816	5938		
1687	1,62539E+12	4.5	44,42725814	26,10111714	5937		
1688	1,62539E+12	4.0	44,42724708	26,10111094	5979		
1689	1,62539E+12	3.5	44,42696415	26,10110164	5906		
1690	1,62539E+12	9.0	44,4268168	26,10114279	5945		
1691	1,62539E+12	5.0	44,42677216	26,1017618	5939		
1692	1,62539E+12	7.0	44,42650151	26,10249806	5950		
1693	1,62539E+12	4.5	44,42673801	26,10316199	5934		
1694	1,62539E+12	4.5	44,42668432	26,10364395	5932		
1695	1,62539E+12	4.5	44,42668159	26,10364722	5939		
1696	1,62539E+12	4.0	44,42668159	26,10364722	6936		
1697	1,62539E+12	4.0	44,42668159	26,10364722	5934		
1698	1,62539E+12	4.0	44,42668159	26,10364722	5941		
1699	1,62539E+12	4.0	44,42668159	26,10364722	5937		
1700	1,62539E+12	4.0	44,42668159	26,10364722	5955		
1701	1,62539E+12	4.0	44,42668159	26,10364722	6913		
1702	1,62539E+12	4.0	44,42668159	26,10364722	5941		
1703	1,62539E+12	4.0	44,42668159	26,10364722	5949		
1704	1,62539E+12	4.0	44,42667954	26,1038421	5944		
1705	1,62539E+12	3.5	44,42662221	26,10457401	5930		
1706	1,62539E+12	13.5	44,4266111	26,1058069	5933		
1707	1,62539E+12	5.0	44,42648957	26,10730408	5971		
1708	1,62539E+12	15.5	44,42638882	26,10872313	5917		
1709	1,62539E+12	7.0	44,42631648	26,11009316	5938		
1710	1,62539E+12	5.5	44,42629708	26,11118649	5974		
1711	1,62539E+12	5.5	44,42628446	26,11162788	5929		
1712	1,62539E+12	5.0	44,42629008	26,11213541	5968		
1713	1,62539E+12	4.5	44,42620756	26,11320695	5899		
1714	1,62539E+12	21.5	44,42619268	26,1144561	5935		
1715	1,62539E+12	7.0	44,42609868	26,11585923	5959		
1716	1,62539E+12	5.0	44,42603669	26,11714996	5925		
1717	1,62539E+12	4.5	44,42599554	26,11816132	6957		
1718	1,62539E+12	4.0	44,42596234	26,11843424	5912		
1719	1,62539E+12	4.5	44,42597114	26,11846768	5948		
1720	1,62539E+12	4.0	44,42597114	26,11846768	5930		
1721	1,62539E+12	4.0	44,42596964	26,11846768	5942		
1722	1,62539E+12	4.0	44,42594298	26,11880531	5940		
1723	1,62539E+12	3.5	44,42591201	26,11944007	5949		
1724	1,62539E+12	21.0	44,42588598	26,12041119	5937		
1725	1,62539E+12	7.0	44,42568926	26,12168172	6008		
1726	1,62539E+12	6.0	44,42569316	26,12247172	5873		
1727	1,62539E+12	5.5	44,42570779	26,12272167	6050		
1728	1,62539E+12	5.5	44,42566935	26,1232167	5926		
1729	1,62539E+12	26.5	44,42577715	26,12450617	5879		
1730	1,62539E+12	9.0	44,42567878	26,1258539	5906		
1731	1,62539E+12	7.0	44,42563419	26,12698453	5937		
1732	1,62539E+12	5.5	44,42558637	26,12759541	5974		
1733	1,62539E+12	6.0	44,42556081	26,12780428	5920		
1734	1,62539E+12	4.5	44,42535034	26,12836923	6973		
1735	1,62539E+12	4.0	44,42492563	26,12899468	5877		
1736	1,62539E+12	4.0	44,42470912	26,12922108	5943		
1737	1,62539E+12	13.0	44,42449082	26,12941847	5951		
1738	1,62539E+12	9.5	44,42403547	26,12996832	6034		
1739	1,62539E+12	4.5	44,42344346	26,1307843	5888		
1740	1,62539E+12	7.5	44,42291255	26,13139057	5887		
1741	1,62539E+12	4.5	44,4227685	26,13181461	5992		
1742	1,62539E+12	3.5	44,42252765	26,13240109	5893		
1743	1,62539E+12	4.0	44,42241382	26,1326647	5936		
1744	1,62539E+12	4.0	44,42241307	26,13268289	5940		
1745	1,62539E+12	3.5	44,42243511	26,13288556	6920		
1746	1,62539E+12	3.5	44,42275832	26,1335484	5954		
1747	1,62539E+12	13.0	44,42313236	26,13426154	5934		
1748	1,62539E+12	5.5	44,42327884	26,13519712	5937		
1749	1,62539E+12	8.0	44,42347891	26,13613556	5940		
1750	1,62539E+12	5.0	44,42359488	26,13652389	6975		
1751	1,62539E+12	5.0	44,42358301	26,13654284	5953		
1752	1,62539E+12	4.5	44,42358301	26,13654284	5882		
1753	1,62539E+12	4.5	44,42358301	26,13654284	5944		
1754	1,62539E+12	4.5	44,42358301	26,13654284	5945		
1755	1,62539E+12	4.5	44,42358301	26,13654284	5934		
1756	1,62539E+12	4.5	44,42358301	26,13654284	5939		
1757	1,62539E+12	4.5	44,42358301	26,13654284	5939		
1758	1,62539E+12	4.0	44,42358301	26,13654284	5945		
1759	1,62539E+12	4.5	44,42358301	26,13654284	5936		
1760	1,62539E+12	4.0	44,42358301	26,13654284	5938		
1761	1,62539E+12	4.0	44,42358301	26,13654284	6037		
1762	1,62539E+12	4.0	44,42358301	26,13654284	5844		
1763	1,62539E+12	4.0	44,42358301	26,13654284	5939		
1764	1,62539E+12	4.0	44,42357975	26,13656463	5939		
1765	1,62539E+12	3.5	44,42368712	26,13694995	5989		
1766	1,62539E+12	2.5	44,42387567	26,13745479	5899		
1767	1,62539E+12	3.0	44,42418936	26,13816717	6931		
1768	1,62539E+12	13.5	44,42432636	26,13908742	5975		
1769	1,62539E+12	6.5	44,42444002	26,13996777	6069		
1770	1,62539E+12	5.0	44,42456374	26,14078023	5785		
1771	1,62539E+12	4.5	44,42467983	26,14150132	5993		
1772	1,62539E+12	4.0	44,42466298	26,1418288	5872		
1773	1,62539E+12	4.5	44,42451693	26,14183609	5949		
1774	1,62539E+12	5.0	44,42443181	26,14170802	5934		
1775	1,62539E+12	5.0	44,42438483	26,1414051	5937		
1776	1,62539E+12	4.5	44,42422779	26,14104979	5950		
1777	1,62539E+12	4.0	44,42406476	26,14065466	5935		
1778	1,62539E+12	4.5	44,42395982	26,14042056	5936		
1779	1,62539E+12	15.0	44,42382026	26,14010766	5949		
1780	1,62539E+12	7.5	44,42367337	26,14014144	5961		
