,Timestamp,Quality,Lat,Lon
0,1626765199899,16.002416547361754,51.51080322265625,4.369127801780907
1,1626765205349,12.001812410521314,51.51077270507813,4.3693500011429895
2,1626765211312,12.001812410521314,51.51080322265625,4.369561341312898
3,1626765217339,8.001208273680877,51.51080322265625,4.36970747969282
4,1626765223330,12.001812410521314,51.51068115234375,4.3697970482381185
5,1626765229350,16.002416547361754,51.510498046875,4.369791361911372
6,1626765235317,8.001208273680877,51.51034545898438,4.369665955582719
7,1626765241389,8.001208273680877,51.51025390625,4.369380838591368
8,1626765247292,16.002416547361754,51.51022338867188,4.36911207655784
9,1626765253400,12.001812410521314,51.5101318359375,4.368830033561023
10,1626765259315,16.002416547361754,51.51010131835938,4.368517020363115
11,1626765265341,24.003624821042628,51.51004028320313,4.368162652142783
12,1626765271368,16.002416547361754,51.50997924804688,4.367919984981788
13,1626765277324,16.002416547361754,51.51004028320313,4.3675573400784184
14,1626765283294,16.002416547361754,51.51022338867188,4.367164474535989
15,1626765289352,16.002416547361754,51.5103759765625,4.366763584803741
16,1626765295386,16.002416547361754,51.51052856445313,4.366345584071707
17,1626765301317,16.002416547361754,51.51071166992188,4.366118458247104
18,1626765307353,16.002416547361754,51.51071166992188,4.3657950981121205
19,1626765313347,16.002416547361754,51.51046752929688,4.365289528298766
20,1626765319351,16.002416547361754,51.51016235351562,4.364554663196134
21,1626765325323,16.002416547361754,51.509765625,4.363674541625248
22,1626765331362,16.002416547361754,51.5093994140625,4.362799454695701
23,1626765337349,16.002416547361754,51.50912475585938,4.3621339117014015
24,1626765343301,16.002416547361754,51.509033203125,4.361898158267592
25,1626765349343,12.001812410521314,51.50881958007813,4.36210179036768
26,1626765355356,8.001208273680877,51.50848388671875,4.362343066044205
27,1626765361400,16.002416547361754,51.50799560546875,4.362476329353537
28,1626765367362,16.002416547361754,51.50741577148438,4.362650608825944
29,1626765373359,16.002416547361754,51.50677490234375,4.362844158677733
30,1626765379388,16.002416547361754,51.50619506835938,4.362990958473596
31,1626765385303,16.002416547361754,51.50579833984375,4.362856492020595
32,1626765391311,8.001208273680877,51.50595092773438,4.36227252378887
33,1626765397316,12.001812410521314,51.50634765625,4.3618916921985775
34,1626765403297,16.002416547361754,51.50680541992188,4.362039871887172
35,1626765409315,16.002416547361754,51.50698852539063,4.362909832722766
36,1626765415347,12.001812410521314,51.50714111328125,4.3640898628749065
37,1626765421316,12.001812410521314,51.50717163085938,4.3654857987427125
38,1626765427327,12.001812410521314,51.50723266601562,4.367241698789801
39,1626765433314,12.001812410521314,51.50726318359375,4.369085192176982
40,1626765439327,12.001812410521314,51.50732421875,4.3709381282187385
41,1626765445342,12.001812410521314,51.50741577148438,4.372713165790299
42,1626765451321,12.001812410521314,51.50747680664063,4.3746232662185065
43,1626765457312,12.001812410521314,51.50750732421875,4.376601461837821
44,1626765463321,12.001812410521314,51.507568359375,4.3786219565137445
45,1626765469348,12.001812410521314,51.50765991210938,4.380616059719408
46,1626765475318,12.001812410521314,51.50772094726562,4.38255176313156
47,1626765481325,12.001812410521314,51.50775146484375,4.384465659531781
48,1626765487321,12.001812410521314,51.50778198242188,4.386426016696911
49,1626765493318,12.001812410521314,51.50787353515625,4.388372656472586
50,1626765499316,12.001812410521314,51.50787353515625,4.3903560070608165
51,1626765505319,12.001812410521314,51.5079345703125,4.392356379184397
52,1626765511306,12.001812410521314,51.50799560546875,4.394309078869459
53,1626765517274,12.001812410521314,51.50808715820313,4.396264514337281
54,1626765523278,12.001812410521314,51.50811767578125,4.398240394475418
55,1626765529277,12.001812410521314,51.50814819335938,4.4002309266108695
56,1626765535279,12.001812410521314,51.5081787109375,4.402167980638137
57,1626765541287,12.001812410521314,51.50827026367188,4.404167285816149
58,1626765547275,12.001812410521314,51.50845336914063,4.406106281149586
59,1626765553330,12.001812410521314,51.5087890625,4.408046511999647
60,1626765559276,12.001812410521314,51.50933837890625,4.40983314228653
61,1626765565287,8.001208273680877,51.50997924804688,4.41147404275065
62,1626765571300,8.001208273680877,51.5107421875,4.412957393658141
63,1626765577279,12.001812410521314,51.51165771484375,4.41437017980734
64,1626765583276,12.001812410521314,51.5126953125,4.415430579905154
65,1626765589285,12.001812410521314,51.5137939453125,4.416416411147392
66,1626765595291,12.001812410521314,51.51486206054688,4.417352951704006
67,1626765601296,12.001812410521314,51.51589965820313,4.4182842989598505
68,1626765607279,8.001208273680877,51.5169677734375,4.41925473165605
69,1626765613283,8.001208273680877,51.51806640625,4.420262438336861
70,1626765619283,8.001208273680877,51.51913452148438,4.42126606821508
71,1626765625292,8.001208273680877,51.52029418945313,4.422244488367594
72,1626765631287,8.001208273680877,51.52142333984375,4.423244965809152
73,1626765637290,8.001208273680877,51.52249145507813,4.424289972100564
74,1626765643295,12.001812410521314,51.52352905273438,4.425243968328277
75,1626765649296,8.001208273680877,51.52459716796875,4.42622688958442
76,1626765655291,8.001208273680877,51.52566528320313,4.427236785138079
77,1626765661292,12.001812410521314,51.5267333984375,4.428335826050978
78,1626765667287,12.001812410521314,51.52752685546875,4.42978948633006
79,1626765673288,12.001812410521314,51.52822875976562,4.431424414066248
80,1626765679299,12.001812410521314,51.52886962890625,4.433073124206438
81,1626765685286,12.001812410521314,51.52944946289063,4.434755303134998
82,1626765691309,12.001812410521314,51.52960205078125,4.436734082163468
83,1626765697293,12.001812410521314,51.52963256835938,4.438758375429765
84,1626765703293,12.001812410521314,51.52957153320313,4.44073225969381
85,1626765709284,12.001812410521314,51.5294189453125,4.442727795281098
86,1626765715297,12.001812410521314,51.52932739257813,4.444754404138121
87,1626765721284,12.001812410521314,51.52911376953125,4.446669598243877
88,1626765727292,12.001812410521314,51.5286865234375,4.448532846615878
89,1626765733287,12.001812410521314,51.52813720703125,4.450382611435832
90,1626765739291,8.001208273680877,51.52764892578125,4.452166935936129
91,1626765745288,12.001812410521314,51.52719116210938,4.454010740887473
92,1626765751282,12.001812410521314,51.5267333984375,4.4558773398596365
93,1626765757320,12.001812410521314,51.52621459960938,4.457687490996028
94,1626765763284,12.001812410521314,51.52569580078125,4.459452475320722
95,1626765769287,12.001812410521314,51.5252685546875,4.461284661371674
96,1626765775300,12.001812410521314,51.52511596679688,4.463274898807383
97,1626765782061,8.001208273680877,51.525146484375,4.4652064698567235
98,1626765787392,8.001208273680877,51.52517700195313,4.467204872063298
99,1626765793357,12.001812410521314,51.52523803710938,4.46917690988868
100,1626765799359,12.001812410521314,51.5255126953125,4.471093624911158
101,1626765805376,8.001208273680877,51.52621459960938,4.472727013039816
102,1626765811461,12.001812410521314,51.52716064453125,4.47404877182151
103,1626765817362,12.001812410521314,51.52813720703125,4.475207765242111
104,1626765823417,12.001812410521314,51.52914428710938,4.476279662119578
105,1626765829328,12.001812410521314,51.53018188476562,4.477338752340415
106,1626765835321,12.001812410521314,51.53128051757813,4.478411813116024
107,1626765841307,12.001812410521314,51.5323486328125,4.479410928319714
108,1626765847286,12.001812410521314,51.53338623046875,4.480551702227174
109,1626765853336,12.001812410521314,51.534423828125,4.481622475307343
110,1626765859340,12.001812410521314,51.53543090820313,4.48266108328002
111,1626765865329,12.001812410521314,51.53646850585938,4.4838181836908655
112,1626765871297,12.001812410521314,51.5374755859375,4.484982245814623
113,1626765877313,12.001812410521314,51.53842163085938,4.486286697879074
114,1626765883352,12.001812410521314,51.539306640625,4.487756992055
115,1626765889333,8.001208273680877,51.54000854492188,4.4894077795141705
116,1626765895259,8.001208273680877,51.54049682617188,4.4912583155654175
117,1626765901384,8.001208273680877,51.54086303710938,4.493096027517929
118,1626765907302,8.001208273680877,51.54122924804688,4.49496046980701
119,1626765913338,12.001812410521314,51.54156494140625,4.496863978598342
120,1626765919356,8.001208273680877,51.54196166992188,4.4987555968304624
121,1626765925308,12.001812410521314,51.54232788085938,4.500658086785026
122,1626765931309,8.001208273680877,51.54269409179688,4.5025329508234915
123,1626765937315,8.001208273680877,51.54306030273438,4.504342778580648
124,1626765943405,12.001812410521314,51.54339599609375,4.506281838878458
125,1626765949318,8.001208273680877,51.54379272460938,4.508119668803725
126,1626765955281,12.001812410521314,51.54412841796875,4.51000506437972
127,1626765961262,8.001208273680877,51.54452514648438,4.511888385029498
128,1626765967313,12.001812410521314,51.544921875,4.51376292774146
129,1626765973321,12.001812410521314,51.54531860351562,4.51562390920601
130,1626765979338,12.001812410521314,51.54568481445313,4.517496742898922
131,1626765985292,12.001812410521314,51.546142578125,4.519420469171751
132,1626765991279,8.001208273680877,51.54647827148438,4.521287448012956
133,1626765997293,8.001208273680877,51.546875,4.52321478396229
134,1626766003280,12.001812410521314,51.5472412109375,4.525101061560533
135,1626766009281,12.001812410521314,51.54757690429688,4.527003035545881
136,1626766015261,12.001812410521314,51.54803466796875,4.528865221744511
137,1626766021259,12.001812410521314,51.54840087890625,4.530750700357594
138,1626766027274,12.001812410521314,51.54879760742188,4.532629375136171
139,1626766033266,12.001812410521314,51.54922485351562,4.534501401474951
140,1626766039299,12.001812410521314,51.54953002929688,4.536418356567881
141,1626766045285,12.001812410521314,51.54995727539063,4.538271889411742
142,1626766051268,12.001812410521314,51.55038452148438,4.540164059943245
143,1626766057293,12.001812410521314,51.55075073242188,4.542085254499149
144,1626766063278,12.001812410521314,51.55111694335938,4.543962736183773
145,1626766069280,8.001208273680877,51.55148315429688,4.545855766886317
146,1626766075272,12.001812410521314,51.55181884765625,4.547723471810255
147,1626766081279,12.001812410521314,51.55221557617188,4.54957480499512
148,1626766087284,12.001812410521314,51.5526123046875,4.551453107174477
149,1626766093296,8.001208273680877,51.55303955078125,4.553347738608248
150,1626766099297,12.001812410521314,51.55337524414063,4.555264483232207
151,1626766105298,12.001812410521314,51.55377197265625,4.557152220632464
152,1626766111270,12.001812410521314,51.55416870117188,4.559040590001434
153,1626766117277,12.001812410521314,51.55453491210938,4.560898842001089
154,1626766123276,12.001812410521314,51.55490112304688,4.562753658254722
155,1626766129264,12.001812410521314,51.55526733398438,4.564647664148457
156,1626766135280,12.001812410521314,51.55563354492188,4.566509218560827
157,1626766141273,12.001812410521314,51.55599975585938,4.568412348643267
158,1626766147268,12.001812410521314,51.55633544921875,4.570312132313174
159,1626766153273,12.001812410521314,51.55667114257813,4.572199531238711
160,1626766159277,12.001812410521314,51.55709838867188,4.5740104798315455
161,1626766165285,12.001812410521314,51.55746459960938,4.575891324632068
162,1626766171271,12.001812410521314,51.557861328125,4.5777939202348605
163,1626766177296,12.001812410521314,51.5582275390625,4.57971485268667
164,1626766183275,12.001812410521314,51.55859375,4.581616782618488
165,1626766189276,12.001812410521314,51.55905151367188,4.5834466549299435
166,1626766195282,12.001812410521314,51.55938720703125,4.5853908406713115
167,1626766201320,12.001812410521314,51.55978393554688,4.587252442875626
168,1626766207293,12.001812410521314,51.56008911132813,4.5891441022563235
169,1626766213289,8.001208273680877,51.56048583984375,4.591068190124262
170,1626766219288,12.001812410521314,51.56060791015625,4.593026098342556
171,1626766225284,12.001812410521314,51.56057739257813,4.595046865951131
172,1626766231285,8.001208273680877,51.56039428710938,4.596990161008222
173,1626766237265,12.001812410521314,51.56008911132813,4.598891146355398
174,1626766243278,12.001812410521314,51.55960083007813,4.600706576818411
175,1626766249290,12.001812410521314,51.558837890625,4.6023665231014075
176,1626766255267,12.001812410521314,51.55804443359375,4.60386952459271
177,1626766261404,12.001812410521314,51.5572509765625,4.6053704807253855
178,1626766267289,12.001812410521314,51.55645751953125,4.6069616175794845
179,1626766273278,12.001812410521314,51.55581665039063,4.6085195809464246
180,1626766279273,12.001812410521314,51.55520629882813,4.6100959073354435
181,1626766285284,12.001812410521314,51.55459594726562,4.611901191331021
182,1626766291275,12.001812410521314,51.55404663085938,4.613776672216266
183,1626766297303,12.001812410521314,51.55361938476562,4.615687661004302
184,1626766303281,12.001812410521314,51.55331420898438,4.617690490051684
185,1626766309304,12.001812410521314,51.55300903320313,4.619670004054737
186,1626766315263,8.001208273680877,51.5528564453125,4.621607429368658
187,1626766321306,12.001812410521314,51.55279541015625,4.623558729932028
188,1626766327287,12.001812410521314,51.552734375,4.625524623459015
189,1626766333281,12.001812410521314,51.55276489257813,4.62754041145642
190,1626766339281,12.001812410521314,51.55294799804688,4.629512358669112
191,1626766345305,12.001812410521314,51.55322265625,4.631363806255937
192,1626766351275,16.002416547361754,51.5535888671875,4.633271221758826
193,1626766357271,12.001812410521314,51.55389404296875,4.635188140343011
194,1626766363269,12.001812410521314,51.55426025390625,4.637091621272158
195,1626766369267,12.001812410521314,51.55462646484375,4.638989967518531
196,1626766375301,12.001812410521314,51.55496215820313,4.640903423558575
197,1626766381290,12.001812410521314,51.55538940429688,4.64279760610847
198,1626766387269,12.001812410521314,51.55575561523438,4.6446608242450775
199,1626766393287,12.001812410521314,51.55618286132813,4.646522499306967
200,1626766399269,16.002416547361754,51.55670166015625,4.64832534028876
201,1626766405268,16.002416547361754,51.55722045898438,4.650112658715939
202,1626766411268,12.001812410521314,51.55780029296875,4.651885847902303
203,1626766417277,12.001812410521314,51.55859375,4.653367209323201
204,1626766423284,12.001812410521314,51.55947875976562,4.654777474326711
205,1626766429268,12.001812410521314,51.56039428710938,4.65612239973758
206,1626766435286,16.002416547361754,51.56149291992188,4.657173768730424
207,1626766441264,16.002416547361754,51.56259155273438,4.658125121684915
208,1626766447263,12.001812410521314,51.563720703125,4.658979796527117
209,1626766453290,12.001812410521314,51.56484985351562,4.65979035022494
210,1626766459273,12.001812410521314,51.56591796875,4.6607222752474335
211,1626766465289,12.001812410521314,51.56698608398438,4.661628460155031
212,1626766471271,12.001812410521314,51.56808471679688,4.662606868496388
213,1626766477307,12.001812410521314,51.56906127929688,4.663782783936872
214,1626766483268,12.001812410521314,51.56997680664063,4.665089106746086
215,1626766489303,12.001812410521314,51.5709228515625,4.666473260313259
216,1626766495276,12.001812410521314,51.57162475585938,4.668134305783144
217,1626766501275,12.001812410521314,51.57220458984375,4.669891013415099
218,1626766507267,12.001812410521314,51.57269287109375,4.671691534244824
219,1626766513278,12.001812410521314,51.57302856445313,4.673568417595686
220,1626766519288,12.001812410521314,51.5732421875,4.675530935945144
221,1626766525272,12.001812410521314,51.57345581054688,4.677456647962
222,1626766531280,12.001812410521314,51.57357788085938,4.679380220397222
223,1626766537279,12.001812410521314,51.57369995117188,4.681374284075132
224,1626766543281,12.001812410521314,51.57379150390625,4.683359972174557
225,1626766549295,12.001812410521314,51.57388305664063,4.6853636047089235
226,1626766555287,12.001812410521314,51.57394409179688,4.687336053380358
227,1626766561291,12.001812410521314,51.57406616210938,4.6892993926873805
228,1626766567277,12.001812410521314,51.57412719726562,4.691329399677703
229,1626766573283,12.001812410521314,51.57418823242188,4.693350045692167
230,1626766579278,12.001812410521314,51.57418823242188,4.695323629612887
231,1626766585288,12.001812410521314,51.57431030273438,4.697222241094045
232,1626766591279,12.001812410521314,51.57424926757813,4.699227051648378
233,1626766597275,12.001812410521314,51.57424926757813,4.701239179717564
234,1626766603263,16.002416547361754,51.57437133789063,4.703225259734598
235,1626766609277,12.001812410521314,51.57455444335938,4.705160348312618
236,1626766615296,16.002416547361754,51.57485961914063,4.707105487104221
237,1626766621285,12.001812410521314,51.57525634765625,4.708995704457829
238,1626766627286,12.001812410521314,51.57574462890625,4.710757015623451
239,1626766633262,8.001208273680877,51.57632446289063,4.7123100417319534
240,1626766639286,8.001208273680877,51.57696533203125,4.713799708420085
241,1626766645237,12.001812410521314,51.57760620117188,4.715268311014674
242,1626766651287,12.001812410521314,51.578369140625,4.7166218598949445
243,1626766657291,12.001812410521314,51.57916259765625,4.717910915753252
244,1626766663290,12.001812410521314,51.57989501953125,4.719297621055081
245,1626766669289,12.001812410521314,51.5802001953125,4.720981190496055
246,1626766675263,12.001812410521314,51.58004760742188,4.722781669331988
247,1626766681287,12.001812410521314,51.57940673828125,4.72433241569363
248,1626766687261,12.001812410521314,51.5784912109375,4.725367789198144
249,1626766693242,12.001812410521314,51.57745361328125,4.725990575067371
250,1626766699290,12.001812410521314,51.57638549804688,4.7264487523618115
251,1626766705233,12.001812410521314,51.57528686523438,4.72683938329584
252,1626766711251,12.001812410521314,51.57403564453125,4.72750429061209
253,1626766717272,12.001812410521314,51.57284545898438,4.7281380325123274
254,1626766723271,12.001812410521314,51.57168579101562,4.7286484292220665
255,1626766729280,12.001812410521314,51.57049560546875,4.729151100191095
256,1626766735271,12.001812410521314,51.56930541992188,4.729710007386621
257,1626766741266,12.001812410521314,51.56814575195313,4.730234397444259
258,1626766747288,12.001812410521314,51.56695556640625,4.730689295663446
259,1626766753269,12.001812410521314,51.56573486328125,4.731233719623304
260,1626766759263,12.001812410521314,51.56460571289063,4.731918155363641
261,1626766765302,12.001812410521314,51.56344604492188,4.732585028927397
262,1626766771264,12.001812410521314,51.562255859375,4.7333431788860505
263,1626766777266,12.001812410521314,51.5611572265625,4.734170560777551
264,1626766783261,12.001812410521314,51.56005859375,4.734841898174889
265,1626766789263,12.001812410521314,51.5589599609375,4.735430037654896
266,1626766795261,12.001812410521314,51.55783081054688,4.7360545454255805
267,1626766801270,12.001812410521314,51.55670166015625,4.736706603421722
268,1626766807258,12.001812410521314,51.55545043945313,4.737271942420224
269,1626766813261,8.001208273680877,51.55419921875,4.737732522025558
270,1626766819295,8.001208273680877,51.552978515625,4.738186778756352
271,1626766825246,8.001208273680877,51.5517578125,4.738592521948949
272,1626766831269,8.001208273680877,51.55056762695313,4.739004727931655
273,1626766837263,12.001812410521314,51.54937744140625,4.73927175219683
274,1626766843237,8.001208273680877,51.54812622070313,4.73957241555664
275,1626766849234,12.001812410521314,51.546875,4.739812211372548
276,1626766855280,12.001812410521314,51.545654296875,4.739957884625818
277,1626766861266,12.001812410521314,51.54449462890625,4.739900911812611
278,1626766867276,12.001812410521314,51.54324340820313,4.740003429575076
279,1626766873264,12.001812410521314,51.5419921875,4.73999770920849
280,1626766879288,12.001812410521314,51.54074096679688,4.739990762823858
281,1626766885283,12.001812410521314,51.53952026367188,4.740066128291957
282,1626766891267,12.001812410521314,51.53829956054688,4.740123488454887
283,1626766897267,12.001812410521314,51.53707885742188,4.740386027602071
284,1626766903265,12.001812410521314,51.53585815429688,4.740653189318698
285,1626766909267,12.001812410521314,51.53463745117188,4.7410000587257155
286,1626766915285,12.001812410521314,51.533447265625,4.741421051201545
287,1626766921270,12.001812410521314,51.53225708007813,4.741856827913085
288,1626766927269,12.001812410521314,51.531005859375,4.74202930590567
289,1626766933276,12.001812410521314,51.5299072265625,4.7413903342070585
290,1626766939270,12.001812410521314,51.52890014648438,4.740632773133061
291,1626766945269,12.001812410521314,51.52789306640625,4.740398083363874
292,1626766951260,12.001812410521314,51.52691650390625,4.740890122983495
293,1626766957296,12.001812410521314,51.52609252929688,4.7420037296851705
294,1626766963274,12.001812410521314,51.52557373046875,4.74363617656632
295,1626766969295,12.001812410521314,51.5255126953125,4.7455040018519945
296,1626766975268,12.001812410521314,51.52584838867188,4.747306877124632
297,1626766981268,12.001812410521314,51.526123046875,4.74914173858238
298,1626766987281,12.001812410521314,51.52621459960938,4.7510101982463615
299,1626766993273,12.001812410521314,51.52615356445313,4.752925544046172
300,1626766999291,12.001812410521314,51.52615356445313,4.754907561775071
301,1626767005272,12.001812410521314,51.52618408203125,4.7569590916307085
302,1626767011276,12.001812410521314,51.52621459960938,4.759038626262999
303,1626767017297,12.001812410521314,51.5263671875,4.761056008861964
304,1626767023274,12.001812410521314,51.52655029296875,4.763026601522002
305,1626767029269,12.001812410521314,51.52679443359375,4.765022859883676
306,1626767035267,12.001812410521314,51.52706909179688,4.7669053736229365
307,1626767041263,16.002416547361754,51.5274658203125,4.7687445154600585
308,1626767047292,16.002416547361754,51.52786254882813,4.7705732574857125
309,1626767053262,12.001812410521314,51.5283203125,4.772399682078243
310,1626767059256,12.001812410521314,51.52880859375,4.7742330820961545
311,1626767065278,12.001812410521314,51.52935791015625,4.7760160433684655
312,1626767071263,12.001812410521314,51.52987670898438,4.7777957296302445
313,1626767077261,8.001208273680877,51.53045654296875,4.7795674393172485
314,1626767083252,8.001208273680877,51.53103637695313,4.7813190301923125
315,1626767089264,8.001208273680877,51.53164672851562,4.783103481697567
316,1626767095272,8.001208273680877,51.53219604492188,4.784822581570839
317,1626767101254,8.001208273680877,51.53277587890625,4.7865589426858515
318,1626767107281,8.001208273680877,51.53338623046875,4.788314776316316
319,1626767113280,8.001208273680877,51.53396606445313,4.790038375112906
320,1626767119254,8.001208273680877,51.5345458984375,4.791777118881859
321,1626767125248,8.001208273680877,51.53515625,4.7934531431351965
322,1626767131249,8.001208273680877,51.53579711914063,4.79512946888334
323,1626767137258,8.001208273680877,51.53643798828125,4.796841734922184
324,1626767143255,8.001208273680877,51.537109375,4.798486389765116
325,1626767149281,8.001208273680877,51.53781127929688,4.800140659268958
326,1626767155263,8.001208273680877,51.53851318359375,4.801787205232978
327,1626767161262,8.001208273680877,51.53915405273438,4.803426014252299
328,1626767167275,8.001208273680877,51.53988647460938,4.805066828360173
329,1626767173271,8.001208273680877,51.54061889648438,4.80665206120421
330,1626767179257,8.001208273680877,51.5413818359375,4.808234517137291
331,1626767185272,8.001208273680877,51.54208374023438,4.809856944057039
332,1626767191251,8.001208273680877,51.54278564453125,4.811474190062627
333,1626767197244,8.001208273680877,51.54351806640625,4.81309705238206
334,1626767203254,8.001208273680877,51.54421997070313,4.814721412593707
335,1626767209260,12.001812410521314,51.54489135742188,4.8163646810315655
336,1626767215287,8.001208273680877,51.54559326171875,4.818003699439707
337,1626767221262,12.001812410521314,51.54623413085938,4.819667208512092
338,1626767227251,12.001812410521314,51.54696655273438,4.821289208391552
339,1626767233258,8.001208273680877,51.54766845703125,4.822931803831787
340,1626767239278,8.001208273680877,51.54833984375,4.824586264401755
341,1626767245252,8.001208273680877,51.54901123046875,4.826254582887787
342,1626767251265,8.001208273680877,51.54965209960938,4.827879269339928
343,1626767257260,8.001208273680877,51.55029296875,4.82955416537887
344,1626767263253,8.001208273680877,51.55096435546875,4.831251623986974
345,1626767269256,8.001208273680877,51.55160522460938,4.8329911939940455
346,1626767275257,8.001208273680877,51.55221557617188,4.834688693082142
347,1626767281261,8.001208273680877,51.55279541015625,4.836489539215528
348,1626767287263,12.001812410521314,51.55328369140625,4.838334634785496
349,1626767293264,16.002416547361754,51.55374145507813,4.840105330820743
350,1626767299230,12.001812410521314,51.55419921875,4.841960015249085
351,1626767305259,12.001812410521314,51.55450439453125,4.843818799738985
352,1626767311253,12.001812410521314,51.55484008789063,4.845764275442081
353,1626767317246,12.001812410521314,51.55514526367188,4.847712620413082
354,1626767323252,16.002416547361754,51.55551147460938,4.8496331997211595
355,1626767329266,16.002416547361754,51.55581665039063,4.851573425181539
356,1626767335255,12.001812410521314,51.55609130859375,4.853521432050166
357,1626767341243,16.002416547361754,51.556396484375,4.855421405844667
358,1626767347249,12.001812410521314,51.55673217773438,4.857393176749389
359,1626767353256,12.001812410521314,51.55703735351562,4.8592168525519055
360,1626767359257,16.002416547361754,51.55728149414063,4.861154581622723
361,1626767365260,16.002416547361754,51.5574951171875,4.8631383343892205
362,1626767371274,16.002416547361754,51.55770874023438,4.865079455362518
363,1626767377253,16.002416547361754,51.55795288085938,4.86698824422638
364,1626767383245,12.001812410521314,51.55819702148438,4.8690540705306695
365,1626767389250,12.001812410521314,51.55838012695313,4.870960465554182
366,1626767395296,12.001812410521314,51.55862426757813,4.8729155012246865
367,1626767401256,12.001812410521314,51.55880737304688,4.8748744687405114
368,1626767407237,12.001812410521314,51.5589599609375,4.8767368436019956
369,1626767413252,12.001812410521314,51.55902099609375,4.878725100390305
370,1626767420018,12.001812410521314,51.55908203125,4.880689510678506
371,1626767425417,12.001812410521314,51.55899047851562,4.882684917973952
372,1626767431258,8.001208273680877,51.55880737304688,4.884640390687746
373,1626767437203,8.001208273680877,51.55865478515625,4.886664228582156
374,1626767443221,8.001208273680877,51.55844116210938,4.888624507449717
375,1626767449264,8.001208273680877,51.55813598632813,4.890543518727854
376,1626767455204,8.001208273680877,51.557861328125,4.892473599285892
377,1626767461224,8.001208273680877,51.55752563476562,4.894388321098708
378,1626767467228,8.001208273680877,51.55722045898438,4.896261495291737
379,1626767473188,8.001208273680877,51.556884765625,4.898119560244021
380,1626767479223,8.001208273680877,51.55657958984375,4.900078436406677
381,1626767486838,8.001208273680877,51.55615234375,4.902291319754099
382,1626767492224,12.001812410521314,51.55584716796875,4.9042078372469735
383,1626767498217,12.001812410521314,51.55548095703125,4.906133111702361
384,1626767504216,12.001812410521314,51.55511474609375,4.9080003092737075
385,1626767510211,12.001812410521314,51.55477905273438,4.909885772071384
386,1626767516231,12.001812410521314,51.55441284179688,4.911764589025473
387,1626767522205,12.001812410521314,51.55410766601562,4.913735970010373
388,1626767528220,12.001812410521314,51.55380249023438,4.915653455887648
389,1626767534210,12.001812410521314,51.5535888671875,4.917565254805346
390,1626767540210,12.001812410521314,51.55331420898438,4.919555692211633
391,1626767546207,12.001812410521314,51.5531005859375,4.921496509481794
392,1626767552214,12.001812410521314,51.55300903320313,4.923427263375234
393,1626767558229,12.001812410521314,51.55288696289063,4.925397259268472
394,1626767564214,12.001812410521314,51.55276489257813,4.927383884253624
395,1626767570218,12.001812410521314,51.55270385742188,4.929319486505318
396,1626767576210,12.001812410521314,51.5526123046875,4.931310241121913
397,1626767582213,12.001812410521314,51.5526123046875,4.933311245844245
398,1626767588281,12.001812410521314,51.55258178710938,4.935261544580993
399,1626767594211,8.001208273680877,51.55245971679688,4.93724338838125
400,1626767600267,8.001208273680877,51.55230712890625,4.939306913337837
401,1626767606213,8.001208273680877,51.55218505859375,4.941237928296776
402,1626767612218,8.001208273680877,51.55203247070313,4.943233785829326
403,1626767618247,8.001208273680877,51.5518798828125,4.945161493867522
404,1626767624224,8.001208273680877,51.55172729492188,4.9471004572484345
405,1626767630210,8.001208273680877,51.55160522460938,4.949062079773314
406,1626767636229,8.001208273680877,51.55145263671875,4.951069359725573
407,1626767642209,8.001208273680877,51.55123901367188,4.9530622326146005
408,1626767648218,8.001208273680877,51.55111694335938,4.955017987529689
409,1626767654198,8.001208273680877,51.55087280273438,4.956949374238203
410,1626767660194,8.001208273680877,51.55072021484375,4.958904304567496
411,1626767666207,8.001208273680877,51.55050659179688,4.960867909012687
412,1626767672229,8.001208273680877,51.55029296875,4.962812490886117
413,1626767678198,8.001208273680877,51.55014038085938,4.964789940843926
414,1626767684203,12.001812410521314,51.5498046875,4.966682973964793
415,1626767690757,8.001208273680877,51.54940795898438,4.968555515931606
416,1626767696235,12.001812410521314,51.5489501953125,4.970407192068978
417,1626767702201,12.001812410521314,51.54830932617188,4.972138545045278
418,1626767708205,12.001812410521314,51.547607421875,4.9737095332203465
419,1626767714233,12.001812410521314,51.54678344726562,4.9752986614159616
420,1626767720209,12.001812410521314,51.54598999023438,4.976825849801375
421,1626767726221,12.001812410521314,51.54519653320313,4.978295517564106
422,1626767732149,12.001812410521314,51.54449462890625,4.9795162554483134
423,1626767738219,12.001812410521314,51.5435791015625,4.981223864919071
424,1626767744195,12.001812410521314,51.54290771484375,4.98246983396308
425,1626767750217,12.001812410521314,51.54193115234375,4.984176342241073
426,1626767756213,12.001812410521314,51.5411376953125,4.98570995055261
427,1626767762214,12.001812410521314,51.5404052734375,4.9872340882515465
428,1626767768236,12.001812410521314,51.53973388671875,4.9889322362370185
429,1626767774203,12.001812410521314,51.53921508789063,4.990710307601199
430,1626767780204,12.001812410521314,51.53875732421875,4.9925654524035235
431,1626767786206,12.001812410521314,51.5384521484375,4.994422411123338
432,1626767792207,12.001812410521314,51.53817749023438,4.9964728650428745
433,1626767798304,8.001208273680877,51.53811645507813,4.998387256349479
434,1626767804205,12.001812410521314,51.5380859375,5.000446065371887
435,1626767810203,12.001812410521314,51.53814697265625,5.002438790263117
436,1626767816199,12.001812410521314,51.53826904296875,5.004392159582955
437,1626767822205,12.001812410521314,51.53836059570313,5.006395035027501
438,1626767828193,12.001812410521314,51.53848266601562,5.008385056531565
439,1626767834200,12.001812410521314,51.53851318359375,5.010346593673041
440,1626767840197,12.001812410521314,51.53863525390625,5.012297382054668
441,1626767846193,12.001812410521314,51.53872680664063,5.014259148707382
442,1626767852199,12.001812410521314,51.538818359375,5.01625871443009
443,1626767858212,12.001812410521314,51.53890991210938,5.0182169891062145
444,1626767864293,12.001812410521314,51.53903198242188,5.020259281173235
445,1626767870184,12.001812410521314,51.53912353515625,5.021876073200473
446,1626767876202,12.001812410521314,51.53927612304688,5.02384050339033
447,1626767882212,12.001812410521314,51.5394287109375,5.026165334999313
448,1626767888192,12.001812410521314,51.53955078125,5.028049077877831
449,1626767894199,12.001812410521314,51.5396728515625,5.030056100270972
450,1626767900198,12.001812410521314,51.539794921875,5.032050290683909
451,1626767906191,12.001812410521314,51.53985595703125,5.034039328065597
452,1626767912193,12.001812410521314,51.5399169921875,5.036037835711552
453,1626767918737,12.001812410521314,51.53988647460938,5.038016403209129
454,1626767924210,12.001812410521314,51.53985595703125,5.0399894385577815
455,1626767930198,12.001812410521314,51.53973388671875,5.041929897055869
456,1626767936194,16.002416547361754,51.53964233398438,5.043612568619003
457,1626767942214,12.001812410521314,51.53948974609375,5.04591599764104
458,1626767948185,12.001812410521314,51.53936767578125,5.04751581847601
459,1626767954182,16.002416547361754,51.53912353515625,5.049759509915694
460,1626767960186,16.002416547361754,51.5389404296875,5.0517378734537575
461,1626767966212,12.001812410521314,51.53875732421875,5.053366438201286
462,1626767972176,12.001812410521314,51.53857421875,5.055237243875067
463,1626767978184,12.001812410521314,51.53839111328125,5.057517921401257
464,1626767984178,16.002416547361754,51.5382080078125,5.059423120225445
465,1626767990188,16.002416547361754,51.5380859375,5.060989959375127
466,1626767996601,16.002416547361754,51.53787231445313,5.063353452341868
467,1626768002198,16.002416547361754,51.53762817382813,5.065365059767356
468,1626768008251,16.002416547361754,51.53744506835938,5.067255551085862
469,1626768014193,16.002416547361754,51.53726196289063,5.06925381386913
470,1626768020188,16.002416547361754,51.53704833984375,5.0713134839092735
471,1626768026197,16.002416547361754,51.53683471679688,5.073280021434738
472,1626768032195,16.002416547361754,51.53665161132813,5.075227144802048
473,1626768038132,16.002416547361754,51.53652954101562,5.076844808412707
474,1626768044193,16.002416547361754,51.53631591796875,5.0788314968562585
475,1626768050200,16.002416547361754,51.53616333007813,5.080749382164097
476,1626768056179,16.002416547361754,51.53594970703125,5.082700184273342
477,1626768062143,16.002416547361754,51.53573608398438,5.084629595704814
478,1626768069765,16.002416547361754,51.5355224609375,5.08694825676531
479,1626768074172,16.002416547361754,51.53536987304688,5.088588700893489
480,1626768080181,16.002416547361754,51.53524780273438,5.090434061943825
481,1626768086157,16.002416547361754,51.53512573242188,5.092334555140561
482,1626768092146,16.002416547361754,51.53509521484375,5.094386096027078
483,1626768098186,24.003624821042628,51.53518676757813,5.096344873291975
484,1626768104208,16.002416547361754,51.53536987304688,5.0983025100951815
485,1626768110186,16.002416547361754,51.53573608398438,5.100275930852987
486,1626768116230,16.002416547361754,51.53622436523438,5.102185218063651
487,1626768122187,16.002416547361754,51.5367431640625,5.103939240640692
488,1626768128182,16.002416547361754,51.53741455078125,5.1056511516393766
489,1626768134177,16.002416547361754,51.53826904296875,5.107261551501725
490,1626768140185,16.002416547361754,51.53915405273438,5.1086139449191625
491,1626768146169,16.002416547361754,51.54010009765625,5.109889812678851
492,1626768152191,16.002416547361754,51.54104614257813,5.111124206292046
493,1626768158183,12.001812410521314,51.54202270507813,5.112348538814602
494,1626768164200,8.001208273680877,51.54296875,5.113577406160456
495,1626768170144,8.001208273680877,51.5439453125,5.1148643377759075
496,1626768176147,8.001208273680877,51.54489135742188,5.116147002613008
497,1626768182199,8.001208273680877,51.54586791992188,5.1173838202618365
498,1626768188245,8.001208273680877,51.54693603515625,5.118774826476304
499,1626768194190,12.001812410521314,51.54769897460938,5.1197989210928965
500,1626768200206,8.001208273680877,51.5487060546875,5.121218267732731
501,1626768206189,8.001208273680877,51.54931640625,5.122389210573185
502,1626768212206,12.001812410521314,51.55014038085938,5.124293429045423
503,1626768218197,12.001812410521314,51.55068969726562,5.126143926513662
504,1626768224200,12.001812410521314,51.55099487304688,5.1280947058309225
505,1626768230192,12.001812410521314,51.55123901367188,5.1297924692929575
506,1626768236135,12.001812410521314,51.55126953125,5.1317859234858325
507,1626768242183,12.001812410521314,51.55108642578125,5.133753652867282
508,1626768248174,12.001812410521314,51.55078125,5.135619197632315
509,1626768254203,12.001812410521314,51.55029296875,5.137884065390644
510,1626768260179,12.001812410521314,51.5498046875,5.139340603909205
511,1626768266204,12.001812410521314,51.54916381835938,5.141040078553694
512,1626768272287,16.002416547361754,51.54840087890625,5.143035540123335
513,1626768278853,12.001812410521314,51.54776000976562,5.144793080219143
514,1626768284182,12.001812410521314,51.54721069335938,5.1461917981440255
515,1626768290191,12.001812410521314,51.54660034179688,5.147939930818543
516,1626768296192,16.002416547361754,51.5458984375,5.149739420995956
517,1626768302209,12.001812410521314,51.54519653320313,5.151637941759463
518,1626768308194,12.001812410521314,51.54470825195313,5.152988523276521
519,1626768314200,12.001812410521314,51.54397583007813,5.154920690725484
520,1626768320215,12.001812410521314,51.5433349609375,5.1565339335611124
521,1626768326189,12.001812410521314,51.54281616210938,5.158014431491777
522,1626768332201,16.002416547361754,51.54208374023438,5.159968846826087
523,1626768338196,24.003624821042628,51.54153442382813,5.161362479986955
524,1626768344202,16.002416547361754,51.54095458984375,5.162917654364282
525,1626768350204,16.002416547361754,51.54019165039063,5.164932169315356
526,1626768356192,16.002416547361754,51.53955078125,5.166601997307618
527,1626768362224,16.002416547361754,51.53903198242188,5.168025104841393
528,1626768368198,16.002416547361754,51.53829956054688,5.1699856005893805
529,1626768374174,16.002416547361754,51.53781127929688,5.171571077251273
530,1626768380201,16.002416547361754,51.537109375,5.173640472204117
531,1626768386205,16.002416547361754,51.53665161132813,5.175214402792926
532,1626768392198,16.002416547361754,51.53610229492188,5.177033660574251
533,1626768398180,16.002416547361754,51.53561401367188,5.178806557099455
534,1626768404202,16.002416547361754,51.5350341796875,5.180892048474534
535,1626768410126,16.002416547361754,51.53460693359375,5.182416178212522
536,1626768416180,16.002416547361754,51.53411865234375,5.18423434178575
537,1626768422185,12.001812410521314,51.53359985351562,5.1860384700230036
538,1626768428181,12.001812410521314,51.5330810546875,5.187863640426151
539,1626768434190,12.001812410521314,51.53256225585938,5.18963885775392
540,1626768440215,12.001812410521314,51.531982421875,5.191678746321801
541,1626768446170,12.001812410521314,51.53152465820313,5.193164449670151
542,1626768452191,12.001812410521314,51.53103637695313,5.194990270358
543,1626768458183,12.001812410521314,51.53048706054688,5.196783182367566
544,1626768464188,12.001812410521314,51.52996826171875,5.1986273088705195
545,1626768470205,16.002416547361754,51.52938842773438,5.2007209654340745
546,1626768476206,16.002416547361754,51.5289306640625,5.202229777061867
547,1626768482183,16.002416547361754,51.5284423828125,5.204053439013664
548,1626768488198,12.001812410521314,51.5279541015625,5.206150972415844
549,1626768494186,8.001208273680877,51.52740478515625,5.207973108052041
550,1626768500751,8.001208273680877,51.52691650390625,5.209826545490432
551,1626768506124,8.001208273680877,51.52651977539063,5.211363883985227
552,1626768512152,8.001208273680877,51.5260009765625,5.213145937436266
553,1626768518171,8.001208273680877,51.52545166015625,5.2153058142797235
554,1626768524501,8.001208273680877,51.52496337890625,5.217096706253762
555,1626768530176,8.001208273680877,51.52456665039063,5.218575253431629
556,1626768536277,12.001812410521314,51.52398681640625,5.220724793458429
557,1626768542321,12.001812410521314,51.52352905273438,5.2225020561700495
558,1626768548211,16.002416547361754,51.52316284179688,5.224063114887324
559,1626768554214,16.002416547361754,51.52267456054688,5.225781291891128
560,1626768560240,12.001812410521314,51.5220947265625,5.227974294452181
561,1626768566177,12.001812410521314,51.52166748046875,5.2294688359585235
562,1626768572186,12.001812410521314,51.52114868164063,5.231252962256549
563,1626768578219,12.001812410521314,51.52066040039063,5.233119858677839
564,1626768584241,12.001812410521314,51.52001953125,5.235193195565441
565,1626768590174,12.001812410521314,51.51956176757813,5.23666215742237
566,1626768596180,12.001812410521314,51.51904296875,5.238409769487747
567,1626768602253,12.001812410521314,51.51852416992188,5.240187399554729
568,1626768608253,16.002416547361754,51.51797485351562,5.2419329047387695
569,1626768614259,16.002416547361754,51.51742553710938,5.243749810419293
570,1626768620258,12.001812410521314,51.51678466796875,5.245724577487539
571,1626768626249,12.001812410521314,51.51626586914063,5.247438269118357
572,1626768632181,16.002416547361754,51.51580810546875,5.2489078490880825
573,1626768638277,16.002416547361754,51.51516723632813,5.250989529856387
574,1626768644224,12.001812410521314,51.51461791992188,5.25252898604508
575,1626768650300,16.002416547361754,51.51412963867188,5.254269168306734
576,1626768656203,16.002416547361754,51.51348876953125,5.256069662616873
577,1626768662188,12.001812410521314,51.512939453125,5.257982551055169
578,1626768668193,12.001812410521314,51.51242065429688,5.2597464868330635
579,1626768674198,12.001812410521314,51.51187133789063,5.261485310969959
580,1626768680248,12.001812410521314,51.51119995117188,5.263554170191316
581,1626768686170,12.001812410521314,51.5107421875,5.26503213898247
582,1626768692193,12.001812410521314,51.51022338867188,5.266858683395653
583,1626768698166,12.001812410521314,51.50973510742188,5.268724738577488
584,1626768704239,12.001812410521314,51.50921630859375,5.270488703503998
585,1626768710180,12.001812410521314,51.5086669921875,5.272319156459941
586,1626768716187,12.001812410521314,51.50814819335938,5.274078068722992
587,1626768722189,12.001812410521314,51.50765991210938,5.275942965490564
588,1626768728180,12.001812410521314,51.50711059570313,5.2777625999670015
589,1626768734266,12.001812410521314,51.50650024414063,5.279827489907672
590,1626768740183,12.001812410521314,51.50607299804688,5.28130918533905
591,1626768746157,12.001812410521314,51.50555419921875,5.283110381792393
592,1626768752236,8.001208273680877,51.50506591796875,5.2849445738667695
593,1626768758220,8.001208273680877,51.50454711914063,5.2866669469598015
594,1626768764137,8.001208273680877,51.5040283203125,5.2884589199840635
595,1626768770182,12.001812410521314,51.50347900390625,5.2902383475402734
596,1626768776194,8.001208273680877,51.5028076171875,5.291931674663247
597,1626768782178,8.001208273680877,51.50213623046875,5.293519278554657
598,1626768788227,8.001208273680877,51.50119018554688,5.295216445042406
599,1626768794138,8.001208273680877,51.50042724609375,5.296341251564468
600,1626768800234,8.001208273680877,51.49951171875,5.297743830964335
601,1626768806264,8.001208273680877,51.49859619140625,5.299075187863171
602,1626768812258,8.001208273680877,51.4976806640625,5.300391031733193
603,1626768818243,12.001812410521314,51.496826171875,5.301714475359557
604,1626768824249,12.001812410521314,51.49603271484375,5.303041144210106
605,1626768830238,12.001812410521314,51.49533081054688,5.304599236607495
606,1626768836249,12.001812410521314,51.49468994140625,5.3062640319519465
607,1626768842255,12.001812410521314,51.494140625,5.308035548968501
608,1626768848242,16.002416547361754,51.49371337890625,5.309814614509771
609,1626768854246,16.002416547361754,51.49325561523438,5.311618357459646
610,1626768860244,12.001812410521314,51.49313354492188,5.313584668564324
611,1626768866241,12.001812410521314,51.49295043945313,5.315503937132744
612,1626768872231,12.001812410521314,51.49285888671875,5.317398559865311
613,1626768878222,12.001812410521314,51.49288940429688,5.3193624785053855
614,1626768884233,8.001208273680877,51.49285888671875,5.321160087598967
615,1626768890253,8.001208273680877,51.49285888671875,5.3229750413344
616,1626768896215,12.001812410521314,51.49282836914063,5.3248586803586395
617,1626768902244,12.001812410521314,51.49285888671875,5.326745460311334
618,1626768908244,12.001812410521314,51.4927978515625,5.328725996020169
619,1626768914183,12.001812410521314,51.4927978515625,5.330622334768128
620,1626768920257,12.001812410521314,51.49273681640625,5.332556831736486
621,1626768926233,12.001812410521314,51.49270629882813,5.334563116474881
622,1626768932230,12.001812410521314,51.49267578125,5.336511521472116
623,1626768938279,12.001812410521314,51.49261474609375,5.338545129334856
624,1626768944133,8.001208273680877,51.49261474609375,5.340571958743434
625,1626768950129,8.001208273680877,51.4925537109375,5.342569723771203
626,1626768956259,8.001208273680877,51.49258422851562,5.3445921249727135
627,1626768962295,8.001208273680877,51.4925537109375,5.3465713202311225
628,1626768968142,8.001208273680877,51.49249267578125,5.34851629911795
629,1626768974232,8.001208273680877,51.49246215820313,5.3504728709728875
630,1626768980236,8.001208273680877,51.492431640625,5.352371481369621
631,1626768986232,8.001208273680877,51.49234008789063,5.3542525331020405
632,1626768992236,8.001208273680877,51.49221801757813,5.356230061260338
633,1626768998248,8.001208273680877,51.49200439453125,5.358205514412245
634,1626769004266,8.001208273680877,51.49176025390625,5.360106021818644
635,1626769010224,8.001208273680877,51.491455078125,5.3620277939903005
636,1626769016230,8.001208273680877,51.4910888671875,5.3638468799266565
637,1626769022252,8.001208273680877,51.49069213867188,5.365702877100008
638,1626769028250,8.001208273680877,51.4903564453125,5.3675098204455685
639,1626769034249,8.001208273680877,51.48995971679688,5.369390203828081
640,1626769040232,8.001208273680877,51.48953247070313,5.371244118109337
641,1626769046268,8.001208273680877,51.4891357421875,5.373082812178663
642,1626769052240,8.001208273680877,51.48873901367188,5.374947692924583
643,1626769058238,8.001208273680877,51.48831176757813,5.376779944595132
644,1626769064192,8.001208273680877,51.4879150390625,5.378614156998975
645,1626769070192,12.001812410521314,51.48751831054688,5.380444065507506
646,1626769076244,12.001812410521314,51.48712158203125,5.382336230571922
647,1626769082252,12.001812410521314,51.48675537109375,5.38416703428909
648,1626769088230,8.001208273680877,51.486328125,5.386034288533682
649,1626769094235,8.001208273680877,51.48593139648438,5.387839093150829
650,1626769100262,8.001208273680877,51.48550415039063,5.389701944351739
651,1626769106232,8.001208273680877,51.485107421875,5.391506481686911
652,1626769112193,8.001208273680877,51.48471069335938,5.39335869393592
653,1626769118248,8.001208273680877,51.48431396484375,5.395204359718906
654,1626769124189,8.001208273680877,51.4837646484375,5.396920103997721
655,1626769130258,8.001208273680877,51.48309326171875,5.398543337701826
656,1626769136271,12.001812410521314,51.48211669921875,5.400142660485908
657,1626769142216,12.001812410521314,51.48138427734375,5.401047010035118
658,1626769148157,8.001208273680877,51.48019409179688,5.401740560059625
659,1626769154178,8.001208273680877,51.4791259765625,5.402172380679553
660,1626769160233,8.001208273680877,51.47802734375,5.40230722029706
661,1626769166208,8.001208273680877,51.47689819335938,5.402530528257463
662,1626769172173,8.001208273680877,51.475830078125,5.402870960000651
663,1626769178227,12.001812410521314,51.47482299804688,5.403478382056829
664,1626769184251,8.001208273680877,51.47378540039063,5.403869026435722
665,1626769190241,8.001208273680877,51.47268676757813,5.404140965742128
666,1626769196253,8.001208273680877,51.47134399414063,5.404288253706347
667,1626769202220,8.001208273680877,51.47039794921875,5.404414309701743
668,1626769208222,8.001208273680877,51.46920776367188,5.4046409161842215
669,1626769214145,8.001208273680877,51.46804809570313,5.4048520917894365
670,1626769220219,8.001208273680877,51.46688842773438,5.4051627390175305
671,1626769226115,8.001208273680877,51.4656982421875,5.4055430319847
672,1626769232144,8.001208273680877,51.46456909179688,5.405997666850758
673,1626769238114,8.001208273680877,51.46343994140625,5.4064929987000045
674,1626769244135,8.001208273680877,51.46234130859375,5.407041293378224
675,1626769250127,8.001208273680877,51.46127319335938,5.4077009166385235
676,1626769256134,8.001208273680877,51.46023559570313,5.408482309767941
677,1626769262116,8.001208273680877,51.459228515625,5.409340639513982
678,1626769268152,8.001208273680877,51.45828247070313,5.410337670634808
679,1626769274113,8.001208273680877,51.4573974609375,5.411384750264034
680,1626769280089,8.001208273680877,51.45651245117188,5.412480891807381
681,1626769286128,8.001208273680877,51.45565795898438,5.413663868230997
682,1626769292111,8.001208273680877,51.45489501953125,5.415005016434458
683,1626769298109,8.001208273680877,51.45413208007813,5.416484534269844
684,1626769304098,8.001208273680877,51.45339965820313,5.4180468887145805
685,1626769310142,8.001208273680877,51.45272827148438,5.419623649467306
686,1626769316111,8.001208273680877,51.4521484375,5.421292600025146
687,1626769322669,12.001812410521314,51.45156860351562,5.4228895209047785
688,1626769328112,8.001208273680877,51.45074462890625,5.424299497103178
689,1626769334141,8.001208273680877,51.44985961914063,5.425486680103649
690,1626769340106,12.001812410521314,51.44888305664063,5.426484754159187
691,1626769346121,8.001208273680877,51.44778442382813,5.427087287559879
692,1626769352104,8.001208273680877,51.4466552734375,5.427405208445441
693,1626769358112,8.001208273680877,51.44549560546875,5.427417553395334
694,1626769364103,12.001812410521314,51.44430541992188,5.427213989595847
695,1626769370105,8.001208273680877,51.44317626953125,5.426948702784466
696,1626769376102,8.001208273680877,51.44195556640625,5.426762899249812
697,1626769382110,8.001208273680877,51.44064331054688,5.426462474253988
698,1626769388113,8.001208273680877,51.43939208984375,5.42622504040606
699,1626769394114,8.001208273680877,51.4381103515625,5.425997530612498
700,1626769400127,8.001208273680877,51.4368896484375,5.425831000044897
701,1626769406106,8.001208273680877,51.4356689453125,5.4259195436282335
702,1626769412128,8.001208273680877,51.4344482421875,5.426255385396646
703,1626769418111,8.001208273680877,51.4332275390625,5.42654992487363
704,1626769424120,8.001208273680877,51.4320068359375,5.426864912065583
705,1626769430100,8.001208273680877,51.4307861328125,5.427193038754151
706,1626769436144,8.001208273680877,51.42953491210938,5.427385161924323
707,1626769442134,8.001208273680877,51.42828369140625,5.427531378583812
708,1626769448112,8.001208273680877,51.42703247070313,5.427690772141641
709,1626769454155,8.001208273680877,51.42581176757813,5.427860289981892
710,1626769460121,8.001208273680877,51.42459106445313,5.428003512290409
711,1626769466122,8.001208273680877,51.42337036132813,5.428132181197883
712,1626769472146,8.001208273680877,51.42214965820313,5.428330520556118
713,1626769478164,8.001208273680877,51.4208984375,5.428463110364556
714,1626769484140,8.001208273680877,51.41964721679688,5.428653511394493
715,1626769490149,8.001208273680877,51.41839599609375,5.428756661085607
716,1626769496133,8.001208273680877,51.41717529296875,5.428917049795247
717,1626769502113,8.001208273680877,51.41595458984375,5.429088311887544
718,1626769508118,8.001208273680877,51.41473388671875,5.4292771124934
719,1626769514130,8.001208273680877,51.41354370117188,5.4294623199010426
720,1626769520173,8.001208273680877,51.412353515625,5.429642274048053
721,1626769526144,8.001208273680877,51.41119384765625,5.429910229673914
722,1626769532239,8.001208273680877,51.41006469726562,5.430145516109547
723,1626769538171,8.001208273680877,51.408935546875,5.430302589883376
724,1626769544250,8.001208273680877,51.40780639648438,5.430492855779859
725,1626769550175,8.001208273680877,51.40676879882813,5.4311957776014825
726,1626769556109,8.001208273680877,51.4058837890625,5.432358056160102
727,1626769562110,8.001208273680877,51.40518188476562,5.4339022407424835
728,1626769568136,12.001812410521314,51.40478515625,5.435615492254184
729,1626769574243,8.001208273680877,51.40475463867188,5.437507696349011
730,1626769580193,8.001208273680877,51.4049072265625,5.4395226732786135
731,1626769586166,8.001208273680877,51.40505981445313,5.4414654108268445
732,1626769592154,8.001208273680877,51.4051513671875,5.443413077104761
733,1626769598162,8.001208273680877,51.40518188476562,5.445337252853335
734,1626769604165,8.001208273680877,51.4052734375,5.4472212016766655
735,1626769610236,8.001208273680877,51.40530395507813,5.449098641208883
736,1626769616233,8.001208273680877,51.40533447265625,5.450946906564359
737,1626769622225,8.001208273680877,51.40533447265625,5.452749914344077
738,1626769628224,8.001208273680877,51.4053955078125,5.4546019927530995
739,1626769634171,8.001208273680877,51.4053955078125,5.456465129261543
740,1626769640237,12.001812410521314,51.40542602539063,5.458374701568213
741,1626769646232,8.001208273680877,51.40545654296875,5.4603084593670905
742,1626769652165,12.001812410521314,51.40548706054688,5.462293262649609
743,1626769658152,8.001208273680877,51.405517578125,5.464278826825386
744,1626769664153,8.001208273680877,51.40548706054688,5.466304489859317
745,1626769670167,8.001208273680877,51.405517578125,5.4683759873058255
746,1626769676198,8.001208273680877,51.40548706054688,5.470405104144581
747,1626769682140,8.001208273680877,51.40545654296875,5.472341829851204
748,1626769688132,8.001208273680877,51.4053955078125,5.474257400703212
749,1626769694147,16.002416547361754,51.40530395507813,5.47624622107708
750,1626769700201,8.001208273680877,51.40524291992188,5.478230579950585
751,1626769706142,8.001208273680877,51.40521240234375,5.480182085766864
752,1626769712119,8.001208273680877,51.40518188476562,5.48208240880226
753,1626769718086,8.001208273680877,51.40505981445313,5.4840202381952246
754,1626769724130,8.001208273680877,51.405029296875,5.485894222089129
755,1626769730147,8.001208273680877,51.40493774414063,5.487749821693809
756,1626769736134,8.001208273680877,51.4049072265625,5.489522234491047
757,1626769742128,8.001208273680877,51.40484619140625,5.4913371956563255
758,1626769748162,12.001812410521314,51.40460205078125,5.493041801219789
759,1626769754124,12.001812410521314,51.40438842773438,5.494783612920835
760,1626769760200,12.001812410521314,51.4044189453125,5.496641029046173
761,1626769766119,16.002416547361754,51.40469360351562,5.49839959296491
762,1626769772170,8.001208273680877,51.40484619140625,5.5001269633466245
763,1626769778139,8.001208273680877,51.40484619140625,5.5019821187990665
764,1626769784125,8.001208273680877,51.40484619140625,5.503909285143032
765,1626769790137,8.001208273680877,51.40481567382813,5.505887934565487
766,1626769796139,8.001208273680877,51.40481567382813,5.5079158653478
767,1626769802131,8.001208273680877,51.40484619140625,5.5099392812196655
768,1626769808114,12.001812410521314,51.40487670898438,5.511980024798541
769,1626769814135,12.001812410521314,51.40487670898438,5.5139962526248825
770,1626769820145,12.001812410521314,51.40487670898438,5.515907182661043
771,1626769826226,12.001812410521314,51.40487670898438,5.517891754843356
772,1626769832137,12.001812410521314,51.40487670898438,5.519893497110388
773,1626769838124,12.001812410521314,51.40484619140625,5.521883127686513
774,1626769844131,12.001812410521314,51.40484619140625,5.5238599069346845
775,1626769850199,12.001812410521314,51.40484619140625,5.525828974697894
776,1626769856122,12.001812410521314,51.40487670898438,5.527780301211761
777,1626769862130,8.001208273680877,51.40487670898438,5.529779854457611
778,1626769868127,12.001812410521314,51.40484619140625,5.531758274466811
779,1626769874132,12.001812410521314,51.40484619140625,5.5337383661574435
780,1626769880168,12.001812410521314,51.40481567382813,5.535754651855832
781,1626769886123,8.001208273680877,51.40484619140625,5.537669567525049
782,1626769892169,12.001812410521314,51.40481567382813,5.539701286872655
783,1626769898197,12.001812410521314,51.40484619140625,5.541649835734721
784,1626769904163,12.001812410521314,51.40484619140625,5.543604600057516
785,1626769910163,12.001812410521314,51.40481567382813,5.545611606216223
786,1626769916129,12.001812410521314,51.40484619140625,5.547596021804613
787,1626769922127,8.001208273680877,51.4049072265625,5.549506456790364
788,1626769928129,8.001208273680877,51.405029296875,5.551412895035738
789,1626769934158,12.001812410521314,51.4051513671875,5.553277120006023
790,1626769940148,12.001812410521314,51.40536499023438,5.5552099045360634
791,1626769946132,12.001812410521314,51.40567016601562,5.557167743596924
792,1626769952092,12.001812410521314,51.406005859375,5.55909025773192
793,1626769958169,12.001812410521314,51.40643310546875,5.560968573411116
794,1626769964122,12.001812410521314,51.4068603515625,5.562850407614271
795,1626769970122,12.001812410521314,51.40737915039063,5.564690669799512
796,1626769976095,12.001812410521314,51.40802001953125,5.566555398789537
797,1626769982128,8.001208273680877,51.40866088867188,5.568327778429544
798,1626769988132,12.001812410521314,51.4093017578125,5.5701143680283725
799,1626769994139,8.001208273680877,51.40988159179688,5.571825226878752
800,1626770000148,8.001208273680877,51.41046142578125,5.573578459263557
801,1626770006172,8.001208273680877,51.41104125976562,5.575313156264272
802,1626770012134,12.001812410521314,51.41165161132813,5.5770369199541125
803,1626770018142,12.001812410521314,51.41226196289063,5.578785736380596
804,1626770024204,12.001812410521314,51.41287231445313,5.580509394258665
805,1626770030124,12.001812410521314,51.41342163085938,5.582252700289054
806,1626770036173,12.001812410521314,51.41403198242188,5.583953250063669
807,1626770042141,12.001812410521314,51.4146728515625,5.585662232578233
808,1626770048141,12.001812410521314,51.415283203125,5.58741416526277
809,1626770054124,8.001208273680877,51.41586303710938,5.589141424159552
810,1626770060154,8.001208273680877,51.41644287109375,5.590893293524998
811,1626770066135,12.001812410521314,51.4169921875,5.592641658877312
812,1626770072124,12.001812410521314,51.41744995117188,5.594454265895394
813,1626770078125,8.001208273680877,51.41790771484375,5.596279078587794
814,1626770084117,12.001812410521314,51.41836547851562,5.598101882085317
815,1626770090131,12.001812410521314,51.41873168945313,5.599981616088762
816,1626770096130,12.001812410521314,51.4190673828125,5.601914627386368
817,1626770102129,12.001812410521314,51.41928100585938,5.603852239235865
818,1626770108122,12.001812410521314,51.41946411132813,5.605801101903096
819,1626770114124,12.001812410521314,51.419677734375,5.607753828013028
820,1626770120140,12.001812410521314,51.41986083984375,5.609708181366472
821,1626770126131,12.001812410521314,51.42001342773438,5.6116961297070995
822,1626770132126,12.001812410521314,51.42022705078125,5.613624732482584
823,1626770138098,12.001812410521314,51.42037963867188,5.615646971187204
824,1626770144093,12.001812410521314,51.42056274414063,5.617611157113731
825,1626770150131,12.001812410521314,51.42074584960938,5.61951877406327
826,1626770156099,12.001812410521314,51.42092895507813,5.6214414658794425
827,1626770162108,12.001812410521314,51.42111206054688,5.623377471369476
828,1626770168102,12.001812410521314,51.42129516601562,5.625306865429571
829,1626770174130,12.001812410521314,51.42153930664063,5.627276050096745
830,1626770180100,12.001812410521314,51.42169189453125,5.6292742664431366
831,1626770186175,12.001812410521314,51.42190551757813,5.631175986915541
832,1626770192106,12.001812410521314,51.42208862304688,5.633152577482778
833,1626770198130,12.001812410521314,51.4222412109375,5.63515012761584
834,1626770204100,12.001812410521314,51.42242431640625,5.637072168034295
835,1626770210149,12.001812410521314,51.42263793945313,5.6389913752125
836,1626770216115,12.001812410521314,51.42282104492188,5.640945757344718
837,1626770222129,12.001812410521314,51.4229736328125,5.642909145437932
838,1626770228099,12.001812410521314,51.42315673828125,5.644843664630117
839,1626770234094,12.001812410521314,51.42330932617188,5.646869170866442
840,1626770240268,12.001812410521314,51.42352294921875,5.648866195229047
841,1626770246574,12.001812410521314,51.42367553710938,5.651162224343055
842,1626770252090,8.001208273680877,51.4237060546875,5.652785003604247
843,1626770258113,12.001812410521314,51.4237060546875,5.654732060313866
844,1626770264084,12.001812410521314,51.42361450195313,5.656709580648839
845,1626770270124,12.001812410521314,51.423583984375,5.6586523398368875
846,1626770276098,12.001812410521314,51.423583984375,5.660656286994192
847,1626770282090,12.001812410521314,51.42355346679688,5.662603402979379
848,1626770288084,12.001812410521314,51.42352294921875,5.664558107233487
849,1626770294100,12.001812410521314,51.42352294921875,5.666600826591632
850,1626770300123,12.001812410521314,51.42349243164063,5.668598120195703
851,1626770306118,12.001812410521314,51.42343139648438,5.670540238315003
852,1626770312611,12.001812410521314,51.42340087890625,5.672882057104486
853,1626770318098,12.001812410521314,51.42340087890625,5.6745258017483255
854,1626770324089,12.001812410521314,51.42337036132813,5.676480502081024
855,1626770330121,12.001812410521314,51.42340087890625,5.6784646823526295
856,1626770336145,8.001208273680877,51.42337036132813,5.680450887858282
857,1626770342133,12.001812410521314,51.42330932617188,5.682392271981229
858,1626770348110,12.001812410521314,51.42318725585938,5.684407562468334
859,1626770354090,8.001208273680877,51.42312622070313,5.686339510769982
860,1626770360555,8.001208273680877,51.4229736328125,5.688670231210162
861,1626770366088,8.001208273680877,51.4228515625,5.69024097849873
862,1626770372092,8.001208273680877,51.4227294921875,5.691999762712147
863,1626770378093,8.001208273680877,51.42242431640625,5.693575062547425
864,1626770384104,12.001812410521314,51.42178344726562,5.6948048475303485
865,1626770390131,12.001812410521314,51.42120361328125,5.69595591842372
866,1626770396098,12.001812410521314,51.42086791992188,5.697125499065168
867,1626770402134,12.001812410521314,51.42071533203125,5.697644760264831
868,1626770408113,12.001812410521314,51.42074584960938,5.698034419135388
869,1626770414180,12.001812410521314,51.42068481445313,5.698400501367825
870,1626770420126,12.001812410521314,51.42074584960938,5.698731459975188
871,1626770426101,12.001812410521314,51.42111206054688,5.698783594079362
872,1626770432096,8.001208273680877,51.42160034179688,5.698989872648567
873,1626770438103,16.002416547361754,51.42218017578125,5.698961075527802
874,1626770444094,12.001812410521314,51.42276000976562,5.698686849219552
875,1626770450090,12.001812410521314,51.4232177734375,5.698336908619759
876,1626770456131,12.001812410521314,51.423583984375,5.698244383914899
877,1626770462092,12.001812410521314,51.42385864257813,5.698086841231179
878,1626770468085,12.001812410521314,51.42434692382813,5.698051749483312
879,1626770474569,12.001812410521314,51.42507934570313,5.697853609526577
880,1626770480535,16.002416547361754,51.42587280273438,5.697596651121776
881,1626770486105,12.001812410521314,51.42654418945313,5.6973558133054985
882,1626770492132,12.001812410521314,51.42745971679688,5.697056727536457
883,1626770498607,12.001812410521314,51.42861938476562,5.6966373025902275
884,1626770504094,12.001812410521314,51.42938232421875,5.696407290587963
885,1626770510513,12.001812410521314,51.43051147460938,5.69601489076707
886,1626770516104,12.001812410521314,51.43133544921875,5.695704083882818
887,1626770522107,12.001812410521314,51.43234252929688,5.695319159292105
888,1626770528163,12.001812410521314,51.43341064453125,5.694963734338317
889,1626770534105,12.001812410521314,51.4344482421875,5.6945920543482424
890,1626770540097,12.001812410521314,51.435546875,5.694200414175847
891,1626770546097,12.001812410521314,51.4366455078125,5.693847137107436
892,1626770552090,12.001812410521314,51.437744140625,5.693466789332657
893,1626770558106,12.001812410521314,51.43878173828125,5.693081759376678
894,1626770564102,12.001812410521314,51.43984985351562,5.692563252932381
895,1626770570114,12.001812410521314,51.44091796875,5.691852174137377
896,1626770576120,12.001812410521314,51.44189453125,5.690846490051338
897,1626770582147,12.001812410521314,51.44287109375,5.689807721474574
898,1626770588128,12.001812410521314,51.44375610351562,5.688703718267636
899,1626770594098,12.001812410521314,51.44464111328125,5.687652773536882
900,1626770600096,12.001812410521314,51.44549560546875,5.6865540150954885
901,1626770606539,12.001812410521314,51.44644165039063,5.6854796064472675
902,1626770612546,12.001812410521314,51.44723510742188,5.684464402089385
903,1626770618533,12.001812410521314,51.447998046875,5.683590065107636
904,1626770624093,12.001812410521314,51.44863891601562,5.682841984509213
905,1626770630152,12.001812410521314,51.44912719726562,5.682198869617699
906,1626770636636,12.001812410521314,51.44943237304688,5.6817801195042135
907,1626770642579,12.001812410521314,51.44943237304688,5.681777114454482
908,1626770648139,12.001812410521314,51.44937133789063,5.681757709771558
909,1626770654572,12.001812410521314,51.44937133789063,5.681734571079417
910,1626770660576,12.001812410521314,51.44949340820313,5.681657297357465
911,1626770666544,12.001812410521314,51.44964599609375,5.681340268270844
912,1626770672563,12.001812410521314,51.44940185546875,5.680849284623367
913,1626770678540,12.001812410521314,51.44918823242188,5.680056637155473
914,1626770684559,12.001812410521314,51.44937133789063,5.679046602592387
915,1626770690514,12.001812410521314,51.44992065429688,5.678808260633068
916,1626770696521,12.001812410521314,51.45040893554688,5.679569678967929
917,1626770702556,12.001812410521314,51.45089721679688,5.680567818966442
918,1626770708528,12.001812410521314,51.451416015625,5.681540961875572
919,1626770714540,12.001812410521314,51.45184326171875,5.68253979018717
920,1626770720089,12.001812410521314,51.45205688476562,5.683600431754432
921,1626770726522,12.001812410521314,51.45223999023438,5.684572875954148
922,1626770732546,12.001812410521314,51.45242309570313,5.685591197070308
923,1626770738557,12.001812410521314,51.4525146484375,5.686789695405356
924,1626770744550,12.001812410521314,51.45266723632813,5.687883090192193
925,1626770750567,8.001208273680877,51.45272827148438,5.6885980838520895
926,1626770756603,8.001208273680877,51.45272827148438,5.688715786754124
927,1626770762580,12.001812410521314,51.45269775390625,5.688717547989843
928,1626770768170,12.001812410521314,51.45266723632813,5.688717874982723
929,1626770774581,12.001812410521314,51.45266723632813,5.688717874982723
930,1626770780572,6.000906205260657,51.45266723632813,5.688856541204361
931,1626770786525,6.000906205260657,51.45278930664063,5.689208329193732
932,1626770792541,6.000906205260657,51.45315551757813,5.689260715498478
933,1626770798540,6.000906205260657,51.45361328125,5.689451729236093
934,1626770804522,6.000906205260657,51.45413208007813,5.689813122329923
935,1626770810522,6.000906205260657,51.45462036132813,5.690277614348631
936,1626770816568,6.000906205260657,51.45513916015625,5.6906893670509495
937,1626770822568,6.000906205260657,51.45562744140625,5.691022280564579
938,1626770828543,6.000906205260657,51.4561767578125,5.691393553349086
939,1626770834540,6.000906205260657,51.45669555664063,5.6916071748579915
940,1626770840548,6.000906205260657,51.457275390625,5.691555760948356
941,1626770846540,6.000906205260657,51.45785522460938,5.6913477223666655
942,1626770852546,6.000906205260657,51.45843505859375,5.691209476453501
943,1626770858578,6.000906205260657,51.458984375,5.691432579096405
944,1626770864593,6.000906205260657,51.45938110351562,5.691997596623403
945,1626770870570,6.000906205260657,51.45977783203125,5.692533121956566
946,1626770876569,6.000906205260657,51.460205078125,5.693010562725536
947,1626770882573,6.000906205260657,51.46078491210938,5.693256479428673
948,1626770888096,6.000906205260657,51.46127319335938,5.693236328197028
949,1626770894599,6.000906205260657,51.4617919921875,5.692872691913358
950,1626770900097,6.000906205260657,51.46212768554688,5.692369696967035
951,1626770906615,6.000906205260657,51.46255493164063,5.691476572455128
952,1626770912587,8.001208273680877,51.46295166015625,5.690772682366997
953,1626770918634,8.001208273680877,51.46331787109375,5.690331590711108
954,1626770924580,8.001208273680877,51.46334838867188,5.689949285704457
955,1626770930111,6.000906205260657,51.46319580078125,5.689553095912577
956,1626770947784,8.001208273680877,51.46282958984375,5.6885187092701965
957,1626770953008,8.001208273680877,51.46267700195313,5.687885733685242
958,1626770955273,8.001208273680877,51.46258544921875,5.687007755927688
959,1626770959623,8.001208273680877,51.4625244140625,5.686218343875701
960,1626770965533,6.000906205260657,51.46246337890625,5.685397376786611
961,1626770971508,8.001208273680877,51.46240234375,5.684535903379304
962,1626770977509,8.001208273680877,51.46231079101562,5.6836189642207335
963,1626770984301,6.000906205260657,51.46224975585938,5.682674242226316
964,1626770989595,8.001208273680877,51.46218872070313,5.681802342598081
965,1626770995583,8.001208273680877,51.46212768554688,5.681024848366518
966,1626771001534,8.001208273680877,51.46209716796875,5.680331958585933
967,1626771007563,4.000604136840439,51.46209716796875,5.679747826981123
968,1626771013498,8.001208273680877,51.46218872070313,5.679662751248019
969,1626771019559,8.001208273680877,51.46243286132813,5.679624644264026
970,1626771025512,12.001812410521314,51.46279907226562,5.679545955873384
971,1626771031499,8.001208273680877,51.4632568359375,5.679456152636898
972,1626771037500,12.001812410521314,51.46368408203125,5.679385790098874
973,1626771043056,8.001208273680877,51.46408081054688,5.679302240526104
974,1626771049564,12.001812410521314,51.46463012695313,5.679215063241063
975,1626771055542,12.001812410521314,51.46511840820313,5.679146525674187
976,1626771061573,8.001208273680877,51.46551513671875,5.6790922596355085
977,1626771067585,12.001812410521314,51.46578979492188,5.67920678149833
978,1626771073511,8.001208273680877,51.4659423828125,5.679746032015588
979,1626771079536,12.001812410521314,51.46597290039063,5.6804913136691555
980,1626771085493,6.000906205260657,51.46600341796875,5.681363011252798
981,1626771091501,8.001208273680877,51.46603393554688,5.682371133133201
982,1626771097506,6.000906205260657,51.46609497070313,5.683467303417883
983,1626771103502,6.000906205260657,51.46612548828125,5.684605397591441
984,1626771109516,6.000906205260657,51.46612548828125,5.6857471679858484
985,1626771115568,6.000906205260657,51.46621704101562,5.686886477148335
986,1626771121564,6.000906205260657,51.46630859375,5.687961248000035
987,1626771127556,8.001208273680877,51.46640014648438,5.688872636977488
988,1626771133510,8.001208273680877,51.46633911132813,5.689385471297912
989,1626771139536,6.000906205260657,51.46597290039063,5.689463550134448
990,1626771145502,6.000906205260657,51.46548461914063,5.6895943354701455
991,1626771151501,6.000906205260657,51.46490478515625,5.689696430316073
992,1626771157517,6.000906205260657,51.46426391601562,5.689822198315285
993,1626771163481,8.001208273680877,51.46365356445313,5.689986455159744
994,1626771169483,6.000906205260657,51.463134765625,5.690450497231475
995,1626771175482,4.000604136840439,51.46267700195313,5.6911519955317225
996,1626771181479,6.000906205260657,51.46221923828125,5.69188284668055
997,1626771187480,6.000906205260657,51.46176147460938,5.692577331801827
998,1626771193474,6.000906205260657,51.46121215820313,5.693026502052275
999,1626771199498,8.001208273680877,51.46060180664063,5.693094968061037
1000,1626771205491,6.000906205260657,51.46005249023438,5.692783076363576
1001,1626771211466,4.000604136840439,51.45968627929688,5.692352646391533
1002,1626771217466,8.001208273680877,51.45968627929688,5.691961478298073
1003,1626771223506,8.001208273680877,51.45980834960938,5.691728659993111
1004,1626771229482,8.001208273680877,51.45989990234375,5.691509291607108
1005,1626771235497,8.001208273680877,51.45999145507813,5.691327741526152
1006,1626771241490,8.001208273680877,51.4600830078125,5.691229701120977
1007,1626771247510,8.001208273680877,51.46014404296875,5.691147760978668
1008,1626771253496,8.001208273680877,51.46017456054688,5.691024683886115
1009,1626771259492,8.001208273680877,51.46026611328125,5.690899655541878
1010,1626771265501,12.001812410521314,51.4603271484375,5.690784263679272
1011,1626771271507,8.001208273680877,51.46038818359375,5.690675278148675
1012,1626771277501,12.001812410521314,51.46041870117188,5.6906163426106025
1013,1626771283497,12.001812410521314,51.46041870117188,5.690593409121193
1014,1626771289521,12.001812410521314,51.46041870117188,5.690593409121193
1015,1626771295501,8.001208273680877,51.46044921875,5.690581907613731
1016,1626771301501,8.001208273680877,51.46047973632813,5.690537876647865
1017,1626771307491,8.001208273680877,51.46047973632813,5.69051813713094
1018,1626771313500,8.001208273680877,51.46047973632813,5.690518137082956
1019,1626771319489,8.001208273680877,51.46047973632813,5.690518137070142
1020,1626771325495,8.001208273680877,51.46047973632813,5.690518137082956
1021,1626771331544,8.001208273680877,51.46051025390625,5.690505476211567
1022,1626771337577,8.001208273680877,51.46047973632813,5.690473144800357
1023,1626771343564,8.001208273680877,51.46051025390625,5.690470157343412
1024,1626771349612,6.000906205260657,51.46051025390625,5.690470157343412
1025,1626771355492,8.001208273680877,51.46051025390625,5.690470157343412
1026,1626771361578,8.001208273680877,51.46051025390625,5.690470157343412
1027,1626771367125,12.001812410521314,51.46051025390625,5.690470157343412
1028,1626771373199,12.001812410521314,51.46051025390625,5.690470157343412
1029,1626771379626,8.001208273680877,51.46051025390625,5.690470157343412
1030,1626771385483,8.001208273680877,51.46051025390625,5.690470157343412
1031,1626771391402,8.001208273680877,51.46051025390625,5.690470157343412
1032,1626771397524,8.001208273680877,51.46051025390625,5.690470157343412
1033,1626771403521,12.001812410521314,51.46051025390625,5.690470157343412
1034,1626771409533,8.001208273680877,51.46051025390625,5.690470157343412
1035,1626771415838,12.001812410521314,51.46051025390625,5.690470157343412
1036,1626771421071,12.001812410521314,51.46051025390625,5.690470157343412
1037,1626771427605,12.001812410521314,51.46051025390625,5.690470157343412
1038,1626771433087,8.001208273680877,51.46051025390625,5.690470157343412
1039,1626771439530,12.001812410521314,51.46051025390625,5.690470157343412
1040,1626771445533,8.001208273680877,51.46051025390625,5.690470157343412
1041,1626771451470,6.000906205260657,51.46051025390625,5.690470157343412
1042,1626771457480,12.001812410521314,51.46051025390625,5.690470157343412
1043,1626771463483,12.001812410521314,51.46051025390625,5.6904448554834195
1044,1626771469537,12.001812410521314,51.46051025390625,5.6904448554834195
1045,1626771475494,8.001208273680877,51.46051025390625,5.690443380089532
1046,1626771481525,12.001812410521314,51.46051025390625,5.690443380089532
1047,1626771487516,8.001208273680877,51.46051025390625,5.690443380089532
1048,1626771493489,8.001208273680877,51.46051025390625,5.690443380089532
1049,1626771499541,8.001208273680877,51.46051025390625,5.690443380089532
1050,1626771505514,8.001208273680877,51.46051025390625,5.690443380089532
1051,1626771511534,8.001208273680877,51.46054077148438,5.6904501031109955
1052,1626771517523,8.001208273680877,51.46051025390625,5.690465366160935
1053,1626771523473,6.000906205260657,51.46051025390625,5.69047414212599
1054,1626771529541,8.001208273680877,51.46051025390625,5.69046744464608
1055,1626771535511,8.001208273680877,51.46051025390625,5.690471232692184
1056,1626771541518,8.001208273680877,51.46051025390625,5.690465795655748
1057,1626771547450,12.001812410521314,51.46051025390625,5.690492099160063
1058,1626771553448,8.001208273680877,51.46051025390625,5.690488203727715
1059,1626771559465,8.001208273680877,51.46051025390625,5.690466597484383
1060,1626771565473,8.001208273680877,51.46054077148438,5.690446856729978
1061,1626771571513,8.001208273680877,51.46054077148438,5.6904213784815605
1062,1626771577478,8.001208273680877,51.4605712890625,5.690383611226081
1063,1626771583473,8.001208273680877,51.4605712890625,5.6903487282346905
1064,1626771589485,8.001208273680877,51.46060180664063,5.690283521785733
1065,1626771595514,8.001208273680877,51.46063232421875,5.690291676141378
1066,1626771601661,8.001208273680877,51.46063232421875,5.6902838509013645
1067,1626771607497,6.000906205260657,51.46063232421875,5.690284660857862
1068,1626771613463,8.001208273680877,51.46063232421875,5.690293342805368
1069,1626771619496,8.001208273680877,51.46063232421875,5.690285992838851
1070,1626771625845,8.001208273680877,51.46063232421875,5.690269522089758
1071,1626771631448,6.000906205260657,51.46063232421875,5.690264649196125
1072,1626771637444,16.002416547361754,51.46063232421875,5.690271715536307
1073,1626771643446,12.001812410521314,51.46063232421875,5.6902782632318685
1074,1626771649138,12.001812410521314,51.46063232421875,5.690279042874208
1075,1626771655452,8.001208273680877,51.46060180664063,5.6902975604253365
1076,1626771661651,8.001208273680877,51.46060180664063,5.690301307943143
1077,1626771667452,8.001208273680877,51.46060180664063,5.6902959651045535
1078,1626771673494,8.001208273680877,51.46063232421875,5.690292860261898
1079,1626771679496,8.001208273680877,51.46060180664063,5.69031290342112
1080,1626771685487,8.001208273680877,51.46060180664063,5.690319532905642
1081,1626771691516,8.001208273680877,51.46060180664063,5.6903195329056455
