,Timestamp,Quality,Lat,Lon
0,1629209779244,5,46.521881103515625,3.583460329103827
1,1629209785048,5,46.5220947265625,3.582897651943921
2,1629209791047,5,46.52252197265625,3.582397168505548
3,1629209797260,5,46.522857666015625,3.5819669254157525
4,1629209803117,5,46.523345947265625,3.581299725923297
5,1629209811637,5,46.52374267578125,3.580537475648877
6,1629209815038,5,46.524017333984375,3.5798636068005614
7,1629209821118,5,46.5242919921875,3.578961329796858
8,1629209827041,5,46.52456665039063,3.578247329448825
9,1629209833123,5,46.5250244140625,3.57716380726026
10,1629209839036,5,46.52511596679688,3.5765133925496477
11,1629209845083,5,46.524993896484375,3.575785355645768
12,1629209851107,5,46.52508544921875,3.5750581417266045
13,1629209857126,5,46.52536010742188,3.574637286368361
14,1629209863039,5,46.52581787109375,3.57406262308692
15,1629209869035,5,46.52630615234375,3.572960989553084
16,1629209875092,5,46.526763916015625,3.5717562132377028
17,1629209881125,5,46.5272216796875,3.5703941155258287
18,1629209887107,5,46.5277099609375,3.5689117759499407
19,1629209893055,5,46.52813720703125,3.5674551688167893
20,1629209899053,5,46.528594970703125,3.565813070166452
21,1629209905148,5,46.529052734375,3.5641217697444967
22,1629209911054,5,46.529327392578125,3.562461817640404
23,1629209917059,5,46.52902221679688,3.560723159465529
24,1629209923110,5,46.528350830078125,3.558455351743436
25,1629209929087,5,46.52789306640625,3.5568687412920936
26,1629209935103,5,46.527252197265625,3.5546788014504638
27,1629209941204,5,46.5267333984375,3.5528862476381966
28,1629209947040,5,46.52630615234375,3.551390748474329
29,1629209953097,5,46.525726318359375,3.549394095319834
30,1629209959486,5,46.525421142578125,3.547742944214072
31,1629209965039,5,46.5255126953125,3.546234788376416
32,1629209971033,5,46.5257568359375,3.5443770233574736
33,1629209977039,5,46.525970458984375,3.5423300787839502
34,1629209983349,5,46.526214599609375,3.5403072740915604
35,1629209989026,5,46.526458740234375,3.538377843800502
36,1629209995036,5,46.526702880859375,3.536403486508444
37,1629210001146,5,46.52691650390625,3.534557623792006
38,1629210007037,5,46.52716064453125,3.5326980147543665
39,1629210013031,5,46.52752685546875,3.530846117067645
40,1629210019058,5,46.52789306640625,3.5289782937648977
41,1629210025128,5,46.52838134765625,3.5269970633122387
42,1629210031045,5,46.52896118164063,3.525708597156709
43,1629210037099,5,46.52978515625,3.5238097608122265
44,1629210043038,5,46.530364990234375,3.5224955622139595
45,1629210049035,5,46.531005859375,3.521117577332557
46,1629210055769,5,46.531585693359375,3.519780160862505
47,1629210061218,5,46.532012939453125,3.5189083591136323
48,1629210067114,5,46.53216552734375,3.5180850885841237
49,1629210073125,5,46.532012939453125,3.516386495906409
50,1629210079114,5,46.531829833984375,3.5147906653615784
51,1629210085027,5,46.531646728515625,3.5134726110878525
52,1629210091537,5,46.5313720703125,3.511712495240859
53,1629210097583,5,46.531097412109375,3.510190760720065
54,1629210103043,5,46.53091430664063,3.5089087486299766
55,1629210109564,5,46.53091430664063,3.506901953372645
56,1629210115476,5,46.53091430664063,3.5052468627723914
57,1629210121059,5,46.530517578125,3.504053028303668
58,1629210127104,5,46.529815673828125,3.502533640715761
59,1629210133527,5,46.52896118164063,3.5006438568267044
60,1629210139041,5,46.528411865234375,3.499417416754644
61,1629210145478,5,46.52813720703125,3.4979081712695748
62,1629210151673,5,46.528167724609375,3.496964285153427
63,1629210157032,5,46.528228759765625,3.4961283579501288
64,1629210175590,5,46.52838134765625,3.494167576008034
65,1629210178494,5,46.528411865234375,3.49336048625042
66,1629210181165,5,46.5284423828125,3.4928171408969484
67,1629210186209,5,46.52847290039063,3.4924162015920253
68,1629210192251,5,46.52850341796875,3.491653930399093
69,1629210198119,5,46.528564453125,3.491048924628171
70,1629210204177,5,46.52862548828125,3.490298576656254
71,1629210210403,5,46.528594970703125,3.489412028799927
72,1629210216138,5,46.528564453125,3.488643808249633
73,1629210222187,5,46.52850341796875,3.48772340454486
74,1629210228145,5,46.5284423828125,3.486526636410026
75,1629210234294,5,46.528411865234375,3.485321318733958
76,1629210240171,5,46.52838134765625,3.484166041019824
77,1629210246119,5,46.52850341796875,3.483283007520701
78,1629210252153,5,46.52853393554688,3.4830307122352373
79,1629210258162,5,46.52853393554688,3.4830307122352373
80,1629210268808,5,46.52853393554688,3.4830307122352373
81,1629210271864,5,46.52853393554688,3.4830307122352373
82,1629210276587,5,46.52853393554688,3.4830307122352373
83,1629210282225,5,46.52853393554688,3.4830307122352373
84,1629210288173,5,46.52853393554688,3.4830307122352373
85,1629210294958,5,46.52853393554688,3.4830307122352373
86,1629210300124,5,46.528564453125,3.4830562770399105
87,1629210306128,5,46.52862548828125,3.4826482459935195
88,1629210312174,5,46.52874755859375,3.481961181390548
89,1629210318146,5,46.528839111328125,3.4814549982580183
90,1629210324190,5,46.528839111328125,3.4807760641011227
91,1629210330173,5,46.528839111328125,3.4796428307923297
92,1629210336224,5,46.528717041015625,3.4782114531877246
93,1629210342228,5,46.528564453125,3.4765710309180213
94,1629210348111,5,46.528594970703125,3.474975870925444
95,1629210354127,5,46.52862548828125,3.4727107454123654
96,1629210360136,5,46.52862548828125,3.4707489609750644
97,1629210366148,5,46.528717041015625,3.4690201096269013
98,1629210372133,5,46.529052734375,3.467259407046686
99,1629210378117,5,46.529327392578125,3.465860970321545
100,1629210384217,5,46.52972412109375,3.463877895850189
101,1629210390124,5,46.530029296875,3.4622665587844907
102,1629210396124,5,46.53045654296875,3.459973940629009
103,1629210402108,5,46.530792236328125,3.4583071991833467
104,1629210408179,5,46.53121948242188,3.456003516915678
105,1629210414050,5,46.531494140625,3.4545070957424624
106,1629210420570,5,46.53204345703125,3.4525902383061613
107,1629210426050,5,46.532806396484375,3.45132809132659
108,1629210432145,5,46.533599853515625,3.4494109824331938
109,1629210438876,5,46.533966064453125,3.447985136884682
110,1629210444037,5,46.5343017578125,3.446546634662381
111,1629210450052,5,46.5347900390625,3.4452105592968363
112,1629210456135,5,46.53564453125,3.44380600378238
113,1629210462138,5,46.53607177734375,3.4432812128248096
114,1629210468249,5,46.53643798828125,3.442765977236854
115,1629210474237,5,46.53619384765625,3.442134233194815
116,1629210480117,5,46.5362548828125,3.441111976284013
117,1629210487468,5,46.53662109375,3.4391154069485506
118,1629210492120,5,46.53683471679688,3.437682688239438
119,1629210498160,5,46.537109375,3.4358366578849364
120,1629210509555,5,46.537506103515625,3.433415545153835
121,1629210513219,5,46.53778076171875,3.431829186159588
122,1629210519107,5,46.537994384765625,3.4304864052715063
123,1629210525518,5,46.53829956054688,3.428611205893968
124,1629210531561,5,46.53857421875,3.427030714231941
125,1629210537514,5,46.538848876953125,3.425441421571584
126,1629210543628,5,46.539093017578125,3.423848943788021
127,1629210549094,5,46.539306640625,3.42254430055937
128,1629210555536,5,46.539398193359375,3.420635405931082
129,1629210561090,5,46.539337158203125,3.419278208169545
130,1629210567522,5,46.53927612304688,3.417363027113878
131,1629210573495,5,46.53924560546875,3.415708810837968
132,1629210579459,5,46.539154052734375,3.414074812771424
133,1629210585501,5,46.53903198242188,3.412440355021196
134,1629210591531,5,46.53872680664063,3.410874847325879
135,1629210597524,5,46.538360595703125,3.409344479444818
136,1629210603456,5,46.537994384765625,3.4077888820352102
137,1629210612676,5,46.537506103515625,3.405986689034296
138,1629210616098,5,46.53717041015625,3.404617840427351
139,1629210622534,5,46.536651611328125,3.402563966358985
140,1629210628534,5,46.53619384765625,3.400838859382459
141,1629210634103,5,46.53582763671875,3.399403542283363
142,1629210640506,5,46.53530883789063,3.3973714336784533
143,1629210646506,5,46.53485107421875,3.3956285845519933
144,1629210652504,5,46.53439331054688,3.393884729597153
145,1629210658505,5,46.53399658203125,3.392168451103747
146,1629210664506,5,46.53390502929688,3.3903562836380585
147,1629210670511,5,46.534088134765625,3.388566160577711
148,1629210676510,5,46.534576416015625,3.3871247246893
149,1629210682118,5,46.53536987304688,3.386046560484344
150,1629210688090,5,46.53607177734375,3.385201329368525
151,1629210694544,5,46.53707885742188,3.3839860372276824
152,1629210700529,5,46.53765869140625,3.3833547122808016
153,1629210706507,5,46.5379638671875,3.3830616047594426
154,1629210712320,5,46.5384521484375,3.382337735968998
155,1629210723720,5,46.539398193359375,3.381531899798085
156,1629210726880,5,46.54025268554688,3.381621817097169
157,1629210732108,5,46.540924072265625,3.3816233463616867
158,1629210738157,5,46.54144287109375,3.3821583347929427
159,1629210744174,5,46.54214477539063,3.3822721894861965
160,1629210750114,5,46.542724609375,3.3829300460632665
161,1629210756514,5,46.54360961914063,3.3838655892791074
162,1629210762114,5,46.544342041015625,3.384711742404275
163,1629210768288,5,46.54556274414063,3.3861253503741566
164,1629210774791,5,46.54669189453125,3.3871475234659267
165,1629210780199,5,46.5484619140625,3.38816349394935
166,1629210786098,5,46.549896240234375,3.3885768894137707
167,1629210792166,5,46.55206298828125,3.388563813644823
168,1629210800895,5,46.55419921875,3.38813709095436
169,1629210805495,5,46.5560302734375,3.3877252880515414
170,1629210811539,5,46.557891845703125,3.387363106015499
171,1629210817490,5,46.55975341796875,3.386995308104332
172,1629210823495,5,46.561614990234375,3.3866335451634475
173,1629210829028,5,46.56314086914063,3.386329030621225
174,1629210835512,5,46.565277099609375,3.385905073958808
175,1629210841486,5,46.56707763671875,3.38554356247502
176,1629210850899,5,46.569244384765625,3.385113906118446
177,1629210854492,5,46.571075439453125,3.384756837043338
178,1629210860492,5,46.57293701171875,3.38423799723702
179,1629210866554,5,46.57467651367188,3.3831978030534304
180,1629210872491,5,46.57623291015625,3.3816557005079293
181,1629210878471,5,46.5775146484375,3.379688719290662
182,1629210886660,5,46.5784912109375,3.377384282651709
183,1629210890517,5,46.57940673828125,3.374995943162008
184,1629210896539,5,46.580322265625,3.3725926000656306
185,1629210902504,5,46.58120727539063,3.3701946213872827
186,1629210908258,5,46.582122802734375,3.367797313261188
187,1629210914477,5,46.5830078125,3.365396987649952
188,1629210920503,5,46.583892822265625,3.3630068041415537
189,1629210926491,5,46.58477783203125,3.360614944252521
190,1629210932475,5,46.585693359375,3.3582074940235893
191,1629210938476,5,46.58657836914063,3.3558013010801333
192,1629210944483,5,46.58734130859375,3.3533205091984506
193,1629210950618,5,46.5877685546875,3.350676521662018
194,1629210956485,5,46.58786010742188,3.347956007349629
195,1629210962481,5,46.58795166015625,3.3452565316142
196,1629210968476,5,46.58853149414063,3.3426691219241755
197,1629210974514,5,46.5894775390625,3.3403050061346407
198,1629210980481,5,46.59039306640625,3.3379171695591303
199,1629210986479,5,46.59100341796875,3.335338644686467
200,1629210992483,5,46.591217041015625,3.3326333016188188
201,1629210998484,5,46.59124755859375,3.329905914145829
202,1629211004522,5,46.59127807617188,3.327228063720583
203,1629211010480,5,46.59136962890625,3.3246066235036817
204,1629211016495,5,46.59176635742188,3.322053328159565
205,1629211022470,5,46.59246826171875,3.319527776914946
206,1629211028450,5,46.59347534179688,3.317209929230918
207,1629211034425,5,46.59454345703125,3.3150281198353646
208,1629211040426,5,46.595611572265625,3.3128887228698587
209,1629211046483,5,46.59664916992188,3.3107989467711287
210,1629211052466,5,46.5977783203125,3.308627363297444
211,1629211058122,5,46.59912109375,3.306682342666486
212,1629211064469,5,46.600433349609375,3.3047428540916224
213,1629211070464,5,46.60177612304688,3.302828678864336
214,1629211076464,5,46.60308837890625,3.3008922077746137
215,1629211082466,5,46.60443115234375,3.2989773619950737
216,1629211088536,5,46.605865478515625,3.2972414698482466
217,1629211094473,5,46.607421875,3.2956928294182712
218,1629211100469,5,46.608978271484375,3.294163132089464
219,1629211106500,5,46.61053466796875,3.2926378771693376
220,1629211112505,5,46.612152099609375,3.291274141523327
221,1629211118466,5,46.61392211914063,3.2903327699781304
222,1629211124489,5,46.61566162109375,3.289876291531408
223,1629211130470,5,46.6173095703125,3.28975374810704
224,1629211136490,5,46.61886596679688,3.289617039266312
225,1629211142486,5,46.62026977539063,3.289202637973511
226,1629211148489,5,46.621429443359375,3.2886680401892296
227,1629211154677,5,46.622314453125,3.288141991946183
228,1629211160489,5,46.623077392578125,3.287573782730184
229,1629211166461,5,46.62374877929688,3.287053853276453
230,1629211172454,5,46.62423706054688,3.286676751452765
231,1629211181230,5,46.62466430664063,3.2863334286988586
232,1629211185495,5,46.62506103515625,3.286188002678832
233,1629211191420,5,46.625579833984375,3.2858279161185826
234,1629211197466,5,46.626251220703125,3.285487862306913
235,1629211203464,5,46.62701416015625,3.284997269514282
236,1629211209163,5,46.627716064453125,3.2844669465006184
237,1629211215486,5,46.62884521484375,3.2836399041146818
238,1629211221470,5,46.62985229492188,3.282867008823233
239,1629211227483,5,46.630859375,3.2820457499504854
240,1629211233170,5,46.6318359375,3.281200099739508
241,1629211239471,5,46.632904052734375,3.2803238555819543
242,1629211245468,5,46.63397216796875,3.279501926156952
243,1629211251458,5,46.635009765625,3.278691479939296
244,1629211257470,5,46.635986328125,3.277917495000435
245,1629211263468,5,46.637054443359375,3.277096068489623
246,1629211269462,5,46.638092041015625,3.276206413286995
247,1629211275476,5,46.63916015625,3.2752662152082426
248,1629211281462,5,46.6402587890625,3.2744267676056125
249,1629211287477,5,46.6416015625,3.2734670396924703
250,1629211293491,5,46.64306640625,3.2727546617419203
251,1629211299463,5,46.644622802734375,3.2722261827469543
252,1629211305464,5,46.64614868164063,3.271716898310251
253,1629211311483,5,46.64767456054688,3.271217755976385
254,1629211317465,5,46.64923095703125,3.270684164020485
255,1629211323465,5,46.65087890625,3.270118553194469
256,1629211329481,5,46.6527099609375,3.269484546038573
257,1629211335480,5,46.654541015625,3.268858836966817
258,1629211341534,5,46.6563720703125,3.2682851795137564
259,1629211347456,5,46.65817260742188,3.2676340732753903
260,1629211353527,5,46.659942626953125,3.2667098008126643
261,1629211359414,5,46.66159057617188,3.26546902768618
262,1629211365455,5,46.663116455078125,3.263866575437844
263,1629211371455,5,46.66448974609375,3.2620222214639765
264,1629211377490,5,46.66567993164063,3.2598932180584037
265,1629211383460,5,46.66665649414063,3.2575879432291326
266,1629211389476,5,46.66766357421875,3.2552539184719835
267,1629211395454,5,46.66864013671875,3.252909835431029
268,1629211415367,5,46.670257568359375,3.2490115799040056
269,1629211416934,5,46.67138671875,3.246296932923837
270,1629211418393,5,46.672119140625,3.2442831806868724
271,1629211424482,5,46.672882080078125,3.241280028599539
272,1629211430483,5,46.67330932617188,3.238615924495494
273,1629211440201,5,46.67446899414063,3.2348858937651244
274,1629211444478,5,46.675384521484375,3.233134076002271
275,1629211450465,5,46.676788330078125,3.231321489441424
276,1629211456469,5,46.67822265625,3.229652065786747
277,1629211462459,5,46.6795654296875,3.2281368691504264
278,1629211468461,5,46.6807861328125,3.2267463114142667
279,1629211474460,5,46.68194580078125,3.225442674013996
280,1629211480454,5,46.68292236328125,3.2243422977656357
281,1629211486452,5,46.683685302734375,3.223571581769012
282,1629211492482,5,46.6844482421875,3.222914775836489
283,1629211498436,5,46.68524169921875,3.2221118733316865
284,1629211504396,5,46.68603515625,3.221240574497004
285,1629211510491,5,46.68682861328125,3.220323594290037
286,1629211516440,5,46.6876220703125,3.219412062320131
287,1629211522449,5,46.6883544921875,3.21857990697326
288,1629211528516,5,46.68911743164063,3.217694358903186
289,1629211571674,5,46.6925048828125,3.2138282898843418
290,1629211571680,5,46.691993982574616,3.2144339662075176
291,1629211573963,5,46.69317626953125,3.2130458392232777
292,1629211578441,5,46.694091796875,3.212015535685431
293,1629211581409,5,46.69500732421875,3.210954470562945
294,1629211583605,5,46.695892333984375,3.2099464628875345
295,1629211585429,5,46.69671630859375,3.209039205688246
296,1629211590462,5,46.697509765625,3.2081395760208444
297,1629211596273,5,46.69821166992188,3.2073541916936703
298,1629211602227,5,46.69921875,3.2062067091494857
299,1629211608508,5,46.700103759765625,3.205208508300786
300,1629211614512,5,46.70089721679688,3.20430234074891
301,1629211620104,5,46.70166015625,3.203447470444444
302,1629211626505,5,46.702423095703125,3.2025917619496607
303,1629211632742,5,46.70318603515625,3.2017026934802546
304,1629211638584,5,46.70407104492188,3.2007312309026723
305,1629211644383,5,46.7049560546875,3.199674105274677
306,1629211650432,5,46.705902099609375,3.1986546143919217
307,1629211656403,5,46.70684814453125,3.197600506249068
308,1629211662475,5,46.70773315429688,3.1965745613008703
309,1629211668383,5,46.708587646484375,3.195608379322286
310,1629211674461,5,46.70944213867188,3.1946470588475413
311,1629211680462,5,46.7103271484375,3.193626226860278
312,1629211686475,5,46.71124267578125,3.192625511440628
313,1629211692447,5,46.71212768554688,3.191636530685417
314,1629211698468,5,46.7130126953125,3.1906538363575847
315,1629211704499,5,46.7138671875,3.1896729022294186
316,1629211710483,5,46.7147216796875,3.1887057144224538
317,1629211716460,5,46.71551513671875,3.187843887138355
318,1629211722461,5,46.71630859375,3.186978455635893
319,1629211728449,5,46.717132568359375,3.1860394310235844
320,1629211734450,5,46.71792602539063,3.1851324252813917
321,1629211740542,5,46.71871948242188,3.1842401716887805
322,1629211746189,5,46.71954345703125,3.183315647768959
323,1629211752507,5,46.72042846679688,3.1823159381776884
324,1629211758452,5,46.72134399414063,3.18131145090161
325,1629211764376,5,46.722198486328125,3.180333618077617
326,1629211770443,5,46.72308349609375,3.1793666817277475
327,1629211776437,5,46.72393798828125,3.178392117845992
328,1629211782442,5,46.724700927734375,3.177575888115147
329,1629211788442,5,46.725341796875,3.176819840449073
330,1629211794460,5,46.72601318359375,3.1760797183990253
331,1629211800442,5,46.726654052734375,3.175349151718593
332,1629211806377,5,46.727386474609375,3.1745368614822387
333,1629211812442,5,46.728118896484375,3.1737125851243486
334,1629211818449,5,46.728790283203125,3.172978917139744
335,1629211824480,5,46.7294921875,3.1721860729187465
336,1629211830441,5,46.73016357421875,3.1714303605288
337,1629211836427,5,46.7308349609375,3.170667104425999
338,1629211842465,5,46.73162841796875,3.169803768399329
339,1629211848458,5,46.73248291015625,3.168843956667156
340,1629211854470,5,46.733245849609375,3.1680009048461617
341,1629211860692,5,46.733978271484375,3.167141173037856
342,1629211866455,5,46.7347412109375,3.1662242766499205
343,1629211872496,5,46.735443115234375,3.165414417165485
344,1629211878440,5,46.735870361328125,3.164894571530786
345,1629211884469,5,46.73638916015625,3.164554601538148
346,1629211890452,5,46.73687744140625,3.1640200875728985
347,1629211896438,5,46.737335205078125,3.1634383834927933
348,1629211902449,5,46.7379150390625,3.162771854552592
349,1629211908442,5,46.738555908203125,3.1620663497626427
350,1629211914438,5,46.7392578125,3.1612491980224484
351,1629211920435,5,46.739990234375,3.1603982672124733
352,1629211926433,5,46.74066162109375,3.159468881788812
353,1629211932376,5,46.741241455078125,3.158607473599872
354,1629211938434,5,46.74188232421875,3.157667024064025
355,1629211944433,5,46.7425537109375,3.1567061226844384
356,1629211950420,5,46.74331665039063,3.1555889826297343
357,1629211956416,5,46.74411010742188,3.1544545758544973
358,1629211962446,5,46.74481201171875,3.1533775851159853
359,1629211968437,5,46.745513916015625,3.152384581047252
360,1629211974455,5,46.74615478515625,3.15145368688102
361,1629211980416,5,46.746826171875,3.150437967854692
362,1629211986443,5,46.747589111328125,3.149368269371939
363,1629211992448,5,46.748321533203125,3.1483346968918555
364,1629211998438,5,46.749053955078125,3.147276733073543
365,1629212004482,5,46.749786376953125,3.146195886659572
366,1629212010467,5,46.75045776367188,3.145144209268638
367,1629212016457,5,46.75103759765625,3.144406685608573
368,1629212022459,5,46.75177001953125,3.1433745380520293
369,1629212028475,5,46.752777099609375,3.141930084678477
370,1629212034449,5,46.7537841796875,3.140474651011769
371,1629212040419,5,46.754791259765625,3.1389978434919743
372,1629212046455,5,46.7559814453125,3.137628994885029
373,1629212052419,5,46.7574462890625,3.1369084026693708
374,1629212058411,5,46.7591552734375,3.13673489727372
375,1629212079150,5,46.763427734375,3.1364088412403466
376,1629212080216,5,46.765228271484375,3.13617934473151
377,1629212085397,5,46.76708984375,3.135634604844391
378,1629212091426,5,46.768890380859375,3.1348619610100377
379,1629212097428,5,46.77066040039063,3.133986471223769
380,1629212103425,5,46.772369384765625,3.133137049156365
381,1629212109407,5,46.77407836914063,3.132287878546056
382,1629212115413,5,46.77584838867188,3.1314179208158808
383,1629212121416,5,46.777618408203125,3.1304880324780293
384,1629212127411,5,46.779388427734375,3.1295885704486905
385,1629212133406,5,46.781158447265625,3.1287507154076626
386,1629212139410,5,46.782958984375,3.127994751560621
387,1629212145415,5,46.784759521484375,3.127309447157315
388,1629212151413,5,46.78656005859375,3.12661291100376
389,1629212157416,5,46.78839111328125,3.125981334599784
390,1629212163410,5,46.79019165039063,3.1252487562625904
391,1629212169433,5,46.791900634765625,3.124453648927737
392,1629212175411,5,46.793548583984375,3.1235162168770314
393,1629212181414,5,46.795196533203125,3.1225278228550426
394,1629212187199,5,46.79681396484375,3.121514283123539
395,1629212193413,5,46.79830932617188,3.120612557980344
396,1629212199387,5,46.799652099609375,3.120054658505246
397,1629212205391,5,46.800811767578125,3.1200868450134247
398,1629212211740,5,46.80157470703125,3.121120082217381
399,1629212217404,5,46.802276611328125,3.121823575350569
400,1629212223404,5,46.80288696289063,3.1214154604851467
401,1629212229397,5,46.80303955078125,3.1204548943816874
402,1629212235350,5,46.802978515625,3.119380753490254
403,1629212241421,5,46.80291748046875,3.118174346166773
404,1629212247408,5,46.802825927734375,3.116977075117749
405,1629212253417,5,46.802734375,3.1160498689889127
406,1629212259416,5,46.8028564453125,3.115395745265405
407,1629212265354,5,46.80267333984375,3.114785039800326
408,1629212271395,5,46.802581787109375,3.113827742639104
409,1629212277416,5,46.802520751953125,3.112632311188222
410,1629212283403,5,46.80242919921875,3.1112936912631697
411,1629212289394,5,46.80230712890625,3.1097585036253634
412,1629212295443,5,46.80218505859375,3.1081590615241863
413,1629212301419,5,46.80206298828125,3.10652241111091
414,1629212307396,5,46.80194091796875,3.1048508081614083
415,1629212313400,5,46.80181884765625,3.103117430585532
416,1629212319423,5,46.80169677734375,3.1014053430437123
417,1629212325419,5,46.8016357421875,3.099695518615748
418,1629212331442,5,46.80169677734375,3.0979131907253508
419,1629212337416,5,46.8018798828125,3.09598317370107
420,1629212343408,5,46.802154541015625,3.0941655579983203
421,1629212349402,5,46.80255126953125,3.0925030913232754
422,1629212355401,5,46.802978515625,3.090857639911669
423,1629212361403,5,46.80340576171875,3.089300198483364
424,1629212367392,5,46.8038330078125,3.0877021048246767
425,1629212373381,5,46.804229736328125,3.0860807094751728
426,1629212379402,5,46.8046875,3.0844377726345176
427,1629212385405,5,46.8050537109375,3.082988876852284
428,1629212391378,5,46.805419921875,3.0815897695748893
429,1629212397379,5,46.805755615234375,3.08023441583205
430,1629212403399,5,46.80615234375,3.078850144523269
431,1629212409501,5,46.8065185546875,3.0773670505760955
432,1629212415402,5,46.806976318359375,3.07582620531607
433,1629212421406,5,46.807373046875,3.0742218252300044
434,1629212427161,5,46.80780029296875,3.072694474834085
435,1629212433382,5,46.8082275390625,3.071158742534994
436,1629212439376,5,46.808624267578125,3.069520918655274
437,1629212445423,5,46.80905151367188,3.067875634881731
438,1629212451411,5,46.80950927734375,3.066202020275468
439,1629212457398,5,46.8099365234375,3.064519688489907
440,1629212463411,5,46.8104248046875,3.062884379181138
441,1629212469384,5,46.81085205078125,3.0611482355772157
442,1629212475398,5,46.811309814453125,3.059433046731222
443,1629212481396,5,46.811767578125,3.0577062070398195
444,1629212487398,5,46.812255859375,3.055884316566452
445,1629212493393,5,46.81268310546875,3.054135767745836
446,1629212499396,5,46.8131103515625,3.052423596384984
447,1629212505046,5,46.81344604492188,3.0509940627990764
448,1629212511368,5,46.81393432617188,3.0489454418449187
449,1629212517373,5,46.8143310546875,3.0472161714015966
450,1629212523352,5,46.814727783203125,3.0455506034223787
451,1629212529369,5,46.81512451171875,3.043911941352341
452,1629212535392,5,46.815521240234375,3.0422804038999995
453,1629212541330,5,46.81588745117188,3.0407100543408103
454,1629212547335,5,46.816253662109375,3.039177339526861
455,1629212553370,5,46.81658935546875,3.037701454016415
456,1629212559375,5,46.816925048828125,3.036139905455556
457,1629212565419,5,46.817291259765625,3.034666869792188
458,1629212571418,5,46.817626953125,3.0332904774723883
459,1629212577382,5,46.81793212890625,3.032030342149578
460,1629212583375,5,46.818206787109375,3.0309937521843526
461,1629212589378,5,46.81842041015625,3.0299804639099444
462,1629212595398,5,46.81866455078125,3.028903221714337
463,1629212601457,5,46.818878173828125,3.027788763868648
464,1629212607391,5,46.819122314453125,3.0266778264222918
465,1629212613385,5,46.819366455078125,3.025624221193628
466,1629212619476,5,46.819580078125,3.0245499964831626
467,1629212625414,5,46.81982421875,3.023364963012769
468,1629212631404,5,46.820068359375,3.022049088033868
469,1629212637391,5,46.82037353515625,3.020611256363821
470,1629212643381,5,46.8206787109375,3.019097317012976
471,1629212649429,5,46.82101440429688,3.0175154842464416
472,1629212655401,5,46.821319580078125,3.0159507505623773
473,1629212661361,5,46.821624755859375,3.0143700912622866
474,1629212667239,5,46.82196044921875,3.012695638465707
475,1629212673368,5,46.82232666015625,3.010986400770965
476,1629212679363,5,46.822662353515625,3.009344721215786
477,1629212685380,5,46.822998046875,3.007588628682315
478,1629212691382,5,46.8233642578125,3.005815939980564
479,1629212697366,5,46.82366943359375,3.0041809659479224
480,1629212703361,5,46.824005126953125,3.00255035050493
481,1629212709392,5,46.8243408203125,3.0009168852148584
482,1629212715325,5,46.82467651367188,2.9992568492917338
483,1629212721365,5,46.82501220703125,2.997640147808005
484,1629212727373,5,46.8253173828125,2.996051022785712
485,1629212733395,5,46.82562255859375,2.9944557789741038
486,1629212739368,5,46.825958251953125,2.992840837690041
487,1629212745389,5,46.8262939453125,2.9911725036827765
488,1629212751370,5,46.82666015625,2.9894561413703387
489,1629212757382,5,46.82696533203125,2.987797614189785
490,1629212763448,5,46.82730102539063,2.986088292676011
491,1629212769367,5,46.827667236328125,2.9842814896283523
492,1629212775412,5,46.8280029296875,2.982448786499893
493,1629212781397,5,46.828399658203125,2.980618430304323
494,1629212787371,5,46.82876586914063,2.9788450710503187
495,1629212793377,5,46.829132080078125,2.977058384570272
496,1629212799369,5,46.829498291015625,2.975254515188723
497,1629212805405,5,46.829864501953125,2.973383674400833
498,1629212811390,5,46.83026123046875,2.9714588541565194
499,1629212817372,5,46.830596923828125,2.969601424413705
500,1629212823356,5,46.830963134765625,2.967741647738002
501,1629212829312,5,46.831329345703125,2.965928977358123
502,1629212835376,5,46.83172607421875,2.96407163143434
503,1629212841393,5,46.832061767578125,2.962232809516566
504,1629212847331,5,46.83245849609375,2.960384516048208
505,1629212853359,5,46.832794189453125,2.9586397390840187
506,1629212859374,5,46.833038330078125,2.956920526924503
507,1629212865410,5,46.8330078125,2.9551388695863587
508,1629212871363,5,46.8330078125,2.953323936092624
509,1629212877371,5,46.83297729492188,2.9514854494509764
510,1629212883442,5,46.83294677734375,2.949661295863753
511,1629212889360,5,46.83294677734375,2.947907969358329
512,1629212895381,5,46.832916259765625,2.9462198540595788
513,1629212901362,5,46.8328857421875,2.944694096225262
514,1629212907392,5,46.8328857421875,2.943234387787937
515,1629212913358,5,46.8328857421875,2.941866628828404
516,1629212919356,5,46.8328857421875,2.940617976712939
517,1629212925406,5,46.8328857421875,2.939415760341044
518,1629212931356,5,46.8328857421875,2.9387391731170367
519,1629212937362,5,46.8328857421875,2.9386879596886586
520,1629212943379,5,46.8328857421875,2.938691899183149
521,1629212949361,5,46.8328857421875,2.938259476798529
522,1629212955524,5,46.832855224609375,2.937667630615586
523,1629212961397,5,46.83282470703125,2.9370805621174507
524,1629212967347,5,46.83282470703125,2.936455355959885
525,1629212973359,5,46.83267211914063,2.936398275199287
526,1629212979334,5,46.83267211914063,2.936768000948184
527,1629212985309,5,46.8326416015625,2.9369053803411656
528,1629212991347,5,46.8326416015625,2.937130769717448
529,1629212997385,5,46.83251953125,2.937158849093073
530,1629213003603,5,46.83245849609375,2.9372058715698657
531,1629213009309,5,46.83245849609375,2.9372058715698657
532,1629213015368,5,46.83245849609375,2.9372058715698657
533,1629213021362,5,46.83248901367188,2.937158262359851
534,1629213027357,5,46.83248901367188,2.9371389839825564
535,1629213033342,5,46.83248901367188,2.9371389839825564
536,1629213039354,5,46.83248901367188,2.9371389839825564
537,1629213045367,5,46.83248901367188,2.9371389839825564
538,1629213051372,5,46.83248901367188,2.9371389839825564
539,1629213057355,5,46.83248901367188,2.9371389839825564
540,1629213065757,5,46.83248901367188,2.9371389839825564
541,1629213070309,5,46.83250527367632,2.9371389839825564
542,1629213078166,5,46.83248901367188,2.9371389839825564
543,1629213083524,5,46.83248901367188,2.9371389839825564
544,1629213089529,5,46.83248901367188,2.9371389839825564
545,1629213095354,5,46.83248901367188,2.9371389839825564
546,1629213101352,5,46.83248901367188,2.937177959832304
547,1629213107358,5,46.83248901367188,2.937177959832304
548,1629213113373,5,46.83248901367188,2.937177959832304
549,1629213119369,5,46.83248901367188,2.937177959832304
550,1629213125335,5,46.83248901367188,2.937177959832304
551,1629213131358,5,46.83248901367188,2.937177959832304
552,1629213137341,5,46.83248901367188,2.937177959832304
553,1629213143336,5,46.83248901367188,2.937177959832304
554,1629213149354,5,46.83248901367188,2.937177959832304
555,1629213155330,5,46.83248901367188,2.937177959832304
556,1629213161292,5,46.83248901367188,2.937177959832304
557,1629213167335,5,46.83248901367188,2.9371539875892334
558,1629213173334,5,46.83248901367188,2.9371539875892334
559,1629213179367,5,46.83248901367188,2.9371539875892334
560,1629213185335,5,46.83248901367188,2.9371539875892334
561,1629213191423,5,46.83248901367188,2.9371539875892334
562,1629213197420,5,46.83248901367188,2.9371539875892334
563,1629213203355,5,46.83248901367188,2.9371539875892334
564,1629213209437,5,46.83248901367188,2.9371539875892334
565,1629213215342,5,46.83248901367188,2.9371539875892334
566,1629213221330,5,46.83248901367188,2.9371539875892334
567,1629213227424,5,46.83248901367188,2.9371539875892334
568,1629213233334,5,46.83248901367188,2.9371539875892334
569,1629213239342,5,46.83248901367188,2.9371539875892334
570,1629213245343,5,46.83248901367188,2.9371539875892334
571,1629213251344,5,46.83248901367188,2.9371539875892334
572,1629213257348,5,46.83248901367188,2.9371539875892334
573,1629213263339,5,46.83248901367188,2.9371539875892334
574,1629213269343,5,46.83248901367188,2.9371539875892334
575,1629213275155,5,46.83248901367188,2.9371539875892334
576,1629213281328,5,46.83248901367188,2.9371539875892334
577,1629213287324,5,46.83248901367188,2.9371539875892334
578,1629213293318,5,46.83248901367188,2.9371539875892334
579,1629213299341,5,46.83248901367188,2.9371539875892334
580,1629213305326,5,46.83248901367188,2.9371539875892334
581,1629213311326,5,46.83248901367188,2.9371539875892334
582,1629213317352,5,46.83248901367188,2.9371539875892334
583,1629213323282,5,46.83248901367188,2.9371539875892334
584,1629213329327,5,46.83248901367188,2.9371539875892334
585,1629213335331,5,46.83248901367188,2.9371539875892334
586,1629213341323,5,46.83248901367188,2.9371539875892334
587,1629213347325,5,46.83248901367188,2.9371539875892334
588,1629213353326,5,46.83248901367188,2.9371539875892334
589,1629213359331,5,46.83248901367188,2.9371539875892334
590,1629213365327,5,46.83248901367188,2.9371539875892334
591,1629213371333,5,46.83248901367188,2.9371539875892334
592,1629213377373,5,46.83248901367188,2.9371539875892334
593,1629213383388,5,46.83248901367188,2.9371539875892334
594,1629213389381,5,46.83248901367188,2.9371539875892334
595,1629213395369,5,46.83248901367188,2.9371539875892334
596,1629213401367,5,46.83251953125,2.937163291501754
597,1629213407374,5,46.83258056640625,2.9372321907458243
598,1629213413385,5,46.83258056640625,2.9372321907458243
599,1629213419392,5,46.83258056640625,2.9372321907458243
600,1629213425374,5,46.83258056640625,2.9372321907458243
601,1629213431288,5,46.83258056640625,2.9372321907458243
602,1629213437376,5,46.83258056640625,2.9372321907458243
603,1629213443382,5,46.83258056640625,2.9372321907458243
604,1629213449406,5,46.83258056640625,2.9372321907458243
605,1629213455402,5,46.83258056640625,2.9372321907458243
606,1629213461404,5,46.83258056640625,2.9372321907458243
607,1629213467418,5,46.83258056640625,2.9372321907458243
608,1629213473373,5,46.83258056640625,2.9372321907458243
609,1629213479390,5,46.83258056640625,2.9372321907458243
610,1629213485395,5,46.83258056640625,2.9372321907458243
611,1629213491334,5,46.83258056640625,2.9372321907458243
612,1629213497439,5,46.83258056640625,2.9372321907458243
613,1629213503350,5,46.83258056640625,2.9372321907458243
614,1629213509384,5,46.83258056640625,2.9372321907458243
615,1629213515368,5,46.83258056640625,2.9372321907458243
616,1629213521367,5,46.83258056640625,2.9372321907458243
617,1629213527366,5,46.83258056640625,2.9372321907458243
618,1629213533355,5,46.83258056640625,2.9372321907458243
619,1629213539351,5,46.83258056640625,2.9372321907458243
620,1629213545380,5,46.83258056640625,2.9372321907458243
621,1629213551370,5,46.83258056640625,2.9372321907458243
622,1629213557357,5,46.83258056640625,2.9372321907458243
623,1629213563379,5,46.83258056640625,2.9372321907458243
624,1629213569353,5,46.83258056640625,2.9372321907458243
625,1629213575383,5,46.83258056640625,2.9372321907458243
626,1629213581365,5,46.83258056640625,2.9372321907458243
627,1629213587365,5,46.83258056640625,2.9372321907458243
628,1629213593364,5,46.83258056640625,2.9372321907458243
629,1629213599334,5,46.83258056640625,2.9372321907458243
630,1629213605334,5,46.83258056640625,2.9372321907458243
631,1629213611281,5,46.83258056640625,2.9372321907458243
632,1629213617367,5,46.83258056640625,2.9372321907458243
633,1629213623466,5,46.83258056640625,2.9372321907458243
634,1629213629507,5,46.83258056640625,2.9372321907458243
635,1629213635341,5,46.8326416015625,2.937247278171533
636,1629213641361,5,46.8326416015625,2.937207380312437
637,1629213647402,5,46.8326416015625,2.937207380312437
638,1629213655748,5,46.8326416015625,2.937207380312437
639,1629213659444,5,46.8326416015625,2.937207380312437
640,1629213665375,5,46.8326416015625,2.937207380312437
641,1629213671383,5,46.8326416015625,2.937207380312437
642,1629213677365,5,46.8326416015625,2.937132278460019
643,1629213683344,5,46.83267211914063,2.9368508979705505
644,1629213689386,5,46.83267211914063,2.9365851078209806
645,1629213695379,5,46.832763671875,2.9365188069668937
646,1629213701370,5,46.832794189453125,2.936895070600265
647,1629213707415,5,46.832794189453125,2.9376805387464704
648,1629213713322,5,46.83282470703125,2.9383710399297422
649,1629213719267,5,46.83282470703125,2.938520153987164
650,1629213725360,5,46.83282470703125,2.9385078325895018
651,1629213731350,5,46.83282470703125,2.938519231977815
652,1629213737347,5,46.832855224609375,2.938548736276979
653,1629213743274,5,46.83331298828125,2.938600536438579
654,1629213749333,5,46.834320068359375,2.938373470681662
655,1629213755277,5,46.835357666015625,2.937676850709075
656,1629213761329,5,46.836273193359375,2.9364401847151447
657,1629213767355,5,46.83685302734375,2.9348113294718177
658,1629213773330,5,46.837158203125,2.933011986317982
659,1629213779331,5,46.83734130859375,2.931756628679979
660,1629213785329,5,46.837493896484375,2.931097308176505
661,1629213791350,5,46.83758544921875,2.930039511996256
662,1629213797344,5,46.837799072265625,2.9284418374327275
663,1629213803361,5,46.8380126953125,2.9264062084284856
664,1629213809331,5,46.838165283203125,2.9242545738843493
665,1629213815348,5,46.838287353515625,2.922350708397964
666,1629213821332,5,46.83837890625,2.920949924739935
667,1629213827338,5,46.838470458984375,2.919624745848514
668,1629213833349,5,46.83843994140625,2.9180620238212103
669,1629213839347,5,46.838134765625,2.916522352027629
670,1629213845354,5,46.83761596679688,2.915248721840712
671,1629213851342,5,46.837005615234375,2.914214478808375
672,1629213857359,5,46.836700439453125,2.913377126681538
673,1629213863334,5,46.83657836914063,2.9127912316498463
674,1629213869371,5,46.83642578125,2.91200526058945
675,1629213875359,5,46.83673095703125,2.9109204746809887
676,1629213881315,5,46.83712768554688,2.909645168113438
677,1629213887264,5,46.83746337890625,2.9083995334831143
678,1629213893319,5,46.83786010742188,2.907027164476837
679,1629213899320,5,46.838226318359375,2.905596960338676
680,1629213905294,5,46.838623046875,2.9040095116970166
681,1629213911362,5,46.8389892578125,2.902221819388589
682,1629213917335,5,46.839263916015625,2.900253916161973
683,1629213923381,5,46.83950805664063,2.898295233028846
684,1629213929316,5,46.839752197265625,2.896407209339455
685,1629213935321,5,46.83999633789063,2.8944872505989805
686,1629213941342,5,46.840362548828125,2.89267399348588
687,1629213947342,5,46.840911865234375,2.890893593433211
688,1629213953323,5,46.8414306640625,2.889097100126454
689,1629213959314,5,46.84197998046875,2.8873478807535835
690,1629213965324,5,46.84259033203125,2.885576952251499
691,1629213971317,5,46.84307861328125,2.8837630245861443
692,1629213977355,5,46.84344482421875,2.881918000060024
693,1629213983356,5,46.843658447265625,2.8799503482905027
694,1629213989346,5,46.8438720703125,2.878057546916304
695,1629213995331,5,46.844146728515625,2.87619232200354
696,1629214001330,5,46.84439086914063,2.874357691037352
697,1629214007349,5,46.84466552734375,2.8725012671229173
698,1629214013351,5,46.84490966796875,2.870712568986109
699,1629214019361,5,46.84515380859375,2.869009282442619
700,1629214025332,5,46.84536743164063,2.8674368374076367
701,1629214031310,5,46.8455810546875,2.8658411745008694
702,1629214037320,5,46.84591674804688,2.8642477747079584
703,1629214043307,5,46.84640502929688,2.862514732408209
704,1629214049305,5,46.846954345703125,2.860592845830005
705,1629214055332,5,46.84747314453125,2.85862301476566
706,1629214061339,5,46.848052978515625,2.856619488450565
707,1629214067474,5,46.84857177734375,2.8547196462777022
708,1629214073308,5,46.84906005859375,2.852902030574952
709,1629214079307,5,46.84957885742188,2.8510952275272934
710,1629214085315,5,46.85009765625,2.8493698127594302
711,1629214091329,5,46.85076904296875,2.8477203380343017
712,1629214097336,5,46.851409912109375,2.846132554116516
713,1629214103336,5,46.85202026367188,2.8445689100798632
714,1629214109311,5,46.8526611328125,2.8430149890508902
715,1629214115313,5,46.853271484375,2.8414743114289283
716,1629214121338,5,46.85394287109375,2.839831626045368
717,1629214127320,5,46.85464477539063,2.838114341723582
718,1629214133330,5,46.855377197265625,2.8363389708128164
719,1629214139338,5,46.8560791015625,2.8346169926252536
720,1629214145341,5,46.856719970703125,2.8330224193658986
721,1629214151319,5,46.857330322265625,2.831473778935924
722,1629214157324,5,46.857940673828125,2.829941567036165
723,1629214163325,5,46.85861206054688,2.8283638414021843
724,1629214169351,5,46.859222412109375,2.826812351125131
725,1629214175349,5,46.85986328125,2.825197326022037
726,1629214181325,5,46.86053466796875,2.823573080825455
727,1629214187427,5,46.8612060546875,2.821915140378123
728,1629214193301,5,46.861907958984375,2.820280669259671
729,1629214199320,5,46.862548828125,2.818716438489797
730,1629214205344,5,46.863189697265625,2.817135863008738
731,1629214211348,5,46.863861083984375,2.815425954761743
732,1629214217307,5,46.86456298828125,2.813671873885033
733,1629214223304,5,46.865264892578125,2.8119799867298565
734,1629214229303,5,46.86587524414063,2.81040586531424
735,1629214235309,5,46.866607666015625,2.80847392045223
736,1629214241302,5,46.867523193359375,2.806301750245324
737,1629214247324,5,46.86834716796875,2.804316161203016
738,1629214253322,5,46.86907958984375,2.8024915047016017
739,1629214259309,5,46.86981201171875,2.80069090426229
740,1629214265305,5,46.87054443359375,2.7989377453949293
741,1629214271308,5,46.87130737304688,2.796996999534589
742,1629214277325,5,46.87213134765625,2.7950057107981245
743,1629214283416,5,46.8729248046875,2.793045854198553
744,1629214289319,5,46.87371826171875,2.7911236323442226
745,1629214295345,5,46.87451171875,2.789215575906252
746,1629214301329,5,46.87530517578125,2.787181120368454
747,1629214307436,5,46.876068115234375,2.785196537154526
748,1629214313310,5,46.876861572265625,2.7832228504147225
749,1629214319338,5,46.877685546875,2.781223263594118
750,1629214325306,5,46.87847900390625,2.7792358305331124
751,1629214331320,5,46.879302978515625,2.777254851537549
752,1629214337334,5,46.88009643554688,2.775250235575042
753,1629214343314,5,46.880889892578125,2.773253833877643
754,1629214349301,5,46.881683349609375,2.77131929062565
755,1629214355294,5,46.88247680664063,2.769343592229084
756,1629214361241,5,46.88327026367188,2.7673491183694146
757,1629214367396,5,46.88409423828125,2.7653569076236013
758,1629214373238,5,46.8848876953125,2.763400655242394
759,1629214379323,5,46.88568115234375,2.761445743965694
760,1629214385318,5,46.886474609375,2.7594621665801475
761,1629214391292,5,46.887298583984375,2.7574716322149686
762,1629214397311,5,46.888092041015625,2.7554863784487877
763,1629214403301,5,46.88888549804688,2.7534833550478828
764,1629214409322,5,46.88970947265625,2.7514946647014016
765,1629214415320,5,46.8905029296875,2.749510919677792
766,1629214421322,5,46.89129638671875,2.747511165219124
767,1629214427317,5,46.89208984375,2.7455808129187167
768,1629214433301,5,46.89276123046875,2.743894206362538
769,1629214439302,5,46.89328002929688,2.742634657772949
770,1629214445300,5,46.89373779296875,2.7414518874164124
771,1629214451323,5,46.89425659179688,2.7401883993323333
772,1629214457346,5,46.89468383789063,2.739104451614189
773,1629214463305,5,46.89508056640625,2.7381536923374403
774,1629214469300,5,46.895416259765625,2.736962791534827
775,1629214475277,5,46.89556884765625,2.735641635956928
776,1629214481301,5,46.89566040039063,2.734484430405064
777,1629214487279,5,46.89581298828125,2.7333126403416816
778,1629214493228,5,46.895904541015625,2.7321929857160265
779,1629214499255,5,46.895751953125,2.7312064357127355
780,1629214505307,5,46.89593505859375,2.7302981726850666
781,1629214511282,5,46.896026611328125,2.7294897381241707
782,1629214517254,5,46.89645385742188,2.72912520915524
783,1629214523274,5,46.8968505859375,2.728352900597014
784,1629214529306,5,46.89727783203125,2.7272049151386386
785,1629214535461,5,46.897705078125,2.7260705083634016
786,1629214541306,5,46.89810180664063,2.725008940326725
787,1629214547315,5,46.89849853515625,2.7241189498479703
788,1629214553288,5,46.89886474609375,2.723082024606618
789,1629214559292,5,46.899322509765625,2.7218417543943243
790,1629214565288,5,46.8997802734375,2.7206226065780226
791,1629214571280,5,46.90020751953125,2.7195065561707312
792,1629214577318,5,46.9005126953125,2.71862897090867
793,1629214583318,5,46.90084838867188,2.7177603542830027
794,1629214589310,5,46.901214599609375,2.7168047335024146
795,1629214595305,5,46.90158081054688,2.7158303372587222
796,1629214601283,5,46.90200805664063,2.7147832699145327
797,1629214607295,5,46.902435302734375,2.713610138746643
798,1629214613348,5,46.9029541015625,2.712318906563066
799,1629214619321,5,46.9034423828125,2.710982915016553
800,1629214625298,5,46.903900146484375,2.7096332609678706
801,1629214631309,5,46.9044189453125,2.7081768214727826
802,1629214637219,5,46.90496826171875,2.70662927069022
803,1629214643275,5,46.905548095703125,2.704993709924356
804,1629214649279,5,46.906158447265625,2.7033842168773554
805,1629214655411,5,46.90670776367188,2.701816549527181
806,1629214661294,5,46.907257080078125,2.7002789732093926
807,1629214667303,5,46.907806396484375,2.6987464260335066
808,1629214673271,5,46.90835571289063,2.697138525548109
809,1629214679316,5,46.90899658203125,2.695254692810304
810,1629214685273,5,46.90982055664063,2.6929465681339546
811,1629214691317,5,46.91070556640625,2.690469296651604
812,1629214697308,5,46.91162109375,2.687941817569256
813,1629214703286,5,46.91253662109375,2.685344936328647
814,1629214709303,5,46.9134521484375,2.6828870270426224
815,1629214715273,5,46.91421508789063,2.680720891806
816,1629214721280,5,46.9149169921875,2.6787040382648617
817,1629214727291,5,46.9156494140625,2.676631864162792
818,1629214733322,5,46.9163818359375,2.674597157167899
819,1629214739311,5,46.9171142578125,2.6725932117576456
820,1629214745279,5,46.91769409179688,2.6706569921250183
821,1629214751268,5,46.91812133789063,2.6685499493057545
822,1629214757273,5,46.918487548828125,2.6663381326968465
823,1629214763295,5,46.91888427734375,2.66410536133001
824,1629214769286,5,46.919281005859375,2.661880636590218
825,1629214775429,5,46.919677734375,2.659636046739909
826,1629214781332,5,46.9200439453125,2.657437976452203
827,1629214787283,5,46.92047119140625,2.655196990820258
828,1629214793273,5,46.92086791992188,2.652973607184973
829,1629214799307,5,46.92120361328125,2.650749050083245
830,1629214805211,5,46.92160034179688,2.648519212382518
831,1629214811203,5,46.9219970703125,2.646270012485465
832,1629214817304,5,46.922393798828125,2.644013604151685
833,1629214823276,5,46.92279052734375,2.641797009857969
834,1629214829270,5,46.92315673828125,2.6395723689372086
835,1629214835207,5,46.92355346679688,2.6373300422007566
836,1629214841210,5,46.9239501953125,2.635101629423569
837,1629214847205,5,46.92431640625,2.6328840293014726
838,1629214853279,5,46.924713134765625,2.6306487433636847
839,1629214859278,5,46.92510986328125,2.6283981185430925
840,1629214865283,5,46.92550659179688,2.626153025778593
841,1629214871265,5,46.9259033203125,2.6239065919095874
842,1629214877265,5,46.926300048828125,2.621689578520713
843,1629214883262,5,46.92669677734375,2.6194796897495345
844,1629214889269,5,46.927093505859375,2.6172627601796923
845,1629214895276,5,46.92745971679688,2.615083716812185
846,1629214901288,5,46.927825927734375,2.612978434192588
847,1629214907286,5,46.92819213867188,2.6108508557105536
848,1629214913284,5,46.928558349609375,2.608812544497297
849,1629214919229,5,46.92889404296875,2.6067820284539898
850,1629214925260,5,46.929290771484375,2.604905990886134
851,1629214931291,5,46.92962646484375,2.6032881159359618
852,1629214937270,5,46.92987060546875,2.6016603503400475
853,1629214943298,5,46.930206298828125,2.600154289978184
854,1629214949288,5,46.930694580078125,2.5987430289411906
855,1629214955276,5,46.93121337890625,2.5973646249646296
856,1629214961249,5,46.9317626953125,2.596039948987398
857,1629214967197,5,46.932525634765625,2.594521818684968
858,1629214973194,5,46.93353271484375,2.593103265392215
859,1629214979246,5,46.93450927734375,2.5917552877241667
860,1629214985195,5,46.93548583984375,2.5904244091385884
861,1629214991199,5,46.9365234375,2.5890097115212947
862,1629214997225,5,46.937591552734375,2.5875510089123503
863,1629215003277,5,46.93865966796875,2.5861092377478125
864,1629215009200,5,46.939697265625,2.584738964217328
865,1629215015268,5,46.94064331054688,2.583447229119561
866,1629215021249,5,46.9415283203125,2.582241995262524
867,1629215027203,5,46.942474365234375,2.58101245388629
868,1629215033205,5,46.9434814453125,2.579648885878343
869,1629215039266,5,46.9444580078125,2.578271906825321
870,1629215045251,5,46.9454345703125,2.576952176170961
871,1629215051278,5,46.9464111328125,2.5755951460474877
872,1629215057249,5,46.94744873046875,2.5741863995814454
873,1629215063252,5,46.948486328125,2.572776312010896
874,1629215069249,5,46.949462890625,2.571447612720142
875,1629215075258,5,46.950469970703125,2.5700793508464197
876,1629215081275,5,46.95147705078125,2.568761045115598
877,1629215087280,5,46.952484130859375,2.56738767028094
878,1629215093280,5,46.953521728515625,2.565948078411227
879,1629215099255,5,46.95455932617188,2.564559029417638
880,1629215105249,5,46.95550537109375,2.5632760114991693
881,1629215111268,5,46.95635986328125,2.562183178963663
882,1629215117259,5,46.95721435546875,2.561006108301283
883,1629215123283,5,46.958038330078125,2.5598319713050124
884,1629215129285,5,46.958892822265625,2.558728242295383
885,1629215135277,5,46.959716796875,2.5575720425719
886,1629215141282,5,46.9605712890625,2.556419866161939
887,1629215147256,5,46.961456298828125,2.555239191281195
888,1629215153257,5,46.96237182617188,2.5540421716892663
889,1629215159262,5,46.963226318359375,2.55287163891136
890,1629215165286,5,46.964111328125,2.551716696473352
891,1629215171280,5,46.965118408203125,2.5504714809381874
892,1629215177281,5,46.96630859375,2.548942873256792
893,1629215183211,5,46.967529296875,2.547275209801781
894,1629215189259,5,46.96868896484375,2.545720282944428
895,1629215195185,5,46.969818115234375,2.5441886577778905
896,1629215201187,5,46.970977783203125,2.542628450321539
897,1629215207188,5,46.97213745117188,2.5410805642628493
898,1629215213267,5,46.973236083984375,2.539650192486625
899,1629215219189,5,46.97418212890625,2.5384318828606403
900,1629215225228,5,46.97506713867188,2.537236120554188
901,1629215231244,5,46.975860595703125,2.536043627189972
902,1629215237273,5,46.9765625,2.5350175146037106
903,1629215243235,5,46.977142333984375,2.534256689252829
904,1629215249236,5,46.977447509765625,2.533951001244163
905,1629215255243,5,46.97784423828125,2.5338195730024333
906,1629215261261,5,46.97799682617188,2.533213645222162
907,1629215267390,5,46.978424072265625,2.532519120725368
908,1629215273261,5,46.979034423828125,2.531632231550786
909,1629215279320,5,46.979827880859375,2.53060243092713
910,1629215285241,5,46.980712890625,2.52935989760098
911,1629215291246,5,46.981689453125,2.528056344019741
912,1629215297252,5,46.982666015625,2.5267479289346624
913,1629215303264,5,46.98370361328125,2.5253910664492523
914,1629215309265,5,46.984710693359375,2.524069575595226
915,1629215315283,5,46.985687255859375,2.5227628368907817
916,1629215321267,5,46.986572265625,2.5215201359265684
917,1629215327259,5,46.987396240234375,2.520406600090228
918,1629215333275,5,46.98825073242188,2.5192544236802674
919,1629215339292,5,46.989166259765625,2.518023457380494
920,1629215345181,5,46.9901123046875,2.5167580414586856
921,1629215351203,5,46.99102783203125,2.515503522011
922,1629215357209,5,46.99200439453125,2.514234250413733
923,1629215363185,5,46.99285888671875,2.5130798108899155
924,1629215369182,5,46.99359130859375,2.5120979547524005
925,1629215375290,5,46.99429321289063,2.5111664738529464
926,1629215381190,5,46.9949951171875,2.5102207437181008
927,1629215387187,5,46.995697021484375,2.50927182846005
928,1629215393252,5,46.99639892578125,2.508316794412684
929,1629215399269,5,46.99703979492188,2.507443903016399
930,1629215405237,5,46.9976806640625,2.5065334606939054
931,1629215411269,5,46.998382568359375,2.5055972021096435
932,1629215417296,5,46.9991455078125,2.504624314608522
933,1629215423227,5,47.000030517578125,2.5034262053691814
934,1629215429248,5,47.001007080078125,2.5020568538480457
935,1629215435251,5,47.002044677734375,2.5006740912818355
936,1629215441280,5,47.0030517578125,2.499353103342
937,1629215447263,5,47.00405883789063,2.4980161059671064
938,1629215453233,5,47.00503540039063,2.4967003986262686
939,1629215459233,5,47.0059814453125,2.495392905550539
940,1629215465236,5,47.006927490234375,2.494070157411037
941,1629215471334,5,47.0079345703125,2.4927804339700312
942,1629215477281,5,47.0089111328125,2.4914788082265216
943,1629215483257,5,47.00991821289063,2.490148935469324
944,1629215489285,5,47.01095581054688,2.4887450505071214
945,1629215495238,5,47.01190185546875,2.4874844122701205
946,1629215501165,5,47.01287841796875,2.486163424330285
947,1629215507170,5,47.01388549804688,2.48479801230364
948,1629215513166,5,47.014923095703125,2.4833849910669805
949,1629215519167,5,47.01593017578125,2.482024524363206
950,1629215525167,5,47.016845703125,2.480778219180629
951,1629215531288,5,47.01773071289063,2.479638699444457
952,1629215537208,5,47.0185546875,2.478556092830821
953,1629215543220,5,47.01922607421875,2.4776001367741056
954,1629215549225,5,47.01974487304688,2.4769587535434185
955,1629215555220,5,47.020050048828125,2.4767184443794905
956,1629215561219,5,47.020355224609375,2.4764727707975323
957,1629215567335,5,47.02056884765625,2.475783023985546
958,1629215573218,5,47.0211181640625,2.475062431769888
959,1629215579244,5,47.02178955078125,2.4741758778714336
960,1629215585267,5,47.022552490234375,2.473140126096525
961,1629215591237,5,47.023468017578125,2.471943860875882
962,1629215597226,5,47.024505615234375,2.4705927819036604
963,1629215603228,5,47.025482177734375,2.46925444342426
964,1629215609246,5,47.02655029296875,2.467971174048696
965,1629215615222,5,47.0277099609375,2.4664890859299025
966,1629215621240,5,47.02886962890625,2.464929968120963
967,1629215627237,5,47.030059814453125,2.4633824173384005
968,1629215633248,5,47.03121948242188,2.461853725837974
969,1629215639252,5,47.03237915039063,2.4602909199916385
970,1629215645210,5,47.033538818359375,2.4587216600798616
971,1629215651234,5,47.03466796875,2.4571783840679164
972,1629215657160,5,47.0357666015625,2.45561549440255
973,1629215663159,5,47.036895751953125,2.4539868067972863
974,1629215669163,5,47.03805541992188,2.452446967365641
975,1629215675161,5,47.03900146484375,2.4511896818899093
976,1629215681169,5,47.040069580078125,2.449789568784134
977,1629215687162,5,47.0411376953125,2.44834209792544
978,1629215693212,5,47.042266845703125,2.44686554186274
979,1629215699236,5,47.04342651367188,2.4452964495890264
980,1629215705213,5,47.044525146484375,2.443832801657211
981,1629215711213,5,47.045501708984375,2.442518603058944
982,1629215717257,5,47.04653930664063,2.441120417790898
983,1629215724178,5,47.047454833984375,2.4398683290951326
984,1629215775404,5,47.05047607421875,2.436115499588136
985,1629215789256,5,47.05142211914063,2.434945805000546
986,1629215794308,5,47.052276611328125,2.433917680757524
987,1629215801329,5,47.05291748046875,2.4332058895401967
988,1629215807973,5,47.05340576171875,2.432831469925524
989,1629215809637,5,47.05386352539063,2.431909879671812
990,1629215811535,5,47.05465698242188,2.4309373274468173
991,1629215817235,5,47.055694580078125,2.429620027544377
992,1629215818826,5,47.05636596679688,2.428889879959104
993,1629215820452,5,47.05685424804688,2.4284977745287386
994,1629215822437,5,47.0572509765625,2.42849048227298
995,1629215824002,5,47.05776977539063,2.427937109025594
996,1629215825659,5,47.0574951171875,2.427059188487406
997,1629215827402,5,47.05682373046875,2.426375309007639
998,1629215829418,5,47.05584716796875,2.425024062397354
999,1629215835267,5,47.05462646484375,2.4237145576648635
1000,1629215841296,5,47.05322265625,2.422878630461565
1001,1629215847420,5,47.05181884765625,2.4225405883066564
1002,1629215853225,5,47.050567626953125,2.422467414291969
1003,1629215859268,5,47.0494384765625,2.4223272741542194
1004,1629215865215,5,47.048370361328125,2.4220371275182124
1005,1629215871227,5,47.047271728515625,2.421684376897683
1006,1629215877233,5,47.046173095703125,2.421151958408226
1007,1629215883222,5,47.0450439453125,2.420374704527129
1008,1629215889243,5,47.0440673828125,2.419558558615315
1009,1629215895246,5,47.04315185546875,2.41874576546477
1010,1629215901244,5,47.042266845703125,2.4179588723950256
1011,1629215907246,5,47.04168701171875,2.4175217561446294
1012,1629215913251,5,47.041412353515625,2.4169525411002497
1013,1629215919226,5,47.040802001953125,2.416673423724637
1014,1629215925260,5,47.04000854492188,2.4159996025286765
1015,1629215931220,5,47.039154052734375,2.4153143819444023
1016,1629215937230,5,47.03823852539063,2.4145703203998643
1017,1629215943353,5,47.03729248046875,2.413742104547484
1018,1629215949234,5,47.03628540039063,2.4128975439839184
1019,1629215955256,5,47.03530883789063,2.4120197072647622
1020,1629215961215,5,47.03433227539063,2.411169195549945
1021,1629215967215,5,47.03335571289063,2.410255484285215
1022,1629215973275,5,47.03244018554688,2.4092749692522077
1023,1629215979226,5,47.031524658203125,2.4081158358626142
1024,1629215985238,5,47.03070068359375,2.406896939503408
1025,1629215991232,5,47.02993774414063,2.405590703713154
1026,1629215997411,5,47.02923583984375,2.4042319133900145
1027,1629216003424,5,47.02862548828125,2.402761811392757
1028,1629216009302,5,47.02801513671875,2.401100602003188
1029,1629216015201,5,47.02755737304688,2.399437883871048
1030,1629216021199,5,47.02716064453125,2.397834341975299
1031,1629216027233,5,47.026885986328125,2.396228034051504
1032,1629216033231,5,47.026702880859375,2.3946905415527477
1033,1629216039269,5,47.02658081054688,2.393228737639629
1034,1629216045259,5,47.026611328125,2.391937673094116
1035,1629216051224,5,47.02667236328125,2.391096884386978
1036,1629216057222,5,47.02679443359375,2.3904169444017023
1037,1629216063254,5,47.0264892578125,2.389513878154
1038,1629216069243,5,47.026458740234375,2.3882999271176644
1039,1629216075228,5,47.02630615234375,2.3869555536679803
1040,1629216081229,5,47.026214599609375,2.385402722286419
1041,1629216087233,5,47.026214599609375,2.3838171176634577
1042,1629216093219,5,47.026397705078125,2.3822364583633675
1043,1629216099245,5,47.02682495117188,2.380618751051258
1044,1629216105148,5,47.02749633789063,2.379180751743148
1045,1629216111209,5,47.028350830078125,2.378012146802971
1046,1629216117353,5,47.029296875,2.3771338071696246
1047,1629216123217,5,47.03033447265625,2.3765279632083853
1048,1629216129207,5,47.03118896484375,2.3759629391155914
1049,1629216135229,5,47.031829833984375,2.375523811208434
1050,1629216141309,5,47.032318115234375,2.3753532394788928
1051,1629216147285,5,47.03268432617188,2.374763237314648
1052,1629216153212,5,47.0333251953125,2.3739699739984923
1053,1629216159208,5,47.034088134765625,2.3728908877841874
1054,1629216165201,5,47.0347900390625,2.371535282584253
1055,1629216171323,5,47.035430908203125,2.370089991020383
1056,1629216177246,5,47.03607177734375,2.3685006145409946
1057,1629216183222,5,47.036651611328125,2.366928420963108
1058,1629216189284,5,47.037109375,2.365297134967861
1059,1629216195230,5,47.03753662109375,2.363526625560935
1060,1629216201207,5,47.0379638671875,2.361758966001088
1061,1629216207209,5,47.03839111328125,2.359912935646586
1062,1629216213360,5,47.038848876953125,2.3580521531425025
1063,1629216219231,5,47.03927612304688,2.3561955615900048
1064,1629216225240,5,47.03973388671875,2.3545169178418397
1065,1629216231229,5,47.040283203125,2.353068441154764
1066,1629216237220,5,47.040924072265625,2.351829428227946
1067,1629216243232,5,47.04156494140625,2.3507210053525407
1068,1629216249208,5,47.04214477539063,2.349980883302493
1069,1629216255206,5,47.042510986328125,2.349625322969956
1070,1629216261264,5,47.0428466796875,2.349137160929245
1071,1629216267201,5,47.04342651367188,2.348237531261842
1072,1629216273199,5,47.044219970703125,2.347243772821824
1073,1629216279306,5,47.04507446289063,2.346142893659273
1074,1629216285255,5,47.04586791992188,2.345300093295374
1075,1629216291310,5,47.04644775390625,2.3448191396913907
1076,1629216297211,5,47.046661376953125,2.344737751411595
1077,1629216303216,5,47.047119140625,2.344552343713441
1078,1629216309280,5,47.047271728515625,2.343631004916824
1079,1629216315231,5,47.04791259765625,2.342747971417701
1080,1629216321417,5,47.048858642578125,2.3415957111887087
1081,1629216327276,5,47.0498046875,2.34077294357339
1082,1629216333254,5,47.050140380859375,2.3405927326552014
1083,1629216339255,5,47.050628662109375,2.340546045454536
1084,1629216345210,5,47.05059814453125,2.339792847635541
1085,1629216351252,5,47.04995727539063,2.339587658645901
1086,1629216357195,5,47.048919677734375,2.3391787055901614
1087,1629216363207,5,47.0477294921875,2.338914005088004
1088,1629216369218,5,47.0467529296875,2.3382138647160846
1089,1629216375212,5,47.0458984375,2.336649466308147
1090,1629216381317,5,47.044952392578125,2.334852805363326
1091,1629216387198,5,47.04400634765625,2.333028232680944
1092,1629216393192,5,47.04312133789063,2.331400383265997
1093,1629216399219,5,47.042510986328125,2.330117197709465
1094,1629216405231,5,47.04266357421875,2.328768214213037
1095,1629216411261,5,47.04318237304688,2.327693151312254
1096,1629216417224,5,47.04364013671875,2.3278109170518144
1097,1629216423230,5,47.04412841796875,2.3286810424200524
1098,1629216429245,5,47.04461669921875,2.32960439287343
1099,1629216435264,5,47.044830322265625,2.330091213809633
1100,1629216441233,5,47.04486083984375,2.3304609395585305
1101,1629216447226,5,47.04486083984375,2.330781631173874
1102,1629216453218,5,47.0445556640625,2.331056725235964
1103,1629216459194,5,47.04443359375,2.3312375228873745
1104,1629216465226,5,47.04437255859375,2.331363419073011
1105,1629216471375,5,47.04437255859375,2.3315438814482943
1106,1629216477281,5,47.04440307617188,2.3317542672179004
1107,1629216483185,5,47.04443359375,2.3319049738369246
1108,1629216489935,5,47.044464111328125,2.3318872880212327
1109,1629216495197,5,47.04449462890625,2.33182802796581
