,Timestamp,Quality,Lat,Lon
0,1624034800444,13.52299976348877,50.6292064,3.0553596
1,1624034806386,13.017999649047852,50.6292165,3.0553689
2,1624034812332,11.866999626159668,50.6292187,3.0553732000000005
3,1624034818359,11.866999626159668,50.6292187,3.0553732000000005
4,1624034824335,13.21500015258789,50.629212200000005,3.0553659
5,1624034830354,13.21500015258789,50.629212200000005,3.0553659
6,1624034836335,13.21500015258789,50.629212200000005,3.0553659
7,1624034842385,13.21500015258789,50.629212200000005,3.0553659
8,1624034848323,13.21500015258789,50.629212200000005,3.0553659
9,1624034854331,13.21500015258789,50.629212200000005,3.0553659
10,1624034860338,13.21500015258789,50.629212200000005,3.0553659
11,1624034866344,13.21500015258789,50.629212200000005,3.0553659
12,1624034872339,13.21500015258789,50.629212200000005,3.0553659
13,1624034878339,14.468000411987305,50.6292495,3.055356
14,1624034884386,14.468000411987305,50.6292495,3.055356
15,1624034890382,14.468000411987305,50.6292495,3.055356
16,1624034896385,15.863824844360352,50.62936093,3.05598236
17,1624034902386,15.863824844360352,50.62936093,3.05598236
18,1624034908330,15.863824844360352,50.62936093,3.05598236
19,1624034914307,15.863824844360352,50.62936093,3.05598236
20,1624034920311,15.863824844360352,50.62936093,3.05598236
21,1624034926328,15.863824844360352,50.62936093,3.05598236
22,1624034932387,15.863824844360352,50.62936093,3.05598236
23,1624034938352,15.863824844360352,50.62936093,3.05598236
24,1624034944385,15.863824844360352,50.62936093,3.05598236
25,1624034950386,15.863824844360352,50.62936093,3.05598236
26,1624034956368,15.863824844360352,50.62936093,3.05598236
27,1624034962406,15.863824844360352,50.62936093,3.05598236
28,1624034968382,15.863824844360352,50.62936093,3.05598236
29,1624034974360,15.863824844360352,50.62936093,3.05598236
30,1624034980356,15.863824844360352,50.62936093,3.05598236
31,1624034986330,15.863824844360352,50.62936093,3.05598236
32,1624034992318,15.863824844360352,50.62936093,3.05598236
33,1624034998305,15.863824844360352,50.62936093,3.05598236
34,1624035004304,19.733518600463867,50.62993807,3.0546789
35,1624035010350,14.684755325317385,50.63008522,3.05472368
36,1624035016346,14.684755325317385,50.63008522,3.05472368
37,1624035022364,14.441363334655762,50.63032112,3.05471434
38,1624035028347,14.441363334655762,50.63032112,3.05471434
39,1624035034349,14.5103120803833,50.63029943,3.05483509
40,1624035040364,13.184124946594238,50.63043202,3.05505751
41,1624035046343,13.184124946594238,50.63043202,3.05505751
42,1624035052313,16.096893310546875,50.63040973,3.05516053
43,1624035058334,16.096893310546875,50.63040973,3.05516053
44,1624035064308,18.40734100341797,50.63050263,3.05523953
45,1624035070386,18.40734100341797,50.63050263,3.05523953
46,1624035076390,18.40734100341797,50.63050263,3.05523953
47,1624035082336,18.40734100341797,50.63050263,3.05523953
48,1624035088385,18.40734100341797,50.63050263,3.05523953
49,1624035094321,18.40734100341797,50.63050263,3.05523953
50,1624035100367,18.40734100341797,50.63050263,3.05523953
51,1624035106326,18.40734100341797,50.63050263,3.05523953
52,1624035112304,18.40734100341797,50.63050263,3.05523953
53,1624035118366,18.40734100341797,50.63050263,3.05523953
54,1624035124368,18.40734100341797,50.63050263,3.05523953
55,1624035130290,18.40734100341797,50.63050263,3.05523953
56,1624035136324,18.40734100341797,50.63050263,3.05523953
57,1624035142307,18.40734100341797,50.63050263,3.05523953
58,1624035148321,18.40734100341797,50.63050263,3.05523953
59,1624035154304,18.40734100341797,50.63050263,3.05523953
60,1624035160311,18.40734100341797,50.63050263,3.05523953
61,1624035166305,18.40734100341797,50.63050263,3.05523953
62,1624035172316,18.40734100341797,50.63050263,3.05523953
63,1624035178317,18.40734100341797,50.63050263,3.05523953
64,1624035184326,18.40734100341797,50.63050263,3.05523953
65,1624035190372,18.40734100341797,50.63050263,3.05523953
66,1624035196275,18.40734100341797,50.63050263,3.05523953
67,1624035202319,18.40734100341797,50.63050263,3.05523953
68,1624035208365,18.40734100341797,50.63050263,3.05523953
69,1624035214384,18.40734100341797,50.63050263,3.05523953
70,1624035220366,18.40734100341797,50.63050263,3.05523953
71,1624035226387,18.40734100341797,50.63050263,3.05523953
72,1624035232346,18.40734100341797,50.63050263,3.05523953
73,1624035238364,18.40734100341797,50.63050263,3.05523953
74,1624035244382,18.40734100341797,50.63050263,3.05523953
75,1624035250335,18.40734100341797,50.63050263,3.05523953
76,1624035256358,18.40734100341797,50.63050263,3.05523953
77,1624035262286,18.40734100341797,50.63050263,3.05523953
78,1624035268333,18.40734100341797,50.63050263,3.05523953
79,1624035274322,18.40734100341797,50.63050263,3.05523953
80,1624035280318,18.40734100341797,50.63050263,3.05523953
81,1624035286343,18.40734100341797,50.63050263,3.05523953
82,1624035292351,18.40734100341797,50.63050263,3.05523953
83,1624035298298,18.40734100341797,50.63050263,3.05523953
84,1624035304316,18.40734100341797,50.63050263,3.05523953
85,1624035310309,18.40734100341797,50.63050263,3.05523953
86,1624035316268,18.40734100341797,50.63050263,3.05523953
87,1624035322395,18.40734100341797,50.63050263,3.05523953
88,1624035328344,18.40734100341797,50.63050263,3.05523953
89,1624035334331,18.40734100341797,50.63050263,3.05523953
90,1624035340369,18.40734100341797,50.63050263,3.05523953
91,1624035346346,18.40734100341797,50.63050263,3.05523953
92,1624035352364,18.40734100341797,50.63050263,3.05523953
93,1624035358346,18.40734100341797,50.63050263,3.05523953
94,1624035364355,18.40734100341797,50.63050263,3.05523953
95,1624035370345,18.40734100341797,50.63050263,3.05523953
96,1624035376283,18.40734100341797,50.63050263,3.05523953
97,1624035382260,18.40734100341797,50.63050263,3.05523953
98,1624035388346,24.26963233947754,50.63328912,3.05919452
99,1624035394304,24.26963233947754,50.63328912,3.05919452
100,1624035400315,12.313224792480467,50.63327302,3.05914826
101,1624035406398,7.67114782333374,50.63318082,3.05911486
102,1624035412362,7.67114782333374,50.63318082,3.05911486
103,1624035418346,15.730353355407715,50.63318993,3.05895479
104,1624035424294,15.730353355407715,50.63318993,3.05895479
105,1624035430363,10.963812828063963,50.63325872,3.05904289
106,1624035436346,12.720014572143555,50.63335405,3.05906488
107,1624035442289,12.720014572143555,50.63335405,3.05906488
108,1624035448385,23.52054214477539,50.63341283,3.05895491
109,1624035454346,23.52054214477539,50.63341283,3.05895491
110,1624035460346,23.52054214477539,50.63341283,3.05895491
111,1624035466281,23.52054214477539,50.63341283,3.05895491
112,1624035472302,23.52054214477539,50.63341283,3.05895491
113,1624035478331,23.52054214477539,50.63341283,3.05895491
114,1624035484346,23.52054214477539,50.63341283,3.05895491
115,1624035490347,23.52054214477539,50.63341283,3.05895491
116,1624035496350,23.52054214477539,50.63341283,3.05895491
117,1624035502381,23.52054214477539,50.63341283,3.05895491
118,1624035508344,23.52054214477539,50.63341283,3.05895491
119,1624035514365,23.52054214477539,50.63341283,3.05895491
120,1624035520326,23.52054214477539,50.63341283,3.05895491
121,1624035526353,23.52054214477539,50.63341283,3.05895491
122,1624035532305,23.52054214477539,50.63341283,3.05895491
123,1624035538276,23.52054214477539,50.63341283,3.05895491
124,1624035544252,23.52054214477539,50.63341283,3.05895491
125,1624035550264,24.61469268798828,50.63356607,3.05846163
126,1624035556296,24.61469268798828,50.63356607,3.05846163
127,1624035562356,28.59042358398437,50.63363279,3.05822481
128,1624035568281,28.59042358398437,50.63363279,3.05822481
129,1624035574327,25.110448837280273,50.63367171,3.0582382999999997
130,1624035580345,25.110448837280273,50.63367171,3.0582382999999997
131,1624035586325,24.75309181213379,50.63367613,3.05826531
132,1624035592354,39.35158920288086,50.63367958,3.0582323
133,1624035598365,39.35158920288086,50.63367958,3.0582323
134,1624035604243,44.548423767089844,50.63367658,3.05822985
135,1624035610348,44.548423767089844,50.63367658,3.05822985
136,1624035616447,44.548423767089844,50.63367658,3.05822985
137,1624035622348,44.548423767089844,50.63367658,3.05822985
138,1624035628366,44.548423767089844,50.63367658,3.05822985
139,1624035634366,44.548423767089844,50.63367658,3.05822985
140,1624035640313,44.548423767089844,50.63367658,3.05822985
141,1624035646318,44.548423767089844,50.63367658,3.05822985
142,1624035652280,44.548423767089844,50.63367658,3.05822985
143,1624035658328,44.548423767089844,50.63367658,3.05822985
144,1624035664289,44.548423767089844,50.63367658,3.05822985
145,1624035670327,44.548423767089844,50.63367658,3.05822985
146,1624035676290,44.548423767089844,50.63367658,3.05822985
147,1624035682261,32.84679412841797,50.63325664,3.05777663
148,1624035688325,32.97362899780273,50.63323246,3.05776659
149,1624035694326,32.97362899780273,50.63323246,3.05776659
150,1624035700366,18.28945541381836,50.63322696,3.0572543
151,1624035706324,16.059385299682614,50.63316436,3.05703848
152,1624035712326,16.059385299682614,50.63316436,3.05703848
153,1624035718326,13.940077781677244,50.63307428,3.05665641
154,1624035724326,13.940077781677244,50.63307428,3.05665641
155,1624035730330,12.907119750976562,50.63326226,3.05662936
156,1624035736305,14.978744506835938,50.63340135,3.05647662
157,1624035742325,14.978744506835938,50.63340135,3.05647662
158,1624035748325,14.978744506835938,50.63340135,3.05647662
159,1624035754325,14.978744506835938,50.63340135,3.05647662
160,1624035760264,13.030195236206055,50.63354107,3.05601177
161,1624035766325,12.219259262084961,50.63351291,3.05590948
162,1624035772250,12.219259262084961,50.63351291,3.05590948
163,1624035778278,16.046791076660153,50.63353622,3.05589684
164,1624035784326,16.046791076660153,50.63353622,3.05589684
165,1624035790305,14.151846885681152,50.633601299999995,3.05600641
166,1624035796325,14.151846885681152,50.633601299999995,3.05600641
167,1624035802279,17.577459335327152,50.63360161,3.05598601
168,1624035808324,15.342303276062012,50.63361536,3.05595204
169,1624035814304,15.342303276062012,50.63361536,3.05595204
170,1624035820258,12.50758457183838,50.63343852,3.05543759
171,1624035826277,12.087945938110352,50.633369,3.05527784
172,1624035832325,12.087945938110352,50.633369,3.05527784
173,1624035838326,9.661311149597168,50.63330357,3.05511163
174,1624035844266,9.661311149597168,50.63330357,3.05511163
175,1624035850346,11.265607833862305,50.63320848,3.05508578
176,1624035856311,11.265607833862305,50.63320848,3.05508578
177,1624035862310,8.730233192443848,50.63309121,3.05500479
178,1624035868325,10.64471435546875,50.6330071,3.05496876
179,1624035874263,10.64471435546875,50.6330071,3.05496876
180,1624035880326,12.989985466003418,50.63283754,3.05496771
181,1624035886283,12.989985466003418,50.63283754,3.05496771
182,1624035892258,12.989985466003418,50.63283754,3.05496771
183,1624035898267,16.019296646118164,50.63242338,3.05477323
184,1624035904325,16.019296646118164,50.63242338,3.05477323
185,1624035910260,13.55595874786377,50.63245462,3.05473838
186,1624035916307,13.55595874786377,50.63245462,3.05473838
187,1624035922274,10.442582130432127,50.63240618,3.05477337
188,1624035928289,10.57020378112793,50.63233921,3.05475709
189,1624035934303,10.57020378112793,50.63233921,3.05475709
190,1624035940318,15.606395721435547,50.63227391,3.05484691
191,1624035946222,12.706620216369627,50.63222261,3.0547674
192,1624035952307,12.706620216369627,50.63222261,3.0547674
193,1624035958191,14.318572998046875,50.63213589,3.05463014
194,1624035964276,14.318572998046875,50.63213589,3.05463014
195,1624035970261,12.009031295776367,50.63210339,3.05456966
196,1624035976227,12.009031295776367,50.63210339,3.05456966
197,1624035982261,24.899599075317386,50.63205057,3.05454031
198,1624035988307,62.7119140625,50.63207244,3.05452049
199,1624035994288,62.7119140625,50.63207244,3.05452049
200,1624036000307,56.14076232910156,50.63207987,3.05459176
201,1624036006281,56.14076232910156,50.63207987,3.05459176
202,1624036012259,25.189197540283203,50.63211479,3.0546097000000003
203,1624036018329,25.189197540283203,50.63211479,3.0546097000000003
204,1624036024281,25.189197540283203,50.63211479,3.0546097000000003
205,1624036030271,25.189197540283203,50.63211479,3.0546097000000003
206,1624036036305,25.189197540283203,50.63211479,3.0546097000000003
207,1624036042271,25.189197540283203,50.63211479,3.0546097000000003
208,1624036048254,25.189197540283203,50.63211479,3.0546097000000003
209,1624036054320,25.189197540283203,50.63211479,3.0546097000000003
210,1624036060327,25.189197540283203,50.63211479,3.0546097000000003
211,1624036066277,25.189197540283203,50.63211479,3.0546097000000003
212,1624036072281,25.189197540283203,50.63211479,3.0546097000000003
213,1624036078239,25.189197540283203,50.63211479,3.0546097000000003
214,1624036084265,25.189197540283203,50.63211479,3.0546097000000003
215,1624036090310,25.189197540283203,50.63211479,3.0546097000000003
216,1624036096304,25.189197540283203,50.63211479,3.0546097000000003
217,1624036102315,25.189197540283203,50.63211479,3.0546097000000003
218,1624036108306,25.189197540283203,50.63211479,3.0546097000000003
219,1624036114302,25.189197540283203,50.63211479,3.0546097000000003
220,1624036120256,25.189197540283203,50.63211479,3.0546097000000003
221,1624036126292,25.189197540283203,50.63211479,3.0546097000000003
222,1624036132306,25.189197540283203,50.63211479,3.0546097000000003
223,1624036138254,25.189197540283203,50.63211479,3.0546097000000003
224,1624036144239,25.189197540283203,50.63211479,3.0546097000000003
225,1624036150287,25.189197540283203,50.63211479,3.0546097000000003
226,1624036156241,25.189197540283203,50.63211479,3.0546097000000003
227,1624036162306,25.189197540283203,50.63211479,3.0546097000000003
228,1624036168255,25.189197540283203,50.63211479,3.0546097000000003
229,1624036174305,25.189197540283203,50.63211479,3.0546097000000003
230,1624036180298,25.189197540283203,50.63211479,3.0546097000000003
231,1624036186305,25.189197540283203,50.63211479,3.0546097000000003
232,1624036192306,25.189197540283203,50.63211479,3.0546097000000003
233,1624036198231,25.189197540283203,50.63211479,3.0546097000000003
234,1624036204260,25.189197540283203,50.63211479,3.0546097000000003
235,1624036210307,25.189197540283203,50.63211479,3.0546097000000003
236,1624036216273,25.189197540283203,50.63211479,3.0546097000000003
237,1624036222244,25.189197540283203,50.63211479,3.0546097000000003
238,1624036228288,25.189197540283203,50.63211479,3.0546097000000003
239,1624036234287,25.189197540283203,50.63211479,3.0546097000000003
240,1624036240327,25.189197540283203,50.63211479,3.0546097000000003
241,1624036246257,25.189197540283203,50.63211479,3.0546097000000003
242,1624036252285,25.189197540283203,50.63211479,3.0546097000000003
243,1624036258310,25.189197540283203,50.63211479,3.0546097000000003
244,1624036264305,25.189197540283203,50.63211479,3.0546097000000003
245,1624036270305,25.189197540283203,50.63211479,3.0546097000000003
246,1624036276217,25.189197540283203,50.63211479,3.0546097000000003
247,1624036282284,25.189197540283203,50.63211479,3.0546097000000003
248,1624036288255,25.189197540283203,50.63211479,3.0546097000000003
249,1624036294251,25.189197540283203,50.63211479,3.0546097000000003
250,1624036300307,25.189197540283203,50.63211479,3.0546097000000003
251,1624036306304,25.189197540283203,50.63211479,3.0546097000000003
252,1624036312272,25.189197540283203,50.63211479,3.0546097000000003
253,1624036318307,25.189197540283203,50.63211479,3.0546097000000003
254,1624036324240,25.189197540283203,50.63211479,3.0546097000000003
255,1624036330306,25.189197540283203,50.63211479,3.0546097000000003
256,1624036336223,25.189197540283203,50.63211479,3.0546097000000003
257,1624036342285,25.189197540283203,50.63211479,3.0546097000000003
258,1624036348225,25.189197540283203,50.63211479,3.0546097000000003
259,1624036354292,25.189197540283203,50.63211479,3.0546097000000003
260,1624036360288,25.189197540283203,50.63211479,3.0546097000000003
261,1624036366287,25.189197540283203,50.63211479,3.0546097000000003
262,1624036372289,25.189197540283203,50.63211479,3.0546097000000003
263,1624036378259,25.189197540283203,50.63211479,3.0546097000000003
264,1624036384252,25.189197540283203,50.63211479,3.0546097000000003
265,1624036390287,25.189197540283203,50.63211479,3.0546097000000003
266,1624036396275,25.189197540283203,50.63211479,3.0546097000000003
267,1624036402266,25.189197540283203,50.63211479,3.0546097000000003
268,1624036408239,25.189197540283203,50.63211479,3.0546097000000003
269,1624036414304,25.189197540283203,50.63211479,3.0546097000000003
270,1624036420286,25.189197540283203,50.63211479,3.0546097000000003
271,1624036426242,25.189197540283203,50.63211479,3.0546097000000003
272,1624036432327,25.189197540283203,50.63211479,3.0546097000000003
273,1624036438285,25.189197540283203,50.63211479,3.0546097000000003
274,1624036444286,25.189197540283203,50.63211479,3.0546097000000003
275,1624036450345,25.189197540283203,50.63211479,3.0546097000000003
276,1624036456266,25.189197540283203,50.63211479,3.0546097000000003
277,1624036462238,25.189197540283203,50.63211479,3.0546097000000003
278,1624036468293,25.189197540283203,50.63211479,3.0546097000000003
279,1624036474217,25.189197540283203,50.63211479,3.0546097000000003
280,1624036480247,25.189197540283203,50.63211479,3.0546097000000003
281,1624036486260,25.189197540283203,50.63211479,3.0546097000000003
282,1624036492257,25.189197540283203,50.63211479,3.0546097000000003
283,1624036498227,25.189197540283203,50.63211479,3.0546097000000003
284,1624036504263,25.189197540283203,50.63211479,3.0546097000000003
285,1624036510232,25.189197540283203,50.63211479,3.0546097000000003
286,1624036516261,25.189197540283203,50.63211479,3.0546097000000003
287,1624036522254,25.189197540283203,50.63211479,3.0546097000000003
288,1624036528255,25.189197540283203,50.63211479,3.0546097000000003
289,1624036534272,25.189197540283203,50.63211479,3.0546097000000003
290,1624036540215,25.189197540283203,50.63211479,3.0546097000000003
291,1624036546240,25.189197540283203,50.63211479,3.0546097000000003
292,1624036552254,25.189197540283203,50.63211479,3.0546097000000003
293,1624036558222,25.189197540283203,50.63211479,3.0546097000000003
294,1624036564243,25.189197540283203,50.63211479,3.0546097000000003
295,1624036570236,25.189197540283203,50.63211479,3.0546097000000003
296,1624036576227,25.189197540283203,50.63211479,3.0546097000000003
297,1624036582281,25.189197540283203,50.63211479,3.0546097000000003
298,1624036588281,25.189197540283203,50.63211479,3.0546097000000003
299,1624036594264,25.189197540283203,50.63211479,3.0546097000000003
300,1624036600249,25.189197540283203,50.63211479,3.0546097000000003
301,1624036606249,25.189197540283203,50.63211479,3.0546097000000003
302,1624036612241,25.189197540283203,50.63211479,3.0546097000000003
303,1624036618225,25.189197540283203,50.63211479,3.0546097000000003
304,1624036624228,25.189197540283203,50.63211479,3.0546097000000003
305,1624036630299,25.189197540283203,50.63211479,3.0546097000000003
306,1624036636201,25.189197540283203,50.63211479,3.0546097000000003
307,1624036642192,25.189197540283203,50.63211479,3.0546097000000003
308,1624036648187,25.189197540283203,50.63211479,3.0546097000000003
309,1624036654200,25.189197540283203,50.63211479,3.0546097000000003
310,1624036660235,25.189197540283203,50.63211479,3.0546097000000003
311,1624036666226,25.189197540283203,50.63211479,3.0546097000000003
312,1624036672217,25.189197540283203,50.63211479,3.0546097000000003
313,1624036678262,25.189197540283203,50.63211479,3.0546097000000003
314,1624036684256,25.189197540283203,50.63211479,3.0546097000000003
315,1624036690257,25.189197540283203,50.63211479,3.0546097000000003
316,1624036696230,25.189197540283203,50.63211479,3.0546097000000003
317,1624036702236,25.189197540283203,50.63211479,3.0546097000000003
318,1624036708224,25.189197540283203,50.63211479,3.0546097000000003
319,1624036714231,25.189197540283203,50.63211479,3.0546097000000003
320,1624036720260,25.189197540283203,50.63211479,3.0546097000000003
321,1624036726228,25.189197540283203,50.63211479,3.0546097000000003
322,1624036732242,25.189197540283203,50.63211479,3.0546097000000003
323,1624036738251,25.189197540283203,50.63211479,3.0546097000000003
324,1624036744235,25.189197540283203,50.63211479,3.0546097000000003
325,1624036750277,25.189197540283203,50.63211479,3.0546097000000003
326,1624036756249,25.189197540283203,50.63211479,3.0546097000000003
327,1624036762226,25.189197540283203,50.63211479,3.0546097000000003
328,1624036768230,25.189197540283203,50.63211479,3.0546097000000003
329,1624036774252,25.189197540283203,50.63211479,3.0546097000000003
330,1624036780229,25.189197540283203,50.63211479,3.0546097000000003
331,1624036786220,25.189197540283203,50.63211479,3.0546097000000003
332,1624036792244,25.189197540283203,50.63211479,3.0546097000000003
333,1624036798210,25.189197540283203,50.63211479,3.0546097000000003
334,1624036804237,25.189197540283203,50.63211479,3.0546097000000003
335,1624036810226,25.189197540283203,50.63211479,3.0546097000000003
336,1624036816217,25.189197540283203,50.63211479,3.0546097000000003
337,1624036822247,25.189197540283203,50.63211479,3.0546097000000003
338,1624036828219,25.189197540283203,50.63211479,3.0546097000000003
339,1624036834238,25.189197540283203,50.63211479,3.0546097000000003
340,1624036840243,25.189197540283203,50.63211479,3.0546097000000003
341,1624036846262,25.189197540283203,50.63211479,3.0546097000000003
342,1624036852234,25.189197540283203,50.63211479,3.0546097000000003
343,1624036858247,25.189197540283203,50.63211479,3.0546097000000003
344,1624036864251,25.189197540283203,50.63211479,3.0546097000000003
345,1624036870222,25.189197540283203,50.63211479,3.0546097000000003
346,1624036876259,25.189197540283203,50.63211479,3.0546097000000003
347,1624036882224,25.189197540283203,50.63211479,3.0546097000000003
348,1624036888242,25.189197540283203,50.63211479,3.0546097000000003
349,1624036894241,25.189197540283203,50.63211479,3.0546097000000003
350,1624036900185,25.189197540283203,50.63211479,3.0546097000000003
351,1624036906212,25.189197540283203,50.63211479,3.0546097000000003
352,1624036912262,25.189197540283203,50.63211479,3.0546097000000003
353,1624036918229,25.189197540283203,50.63211479,3.0546097000000003
354,1624036924223,25.189197540283203,50.63211479,3.0546097000000003
355,1624036930220,25.189197540283203,50.63211479,3.0546097000000003
356,1624036936235,25.189197540283203,50.63211479,3.0546097000000003
357,1624036942234,25.189197540283203,50.63211479,3.0546097000000003
358,1624036948246,25.189197540283203,50.63211479,3.0546097000000003
359,1624036954205,25.189197540283203,50.63211479,3.0546097000000003
360,1624036960245,25.189197540283203,50.63211479,3.0546097000000003
361,1624036966194,25.189197540283203,50.63211479,3.0546097000000003
362,1624036972222,25.189197540283203,50.63211479,3.0546097000000003
363,1624036978229,25.189197540283203,50.63211479,3.0546097000000003
364,1624036984237,25.189197540283203,50.63211479,3.0546097000000003
365,1624036990176,25.189197540283203,50.63211479,3.0546097000000003
366,1624036996240,25.189197540283203,50.63211479,3.0546097000000003
367,1624037002176,25.189197540283203,50.63211479,3.0546097000000003
368,1624037008227,25.189197540283203,50.63211479,3.0546097000000003
369,1624037014166,25.189197540283203,50.63211479,3.0546097000000003
370,1624037020221,25.189197540283203,50.63211479,3.0546097000000003
371,1624037026225,25.189197540283203,50.63211479,3.0546097000000003
372,1624037032184,25.189197540283203,50.63211479,3.0546097000000003
373,1624037038222,25.189197540283203,50.63211479,3.0546097000000003
374,1624037044260,25.189197540283203,50.63211479,3.0546097000000003
375,1624037050206,25.189197540283203,50.63211479,3.0546097000000003
376,1624037056191,25.189197540283203,50.63211479,3.0546097000000003
377,1624037062286,25.189197540283203,50.63211479,3.0546097000000003
378,1624037068176,25.189197540283203,50.63211479,3.0546097000000003
379,1624037074213,25.189197540283203,50.63211479,3.0546097000000003
380,1624037080220,25.189197540283203,50.63211479,3.0546097000000003
381,1624037086212,25.189197540283203,50.63211479,3.0546097000000003
382,1624037092205,25.189197540283203,50.63211479,3.0546097000000003
383,1624037098175,25.189197540283203,50.63211479,3.0546097000000003
384,1624037104194,25.189197540283203,50.63211479,3.0546097000000003
385,1624037110176,25.189197540283203,50.63211479,3.0546097000000003
386,1624037116185,25.189197540283203,50.63211479,3.0546097000000003
387,1624037122177,25.189197540283203,50.63211479,3.0546097000000003
388,1624037128166,25.189197540283203,50.63211479,3.0546097000000003
389,1624037134169,25.189197540283203,50.63211479,3.0546097000000003
390,1624037140299,25.189197540283203,50.63211479,3.0546097000000003
391,1624037146180,25.189197540283203,50.63211479,3.0546097000000003
392,1624037152207,25.189197540283203,50.63211479,3.0546097000000003
393,1624037158215,25.189197540283203,50.63211479,3.0546097000000003
394,1624037164243,25.189197540283203,50.63211479,3.0546097000000003
395,1624037170206,25.189197540283203,50.63211479,3.0546097000000003
396,1624037176178,25.189197540283203,50.63211479,3.0546097000000003
397,1624037182223,25.189197540283203,50.63211479,3.0546097000000003
398,1624037188230,25.189197540283203,50.63211479,3.0546097000000003
399,1624037194218,25.189197540283203,50.63211479,3.0546097000000003
400,1624037200205,25.189197540283203,50.63211479,3.0546097000000003
401,1624037206212,25.189197540283203,50.63211479,3.0546097000000003
402,1624037212181,25.189197540283203,50.63211479,3.0546097000000003
403,1624037218143,25.189197540283203,50.63211479,3.0546097000000003
404,1624037224130,25.189197540283203,50.63211479,3.0546097000000003
405,1624037230174,25.189197540283203,50.63211479,3.0546097000000003
406,1624037236132,25.189197540283203,50.63211479,3.0546097000000003
407,1624037242162,25.189197540283203,50.63211479,3.0546097000000003
408,1624037248163,25.189197540283203,50.63211479,3.0546097000000003
409,1624037254172,25.189197540283203,50.63211479,3.0546097000000003
410,1624037260193,25.189197540283203,50.63211479,3.0546097000000003
411,1624037266142,25.189197540283203,50.63211479,3.0546097000000003
412,1624037272136,25.189197540283203,50.63211479,3.0546097000000003
413,1624037278139,25.189197540283203,50.63211479,3.0546097000000003
414,1624037284131,25.189197540283203,50.63211479,3.0546097000000003
415,1624037290159,25.189197540283203,50.63211479,3.0546097000000003
416,1624037296206,25.189197540283203,50.63211479,3.0546097000000003
417,1624037302150,25.189197540283203,50.63211479,3.0546097000000003
418,1624037308194,25.189197540283203,50.63211479,3.0546097000000003
419,1624037314156,25.189197540283203,50.63211479,3.0546097000000003
420,1624037320177,25.189197540283203,50.63211479,3.0546097000000003
421,1624037326163,25.189197540283203,50.63211479,3.0546097000000003
422,1624037332149,25.189197540283203,50.63211479,3.0546097000000003
423,1624037338146,25.189197540283203,50.63211479,3.0546097000000003
424,1624037344100,25.189197540283203,50.63211479,3.0546097000000003
425,1624037350158,25.189197540283203,50.63211479,3.0546097000000003
426,1624037356168,25.189197540283203,50.63211479,3.0546097000000003
427,1624037362111,25.189197540283203,50.63211479,3.0546097000000003
428,1624037368171,25.189197540283203,50.63211479,3.0546097000000003
429,1624037374228,25.189197540283203,50.63211479,3.0546097000000003
430,1624037380271,25.189197540283203,50.63211479,3.0546097000000003
431,1624037386162,25.189197540283203,50.63211479,3.0546097000000003
432,1624037392218,25.189197540283203,50.63211479,3.0546097000000003
433,1624037398205,25.189197540283203,50.63211479,3.0546097000000003
434,1624037404206,25.189197540283203,50.63211479,3.0546097000000003
435,1624037410196,25.189197540283203,50.63211479,3.0546097000000003
436,1624037416167,25.189197540283203,50.63211479,3.0546097000000003
437,1624037422189,25.189197540283203,50.63211479,3.0546097000000003
438,1624037428171,25.189197540283203,50.63211479,3.0546097000000003
439,1624037434215,25.189197540283203,50.63211479,3.0546097000000003
440,1624037440184,25.189197540283203,50.63211479,3.0546097000000003
441,1624037446194,25.189197540283203,50.63211479,3.0546097000000003
442,1624037452170,25.189197540283203,50.63211479,3.0546097000000003
443,1624037458173,25.189197540283203,50.63211479,3.0546097000000003
444,1624037464166,25.189197540283203,50.63211479,3.0546097000000003
445,1624037470211,25.189197540283203,50.63211479,3.0546097000000003
446,1624037476172,25.189197540283203,50.63211479,3.0546097000000003
447,1624037482200,25.189197540283203,50.63211479,3.0546097000000003
448,1624037488160,25.189197540283203,50.63211479,3.0546097000000003
449,1624037494191,25.189197540283203,50.63211479,3.0546097000000003
450,1624037500191,25.189197540283203,50.63211479,3.0546097000000003
451,1624037506172,25.189197540283203,50.63211479,3.0546097000000003
452,1624037512174,25.189197540283203,50.63211479,3.0546097000000003
453,1624037518203,25.189197540283203,50.63211479,3.0546097000000003
454,1624037524183,25.189197540283203,50.63211479,3.0546097000000003
455,1624037530186,25.189197540283203,50.63211479,3.0546097000000003
456,1624037536177,25.189197540283203,50.63211479,3.0546097000000003
457,1624037542173,25.189197540283203,50.63211479,3.0546097000000003
458,1624037548158,25.189197540283203,50.63211479,3.0546097000000003
459,1624037554204,25.189197540283203,50.63211479,3.0546097000000003
460,1624037560156,25.189197540283203,50.63211479,3.0546097000000003
461,1624037566150,25.189197540283203,50.63211479,3.0546097000000003
462,1624037572198,25.189197540283203,50.63211479,3.0546097000000003
463,1624037578171,25.189197540283203,50.63211479,3.0546097000000003
464,1624037584183,25.189197540283203,50.63211479,3.0546097000000003
465,1624037590176,25.189197540283203,50.63211479,3.0546097000000003
466,1624037596188,25.189197540283203,50.63211479,3.0546097000000003
467,1624037602198,25.189197540283203,50.63211479,3.0546097000000003
468,1624037608203,25.189197540283203,50.63211479,3.0546097000000003
469,1624037614180,25.189197540283203,50.63211479,3.0546097000000003
470,1624037620169,25.189197540283203,50.63211479,3.0546097000000003
471,1624037626135,25.189197540283203,50.63211479,3.0546097000000003
472,1624037632171,25.189197540283203,50.63211479,3.0546097000000003
473,1624037638156,25.189197540283203,50.63211479,3.0546097000000003
474,1624037644169,25.189197540283203,50.63211479,3.0546097000000003
475,1624037650174,25.189197540283203,50.63211479,3.0546097000000003
476,1624037656148,25.189197540283203,50.63211479,3.0546097000000003
477,1624037662144,25.189197540283203,50.63211479,3.0546097000000003
478,1624037668178,25.189197540283203,50.63211479,3.0546097000000003
479,1624037674196,25.189197540283203,50.63211479,3.0546097000000003
480,1624037680224,25.189197540283203,50.63211479,3.0546097000000003
481,1624037686138,25.189197540283203,50.63211479,3.0546097000000003
482,1624037692213,25.189197540283203,50.63211479,3.0546097000000003
483,1624037698172,25.189197540283203,50.63211479,3.0546097000000003
484,1624037704160,25.189197540283203,50.63211479,3.0546097000000003
485,1624037710102,25.189197540283203,50.63211479,3.0546097000000003
486,1624037716111,25.189197540283203,50.63211479,3.0546097000000003
487,1624037722159,25.189197540283203,50.63211479,3.0546097000000003
488,1624037728121,25.189197540283203,50.63211479,3.0546097000000003
489,1624037734106,25.189197540283203,50.63211479,3.0546097000000003
490,1624037740128,25.189197540283203,50.63211479,3.0546097000000003
491,1624037746121,25.189197540283203,50.63211479,3.0546097000000003
492,1624037752155,25.189197540283203,50.63211479,3.0546097000000003
493,1624037758159,25.189197540283203,50.63211479,3.0546097000000003
494,1624037764183,25.189197540283203,50.63211479,3.0546097000000003
495,1624037770169,25.189197540283203,50.63211479,3.0546097000000003
496,1624037776167,25.189197540283203,50.63211479,3.0546097000000003
497,1624037782162,25.189197540283203,50.63211479,3.0546097000000003
498,1624037788208,25.189197540283203,50.63211479,3.0546097000000003
499,1624037794167,25.189197540283203,50.63211479,3.0546097000000003
500,1624037800172,25.189197540283203,50.63211479,3.0546097000000003
501,1624037806190,25.189197540283203,50.63211479,3.0546097000000003
502,1624037812140,25.189197540283203,50.63211479,3.0546097000000003
503,1624037818167,25.189197540283203,50.63211479,3.0546097000000003
504,1624037824152,25.189197540283203,50.63211479,3.0546097000000003
505,1624037830163,25.189197540283203,50.63211479,3.0546097000000003
506,1624037836143,25.189197540283203,50.63211479,3.0546097000000003
507,1624037842166,25.189197540283203,50.63211479,3.0546097000000003
508,1624037848137,25.189197540283203,50.63211479,3.0546097000000003
509,1624037854181,25.189197540283203,50.63211479,3.0546097000000003
510,1624037860178,25.189197540283203,50.63211479,3.0546097000000003
511,1624037866146,25.189197540283203,50.63211479,3.0546097000000003
512,1624037872136,25.189197540283203,50.63211479,3.0546097000000003
513,1624037878119,25.189197540283203,50.63211479,3.0546097000000003
514,1624037884145,25.189197540283203,50.63211479,3.0546097000000003
515,1624037890142,25.189197540283203,50.63211479,3.0546097000000003
516,1624037896169,25.189197540283203,50.63211479,3.0546097000000003
517,1624037902141,25.189197540283203,50.63211479,3.0546097000000003
518,1624037908143,25.189197540283203,50.63211479,3.0546097000000003
519,1624037914168,25.189197540283203,50.63211479,3.0546097000000003
520,1624037920143,25.189197540283203,50.63211479,3.0546097000000003
521,1624037926122,25.189197540283203,50.63211479,3.0546097000000003
522,1624037932121,25.189197540283203,50.63211479,3.0546097000000003
523,1624037938091,25.189197540283203,50.63211479,3.0546097000000003
524,1624037944170,25.189197540283203,50.63211479,3.0546097000000003
525,1624037950150,25.189197540283203,50.63211479,3.0546097000000003
526,1624037956111,25.189197540283203,50.63211479,3.0546097000000003
527,1624037962138,25.189197540283203,50.63211479,3.0546097000000003
528,1624037968152,25.189197540283203,50.63211479,3.0546097000000003
529,1624037974154,25.189197540283203,50.63211479,3.0546097000000003
530,1624037980144,25.189197540283203,50.63211479,3.0546097000000003
531,1624037986139,25.189197540283203,50.63211479,3.0546097000000003
532,1624037992163,25.189197540283203,50.63211479,3.0546097000000003
533,1624037998140,25.189197540283203,50.63211479,3.0546097000000003
534,1624038004137,25.189197540283203,50.63211479,3.0546097000000003
535,1624038010161,25.189197540283203,50.63211479,3.0546097000000003
536,1624038016126,25.189197540283203,50.63211479,3.0546097000000003
537,1624038022155,25.189197540283203,50.63211479,3.0546097000000003
538,1624038028145,25.189197540283203,50.63211479,3.0546097000000003
539,1624038034136,25.189197540283203,50.63211479,3.0546097000000003
540,1624038040142,25.189197540283203,50.63211479,3.0546097000000003
541,1624038046179,25.189197540283203,50.63211479,3.0546097000000003
542,1624038052137,25.189197540283203,50.63211479,3.0546097000000003
543,1624038058151,25.189197540283203,50.63211479,3.0546097000000003
544,1624038064114,25.189197540283203,50.63211479,3.0546097000000003
545,1624038070131,25.189197540283203,50.63211479,3.0546097000000003
546,1624038076108,25.189197540283203,50.63211479,3.0546097000000003
547,1624038082106,25.189197540283203,50.63211479,3.0546097000000003
548,1624038088144,25.189197540283203,50.63211479,3.0546097000000003
549,1624038094181,25.189197540283203,50.63211479,3.0546097000000003
550,1624038100146,25.189197540283203,50.63211479,3.0546097000000003
551,1624038106099,25.189197540283203,50.63211479,3.0546097000000003
552,1624038112126,25.189197540283203,50.63211479,3.0546097000000003
553,1624038118117,25.189197540283203,50.63211479,3.0546097000000003
554,1624038124124,25.189197540283203,50.63211479,3.0546097000000003
555,1624038130120,25.189197540283203,50.63211479,3.0546097000000003
556,1624038136155,25.189197540283203,50.63211479,3.0546097000000003
557,1624038142140,25.189197540283203,50.63211479,3.0546097000000003
558,1624038148121,25.189197540283203,50.63211479,3.0546097000000003
559,1624038154156,25.189197540283203,50.63211479,3.0546097000000003
560,1624038160097,25.189197540283203,50.63211479,3.0546097000000003
561,1624038166152,25.189197540283203,50.63211479,3.0546097000000003
562,1624038172156,25.189197540283203,50.63211479,3.0546097000000003
563,1624038178128,25.189197540283203,50.63211479,3.0546097000000003
564,1624038184156,25.189197540283203,50.63211479,3.0546097000000003
565,1624038190106,25.189197540283203,50.63211479,3.0546097000000003
566,1624038196136,25.189197540283203,50.63211479,3.0546097000000003
567,1624038202131,25.189197540283203,50.63211479,3.0546097000000003
568,1624038208132,25.189197540283203,50.63211479,3.0546097000000003
569,1624038214130,25.189197540283203,50.63211479,3.0546097000000003
570,1624038220142,25.189197540283203,50.63211479,3.0546097000000003
571,1624038226103,25.189197540283203,50.63211479,3.0546097000000003
572,1624038232129,25.189197540283203,50.63211479,3.0546097000000003
573,1624038238122,25.189197540283203,50.63211479,3.0546097000000003
574,1624038244130,25.189197540283203,50.63211479,3.0546097000000003
575,1624038250127,25.189197540283203,50.63211479,3.0546097000000003
576,1624038256148,25.189197540283203,50.63211479,3.0546097000000003
577,1624038262100,25.189197540283203,50.63211479,3.0546097000000003
578,1624038268122,25.189197540283203,50.63211479,3.0546097000000003
579,1624038274126,25.189197540283203,50.63211479,3.0546097000000003
580,1624038280097,25.189197540283203,50.63211479,3.0546097000000003
581,1624038286136,25.189197540283203,50.63211479,3.0546097000000003
582,1624038292112,25.189197540283203,50.63211479,3.0546097000000003
583,1624038298095,25.189197540283203,50.63211479,3.0546097000000003
584,1624038304141,25.189197540283203,50.63211479,3.0546097000000003
585,1624038310114,25.189197540283203,50.63211479,3.0546097000000003
586,1624038316134,25.189197540283203,50.63211479,3.0546097000000003
587,1624038322133,25.189197540283203,50.63211479,3.0546097000000003
588,1624038328128,25.189197540283203,50.63211479,3.0546097000000003
589,1624038334156,25.189197540283203,50.63211479,3.0546097000000003
590,1624038340115,25.189197540283203,50.63211479,3.0546097000000003
591,1624038346118,25.189197540283203,50.63211479,3.0546097000000003
592,1624038352127,25.189197540283203,50.63211479,3.0546097000000003
593,1624038358152,25.189197540283203,50.63211479,3.0546097000000003
594,1624038364123,25.189197540283203,50.63211479,3.0546097000000003
595,1624038370120,25.189197540283203,50.63211479,3.0546097000000003
596,1624038376129,25.189197540283203,50.63211479,3.0546097000000003
597,1624038382116,25.189197540283203,50.63211479,3.0546097000000003
598,1624038388120,25.189197540283203,50.63211479,3.0546097000000003
599,1624038394118,25.189197540283203,50.63211479,3.0546097000000003
600,1624038400099,25.189197540283203,50.63211479,3.0546097000000003
601,1624038406148,25.189197540283203,50.63211479,3.0546097000000003
602,1624038412114,25.189197540283203,50.63211479,3.0546097000000003
603,1624038418110,25.189197540283203,50.63211479,3.0546097000000003
604,1624038424097,25.189197540283203,50.63211479,3.0546097000000003
605,1624038430079,25.189197540283203,50.63211479,3.0546097000000003
606,1624038436106,25.189197540283203,50.63211479,3.0546097000000003
607,1624038442111,25.189197540283203,50.63211479,3.0546097000000003
608,1624038448119,25.189197540283203,50.63211479,3.0546097000000003
609,1624038454120,25.189197540283203,50.63211479,3.0546097000000003
610,1624038460110,25.189197540283203,50.63211479,3.0546097000000003
611,1624038466114,25.189197540283203,50.63211479,3.0546097000000003
612,1624038472133,25.189197540283203,50.63211479,3.0546097000000003
613,1624038478153,25.189197540283203,50.63211479,3.0546097000000003
614,1624038484085,25.189197540283203,50.63211479,3.0546097000000003
615,1624038490105,25.189197540283203,50.63211479,3.0546097000000003
616,1624038496119,25.189197540283203,50.63211479,3.0546097000000003
617,1624038502128,25.189197540283203,50.63211479,3.0546097000000003
618,1624038508111,25.189197540283203,50.63211479,3.0546097000000003
619,1624038514171,25.189197540283203,50.63211479,3.0546097000000003
620,1624038520126,25.189197540283203,50.63211479,3.0546097000000003
621,1624038526124,25.189197540283203,50.63211479,3.0546097000000003
622,1624038532179,25.189197540283203,50.63211479,3.0546097000000003
623,1624038538132,25.189197540283203,50.63211479,3.0546097000000003
624,1624038544107,25.189197540283203,50.63211479,3.0546097000000003
625,1624038550071,25.189197540283203,50.63211479,3.0546097000000003
626,1624038556075,25.189197540283203,50.63211479,3.0546097000000003
627,1624038562143,25.189197540283203,50.63211479,3.0546097000000003
628,1624038568104,25.189197540283203,50.63211479,3.0546097000000003
629,1624038574129,25.189197540283203,50.63211479,3.0546097000000003
630,1624038580103,25.189197540283203,50.63211479,3.0546097000000003
631,1624038586069,25.189197540283203,50.63211479,3.0546097000000003
632,1624038592044,25.189197540283203,50.63211479,3.0546097000000003
633,1624038598091,25.189197540283203,50.63211479,3.0546097000000003
634,1624038604089,25.189197540283203,50.63211479,3.0546097000000003
635,1624038610057,25.189197540283203,50.63211479,3.0546097000000003
636,1624038616056,25.189197540283203,50.63211479,3.0546097000000003
637,1624038622071,25.189197540283203,50.63211479,3.0546097000000003
638,1624038628075,25.189197540283203,50.63211479,3.0546097000000003
639,1624038634053,25.189197540283203,50.63211479,3.0546097000000003
640,1624038640076,25.189197540283203,50.63211479,3.0546097000000003
641,1624038646095,25.189197540283203,50.63211479,3.0546097000000003
642,1624038652046,25.189197540283203,50.63211479,3.0546097000000003
643,1624038658083,25.189197540283203,50.63211479,3.0546097000000003
644,1624038664082,25.189197540283203,50.63211479,3.0546097000000003
645,1624038670136,25.189197540283203,50.63211479,3.0546097000000003
646,1624038676101,25.189197540283203,50.63211479,3.0546097000000003
647,1624038682079,25.189197540283203,50.63211479,3.0546097000000003
648,1624038688153,25.189197540283203,50.63211479,3.0546097000000003
649,1624038694082,25.189197540283203,50.63211479,3.0546097000000003
650,1624038700088,25.189197540283203,50.63211479,3.0546097000000003
651,1624038706096,25.189197540283203,50.63211479,3.0546097000000003
652,1624038712077,25.189197540283203,50.63211479,3.0546097000000003
653,1624038718076,25.189197540283203,50.63211479,3.0546097000000003
654,1624038724103,25.189197540283203,50.63211479,3.0546097000000003
655,1624038730154,25.189197540283203,50.63211479,3.0546097000000003
656,1624038736052,25.189197540283203,50.63211479,3.0546097000000003
657,1624038742061,25.189197540283203,50.63211479,3.0546097000000003
658,1624038748086,25.189197540283203,50.63211479,3.0546097000000003
659,1624038754080,25.189197540283203,50.63211479,3.0546097000000003
660,1624038760106,25.189197540283203,50.63211479,3.0546097000000003
661,1624038766099,25.189197540283203,50.63211479,3.0546097000000003
662,1624038772082,25.189197540283203,50.63211479,3.0546097000000003
663,1624038778079,25.189197540283203,50.63211479,3.0546097000000003
664,1624038784078,25.189197540283203,50.63211479,3.0546097000000003
665,1624038790076,25.189197540283203,50.63211479,3.0546097000000003
666,1624038796097,25.189197540283203,50.63211479,3.0546097000000003
667,1624038802079,25.189197540283203,50.63211479,3.0546097000000003
668,1624038808055,25.189197540283203,50.63211479,3.0546097000000003
669,1624038814076,25.189197540283203,50.63211479,3.0546097000000003
670,1624038820086,25.189197540283203,50.63211479,3.0546097000000003
671,1624038826092,25.189197540283203,50.63211479,3.0546097000000003
672,1624038832076,25.189197540283203,50.63211479,3.0546097000000003
673,1624038838080,25.189197540283203,50.63211479,3.0546097000000003
674,1624038844107,25.189197540283203,50.63211479,3.0546097000000003
675,1624038850067,25.189197540283203,50.63211479,3.0546097000000003
676,1624038856046,25.189197540283203,50.63211479,3.0546097000000003
677,1624038862079,25.189197540283203,50.63211479,3.0546097000000003
678,1624038868096,25.189197540283203,50.63211479,3.0546097000000003
679,1624038874086,25.189197540283203,50.63211479,3.0546097000000003
680,1624038880089,25.189197540283203,50.63211479,3.0546097000000003
681,1624038886021,25.189197540283203,50.63211479,3.0546097000000003
682,1624038892066,25.189197540283203,50.63211479,3.0546097000000003
683,1624038898035,25.189197540283203,50.63211479,3.0546097000000003
684,1624038904098,25.189197540283203,50.63211479,3.0546097000000003
685,1624038910037,25.189197540283203,50.63211479,3.0546097000000003
686,1624038916087,25.189197540283203,50.63211479,3.0546097000000003
687,1624038922083,25.189197540283203,50.63211479,3.0546097000000003
688,1624038928082,25.189197540283203,50.63211479,3.0546097000000003
689,1624038934062,25.189197540283203,50.63211479,3.0546097000000003
690,1624038940094,25.189197540283203,50.63211479,3.0546097000000003
691,1624038946077,25.189197540283203,50.63211479,3.0546097000000003
692,1624038952065,25.189197540283203,50.63211479,3.0546097000000003
693,1624038958085,25.189197540283203,50.63211479,3.0546097000000003
694,1624038964035,25.189197540283203,50.63211479,3.0546097000000003
695,1624038970036,25.189197540283203,50.63211479,3.0546097000000003
696,1624038976042,25.189197540283203,50.63211479,3.0546097000000003
697,1624038982056,25.189197540283203,50.63211479,3.0546097000000003
698,1624038988091,25.189197540283203,50.63211479,3.0546097000000003
699,1624038994067,25.189197540283203,50.63211479,3.0546097000000003
700,1624039000084,25.189197540283203,50.63211479,3.0546097000000003
701,1624039006065,25.189197540283203,50.63211479,3.0546097000000003
702,1624039012080,25.189197540283203,50.63211479,3.0546097000000003
703,1624039018056,25.189197540283203,50.63211479,3.0546097000000003
704,1624039024085,25.189197540283203,50.63211479,3.0546097000000003
705,1624039030055,25.189197540283203,50.63211479,3.0546097000000003
706,1624039036093,25.189197540283203,50.63211479,3.0546097000000003
707,1624039042071,25.189197540283203,50.63211479,3.0546097000000003
708,1624039048065,25.189197540283203,50.63211479,3.0546097000000003
709,1624039054085,25.189197540283203,50.63211479,3.0546097000000003
710,1624039060095,25.189197540283203,50.63211479,3.0546097000000003
711,1624039066092,25.189197540283203,50.63211479,3.0546097000000003
712,1624039072053,25.189197540283203,50.63211479,3.0546097000000003
713,1624039078087,25.189197540283203,50.63211479,3.0546097000000003
714,1624039084073,25.189197540283203,50.63211479,3.0546097000000003
715,1624039090092,25.189197540283203,50.63211479,3.0546097000000003
716,1624039096037,25.189197540283203,50.63211479,3.0546097000000003
717,1624039102069,25.189197540283203,50.63211479,3.0546097000000003
718,1624039108104,25.189197540283203,50.63211479,3.0546097000000003
719,1624039114028,25.189197540283203,50.63211479,3.0546097000000003
720,1624039120070,25.189197540283203,50.63211479,3.0546097000000003
721,1624039126078,25.189197540283203,50.63211479,3.0546097000000003
722,1624039132053,25.189197540283203,50.63211479,3.0546097000000003
723,1624039138058,25.189197540283203,50.63211479,3.0546097000000003
724,1624039144095,25.189197540283203,50.63211479,3.0546097000000003
725,1624039150061,25.189197540283203,50.63211479,3.0546097000000003
726,1624039156069,25.189197540283203,50.63211479,3.0546097000000003
727,1624039162048,25.189197540283203,50.63211479,3.0546097000000003
728,1624039168075,25.189197540283203,50.63211479,3.0546097000000003
729,1624039174085,25.189197540283203,50.63211479,3.0546097000000003
730,1624039180083,25.189197540283203,50.63211479,3.0546097000000003
731,1624039186044,25.189197540283203,50.63211479,3.0546097000000003
732,1624039192104,25.189197540283203,50.63211479,3.0546097000000003
733,1624039198055,25.189197540283203,50.63211479,3.0546097000000003
734,1624039204027,25.189197540283203,50.63211479,3.0546097000000003
735,1624039210034,25.189197540283203,50.63211479,3.0546097000000003
736,1624039216036,25.189197540283203,50.63211479,3.0546097000000003
737,1624039222067,25.189197540283203,50.63211479,3.0546097000000003
738,1624039228518,25.189197540283203,50.63211479,3.0546097000000003
739,1624039234028,25.189197540283203,50.63211479,3.0546097000000003
740,1624039240028,25.189197540283203,50.63211479,3.0546097000000003
741,1624039246035,25.189197540283203,50.63211479,3.0546097000000003
742,1624039252083,25.189197540283203,50.63211479,3.0546097000000003
743,1624039258029,25.189197540283203,50.63211479,3.0546097000000003
744,1624039264035,25.189197540283203,50.63211479,3.0546097000000003
745,1624039270030,25.189197540283203,50.63211479,3.0546097000000003
746,1624039276025,25.189197540283203,50.63211479,3.0546097000000003
747,1624039282066,25.189197540283203,50.63211479,3.0546097000000003
748,1624039288033,25.189197540283203,50.63211479,3.0546097000000003
749,1624039294062,25.189197540283203,50.63211479,3.0546097000000003
750,1624039300038,25.189197540283203,50.63211479,3.0546097000000003
751,1624039306044,25.189197540283203,50.63211479,3.0546097000000003
752,1624039312033,25.189197540283203,50.63211479,3.0546097000000003
753,1624039318032,25.189197540283203,50.63211479,3.0546097000000003
754,1624039324064,25.189197540283203,50.63211479,3.0546097000000003
755,1624039330018,25.189197540283203,50.63211479,3.0546097000000003
756,1624039336045,25.189197540283203,50.63211479,3.0546097000000003
757,1624039342063,25.189197540283203,50.63211479,3.0546097000000003
758,1624039348033,25.189197540283203,50.63211479,3.0546097000000003
759,1624039354075,25.189197540283203,50.63211479,3.0546097000000003
760,1624039360068,25.189197540283203,50.63211479,3.0546097000000003
761,1624039366574,25.189197540283203,50.63211479,3.0546097000000003
762,1624039372022,25.189197540283203,50.63211479,3.0546097000000003
763,1624039378069,25.189197540283203,50.63211479,3.0546097000000003
764,1624039384061,25.189197540283203,50.63211479,3.0546097000000003
765,1624039390083,25.189197540283203,50.63211479,3.0546097000000003
766,1624039396071,25.189197540283203,50.63211479,3.0546097000000003
767,1624039402047,25.189197540283203,50.63211479,3.0546097000000003
768,1624039408081,25.189197540283203,50.63211479,3.0546097000000003
769,1624039414081,25.189197540283203,50.63211479,3.0546097000000003
770,1624039420040,25.189197540283203,50.63211479,3.0546097000000003
771,1624039426025,25.189197540283203,50.63211479,3.0546097000000003
772,1624039432089,25.189197540283203,50.63211479,3.0546097000000003
773,1624039438015,25.189197540283203,50.63211479,3.0546097000000003
774,1624039444019,25.189197540283203,50.63211479,3.0546097000000003
775,1624039450021,25.189197540283203,50.63211479,3.0546097000000003
776,1624039456026,25.189197540283203,50.63211479,3.0546097000000003
777,1624039462029,25.189197540283203,50.63211479,3.0546097000000003
778,1624039468077,25.189197540283203,50.63211479,3.0546097000000003
779,1624039474043,25.189197540283203,50.63211479,3.0546097000000003
780,1624039480558,25.189197540283203,50.63211479,3.0546097000000003
781,1624039486040,25.189197540283203,50.63211479,3.0546097000000003
782,1624039492018,25.189197540283203,50.63211479,3.0546097000000003
783,1624039498074,25.189197540283203,50.63211479,3.0546097000000003
784,1624039504034,25.189197540283203,50.63211479,3.0546097000000003
785,1624039510061,25.189197540283203,50.63211479,3.0546097000000003
786,1624039516502,25.189197540283203,50.63211479,3.0546097000000003
787,1624039522502,25.189197540283203,50.63211479,3.0546097000000003
788,1624039528485,25.189197540283203,50.63211479,3.0546097000000003
789,1624039534018,25.189197540283203,50.63211479,3.0546097000000003
790,1624039540510,25.189197540283203,50.63211479,3.0546097000000003
791,1624039546501,25.189197540283203,50.63211479,3.0546097000000003
792,1624039552030,25.189197540283203,50.63211479,3.0546097000000003
793,1624039558494,25.189197540283203,50.63211479,3.0546097000000003
794,1624039564037,25.189197540283203,50.63211479,3.0546097000000003
795,1624039570058,25.189197540283203,50.63211479,3.0546097000000003
796,1624039576033,25.189197540283203,50.63211479,3.0546097000000003
797,1624039582053,25.189197540283203,50.63211479,3.0546097000000003
798,1624039588049,25.189197540283203,50.63211479,3.0546097000000003
799,1624039594490,25.189197540283203,50.63211479,3.0546097000000003
800,1624039600080,25.189197540283203,50.63211479,3.0546097000000003
801,1624039606037,25.189197540283203,50.63211479,3.0546097000000003
802,1624039612065,25.189197540283203,50.63211479,3.0546097000000003
803,1624039618065,25.189197540283203,50.63211479,3.0546097000000003
804,1624039624075,25.189197540283203,50.63211479,3.0546097000000003
805,1624039630064,25.189197540283203,50.63211479,3.0546097000000003
806,1624039636062,25.189197540283203,50.63211479,3.0546097000000003
807,1624039642461,25.189197540283203,50.63211479,3.0546097000000003
808,1624039648530,25.189197540283203,50.63211479,3.0546097000000003
809,1624039654049,25.189197540283203,50.63211479,3.0546097000000003
810,1624039660495,25.189197540283203,50.63211479,3.0546097000000003
811,1624039666475,25.189197540283203,50.63211479,3.0546097000000003
812,1624039672039,25.189197540283203,50.63211479,3.0546097000000003
813,1624039678047,25.189197540283203,50.63211479,3.0546097000000003
814,1624039684514,25.189197540283203,50.63211479,3.0546097000000003
815,1624039690043,25.189197540283203,50.63211479,3.0546097000000003
816,1624039696510,25.189197540283203,50.63211479,3.0546097000000003
817,1624039702535,25.189197540283203,50.63211479,3.0546097000000003
818,1624039708503,25.189197540283203,50.63211479,3.0546097000000003
819,1624039714481,25.189197540283203,50.63211479,3.0546097000000003
820,1624039720053,25.189197540283203,50.63211479,3.0546097000000003
821,1624039726058,25.189197540283203,50.63211479,3.0546097000000003
822,1624039732069,25.189197540283203,50.63211479,3.0546097000000003
823,1624039738060,25.189197540283203,50.63211479,3.0546097000000003
824,1624039744053,25.189197540283203,50.63211479,3.0546097000000003
825,1624039750519,25.189197540283203,50.63211479,3.0546097000000003
826,1624039756019,25.189197540283203,50.63211479,3.0546097000000003
827,1624039762500,25.189197540283203,50.63211479,3.0546097000000003
828,1624039768026,25.189197540283203,50.63211479,3.0546097000000003
829,1624039774550,25.189197540283203,50.63211479,3.0546097000000003
830,1624039780476,25.189197540283203,50.63211479,3.0546097000000003
831,1624039786531,25.189197540283203,50.63211479,3.0546097000000003
832,1624039792481,25.189197540283203,50.63211479,3.0546097000000003
833,1624039798451,25.189197540283203,50.63211479,3.0546097000000003
834,1624039804487,25.189197540283203,50.63211479,3.0546097000000003
835,1624039810484,25.189197540283203,50.63211479,3.0546097000000003
836,1624039816013,25.189197540283203,50.63211479,3.0546097000000003
837,1624039822486,25.189197540283203,50.63211479,3.0546097000000003
838,1624039828547,25.189197540283203,50.63211479,3.0546097000000003
839,1624039834518,25.189197540283203,50.63211479,3.0546097000000003
840,1624039840034,25.189197540283203,50.63211479,3.0546097000000003
841,1624039846021,25.189197540283203,50.63211479,3.0546097000000003
842,1624039852031,25.189197540283203,50.63211479,3.0546097000000003
843,1624039858465,25.189197540283203,50.63211479,3.0546097000000003
844,1624039864461,25.189197540283203,50.63211479,3.0546097000000003
845,1624039870032,25.189197540283203,50.63211479,3.0546097000000003
846,1624039876476,25.189197540283203,50.63211479,3.0546097000000003
847,1624039882452,25.189197540283203,50.63211479,3.0546097000000003
848,1624039888016,25.189197540283203,50.63211479,3.0546097000000003
849,1624039894541,25.189197540283203,50.63211479,3.0546097000000003
850,1624039900490,25.189197540283203,50.63211479,3.0546097000000003
851,1624039906472,25.189197540283203,50.63211479,3.0546097000000003
852,1624039912468,25.189197540283203,50.63211479,3.0546097000000003
853,1624039918456,25.189197540283203,50.63211479,3.0546097000000003
854,1624039924462,25.189197540283203,50.63211479,3.0546097000000003
855,1624039930469,25.189197540283203,50.63211479,3.0546097000000003
856,1624039936031,25.189197540283203,50.63211479,3.0546097000000003
857,1624039942472,25.189197540283203,50.63211479,3.0546097000000003
858,1624039948534,25.189197540283203,50.63211479,3.0546097000000003
859,1624039954043,25.189197540283203,50.63211479,3.0546097000000003
860,1624039960471,25.189197540283203,50.63211479,3.0546097000000003
861,1624039966459,25.189197540283203,50.63211479,3.0546097000000003
862,1624039972492,25.189197540283203,50.63211479,3.0546097000000003
863,1624039978488,25.189197540283203,50.63211479,3.0546097000000003
864,1624039984431,25.189197540283203,50.63211479,3.0546097000000003
865,1624039990045,25.189197540283203,50.63211479,3.0546097000000003
866,1624039996490,25.189197540283203,50.63211479,3.0546097000000003
867,1624040002436,25.189197540283203,50.63211479,3.0546097000000003
868,1624040008524,25.189197540283203,50.63211479,3.0546097000000003
869,1624040014530,25.189197540283203,50.63211479,3.0546097000000003
870,1624040020050,25.189197540283203,50.63211479,3.0546097000000003
871,1624040026497,25.189197540283203,50.63211479,3.0546097000000003
872,1624040032457,25.189197540283203,50.63211479,3.0546097000000003
873,1624040038020,25.189197540283203,50.63211479,3.0546097000000003
874,1624040044050,25.189197540283203,50.63211479,3.0546097000000003
875,1624040050491,25.189197540283203,50.63211479,3.0546097000000003
876,1624040056044,25.189197540283203,50.63211479,3.0546097000000003
877,1624040062026,25.189197540283203,50.63211479,3.0546097000000003
878,1624040068479,25.189197540283203,50.63211479,3.0546097000000003
879,1624040074477,25.189197540283203,50.63211479,3.0546097000000003
880,1624040080018,25.189197540283203,50.63211479,3.0546097000000003
881,1624040086499,25.189197540283203,50.63211479,3.0546097000000003
882,1624040092477,25.189197540283203,50.63211479,3.0546097000000003
883,1624040098447,25.189197540283203,50.63211479,3.0546097000000003
884,1624040104496,25.189197540283203,50.63211479,3.0546097000000003
885,1624040110481,25.189197540283203,50.63211479,3.0546097000000003
886,1624040116547,25.189197540283203,50.63211479,3.0546097000000003
887,1624040122462,25.189197540283203,50.63211479,3.0546097000000003
888,1624040128448,25.189197540283203,50.63211479,3.0546097000000003
889,1624040134471,25.189197540283203,50.63211479,3.0546097000000003
890,1624040140506,25.189197540283203,50.63211479,3.0546097000000003
891,1624040146485,25.189197540283203,50.63211479,3.0546097000000003
892,1624040152491,25.189197540283203,50.63211479,3.0546097000000003
893,1624040158456,25.189197540283203,50.63211479,3.0546097000000003
894,1624040164497,25.189197540283203,50.63211479,3.0546097000000003
895,1624040170467,25.189197540283203,50.63211479,3.0546097000000003
896,1624040176505,25.189197540283203,50.63211479,3.0546097000000003
897,1624040182041,25.189197540283203,50.63211479,3.0546097000000003
898,1624040188471,25.189197540283203,50.63211479,3.0546097000000003
899,1624040194046,25.189197540283203,50.63211479,3.0546097000000003
900,1624040200499,25.189197540283203,50.63211479,3.0546097000000003
901,1624040206480,25.189197540283203,50.63211479,3.0546097000000003
902,1624040212512,25.189197540283203,50.63211479,3.0546097000000003
903,1624040218490,25.189197540283203,50.63211479,3.0546097000000003
904,1624040224500,25.189197540283203,50.63211479,3.0546097000000003
905,1624040230428,25.189197540283203,50.63211479,3.0546097000000003
906,1624040236453,25.189197540283203,50.63211479,3.0546097000000003
907,1624040242504,25.189197540283203,50.63211479,3.0546097000000003
908,1624040248445,25.189197540283203,50.63211479,3.0546097000000003
909,1624040254464,25.189197540283203,50.63211479,3.0546097000000003
910,1624040260458,25.189197540283203,50.63211479,3.0546097000000003
911,1624040266489,25.189197540283203,50.63211479,3.0546097000000003
912,1624040272437,25.189197540283203,50.63211479,3.0546097000000003
913,1624040278489,25.189197540283203,50.63211479,3.0546097000000003
914,1624040284026,25.189197540283203,50.63211479,3.0546097000000003
915,1624040290507,25.189197540283203,50.63211479,3.0546097000000003
916,1624040296024,25.189197540283203,50.63211479,3.0546097000000003
917,1624040302522,25.189197540283203,50.63211479,3.0546097000000003
918,1624040308464,25.189197540283203,50.63211479,3.0546097000000003
919,1624040314521,25.189197540283203,50.63211479,3.0546097000000003
920,1624040320487,25.189197540283203,50.63211479,3.0546097000000003
921,1624040326477,25.189197540283203,50.63211479,3.0546097000000003
922,1624040332475,25.189197540283203,50.63211479,3.0546097000000003
923,1624040338422,25.189197540283203,50.63211479,3.0546097000000003
924,1624040344483,25.189197540283203,50.63211479,3.0546097000000003
925,1624040350515,25.189197540283203,50.63211479,3.0546097000000003
926,1624040356410,25.189197540283203,50.63211479,3.0546097000000003
927,1624040362461,25.189197540283203,50.63211479,3.0546097000000003
928,1624040368493,25.189197540283203,50.63211479,3.0546097000000003
929,1624040374455,25.189197540283203,50.63211479,3.0546097000000003
930,1624040380403,25.189197540283203,50.63211479,3.0546097000000003
931,1624040386467,25.189197540283203,50.63211479,3.0546097000000003
932,1624040392407,25.189197540283203,50.63211479,3.0546097000000003
933,1624040398438,25.189197540283203,50.63211479,3.0546097000000003
934,1624040404431,25.189197540283203,50.63211479,3.0546097000000003
935,1624040410475,25.189197540283203,50.63211479,3.0546097000000003
936,1624040416474,25.189197540283203,50.63211479,3.0546097000000003
937,1624040422476,25.189197540283203,50.63211479,3.0546097000000003
938,1624040428468,25.189197540283203,50.63211479,3.0546097000000003
939,1624040434475,25.189197540283203,50.63211479,3.0546097000000003
940,1624040440437,25.189197540283203,50.63211479,3.0546097000000003
941,1624040446464,25.189197540283203,50.63211479,3.0546097000000003
942,1624040452503,25.189197540283203,50.63211479,3.0546097000000003
943,1624040458492,25.189197540283203,50.63211479,3.0546097000000003
944,1624040464464,25.189197540283203,50.63211479,3.0546097000000003
945,1624040470443,25.189197540283203,50.63211479,3.0546097000000003
946,1624040476444,25.189197540283203,50.63211479,3.0546097000000003
947,1624040482476,25.189197540283203,50.63211479,3.0546097000000003
948,1624040488453,25.189197540283203,50.63211479,3.0546097000000003
949,1624040494455,25.189197540283203,50.63211479,3.0546097000000003
950,1624040500489,25.189197540283203,50.63211479,3.0546097000000003
951,1624040506464,25.189197540283203,50.63211479,3.0546097000000003
952,1624040512467,25.189197540283203,50.63211479,3.0546097000000003
953,1624040518456,25.189197540283203,50.63211479,3.0546097000000003
954,1624040524470,25.189197540283203,50.63211479,3.0546097000000003
955,1624040530473,25.189197540283203,50.63211479,3.0546097000000003
956,1624040536508,25.189197540283203,50.63211479,3.0546097000000003
957,1624040542452,25.189197540283203,50.63211479,3.0546097000000003
958,1624040548448,25.189197540283203,50.63211479,3.0546097000000003
959,1624040554469,25.189197540283203,50.63211479,3.0546097000000003
960,1624040560436,25.189197540283203,50.63211479,3.0546097000000003
961,1624040566491,25.189197540283203,50.63211479,3.0546097000000003
962,1624040572468,25.189197540283203,50.63211479,3.0546097000000003
963,1624040578437,25.189197540283203,50.63211479,3.0546097000000003
964,1624040584462,25.189197540283203,50.63211479,3.0546097000000003
965,1624040590479,25.189197540283203,50.63211479,3.0546097000000003
966,1624040596428,25.189197540283203,50.63211479,3.0546097000000003
967,1624040602457,25.189197540283203,50.63211479,3.0546097000000003
968,1624040608471,25.189197540283203,50.63211479,3.0546097000000003
969,1624040614358,25.189197540283203,50.63211479,3.0546097000000003
970,1624040620403,25.189197540283203,50.63211479,3.0546097000000003
971,1624040626437,25.189197540283203,50.63211479,3.0546097000000003
972,1624040632431,25.189197540283203,50.63211479,3.0546097000000003
973,1624040638427,25.189197540283203,50.63211479,3.0546097000000003
974,1624040644464,25.189197540283203,50.63211479,3.0546097000000003
975,1624040650407,25.189197540283203,50.63211479,3.0546097000000003
976,1624040656429,25.189197540283203,50.63211479,3.0546097000000003
977,1624040662402,25.189197540283203,50.63211479,3.0546097000000003
978,1624040668392,25.189197540283203,50.63211479,3.0546097000000003
979,1624040674414,25.189197540283203,50.63211479,3.0546097000000003
980,1624040680424,25.189197540283203,50.63211479,3.0546097000000003
981,1624040686470,25.189197540283203,50.63211479,3.0546097000000003
982,1624040692455,25.189197540283203,50.63211479,3.0546097000000003
983,1624040698456,25.189197540283203,50.63211479,3.0546097000000003
984,1624040704409,25.189197540283203,50.63211479,3.0546097000000003
985,1624040710392,25.189197540283203,50.63211479,3.0546097000000003
986,1624040716384,25.189197540283203,50.63211479,3.0546097000000003
987,1624040722465,25.189197540283203,50.63211479,3.0546097000000003
988,1624040728456,25.189197540283203,50.63211479,3.0546097000000003
989,1624040734413,25.189197540283203,50.63211479,3.0546097000000003
990,1624040740460,25.189197540283203,50.63211479,3.0546097000000003
991,1624040746477,25.189197540283203,50.63211479,3.0546097000000003
992,1624040752393,25.189197540283203,50.63211479,3.0546097000000003
993,1624040758399,25.189197540283203,50.63211479,3.0546097000000003
994,1624040764491,25.189197540283203,50.63211479,3.0546097000000003
995,1624040770446,25.189197540283203,50.63211479,3.0546097000000003
996,1624040776468,25.189197540283203,50.63211479,3.0546097000000003
997,1624040782399,25.189197540283203,50.63211479,3.0546097000000003
998,1624040788426,25.189197540283203,50.63211479,3.0546097000000003
999,1624040794390,25.189197540283203,50.63211479,3.0546097000000003
1000,1624040800429,25.189197540283203,50.63211479,3.0546097000000003
1001,1624040806457,25.189197540283203,50.63211479,3.0546097000000003
1002,1624040812390,25.189197540283203,50.63211479,3.0546097000000003
1003,1624040818411,25.189197540283203,50.63211479,3.0546097000000003
1004,1624040824465,25.189197540283203,50.63211479,3.0546097000000003
1005,1624040830391,25.189197540283203,50.63211479,3.0546097000000003
1006,1624040836342,25.189197540283203,50.63211479,3.0546097000000003
1007,1624040842405,25.189197540283203,50.63211479,3.0546097000000003
1008,1624040848379,25.189197540283203,50.63211479,3.0546097000000003
1009,1624040854374,25.189197540283203,50.63211479,3.0546097000000003
1010,1624040860410,25.189197540283203,50.63211479,3.0546097000000003
1011,1624040866376,25.189197540283203,50.63211479,3.0546097000000003
1012,1624040872377,25.189197540283203,50.63211479,3.0546097000000003
1013,1624040878393,25.189197540283203,50.63211479,3.0546097000000003
1014,1624040884391,25.189197540283203,50.63211479,3.0546097000000003
1015,1624040890376,25.189197540283203,50.63211479,3.0546097000000003
1016,1624040896425,25.189197540283203,50.63211479,3.0546097000000003
1017,1624040902401,25.189197540283203,50.63211479,3.0546097000000003
1018,1624040908413,25.189197540283203,50.63211479,3.0546097000000003
1019,1624040914390,25.189197540283203,50.63211479,3.0546097000000003
1020,1624040920396,25.189197540283203,50.63211479,3.0546097000000003
1021,1624040926348,25.189197540283203,50.63211479,3.0546097000000003
1022,1624040932436,25.189197540283203,50.63211479,3.0546097000000003
1023,1624040938351,25.189197540283203,50.63211479,3.0546097000000003
1024,1624040944399,25.189197540283203,50.63211479,3.0546097000000003
1025,1624040950401,25.189197540283203,50.63211479,3.0546097000000003
1026,1624040956391,25.189197540283203,50.63211479,3.0546097000000003
1027,1624040962422,25.189197540283203,50.63211479,3.0546097000000003
1028,1624040968392,25.189197540283203,50.63211479,3.0546097000000003
1029,1624040974404,25.189197540283203,50.63211479,3.0546097000000003
1030,1624040980490,25.189197540283203,50.63211479,3.0546097000000003
1031,1624040986405,25.189197540283203,50.63211479,3.0546097000000003
1032,1624040992020,25.189197540283203,50.63211479,3.0546097000000003
1033,1624040998408,25.189197540283203,50.63211479,3.0546097000000003
1034,1624041004419,25.189197540283203,50.63211479,3.0546097000000003
1035,1624041010043,25.189197540283203,50.63211479,3.0546097000000003
1036,1624041016442,25.189197540283203,50.63211479,3.0546097000000003
1037,1624041022386,25.189197540283203,50.63211479,3.0546097000000003
1038,1624041028492,24.97596740722656,50.63314752,3.06589338
