,Timestamp,Quality,Lat,Lon
0,1627618899732,8.001208273680877,50.60003662109375,5.330245765000016
1,1627618905228,12.001812410521316,50.60064697265625,5.331925520616362
2,1627618911215,12.001812410521316,50.60125732421875,5.333580869471816
3,1627618917216,12.001812410521316,50.60186767578125,5.3353492046176525
4,1627618923210,12.001812410521316,50.60250854492188,5.337086232039088
5,1627618929200,12.001812410521316,50.603118896484375,5.338832894468943
6,1627618935231,12.001812410521316,50.603759765625,5.340574124160264
7,1627618941199,12.001812410521316,50.6043701171875,5.342294107800093
8,1627618947242,8.001208273680877,50.60504150390625,5.34393961936177
9,1627618953228,12.001812410521316,50.60562133789063,5.345639202179231
10,1627618959192,12.001812410521316,50.606231689453125,5.347371451436122
11,1627618965198,16.002416547361754,50.606719970703125,5.348829908202915
12,1627618971203,16.002416547361754,50.607269287109375,5.350536826489583
13,1627618977192,12.001812410521316,50.6077880859375,5.352331880012872
14,1627618983198,12.001812410521316,50.608306884765625,5.35414734461818
15,1627618989197,12.001812410521316,50.608795166015625,5.355950171791987
16,1627618995204,16.002416547361754,50.609222412109375,5.357778683309958
17,1627619001204,12.001812410521316,50.609619140625,5.359665572478102
18,1627619007215,12.001812410521316,50.61004638671875,5.361863892236596
19,1627619013203,12.001812410521316,50.610382080078125,5.363402044775731
20,1627619019206,12.001812410521316,50.6107177734375,5.365312353146448
21,1627619025204,12.001812410521316,50.61114501953125,5.367491856412784
22,1627619031213,12.001812410521316,50.6114501953125,5.368996138755829
23,1627619037201,12.001812410521316,50.61181640625,5.370881448669056
24,1627619043229,12.001812410521316,50.6121826171875,5.372756718425746
25,1627619049209,12.001812410521316,50.612548828125,5.374633261123982
26,1627619055209,8.001208273680877,50.61294555664063,5.376570326400739
27,1627619061205,8.001208273680877,50.613311767578125,5.378485112320242
28,1627619067237,12.001812410521316,50.61376953125,5.38076912884046
29,1627619073195,8.001208273680877,50.614044189453125,5.3824357592618615
30,1627619079208,12.001812410521316,50.614288330078125,5.384458769709535
31,1627619085214,12.001812410521316,50.614532470703125,5.386422048234524
32,1627619091202,12.001812410521316,50.61468505859375,5.38845400464743
33,1627619097218,12.001812410521316,50.6148681640625,5.390413886392592
34,1627619103211,12.001812410521316,50.615081787109375,5.392335452338803
35,1627619109203,16.002416547361754,50.615264892578125,5.394291657278138
36,1627619115212,12.001812410521316,50.61544799804688,5.396492516461589
37,1627619121193,12.001812410521316,50.615570068359375,5.398091703173868
38,1627619127207,12.001812410521316,50.61572265625,5.399961536282223
39,1627619133206,12.001812410521316,50.61590576171875,5.401740381726079
40,1627619139208,12.001812410521316,50.6160888671875,5.403455449238388
41,1627619145200,12.001812410521316,50.6163330078125,5.405033493992078
42,1627619151198,12.001812410521316,50.6165771484375,5.406587808441144
43,1627619157204,16.002416547361754,50.616943359375,5.4081527456388745
44,1627619163205,16.002416547361754,50.6173095703125,5.409689669749524
45,1627619169206,12.001812410521316,50.61785888671875,5.411382718151991
46,1627619175199,12.001812410521316,50.61834716796875,5.413008618897601
47,1627619181202,12.001812410521316,50.619049072265625,5.414700945930404
48,1627619187212,12.001812410521316,50.619903564453125,5.416604519438178
49,1627619193203,12.001812410521316,50.6204833984375,5.41797030989849
50,1627619199221,12.001812410521316,50.62127685546875,5.419828251135376
51,1627619205199,8.001208273680877,50.621917724609375,5.421479061584596
52,1627619211186,12.001812410521316,50.622589111328125,5.423065263549626
53,1627619217208,12.001812410521316,50.62326049804688,5.424683690525906
54,1627619223212,12.001812410521316,50.62399291992188,5.426281398507271
55,1627619229201,12.001812410521316,50.62466430664063,5.42790192404841
56,1627619235202,12.001812410521316,50.625244140625,5.429259154779175
57,1627619241225,12.001812410521316,50.62594604492188,5.4309149257779685
58,1627619247211,12.001812410521316,50.62677001953125,5.432828027613794
59,1627619253203,12.001812410521316,50.62738037109375,5.43418229634606
60,1627619259240,12.001812410521316,50.62823486328125,5.436128002129849
61,1627619265208,12.001812410521316,50.62884521484375,5.437522564089129
62,1627619271182,12.001812410521316,50.62957763671875,5.439227232655799
63,1627619277199,12.001812410521316,50.63031005859375,5.440892828989089
64,1627619283185,12.001812410521316,50.63101196289063,5.442546700615653
65,1627619289184,12.001812410521316,50.631683349609375,5.444230178910206
66,1627619295163,12.001812410521316,50.632354736328125,5.445751787626547
67,1627619301201,12.001812410521316,50.63302612304688,5.447404760734275
68,1627619307195,12.001812410521316,50.63372802734375,5.449017118688208
69,1627619313190,12.001812410521316,50.63446044921875,5.450563626380542
70,1627619319191,16.002416547361754,50.63522338867188,5.452121359252603
71,1627619325214,16.002416547361754,50.63623046875,5.453846200070168
72,1627619331183,12.001812410521316,50.63690185546875,5.455014012422048
73,1627619337195,12.001812410521316,50.63775634765625,5.456408560042347
74,1627619343163,12.001812410521316,50.638671875,5.4578236241875
75,1627619349186,16.002416547361754,50.639495849609375,5.459245414349838
76,1627619355148,12.001812410521316,50.640380859375,5.4607011862539645
77,1627619361191,12.001812410521316,50.64126586914063,5.4621484613141424
78,1627619367224,12.001812410521316,50.64230346679688,5.463847128261213
79,1627619373219,12.001812410521316,50.6429443359375,5.4650743212967
80,1627619379202,12.001812410521316,50.6436767578125,5.46656917766656
81,1627619385175,12.001812410521316,50.6444091796875,5.467944092493411
82,1627619391206,12.001812410521316,50.644927978515625,5.46934007820821
83,1627619397145,16.002416547361754,50.6453857421875,5.47081606063704
84,1627619403236,16.002416547361754,50.6453857421875,5.472112263915148
85,1627619409200,12.001812410521316,50.64483642578125,5.473265160943308
86,1627619415194,12.001812410521316,50.644287109375,5.47454983739511
87,1627619421143,12.001812410521316,50.643585205078125,5.475891551871432
88,1627619427191,12.001812410521316,50.64279174804688,5.477238592399109
89,1627619433179,12.001812410521316,50.64205932617188,5.478652605326397
90,1627619439160,12.001812410521316,50.641357421875,5.480058159202634
91,1627619445152,12.001812410521316,50.640411376953125,5.481191237654167
92,1627619451128,12.001812410521316,50.63946533203125,5.482358762338388
93,1627619457122,12.001812410521316,50.63836669921875,5.483137722651041
94,1627619463116,12.001812410521316,50.637237548828125,5.483815318709442
95,1627619469128,12.001812410521316,50.63604736328125,5.484337686918947
96,1627619475127,12.001812410521316,50.634857177734375,5.484831692453825
97,1627619481121,12.001812410521316,50.633636474609375,5.485320762785303
98,1627619487142,12.001812410521316,50.632415771484375,5.485903651685232
99,1627619493143,12.001812410521316,50.631195068359375,5.486472324680733
100,1627619499124,12.001812410521316,50.62994384765625,5.486991346976377
101,1627619505138,12.001812410521316,50.62872314453125,5.487427786142869
102,1627619511123,12.001812410521316,50.627532958984375,5.4879838009258
103,1627619517126,12.001812410521316,50.62652587890625,5.488792346233567
104,1627619523121,8.001208273680877,50.62567138671875,5.490094032522278
105,1627619529142,8.001208273680877,50.62506103515625,5.491629478110052
106,1627619535119,8.001208273680877,50.62448120117188,5.493192015858039
107,1627619541148,12.001812410521316,50.623779296875,5.494613777152143
108,1627619547110,8.001208273680877,50.6229248046875,5.495580117056272
109,1627619553116,12.001812410521316,50.621917724609375,5.496370751866955
110,1627619559117,12.001812410521316,50.620880126953125,5.4970013962189
111,1627619565120,12.001812410521316,50.62008666992188,5.498070914973495
112,1627619571121,12.001812410521316,50.61959838867188,5.499389584030982
113,1627619577128,12.001812410521316,50.619415283203125,5.500898683604808
114,1627619583126,12.001812410521316,50.6195068359375,5.502486062353063
115,1627619589123,12.001812410521316,50.61962890625,5.504206487949991
116,1627619595124,12.001812410521316,50.61978149414063,5.506011107684821
117,1627619601127,12.001812410521316,50.61981201171875,5.507722691140932
118,1627619607191,16.002416547361754,50.61968994140625,5.509255924996076
119,1627619613120,12.001812410521316,50.619140625,5.510350743870357
120,1627619619126,8.001208273680877,50.618438720703125,5.511169329069916
121,1627619625171,8.001208273680877,50.61773681640625,5.511552133129166
122,1627619631221,8.001208273680877,50.61712646484375,5.511937960679705
123,1627619637190,12.001812410521316,50.61666870117188,5.512046955371468
124,1627619643131,12.001812410521316,50.61642456054688,5.511689115356688
125,1627619649140,12.001812410521316,50.616241455078125,5.510880396205781
126,1627619655140,12.001812410521316,50.61590576171875,5.509950260406908
127,1627619661123,8.001208273680877,50.615570068359375,5.50886605412757
128,1627619667142,8.001208273680877,50.6151123046875,5.507819501571207
129,1627619673151,12.001812410521316,50.614501953125,5.5068595370680375
130,1627619679124,12.001812410521316,50.613800048828125,5.506041009578402
131,1627619685109,12.001812410521316,50.61300659179688,5.505342260661628
132,1627619691129,12.001812410521316,50.61224365234375,5.504639315040222
133,1627619697124,12.001812410521316,50.6114501953125,5.50400139278884
134,1627619703128,12.001812410521316,50.61090087890625,5.503513999205503
135,1627619709117,12.001812410521316,50.610382080078125,5.503191572966692
136,1627619715121,12.001812410521316,50.609954833984375,5.502809745964355
137,1627619721104,12.001812410521316,50.60952758789063,5.502328207598489
138,1627619727132,12.001812410521316,50.60888671875,5.501694656086102
139,1627619733132,16.002416547361754,50.608245849609375,5.500638129527832
140,1627619739174,12.001812410521316,50.607757568359375,5.499625423068631
141,1627619745118,12.001812410521316,50.607177734375,5.49901005028604
142,1627619751124,12.001812410521316,50.60662841796875,5.4990971169163645
143,1627619757122,12.001812410521316,50.60617065429688,5.499238568068675
144,1627619763120,12.001812410521316,50.605712890625,5.498707181491055
145,1627619769120,12.001812410521316,50.60540771484375,5.497752577496095
146,1627619775186,12.001812410521316,50.60504150390625,5.496982807991063
147,1627619781113,12.001812410521316,50.6048583984375,5.496492087842633
148,1627619787145,12.001812410521316,50.60467529296875,5.496646213058394
149,1627619793115,12.001812410521316,50.604827880859375,5.497002719773971
150,1627619799196,12.001812410521316,50.6051025390625,5.497155715685887
151,1627619805196,12.001812410521316,50.6053466796875,5.497835739250396
152,1627619811163,6.000906205260658,50.6055908203125,5.498508098075159
153,1627619817137,6.000906205260658,50.605804443359375,5.49913604028284
154,1627619823142,6.000906205260658,50.605987548828125,5.499625408391169
155,1627619829174,8.001208273680877,50.605987548828125,5.500266408296324
156,1627619835119,8.001208273680877,50.60589599609375,5.500937436841701
157,1627619841125,12.001812410521316,50.60552978515625,5.5013143316054505
158,1627619847147,12.001812410521316,50.6051025390625,5.501417856233919
159,1627619853165,12.001812410521316,50.604736328125,5.501525379980119
160,1627619859184,12.001812410521316,50.6043701171875,5.501669660723768
161,1627619865161,12.001812410521316,50.60400390625,5.501747890466199
162,1627619871194,8.001208273680877,50.603607177734375,5.5019509564071045
163,1627619877197,12.001812410521316,50.603302001953125,5.502129593935007
164,1627619883186,12.001812410521316,50.60308837890625,5.502282756331002
165,1627619889185,16.002416547361754,50.60275268554688,5.502305770198724
166,1627619895179,13.98624616629366,50.602447509765625,5.502122662991638
167,1627619901179,12.001812410521316,50.60220336914063,5.50182053649225
168,1627619907209,8.001208273680877,50.602294921875,5.50154678010778
169,1627619913185,6.000906205260658,50.6024169921875,5.501516365044267
170,1627619919191,6.000906205260658,50.60250854492188,5.50148616518548
171,1627619925183,8.001208273680877,50.6026611328125,5.501446532822619
172,1627619931193,6.000906205260658,50.602783203125,5.501399025017841
173,1627619937204,6.000906205260658,50.6029052734375,5.501361829380402
174,1627619943181,8.001208273680877,50.60299682617188,5.501346716421891
175,1627619949077,6.000906205260658,50.60308837890625,5.501314134451989
176,1627619955176,12.001812410521316,50.6031494140625,5.501328408035977
177,1627619961184,12.001812410521316,50.60317993164063,5.501331686244662
178,1627619967193,12.001812410521316,50.60321044921875,5.501342518932778
179,1627619973181,12.001812410521316,50.60321044921875,5.501317712153747
180,1627619979182,12.001812410521316,50.60321044921875,5.501183239613856
181,1627619985181,12.001812410521316,50.60317993164063,5.50099221537773
182,1627619991201,12.001812410521316,50.6031494140625,5.500854149420212
183,1627619997189,12.001812410521316,50.603118896484375,5.500676298467226
184,1627620003208,12.001812410521316,50.60308837890625,5.500504017390824
185,1627620009195,12.001812410521316,50.60299682617188,5.500395197147249
186,1627620015204,8.001208273680877,50.602874755859375,5.50015049677322
187,1627620021192,8.001208273680877,50.60275268554688,5.500208318744991
188,1627620027187,8.001208273680877,50.60272216796875,5.50042584000516
189,1627620033178,12.001812410521316,50.60275268554688,5.500437637410568
190,1627620039211,12.001812410521316,50.60284423828125,5.500465492624642
191,1627620045180,8.001208273680877,50.6029052734375,5.500463222067221
192,1627620051173,12.001812410521316,50.6029052734375,5.500469089440388
193,1627620057178,8.001208273680877,50.6029052734375,5.500439797323931
194,1627620063174,6.000906205260658,50.602935791015625,5.500443707562286
195,1627620069167,12.001812410521316,50.602935791015625,5.500402461633951
196,1627620075176,8.001208273680877,50.60296630859375,5.500372962462643
197,1627620081166,8.001208273680877,50.602935791015625,5.500447935527982
198,1627620087180,8.001208273680877,50.602935791015625,5.500447935527982
199,1627620093191,8.001208273680877,50.602935791015625,5.500447935527982
200,1627620099157,12.001812410521316,50.602935791015625,5.500447935527982
201,1627620105175,8.001208273680877,50.602935791015625,5.500447935527982
202,1627620111169,6.000906205260658,50.602935791015625,5.500447935527982
203,1627620117178,8.001208273680877,50.602935791015625,5.500447935527982
204,1627620123165,8.001208273680877,50.602935791015625,5.500447935527982
205,1627620129172,6.000906205260658,50.602935791015625,5.500447935527982
206,1627620135185,6.000906205260658,50.602935791015625,5.500447935527982
207,1627620141151,8.001208273680877,50.60296630859375,5.5004262666019255
208,1627620147081,4.000604136840439,50.60296630859375,5.500372959463956
209,1627620153171,6.000906205260658,50.60299682617188,5.50036706246768
210,1627620159162,6.000906205260658,50.60299682617188,5.500376880084555
211,1627620165152,6.000906205260658,50.60299682617188,5.500381726653309
212,1627620171182,8.001208273680877,50.60299682617188,5.500408370772216
213,1627620177160,8.001208273680877,50.60302734375,5.500408820556581
214,1627620183162,8.001208273680877,50.60299682617188,5.500395469763098
215,1627620189156,8.001208273680877,50.60299682617188,5.500358246961235
216,1627620195179,12.001812410521316,50.60302734375,5.500326918804372
217,1627620201159,8.001208273680877,50.60302734375,5.500318697343979
218,1627620207249,12.001812410521316,50.60302734375,5.500301574202721
219,1627620213164,6.000906205260658,50.60302734375,5.500314227158575
220,1627620219185,6.000906205260658,50.603057861328125,5.500330267617818
221,1627620225178,6.000906205260658,50.603057861328125,5.50041035169209
222,1627620231142,6.000906205260658,50.60302734375,5.500536853700084
223,1627620237178,4.000604136840439,50.60299682617188,5.500651378318495
224,1627620243180,4.000604136840439,50.603057861328125,5.5007695834092
225,1627620249079,4.000604136840439,50.603057861328125,5.5008999596280805
226,1627620255107,4.000604136840439,50.60308837890625,5.5010130658009535
227,1627620261083,4.000604136840439,50.603118896484375,5.501143416556538
228,1627620267328,6.000906205260658,50.60308837890625,5.501147481822822
229,1627620273176,4.000604136840439,50.603057861328125,5.501178491652599
230,1627620279200,6.000906205260658,50.60299682617188,5.501221208899914
231,1627620285074,6.000906205260658,50.602935791015625,5.501210444777811
232,1627620291131,6.000906205260658,50.60284423828125,5.501195559649039
233,1627620297180,6.000906205260658,50.60284423828125,5.501190310410817
234,1627620303092,6.000906205260658,50.60284423828125,5.501193541853234
235,1627620309185,6.000906205260658,50.60284423828125,5.501198010157898
236,1627620315125,6.000906205260658,50.60284423828125,5.501206008522887
237,1627620321137,6.000906205260658,50.60284423828125,5.5012682315792425
238,1627620327103,6.000906205260658,50.602935791015625,5.501323421046765
239,1627620333136,6.000906205260658,50.60302734375,5.501387877066121
240,1627620339187,6.000906205260658,50.60308837890625,5.5014045084187
241,1627620345134,8.001208273680877,50.60317993164063,5.501379312894723
242,1627620351129,8.001208273680877,50.60324096679688,5.501336208838059
243,1627620357132,8.001208273680877,50.603363037109375,5.501294603979456
244,1627620363147,8.001208273680877,50.603424072265625,5.501277075409681
245,1627620369192,8.001208273680877,50.603515625,5.501251629048264
246,1627620375137,8.001208273680877,50.60357666015625,5.501230290100479
247,1627620381133,8.001208273680877,50.60366821289063,5.501206109058516
248,1627620387151,8.001208273680877,50.603759765625,5.501179272121881
249,1627620393119,8.001208273680877,50.603851318359375,5.50115980745876
250,1627620399187,8.001208273680877,50.603912353515625,5.501114039020684
251,1627620405107,8.001208273680877,50.60397338867188,5.501031447137173
252,1627620411111,8.001208273680877,50.604034423828125,5.500966485704337
253,1627620417112,8.001208273680877,50.6041259765625,5.500900949614677
254,1627620423104,8.001208273680877,50.60418701171875,5.500846836443815
255,1627620429171,8.001208273680877,50.604248046875,5.500818550194498
256,1627620435109,8.001208273680877,50.60430908203125,5.500823276718365
257,1627620441075,8.001208273680877,50.6043701171875,5.500812067468639
258,1627620447078,8.001208273680877,50.604400634765625,5.500801683149716
259,1627620453081,8.001208273680877,50.604400634765625,5.500798884548648
260,1627620459141,8.001208273680877,50.60446166992188,5.500795316093964
261,1627620465074,8.001208273680877,50.6044921875,5.500821690593386
262,1627620471100,6.000906205260658,50.6044921875,5.500896905876632
263,1627620477100,8.001208273680877,50.6044921875,5.500932010959963
264,1627620483100,8.001208273680877,50.604522705078125,5.500905164463421
265,1627620489158,8.001208273680877,50.604522705078125,5.500860703598949
266,1627620495097,8.001208273680877,50.604522705078125,5.500820726492362
267,1627620501143,6.000906205260658,50.604522705078125,5.500805579982377
268,1627620507139,8.001208273680877,50.604522705078125,5.50080880823189
269,1627620513059,6.000906205260658,50.604522705078125,5.500814177331099
270,1627620519095,6.000906205260658,50.604522705078125,5.500818643517119
271,1627620525109,8.001208273680877,50.604522705078125,5.500832712425998
272,1627620531117,8.001208273680877,50.60455322265625,5.500918670921393
273,1627620537102,8.001208273680877,50.60455322265625,5.500913674611404
274,1627620543113,8.001208273680877,50.60455322265625,5.500915983937173
275,1627620549135,8.001208273680877,50.604583740234375,5.500897279233429
276,1627620555139,8.001208273680877,50.604583740234375,5.500799419672863
277,1627620561152,8.001208273680877,50.604583740234375,5.500761345317374
278,1627620567123,8.001208273680877,50.6046142578125,5.500789286627161
279,1627620573100,8.001208273680877,50.6046142578125,5.500776238283765
280,1627620579112,8.001208273680877,50.60464477539063,5.50078482645315
281,1627620585145,8.001208273680877,50.60464477539063,5.5007712285253065
282,1627620591138,8.001208273680877,50.60464477539063,5.500769379167213
283,1627620597099,8.001208273680877,50.60464477539063,5.50076468636413
284,1627620603145,8.001208273680877,50.60464477539063,5.500775247701951
285,1627620609151,8.001208273680877,50.60464477539063,5.500746791416397
286,1627620615189,8.001208273680877,50.60464477539063,5.500653613058685
287,1627620621106,8.001208273680877,50.60467529296875,5.500642854930566
288,1627620627085,6.000906205260658,50.60467529296875,5.500624512323888
289,1627620633086,6.000906205260658,50.604736328125,5.500662916076603
290,1627620639180,6.000906205260658,50.604766845703125,5.500647984290488
291,1627620645079,8.001208273680877,50.60479736328125,5.500597136444744
292,1627620651102,8.001208273680877,50.60479736328125,5.500545872823394
293,1627620657099,8.001208273680877,50.604827880859375,5.500514419405183
294,1627620663130,8.001208273680877,50.604827880859375,5.500516836522428
295,1627620669146,8.001208273680877,50.604827880859375,5.50051624995292
296,1627620675080,8.001208273680877,50.6048583984375,5.500500741162472
297,1627620681099,8.001208273680877,50.604888916015625,5.500505825197261
298,1627620687082,8.001208273680877,50.60491943359375,5.500516039952743
299,1627620693088,16.002416547361754,50.60491943359375,5.500532430862189
300,1627620699147,16.002416547361754,50.60491943359375,5.500559344037727
301,1627620705086,16.002416547361754,50.60491943359375,5.500598273368312
302,1627620711105,16.002416547361754,50.60491943359375,5.50068039027277
303,1627620717106,16.002416547361754,50.60491943359375,5.500714997779216
304,1627620723073,16.002416547361754,50.60494995117188,5.5007326687925255
305,1627620729142,48.00724964208526,50.60504150390625,5.50081830957679
306,1627620735074,16.002416547361754,50.605010986328125,5.500824557258761
307,1627620741108,16.002416547361754,50.605010986328125,5.500855222056441
308,1627620747208,16.002416547361754,50.60498046875,5.500873354366278
309,1627620753122,16.002416547361754,50.60498046875,5.500887048503617
310,1627620759145,16.002416547361754,50.60498046875,5.500909377200317
311,1627620765139,16.002416547361754,50.605010986328125,5.50091655474013
312,1627620771058,16.002416547361754,50.605010986328125,5.5009655300189
313,1627620777081,32.00483309472351,50.60498046875,5.500987607310506
314,1627620783106,32.00483309472351,50.60494995117188,5.500966990607287
315,1627620789065,32.00483309472351,50.60491943359375,5.500910612245921
316,1627620795082,32.00483309472351,50.60494995117188,5.500906204621727
317,1627620801075,32.00483309472351,50.60494995117188,5.500850346798233
318,1627620807131,32.00483309472351,50.60498046875,5.500680468072696
319,1627620813164,32.00483309472351,50.605010986328125,5.500674604689851
320,1627620819133,32.00483309472351,50.605010986328125,5.500702861445671
321,1627620825133,32.00483309472351,50.605010986328125,5.500711382721319
322,1627620831084,48.00724964208526,50.60504150390625,5.500725082921847
323,1627620837131,48.00724964208526,50.60504150390625,5.500665352454779
324,1627620843096,48.00724964208526,50.605072021484375,5.500599005439281
325,1627620849111,48.00724964208526,50.60513305664063,5.500645894320134
326,1627620855092,48.00724964208526,50.605224609375,5.500745702995418
327,1627620861182,48.00724964208526,50.60546875,5.500724683941817
328,1627620867102,48.00724964208526,50.60552978515625,5.500668600259305
329,1627620873067,48.00724964208526,50.60552978515625,5.500724756434444
330,1627620879062,32.00483309472351,50.6053466796875,5.500841822824198
331,1627620885034,32.00483309472351,50.605316162109375,5.500783958829374
332,1627620891056,32.00483309472351,50.6053466796875,5.500832225755053
333,1627620897094,32.00483309472351,50.6053466796875,5.500820504361261
334,1627620903102,32.00483309472351,50.6053466796875,5.500816414903676
335,1627620909106,48.00724964208526,50.6053466796875,5.500823544946439
336,1627620915107,48.00724964208526,50.6053466796875,5.500823989954626
337,1627620921110,48.00724964208526,50.6053466796875,5.500823989954626
338,1627620927120,48.00724964208526,50.6053466796875,5.500823989954626
339,1627620933140,65.0,50.60516357421875,5.500673443610243
340,1627620939098,65.0,50.60513305664063,5.500653334839857
341,1627620945100,65.0,50.60513305664063,5.500642422997973
342,1627620951105,65.0,50.60513305664063,5.500632771438874
343,1627620957102,65.0,50.60513305664063,5.50064195333941
344,1627620963133,65.0,50.60513305664063,5.500646023371783
345,1627620969127,48.00724964208526,50.6048583984375,5.500749297949696
346,1627620975108,32.00483309472351,50.604766845703125,5.500790717234618
347,1627620981105,32.00483309472351,50.60491943359375,5.5008176521858125
348,1627620987180,32.00483309472351,50.60494995117188,5.501010650113114
349,1627620993121,32.00483309472351,50.604888916015625,5.501183769986897
350,1627620999106,32.00483309472351,50.6048583984375,5.501248022734544
351,1627621005110,32.00483309472351,50.60491943359375,5.501204794295294
352,1627621011105,32.00483309472351,50.60494995117188,5.501112099839197
353,1627621017109,32.00483309472351,50.60498046875,5.501067814371628
354,1627621023118,32.00483309472351,50.60498046875,5.501023200087641
355,1627621029143,32.00483309472351,50.60504150390625,5.501023819130882
356,1627621035106,32.00483309472351,50.60513305664063,5.501156528011348
357,1627621041055,32.00483309472351,50.60519409179688,5.501285575832116
358,1627621047185,32.00483309472351,50.60528564453125,5.501351982359689
359,1627621053104,32.00483309472351,50.60528564453125,5.501351982359689
360,1627621059104,32.00483309472351,50.60528564453125,5.501351982359689
361,1627621065109,32.00483309472351,50.605316162109375,5.501362013622489
362,1627621071117,32.00483309472351,50.60528564453125,5.501365565282636
363,1627621077106,32.00483309472351,50.6053466796875,5.501212203486888
364,1627621083104,32.00483309472351,50.60540771484375,5.501081558244275
365,1627621089105,32.00483309472351,50.60540771484375,5.501062834149938
366,1627621095127,32.00483309472351,50.605377197265625,5.501033512197137
367,1627621101096,32.00483309472351,50.605377197265625,5.501035153589015
368,1627621107106,32.00483309472351,50.60540771484375,5.501013199696326
369,1627621113139,32.00483309472351,50.605499267578125,5.50098284165091
370,1627621119094,32.00483309472351,50.605560302734375,5.50092150285528
371,1627621125095,32.00483309472351,50.605560302734375,5.500888985212083
372,1627621131096,32.00483309472351,50.605560302734375,5.500890494700552
373,1627621137116,32.00483309472351,50.6055908203125,5.500853894366094
374,1627621143094,32.00483309472351,50.60568237304688,5.500864604609842
375,1627621149101,32.00483309472351,50.605804443359375,5.500936028901434
376,1627621155094,32.00483309472351,50.60589599609375,5.5008861048779965
377,1627621161136,48.00724964208526,50.605987548828125,5.50099190906433
378,1627621167033,48.00724964208526,50.605987548828125,5.501177989084086
379,1627621173080,32.00483309472351,50.60601806640625,5.50118010678335
380,1627621179291,32.00483309472351,50.60592651367188,5.501116865001907
381,1627621185139,32.00483309472351,50.60577392578125,5.501112789918553
382,1627621191108,32.00483309472351,50.605560302734375,5.5010098476783655
383,1627621197114,32.00483309472351,50.605499267578125,5.500987730123503
384,1627621203104,32.00483309472351,50.60546875,5.500821639010835
385,1627621209061,48.00724964208526,50.60543823242188,5.500825593491788
386,1627621215094,32.00483309472351,50.60552978515625,5.500968205943871
387,1627621221084,32.00483309472351,50.60552978515625,5.500817268147791
388,1627621227131,32.00483309472351,50.60552978515625,5.500742392321982
389,1627621233099,32.00483309472351,50.60552978515625,5.50076303341056
390,1627621239065,32.00483309472351,50.605499267578125,5.50079551372875
391,1627621245046,32.00483309472351,50.605499267578125,5.50077656343306
392,1627621251101,32.00483309472351,50.60546875,5.5008158483883
393,1627621257091,32.00483309472351,0.0,5.500898360740393
394,1627621258214,32.00483309472351,50.605499267578125,5.500898323381707
395,1627621263066,32.00483309472351,50.60546875,5.50088031053302
396,1627621269069,32.00483309472351,50.60546875,5.500886291478921
397,1627621275073,32.00483309472351,50.60546875,5.500902266225312
398,1627621281069,32.00483309472351,50.60543823242188,5.500903119569772
399,1627621287073,32.00483309472351,50.60540771484375,5.500898639749873
400,1627621293069,32.00483309472351,50.60540771484375,5.500898639749873
401,1627621299088,32.00483309472351,50.60540771484375,5.500864940538877
402,1627621305065,32.00483309472351,50.60543823242188,5.500796576327326
403,1627621311099,32.00483309472351,50.60546875,5.500828775052299
404,1627621317105,32.00483309472351,50.60543823242188,5.500829496498761
405,1627621323065,32.00483309472351,50.605377197265625,5.500883845655057
406,1627621329070,32.00483309472351,50.605377197265625,5.500846904802086
407,1627621335072,32.00483309472351,50.605377197265625,5.500837273216408
408,1627621341106,32.00483309472351,50.605377197265625,5.500847062236951
409,1627621347065,32.00483309472351,50.605377197265625,5.500903689711611
410,1627621353067,32.00483309472351,50.6053466796875,5.501034794706607
411,1627621359068,32.00483309472351,50.605316162109375,5.501241270955647
412,1627621365068,32.00483309472351,50.605255126953125,5.501423680081644
413,1627621371085,32.00483309472351,50.605255126953125,5.501428839251724
414,1627621377098,32.00483309472351,50.605224609375,5.5015167726308105
415,1627621383578,32.00483309472351,50.605224609375,5.501506108237073
416,1627621389073,32.00483309472351,50.605224609375,5.501498986572759
417,1627621395069,32.00483309472351,50.605224609375,5.501466091986684
418,1627621401069,32.00483309472351,50.60516357421875,5.501526592532445
419,1627621407073,32.00483309472351,50.60519409179688,5.501552048569602
420,1627621413141,32.00483309472351,50.60519409179688,5.501552048569602
421,1627621419073,32.00483309472351,50.605224609375,5.501541825140642
422,1627621425070,32.00483309472351,50.605224609375,5.501465148003184
423,1627621431071,32.00483309472351,50.605224609375,5.501359420435829
424,1627621437065,32.00483309472351,50.605224609375,5.501359420435829
425,1627621443137,32.00483309472351,50.605255126953125,5.501330548777791
426,1627621449063,32.00483309472351,50.605255126953125,5.501251663466251
427,1627621455068,32.00483309472351,50.605255126953125,5.501232946794096
428,1627621461065,32.00483309472351,50.605255126953125,5.501232946794096
429,1627621467074,32.00483309472351,50.605255126953125,5.501232946794096
430,1627621473068,32.00483309472351,50.605255126953125,5.501232946794096
431,1627621479070,32.00483309472351,50.605224609375,5.501180636097692
432,1627621485076,32.00483309472351,50.60516357421875,5.501225778062474
433,1627621491069,32.00483309472351,50.60516357421875,5.5011662460946935
434,1627621497067,32.00483309472351,50.60516357421875,5.501071124792811
435,1627621503077,32.00483309472351,50.60519409179688,5.501030451491743
436,1627621509097,32.00483309472351,50.60519409179688,5.500948469239574
437,1627621515043,32.00483309472351,50.60513305664063,5.500974295017333
438,1627621521057,32.00483309472351,50.60504150390625,5.501144956633698
439,1627621527081,32.00483309472351,50.605010986328125,5.501315701485146
440,1627621533069,32.00483309472351,50.605010986328125,5.501249649499664
441,1627621539069,32.00483309472351,50.605072021484375,5.501125425280492
442,1627621545078,32.00483309472351,50.60513305664063,5.500747158155654
443,1627621551065,32.00483309472351,50.60516357421875,5.500622060274512
444,1627621557105,32.00483309472351,50.60516357421875,5.500606154216113
445,1627621563066,32.00483309472351,50.60519409179688,5.500575298106432
446,1627621569099,32.00483309472351,50.60519409179688,5.500512695625678
447,1627621575065,48.00724964208526,50.60519409179688,5.500505258225101
448,1627621581068,32.00483309472351,50.60519409179688,5.500512088937419
449,1627621587077,32.00483309472351,50.60519409179688,5.500532900016237
450,1627621593077,32.00483309472351,50.60519409179688,5.500575531754067
451,1627621599058,32.00483309472351,50.60519409179688,5.500573971880997
452,1627621605068,48.00724964208526,50.60519409179688,5.5005673775592925
453,1627621611103,32.00483309472351,50.60519409179688,5.500578158396175
454,1627621617542,48.00724964208526,50.60513305664063,5.500680690857755
455,1627621623544,32.00483309472351,50.6051025390625,5.500794073250032
456,1627621629065,32.00483309472351,50.605072021484375,5.500827922540547
457,1627621635067,48.00724964208526,50.605072021484375,5.500915552927969
458,1627621641064,32.00483309472351,50.60504150390625,5.5010711597387125
459,1627621647076,48.00724964208526,50.60504150390625,5.501113977222018
460,1627621653061,48.00724964208526,50.60504150390625,5.501135957958969
461,1627621659067,48.00724964208526,50.60504150390625,5.501168867780202
462,1627621665067,48.00724964208526,50.60504150390625,5.501168867780202
463,1627621671065,48.00724964208526,50.60504150390625,5.5011688820792175
464,1627621677081,65.0,50.60513305664063,5.500722110528072
465,1627621683060,65.0,50.60513305664063,5.50065313519456
466,1627621689075,65.0,50.60513305664063,5.500648126474778
467,1627621695067,65.0,50.60513305664063,5.500646552258173
468,1627621701066,65.0,50.60513305664063,5.50064646058178
469,1627621707075,65.0,50.60513305664063,5.50064261957056
470,1627621713083,65.0,50.60513305664063,5.50064556354297
471,1627621719069,65.0,50.60513305664063,5.500646435739684
472,1627621725071,65.0,50.60513305664063,5.500633349025156
473,1627621731065,65.0,50.60513305664063,5.500643267649123
474,1627621737070,65.0,50.60513305664063,5.500633725725455
475,1627621743067,65.0,50.60513305664063,5.500652430993792
476,1627621749548,65.0,50.60513305664063,5.500642304648065
477,1627621755563,65.0,50.60513305664063,5.500646733881776
478,1627621761547,65.0,50.60513305664063,5.500646453267535
479,1627621767548,65.0,50.60513305664063,5.500633924674063
480,1627621773579,65.0,50.60513305664063,5.500643723563447
481,1627621779081,65.0,50.60513305664063,5.500646343369697
482,1627621785549,65.0,50.60513305664063,5.500647330786461
483,1627621791551,65.0,50.60513305664063,5.500669024842523
484,1627621797561,65.0,50.60513305664063,5.50065256875142
485,1627621803553,65.0,50.60513305664063,5.500672611457817
486,1627621809546,65.0,50.60513305664063,5.500639429361444
487,1627621815509,65.0,50.60513305664063,5.500642664647092
488,1627621821491,65.0,50.60513305664063,5.500642664647092
489,1627621827497,65.0,50.60513305664063,5.500645684125231
490,1627621833548,65.0,50.60513305664063,5.500631488887099
491,1627621839563,65.0,50.60513305664063,5.50064264515521
492,1627621845545,65.0,50.60513305664063,5.500633032329608
493,1627621851588,65.0,50.60513305664063,5.500643041786445
494,1627621857548,65.0,50.60513305664063,5.500646301638247
495,1627621863540,65.0,50.60513305664063,5.500630747250877
496,1627621869548,65.0,50.60513305664063,5.500644804796143
497,1627621875548,65.0,50.60513305664063,5.500647335294093
498,1627621881551,65.0,50.60513305664063,5.500646552193909
499,1627621887546,65.0,50.60513305664063,5.500646065934556
500,1627621893550,65.0,50.60513305664063,5.50064590545146
501,1627621899549,65.0,50.60513305664063,5.50063056449346
502,1627621905575,65.0,50.60513305664063,5.500643542914272
503,1627621911546,65.0,50.60513305664063,5.500644768814165
504,1627621917578,32.00483309472351,50.60498046875,5.500914816779631
505,1627621923544,32.00483309472351,50.60491943359375,5.500946782948017
506,1627621929544,32.00483309472351,50.60491943359375,5.500864631540414
507,1627621935547,32.00483309472351,50.60491943359375,5.500914183841871
508,1627621941545,32.00483309472351,50.60494995117188,5.50093878078866
509,1627621947546,32.00483309472351,50.60498046875,5.500900894091643
510,1627621953535,32.00483309472351,50.605010986328125,5.500882192883662
511,1627621959551,32.00483309472351,50.605010986328125,5.500822492942855
512,1627621965554,32.00483309472351,50.605010986328125,5.500837067343703
513,1627621971566,32.00483309472351,50.605010986328125,5.500850966464277
514,1627621977548,32.00483309472351,50.60498046875,5.500921332297057
515,1627621983550,32.00483309472351,50.60498046875,5.500951654891445
516,1627621989545,32.00483309472351,50.60498046875,5.501018931393646
517,1627621995551,32.00483309472351,50.60498046875,5.501017654430324
518,1627622001070,32.00483309472351,50.60498046875,5.5009887394809525
519,1627622007551,32.00483309472351,50.60498046875,5.501011836848927
520,1627622013549,32.00483309472351,50.60498046875,5.501091031106949
521,1627622019546,32.00483309472351,50.60498046875,5.501138296051789
522,1627622025548,32.00483309472351,50.60498046875,5.501125294255936
523,1627622031547,32.00483309472351,50.605010986328125,5.501052916450504
524,1627622037548,32.00483309472351,50.6051025390625,5.501008160978166
525,1627622043548,32.00483309472351,50.6051025390625,5.501004489637788
526,1627622049548,32.00483309472351,50.60513305664063,5.500980403829862
527,1627622055551,32.00483309472351,50.60519409179688,5.500941263529671
528,1627622061077,32.00483309472351,50.60519409179688,5.500948132613446
529,1627622067515,32.00483309472351,50.605224609375,5.501011316930165
530,1627622073090,32.00483309472351,50.60528564453125,5.500959983955156
531,1627622079077,32.00483309472351,50.605316162109375,5.500900244638619
532,1627622085551,32.00483309472351,50.60528564453125,5.500907279210578
533,1627622091513,32.00483309472351,50.60528564453125,5.500907279210578
534,1627622097522,48.00724964208526,50.60528564453125,5.500907279210578
535,1627622103074,32.00483309472351,50.60528564453125,5.500882611393323
536,1627622109560,32.00483309472351,50.60528564453125,5.500878326867838
537,1627622115518,32.00483309472351,50.605316162109375,5.50085525940699
538,1627622121565,32.00483309472351,50.60528564453125,5.50088494540616
539,1627622127515,32.00483309472351,50.605224609375,5.500939297613132
540,1627622133523,32.00483309472351,50.60513305664063,5.501039760874959
541,1627622139511,32.00483309472351,50.6051025390625,5.501071536241684
542,1627622145093,32.00483309472351,50.60513305664063,5.501025733223376
543,1627622151514,32.00483309472351,50.60519409179688,5.5008920806989785
544,1627622157520,32.00483309472351,50.605224609375,5.500852857887444
545,1627622163537,32.00483309472351,50.60513305664063,5.500914824593019
546,1627622169065,32.00483309472351,50.6051025390625,5.500947526106429
547,1627622175517,48.00724964208526,50.6051025390625,5.500947947630207
548,1627622181516,48.00724964208526,50.6051025390625,5.500944732088316
549,1627622187530,48.00724964208526,50.6051025390625,5.500944732088316
550,1627622193522,65.0,50.60513305664063,5.50063939387397
551,1627622199061,65.0,50.60513305664063,5.5006261904126825
552,1627622205519,65.0,50.60513305664063,5.500639944873868
553,1627622211522,65.0,50.60513305664063,5.500645662164128
554,1627622217517,65.0,50.60513305664063,5.5006460255944924
555,1627622223523,65.0,50.60513305664063,5.500645878280718
556,1627622229519,65.0,50.60513305664063,5.500645348141634
557,1627622235087,65.0,50.60513305664063,5.500645568787005
558,1627622241519,65.0,50.60513305664063,5.500646316357391
559,1627622247522,65.0,50.60513305664063,5.50063082342346
560,1627622253523,65.0,50.60513305664063,5.50064339962233
561,1627622259518,65.0,50.60513305664063,5.50064656298332
562,1627622265518,65.0,50.60513305664063,5.50064665687109
563,1627622271518,65.0,50.60513305664063,5.500647308674058
564,1627622277534,65.0,50.60513305664063,5.500647087869032
565,1627622283484,65.0,50.60513305664063,5.500647000755029
566,1627622289484,65.0,50.60513305664063,5.500650913448207
567,1627622295487,65.0,50.60513305664063,5.5006474074098
568,1627622301482,65.0,50.60513305664063,5.500643062607236
569,1627622307469,65.0,50.60513305664063,5.500645756975094
570,1627622313479,65.0,50.60513305664063,5.500647287221248
571,1627622319518,65.0,50.60513305664063,5.500643405911179
572,1627622325519,65.0,50.60513305664063,5.5006398817649975
573,1627622331520,65.0,50.60513305664063,5.500644625622902
574,1627622337518,65.0,50.60513305664063,5.500657936296756
575,1627622343521,65.0,50.60513305664063,5.500648129454647
576,1627622349520,65.0,50.60513305664063,5.500646837468798
577,1627622355526,65.0,50.60513305664063,5.500634048936794
578,1627622361520,65.0,50.60513305664063,5.500644357142627
579,1627622367518,65.0,50.60513305664063,5.5006404119325705
580,1627622373493,65.0,50.60513305664063,5.500644549835068
581,1627622379502,65.0,50.60513305664063,5.500645573151206
582,1627622385520,65.0,50.60513305664063,5.500646323985551
583,1627622391521,65.0,50.60513305664063,5.5006463220396205
584,1627622397524,65.0,50.60513305664063,5.500646461733943
585,1627622403525,65.0,50.60513305664063,5.500642818952741
586,1627622409521,65.0,50.60513305664063,5.500638507119452
587,1627622415538,65.0,50.60513305664063,5.500638046547143
588,1627622421520,65.0,50.60513305664063,5.500646446826865
589,1627622427518,48.00724964208526,50.60513305664063,5.500852054977009
590,1627622433447,32.00483309472351,50.60513305664063,5.500852054977009
591,1627622439520,32.00483309472351,50.60513305664063,5.500852054977009
592,1627622445522,32.00483309472351,50.60513305664063,5.500805419869695
593,1627622451516,32.00483309472351,50.60513305664063,5.50076231549161
594,1627622457516,32.00483309472351,50.60504150390625,5.500645339117663
595,1627622463514,48.00724964208526,50.60491943359375,5.500627505511842
596,1627622469494,48.00724964208526,50.604888916015625,5.5006190837829205
597,1627622475497,48.00724964208526,50.6048583984375,5.500606046425848
598,1627622481492,48.00724964208526,50.6048583984375,5.500606046425848
599,1627622487423,65.0,50.60513305664063,5.500645556483132
600,1627622493494,65.0,50.60513305664063,5.500648701418284
601,1627622499559,65.0,50.60513305664063,5.500648631906384
602,1627622505549,65.0,50.60513305664063,5.500649566089746
603,1627622511141,65.0,50.60513305664063,5.500647817389826
604,1627622517541,65.0,50.60513305664063,5.500634271510669
605,1627622523573,65.0,50.60513305664063,5.500639699295212
606,1627622529549,65.0,50.60513305664063,5.500646261064086
607,1627622535543,65.0,50.60513305664063,5.500647454847728
608,1627622541542,65.0,50.60513305664063,5.500646715167176
609,1627622547538,65.0,50.60513305664063,5.50064006087158
610,1627622553539,65.0,50.60513305664063,5.500644518214019
611,1627622559539,65.0,50.60513305664063,5.500645871176699
612,1627622565539,65.0,50.60513305664063,5.500646713988007
613,1627622571543,48.00724964208526,50.60494995117188,5.500756973074512
614,1627622577537,32.00483309472351,50.604888916015625,5.500688235195013
615,1627622583534,32.00483309472351,50.60504150390625,5.500746435491669
616,1627622589540,32.00483309472351,50.605255126953125,5.50086648439871
617,1627622595545,32.00483309472351,50.60552978515625,5.50093320247546
618,1627622601521,32.00483309472351,50.60601806640625,5.501325718861008
619,1627622607543,64.00966618944702,50.60626220703125,5.501529997941053
620,1627622613540,96.01449928417053,50.60638427734375,5.501568799496352
621,1627622619539,96.01449928417053,50.606353759765625,5.501506382138589
622,1627622625532,48.00724964208526,50.605316162109375,5.500646203638851
623,1627622631531,48.00724964208526,50.6053466796875,5.500672415949461
624,1627622637533,48.00724964208526,50.605316162109375,5.500638067105373
625,1627622643530,32.00483309472351,50.60528564453125,5.500684879189135
626,1627622649478,48.00724964208526,50.60528564453125,5.500684879189135
627,1627622655521,32.00483309472351,50.605255126953125,5.500718445515039
628,1627622661543,48.00724964208526,50.605255126953125,5.500723102187511
629,1627622667540,48.00724964208526,50.605255126953125,5.500723102187511
630,1627622673520,48.00724964208526,50.605224609375,5.500766756149521
631,1627622679544,48.00724964208526,50.605224609375,5.500777922452423
632,1627622685546,32.00483309472351,50.605255126953125,5.500681292757863
633,1627622691508,48.00724964208526,50.605255126953125,5.500586845105737
634,1627622697489,48.00724964208526,50.60516357421875,5.500556773927857
635,1627622703544,48.00724964208526,50.60513305664063,5.50056867055088
636,1627622709528,48.00724964208526,50.605072021484375,5.500552501880208
637,1627622715574,48.00724964208526,50.605072021484375,5.500381801940958
638,1627622721585,48.00724964208526,50.605072021484375,5.50032675865487
639,1627622727560,48.00724964208526,50.605072021484375,5.50032675865487
640,1627622733542,65.0,50.60513305664063,5.500630119064408
641,1627622739570,65.0,50.60513305664063,5.500654207771085
642,1627622745550,65.0,50.60513305664063,5.500645868852571
643,1627622751573,32.00483309472351,50.6048583984375,5.500516623891435
644,1627622757501,32.00483309472351,50.604827880859375,5.500492275223418
645,1627622763561,32.00483309472351,50.604766845703125,5.500515770239045
646,1627622769543,32.00483309472351,50.60479736328125,5.500488356332826
647,1627622775543,32.00483309472351,50.60491943359375,5.500407389367386
648,1627622781568,32.00483309472351,50.60498046875,5.50045850169626
649,1627622787542,32.00483309472351,50.60494995117188,5.500493611416779
650,1627622793543,32.00483309472351,50.60494995117188,5.500559004257981
651,1627622799543,32.00483309472351,50.604888916015625,5.50064609675008
652,1627622805538,32.00483309472351,50.604827880859375,5.50067094434813
653,1627622811540,32.00483309472351,50.604766845703125,5.500706849512665
654,1627622817539,32.00483309472351,50.60470581054688,5.500727639847344
655,1627622823596,32.00483309472351,50.60467529296875,5.500724681892287
656,1627622829549,16.002416547361754,50.60464477539063,5.500787856874916
657,1627622835544,16.002416547361754,50.6046142578125,5.500825225825397
658,1627622841539,16.002416547361754,50.6046142578125,5.500834120972701
659,1627622847570,16.002416547361754,50.604583740234375,5.500861586094047
660,1627622853542,16.002416547361754,50.604583740234375,5.5008835550157125
661,1627622859539,16.002416547361754,50.60455322265625,5.500893640483576
662,1627622865532,16.002416547361754,50.60446166992188,5.500921054675588
663,1627622871541,16.002416547361754,50.604400634765625,5.500917616228416
664,1627622877538,16.002416547361754,50.60430908203125,5.500944030359514
665,1627622883539,8.001208273680877,50.60418701171875,5.500979112309799
666,1627622889582,6.000906205260658,50.604095458984375,5.500991369925004
667,1627622895559,6.000906205260658,50.60397338867188,5.501057033632841
668,1627622901544,6.000906205260658,50.603912353515625,5.501101346403138
669,1627622907540,6.000906205260658,50.60382080078125,5.5011230111213205
670,1627622913574,6.000906205260658,50.603790283203125,5.501158769213079
671,1627622919541,6.000906205260658,50.60369873046875,5.501195969446522
672,1627622925578,6.000906205260658,50.6036376953125,5.501213928270706
673,1627622931548,6.000906205260658,50.60357666015625,5.501192670004798
674,1627622937541,6.000906205260658,50.603515625,5.501192688802432
675,1627622943539,6.000906205260658,50.6033935546875,5.501208667763082
676,1627622949541,6.000906205260658,50.60333251953125,5.501166616054206
677,1627622955547,6.000906205260658,50.60324096679688,5.501114399430406
678,1627622961575,6.000906205260658,50.60317993164063,5.500967014063437
679,1627622967545,16.002416547361754,50.603118896484375,5.500860432806236
680,1627622973580,16.002416547361754,50.603057861328125,5.5007397143107575
681,1627622979595,16.002416547361754,50.60299682617188,5.500636849089592
682,1627622985548,6.000906205260658,50.602935791015625,5.500490895560619
683,1627622991509,6.000906205260658,50.602874755859375,5.500368903738241
684,1627622997544,6.000906205260658,50.602874755859375,5.500344682413177
685,1627623003510,6.000906205260658,50.602874755859375,5.500357212087256
686,1627623009510,8.001208273680877,50.602874755859375,5.500361447367888
687,1627623015510,8.001208273680877,50.602874755859375,5.500398387733803
688,1627623021512,8.001208273680877,50.602874755859375,5.500394147867119
689,1627623027556,8.001208273680877,50.602874755859375,5.500396331412814
690,1627623033518,12.001812410521316,50.6029052734375,5.500403175815785
691,1627623039516,8.001208273680877,50.602874755859375,5.500392033828718
692,1627623045507,8.001208273680877,50.602874755859375,5.500350955394149
693,1627623051507,8.001208273680877,50.602874755859375,5.500351578012568
694,1627623057482,12.001812410521316,50.6029052734375,5.500362363809473
695,1627623063577,8.001208273680877,50.6029052734375,5.500373014519593
696,1627623069494,12.001812410521316,50.602935791015625,5.500413177402983
697,1627623075513,8.001208273680877,50.60299682617188,5.500568571434647
698,1627623081508,8.001208273680877,50.603118896484375,5.500742273268281
699,1627623087504,8.001208273680877,50.60317993164063,5.500908364272389
700,1627623093506,8.001208273680877,50.6031494140625,5.501130376395872
701,1627623099503,6.000906205260658,50.603057861328125,5.501244819866054
702,1627623105521,6.000906205260658,50.602935791015625,5.501275263322324
703,1627623111508,8.001208273680877,50.60284423828125,5.501334017902888
704,1627623117512,12.001812410521316,50.60275268554688,5.501377456179231
705,1627623123219,8.001208273680877,50.60269165039063,5.501382402908434
706,1627623129548,12.001812410521316,50.6026611328125,5.501332284252222
707,1627623135521,8.001208273680877,50.602630615234375,5.501369066459538
708,1627623141462,6.000906205260658,50.602630615234375,5.501393363427494
709,1627623147533,6.000906205260658,50.6026611328125,5.501452545458305
710,1627623153172,8.001208273680877,50.6026611328125,5.501458367410318
