,Timestamp,Quality,Lat,Lon
0,1627562453604,8.001208273680877,50.70016479492188,5.678646865736682
1,1627562459575,8.001208273680877,50.699005126953125,5.677848945243154
2,1627562465040,8.001208273680877,50.69805908203125,5.677173581030852
3,1627562471059,8.001208273680877,50.696868896484375,5.676625975223554
4,1627562477059,12.001812410521316,50.695648193359375,5.676139250785747
5,1627562483153,8.001208273680877,50.6944580078125,5.675700961979882
6,1627562489070,8.001208273680877,50.6932373046875,5.675175041732107
7,1627562495060,8.001208273680877,50.6920166015625,5.674684402341372
8,1627562501114,8.001208273680877,50.690826416015625,5.674121206195527
9,1627562507129,8.001208273680877,50.68963623046875,5.673402687543101
10,1627562513149,8.001208273680877,50.688568115234375,5.672518163781693
11,1627562519097,8.001208273680877,50.687591552734375,5.671278411558561
12,1627562525075,8.001208273680877,50.68673706054688,5.66976076635306
13,1627562531045,12.001812410521316,50.68597412109375,5.668216718332892
14,1627562537028,12.001812410521316,50.685333251953125,5.666532119844627
15,1627562543069,8.001208273680877,50.6846923828125,5.6648725897229095
16,1627562549087,12.001812410521316,50.68402099609375,5.663186577892997
17,1627562555105,12.001812410521316,50.68325805664063,5.661586238804857
18,1627562561074,8.001208273680877,50.682464599609375,5.660289923095015
19,1627562567034,8.001208273680877,50.6817626953125,5.658876105518428
20,1627562573041,8.001208273680877,50.68133544921875,5.657329995861503
21,1627562579032,12.001812410521316,50.68161010742188,5.655851510890944
22,1627562585075,12.001812410521316,50.68206787109375,5.654309861906642
23,1627562591064,12.001812410521316,50.682525634765625,5.65267594769898
24,1627562597044,8.001208273680877,50.68307495117188,5.650986053787172
25,1627562603044,8.001208273680877,50.68359375,5.64912984596143
26,1627562609026,12.001812410521316,50.684173583984375,5.647233266949895
27,1627562615038,8.001208273680877,50.68475341796875,5.64529612448017
28,1627562621076,8.001208273680877,50.685333251953125,5.643403169880825
29,1627562627032,8.001208273680877,50.685882568359375,5.641596163515114
30,1627562633049,8.001208273680877,50.6864013671875,5.63984166637167
31,1627562639033,12.001812410521316,50.686920166015625,5.638172962364927
32,1627562645082,12.001812410521316,50.687408447265625,5.636586034430884
33,1627562651032,12.001812410521316,50.687835693359375,5.634964162151211
34,1627562657087,12.001812410521316,50.688232421875,5.633365253505731
35,1627562663044,12.001812410521316,50.688568115234375,5.631770781739268
36,1627562669548,12.001812410521316,50.68890380859375,5.629935733218255
37,1627562675547,8.001208273680877,50.689056396484375,5.628365426859525
38,1627562681035,8.001208273680877,50.68911743164063,5.627076615413558
39,1627562687044,8.001208273680877,50.689208984375,5.625543732877473
40,1627562693545,8.001208273680877,50.689239501953125,5.623796903755714
41,1627562699062,8.001208273680877,50.689239501953125,5.622614234642717
42,1627562705538,12.001812410521316,50.68917846679688,5.620899992169512
43,1627562711551,8.001208273680877,50.6890869140625,5.6193635626701735
44,1627562717069,8.001208273680877,50.68890380859375,5.618042248363125
45,1627562723535,12.001812410521316,50.688568115234375,5.616118297204868
46,1627562729523,12.001812410521316,50.688232421875,5.614382028815725
47,1627562735040,12.001812410521316,50.687896728515625,5.61290829513733
48,1627562741544,8.001208273680877,50.687286376953125,5.610861997251543
49,1627562747043,12.001812410521316,50.686767578125,5.60943100279316
50,1627562753519,12.001812410521316,50.686065673828125,5.607357298626503
51,1627562759552,12.001812410521316,50.68548583984375,5.605527593157521
52,1627562765043,8.001208273680877,50.6849365234375,5.6039700590497805
53,1627562771042,8.001208273680877,50.684356689453125,5.602114049854317
54,1627562777553,8.001208273680877,50.683624267578125,5.599961143195981
55,1627562783541,8.001208273680877,50.6829833984375,5.598126687219226
56,1627562789076,12.001812410521316,50.682464599609375,5.596630785219985
57,1627562795031,12.001812410521316,50.681915283203125,5.594911001299415
58,1627562801065,12.001812410521316,50.68145751953125,5.593586734445374
59,1627562807564,12.001812410521316,50.680999755859375,5.59229005202698
60,1627562813582,8.001208273680877,50.6806640625,5.591135234464605
61,1627562819550,8.001208273680877,50.68023681640625,5.589918332185598
62,1627562825043,12.001812410521316,50.67990112304688,5.588870126745426
63,1627562831065,12.001812410521316,50.679443359375,5.587399545883425
64,1627562837040,12.001812410521316,50.678985595703125,5.585853320246317
65,1627562843038,12.001812410521316,50.67843627929688,5.584286225407937
66,1627562849525,12.001812410521316,50.67779541015625,5.5822843345155295
67,1627562855585,8.001208273680877,50.67724609375,5.580573610997321
68,1627562861547,8.001208273680877,50.6767578125,5.578552539741909
69,1627562867516,8.001208273680877,50.67633056640625,5.576627294818592
70,1627562873095,12.001812410521316,50.67599487304688,5.574993109082013
71,1627562879052,12.001812410521316,50.6756591796875,5.573149879290039
72,1627562885047,12.001812410521316,50.675384521484375,5.571310700921316
73,1627562891544,12.001812410521316,50.67510986328125,5.569122270006724
74,1627562897042,12.001812410521316,50.67498779296875,5.567370677255616
75,1627562903527,12.001812410521316,50.674713134765625,5.565019315075454
76,1627562909034,12.001812410521316,50.67453002929688,5.56345577281489
77,1627562915552,12.001812410521316,50.67428588867188,5.561148621673181
78,1627562921047,12.001812410521316,50.674102783203125,5.559568895309116
79,1627562927520,12.001812410521316,50.673858642578125,5.55727895475126
80,1627562933563,12.001812410521316,50.673614501953125,5.555239602063764
81,1627562939032,8.001208273680877,50.673431396484375,5.553587905954955
82,1627562945516,8.001208273680877,50.673248291015625,5.551387770451413
83,1627562951036,8.001208273680877,50.673095703125,5.549813924979976
84,1627562957037,8.001208273680877,50.6728515625,5.54786078046818
85,1627562963032,8.001208273680877,50.672637939453125,5.545866273503414
86,1627562969577,8.001208273680877,50.67242431640625,5.543534632125365
87,1627562975528,8.001208273680877,50.67233276367188,5.541574394509393
88,1627562981038,8.001208273680877,50.67218017578125,5.539916875266485
89,1627562987066,8.001208273680877,50.67202758789063,5.537907440691884
90,1627562993543,12.001812410521316,50.671783447265625,5.535521931532218
91,1627562999545,8.001208273680877,50.671630859375,5.533435267085403
92,1627563005040,8.001208273680877,50.6715087890625,5.531689284474615
93,1627563011481,8.001208273680877,50.671295166015625,5.529220942979157
94,1627563017147,8.001208273680877,50.671173095703125,5.527493927733645
95,1627563023488,8.001208273680877,50.6710205078125,5.525110567816807
96,1627563029036,8.001208273680877,50.6708984375,5.523405141428476
97,1627563035484,6.000906205260658,50.67071533203125,5.520977003662247
98,1627563041040,6.000906205260658,50.67062377929688,5.519266733594105
99,1627563047032,6.000906205260658,50.670440673828125,5.517140827896601
100,1627563053492,8.001208273680877,50.670257568359375,5.514707957889323
101,1627563059522,6.000906205260658,50.67013549804688,5.512666190148005
102,1627563065070,8.001208273680877,50.670013427734375,5.510924954673855
103,1627563071068,8.001208273680877,50.669830322265625,5.508838447305615
104,1627563077073,8.001208273680877,50.669677734375,5.506769650865242
105,1627563083489,8.001208273680877,50.6695556640625,5.504295234413007
106,1627563089534,8.001208273680877,50.66949462890625,5.502148622188471
107,1627563095486,8.001208273680877,50.66949462890625,5.500076492176823
108,1627563101077,8.001208273680877,50.6695556640625,5.498348862490823
109,1627563107133,12.001812410521316,50.66964721679688,5.496253836692028
110,1627563113532,12.001812410521316,50.669830322265625,5.4938464159330085
111,1627563119028,8.001208273680877,50.66998291015625,5.492179164194784
112,1627563125500,12.001812410521316,50.67022705078125,5.4897278924862665
113,1627563131061,12.001812410521316,50.67022705078125,5.487978685516652
114,1627563137045,16.002416547361754,50.669677734375,5.486081256982782
115,1627563143502,12.001812410521316,50.66839599609375,5.4847527203081485
116,1627563149522,12.001812410521316,50.6671142578125,5.484714837428024
117,1627563155495,8.001208273680877,50.665863037109375,5.485274437001159
118,1627563161079,8.001208273680877,50.66476440429688,5.485656567735114
119,1627563167040,8.001208273680877,50.663482666015625,5.486147517651671
120,1627563173492,8.001208273680877,50.66192626953125,5.486600193165712
121,1627563179043,8.001208273680877,50.66082763671875,5.486867535513319
122,1627563185545,8.001208273680877,50.6593017578125,5.487160087615763
123,1627563191493,8.001208273680877,50.657958984375,5.487259521879171
124,1627563197515,8.001208273680877,50.6566162109375,5.486889744341558
125,1627563203517,8.001208273680877,50.655303955078125,5.486304130879493
126,1627563209496,12.001812410521316,50.6541748046875,5.485402512486799
127,1627563215514,8.001208273680877,50.653106689453125,5.484241925715772
128,1627563221482,8.001208273680877,50.652191162109375,5.482771425762101
129,1627563227505,8.001208273680877,50.65130615234375,5.481182195633874
130,1627563233511,8.001208273680877,50.65045166015625,5.4795448603946655
131,1627563239532,8.001208273680877,50.64962768554688,5.477911649571973
132,1627563245523,8.001208273680877,50.648834228515625,5.4762909873328764
133,1627563251567,8.001208273680877,50.64801025390625,5.474637046195354
134,1627563257546,8.001208273680877,50.64715576171875,5.473000578904092
135,1627563263499,8.001208273680877,50.646331787109375,5.471325991114934
136,1627563269602,8.001208273680877,50.6455078125,5.469658844843752
137,1627563275497,8.001208273680877,50.64468383789063,5.468062568243968
138,1627563281535,8.001208273680877,50.64385986328125,5.466460451968554
139,1627563287061,8.001208273680877,50.6431884765625,5.465107543384739
140,1627563293514,8.001208273680877,50.6422119140625,5.463238417012142
141,1627563299497,8.001208273680877,50.64129638671875,5.4616684867301775
142,1627563305527,8.001208273680877,50.640380859375,5.460146267446598
143,1627563311564,8.001208273680877,50.639495849609375,5.458648294038728
144,1627563317512,8.001208273680877,50.6385498046875,5.457154956587316
145,1627563323507,8.001208273680877,50.63763427734375,5.45562546320338
146,1627563329494,8.001208273680877,50.63671875,5.4541053681827
147,1627563335554,8.001208273680877,50.63580322265625,5.452609220343987
148,1627563341050,8.001208273680877,50.63507080078125,5.451269185050025
149,1627563347534,8.001208273680877,50.634124755859375,5.449319284446751
150,1627563353536,12.001812410521316,50.6334228515625,5.447598059763753
151,1627563359505,12.001812410521316,50.6326904296875,5.445817792210104
152,1627563365498,8.001208273680877,50.631927490234375,5.444028959122387
153,1627563371508,8.001208273680877,50.631195068359375,5.442309202801965
154,1627563377045,8.001208273680877,50.63058471679688,5.4408306199173495
155,1627563383510,8.001208273680877,50.629669189453125,5.438890469334704
156,1627563389062,8.001208273680877,50.62905883789063,5.437431227605838
157,1627563395534,8.001208273680877,50.628204345703125,5.435418398637591
158,1627563401547,8.001208273680877,50.627471923828125,5.433707015908336
159,1627563407539,8.001208273680877,50.626739501953125,5.432061807891086
160,1627563413483,8.001208273680877,50.626007080078125,5.430283711568722
161,1627563419060,8.001208273680877,50.6253662109375,5.428848701374507
162,1627563425498,8.001208273680877,50.62445068359375,5.42681787246643
163,1627563431531,8.001208273680877,50.62371826171875,5.42508365628276
164,1627563437510,8.001208273680877,50.622955322265625,5.423385946509124
165,1627563443523,8.001208273680877,50.6221923828125,5.4216485626729884
166,1627563449533,8.001208273680877,50.6214599609375,5.41987141091742
167,1627563455514,12.001812410521316,50.62075805664063,5.41809938948435
168,1627563461539,12.001812410521316,50.6199951171875,5.416336871299093
169,1627563467061,16.002416547361754,50.619384765625,5.414870203267866
170,1627563473535,16.002416547361754,50.61865234375,5.412796037539176
171,1627563479472,12.001812410521316,50.617950439453125,5.4109155718713176
172,1627563485040,16.002416547361754,50.6175537109375,5.409267388118188
173,1627563491530,16.002416547361754,50.61700439453125,5.406935136107325
174,1627563497570,16.002416547361754,50.6165771484375,5.4049028374848085
175,1627563503530,12.001812410521316,50.61627197265625,5.402761571631066
176,1627563509531,8.001208273680877,50.61602783203125,5.400684424742273
177,1627563515066,8.001208273680877,50.61587524414063,5.398829298625236
178,1627563521519,8.001208273680877,50.615631103515625,5.396319582608462
179,1627563527491,8.001208273680877,50.61544799804688,5.394226539618998
180,1627563533585,6.000906205260658,50.615234375,5.3921250715657605
181,1627563539061,8.001208273680877,50.615081787109375,5.390351689918966
182,1627563545092,8.001208273680877,50.61489868164063,5.388329495164081
183,1627563551577,8.001208273680877,50.61474609375,5.386039843519511
184,1627563557523,8.001208273680877,50.61456298828125,5.3841009963941415
185,1627563563082,8.001208273680877,50.614349365234375,5.382601870958333
186,1627563569495,8.001208273680877,50.61395263671875,5.380418777919092
187,1627563575497,8.001208273680877,50.61358642578125,5.378559580800419
188,1627563581058,8.001208273680877,50.61328125,5.376993073581033
189,1627563587525,8.001208273680877,50.61285400390625,5.374837610341837
190,1627563593490,8.001208273680877,50.61245727539063,5.372907374751623
191,1627563599582,12.001812410521316,50.612060546875,5.371016731003335
192,1627563605504,12.001812410521316,50.6116943359375,5.369086368270928
193,1627563611494,12.001812410521316,50.611328125,5.36721770274221
194,1627563617529,12.001812410521316,50.6109619140625,5.3653649392058655
195,1627563623489,12.001812410521316,50.61053466796875,5.363459158596048
196,1627563629478,12.001812410521316,50.61016845703125,5.361430916220194
197,1627563635064,12.001812410521316,50.60986328125,5.359879375590139
198,1627563641488,12.001812410521316,50.609405517578125,5.357605863869284
199,1627563647190,12.001812410521316,50.6090087890625,5.356054811860533
200,1627563653519,8.001208273680877,50.608489990234375,5.353891768798341
201,1627563659529,12.001812410521316,50.60797119140625,5.352050253918646
202,1627563665502,12.001812410521316,50.607421875,5.35026107973855
203,1627563671508,12.001812410521316,50.606842041015625,5.348475631485472
204,1627563677533,8.001208273680877,50.60626220703125,5.346700788748452
205,1627563683530,8.001208273680877,50.60565185546875,5.344925943382924
206,1627563689494,8.001208273680877,50.605010986328125,5.343172274698565
207,1627563695456,8.001208273680877,50.604400634765625,5.341381397555107
208,1627563701520,8.001208273680877,50.603790283203125,5.339720274718771
209,1627563707486,12.001812410521316,50.603118896484375,5.3379869084543685
210,1627563713536,12.001812410521316,50.60250854492188,5.336151623058075
211,1627563719658,8.001208273680877,50.60186767578125,5.334405801624303
212,1627563725469,8.001208273680877,50.60122680664063,5.332661716154055
213,1627563731489,8.001208273680877,50.600616455078125,5.330922230986746
214,1627563737492,8.001208273680877,50.5999755859375,5.329182619183796
215,1627563743501,8.001208273680877,50.59930419921875,5.3274303658867135
216,1627563749559,8.001208273680877,50.598663330078125,5.325651428457465
217,1627563755488,12.001812410521316,50.59811401367188,5.323872027258092
218,1627563761491,12.001812410521316,50.597503662109375,5.322103798475746
219,1627563767512,12.001812410521316,50.59689331054688,5.3203388996090615
220,1627563773555,12.001812410521316,50.59625244140625,5.318598543431357
221,1627563779500,12.001812410521316,50.59564208984375,5.316821701068714
222,1627563785518,8.001208273680877,50.595123291015625,5.315051379644965
223,1627563791482,8.001208273680877,50.594635009765625,5.313192609000562
224,1627563797078,8.001208273680877,50.594268798828125,5.311633367417393
225,1627563803530,12.001812410521316,50.59375,5.309392363671087
226,1627563809500,8.001208273680877,50.5933837890625,5.307439565045548
227,1627563815524,8.001208273680877,50.593048095703125,5.305457916285041
228,1627563821511,12.001812410521316,50.592803955078125,5.303405202289391
229,1627563827644,12.001812410521316,50.592620849609375,5.301444314405013
230,1627563833511,12.001812410521316,50.59246826171875,5.299466226415356
231,1627563839534,8.001208273680877,50.592315673828125,5.297503472678305
232,1627563845497,8.001208273680877,50.592193603515625,5.295493181311867
233,1627563851522,12.001812410521316,50.592071533203125,5.293489727282925
234,1627563857497,8.001208273680877,50.59197998046875,5.291447809291306
235,1627563863493,8.001208273680877,50.59185791015625,5.289442920336053
236,1627563869546,8.001208273680877,50.59173583984375,5.2874637852011945
237,1627563875512,8.001208273680877,50.59161376953125,5.285470534866352
238,1627563881538,12.001812410521316,50.591552734375,5.283485458774029
239,1627563887554,12.001812410521316,50.59146118164063,5.281448044565968
240,1627563893560,12.001812410521316,50.591339111328125,5.27944919040416
241,1627563899029,12.001812410521316,50.59127807617188,5.277759725568055
242,1627563905517,8.001208273680877,50.591094970703125,5.275392724437481
243,1627563911553,8.001208273680877,50.59100341796875,5.273416512513238
244,1627563917140,8.001208273680877,50.5909423828125,5.271739254884983
245,1627563923447,8.001208273680877,50.59078979492188,5.269406120700464
246,1627563929472,12.001812410521316,50.590728759765625,5.2674585234585045
247,1627563935437,12.001812410521316,50.590576171875,5.265390398156566
248,1627563941445,12.001812410521316,50.5904541015625,5.263349848923915
249,1627563947438,8.001208273680877,50.59033203125,5.261380598297135
250,1627563953455,8.001208273680877,50.590240478515625,5.259356285583794
251,1627563959523,8.001208273680877,50.590118408203125,5.257342764508223
252,1627563965519,8.001208273680877,50.58999633789063,5.255368225524175
253,1627563971465,8.001208273680877,50.58990478515625,5.25334735528362
254,1627563977509,8.001208273680877,50.58978271484375,5.251362622933359
255,1627563983431,8.001208273680877,50.589691162109375,5.249365254527129
256,1627563989455,8.001208273680877,50.589599609375,5.247291130460533
257,1627563995460,8.001208273680877,50.5894775390625,5.2452879030714525
258,1627564001496,8.001208273680877,50.58935546875,5.243341754986092
259,1627564007085,8.001208273680877,50.589263916015625,5.241625909902178
260,1627564013443,12.001812410521316,50.58905029296875,5.239274673191649
261,1627564019418,8.001208273680877,50.5888671875,5.237280110166838
262,1627564025439,8.001208273680877,50.588653564453125,5.235285567492618
263,1627564031450,8.001208273680877,50.58837890625,5.233351274389185
264,1627564037476,12.001812410521316,50.58804321289063,5.2314257083368965
265,1627564043459,8.001208273680877,50.58770751953125,5.229510245653739
266,1627564049446,8.001208273680877,50.5872802734375,5.22759102603295
267,1627564055464,8.001208273680877,50.586822509765625,5.225724144819556
268,1627564061474,12.001812410521316,50.5863037109375,5.223851068790026
269,1627564067426,12.001812410521316,50.58575439453125,5.22202348182064
270,1627564073426,8.001208273680877,50.58514404296875,5.220193383969029
271,1627564079435,12.001812410521316,50.58447265625,5.21845853612995
272,1627564085465,12.001812410521316,50.583770751953125,5.216801239763519
273,1627564091461,12.001812410521316,50.58306884765625,5.215122332884121
274,1627564097471,12.001812410521316,50.58233642578125,5.213560825751136
275,1627564103440,12.001812410521316,50.58160400390625,5.2118874147048855
276,1627564109438,12.001812410521316,50.580841064453125,5.2102533307600805
277,1627564115473,12.001812410521316,50.58001708984375,5.208695512337108
278,1627564121449,12.001812410521316,50.57928466796875,5.207048809842035
279,1627564127451,12.001812410521316,50.578521728515625,5.2053964571309495
280,1627564133442,12.001812410521316,50.5777587890625,5.203779417505642
281,1627564139471,12.001812410521316,50.57696533203125,5.202139586023274
282,1627564145439,12.001812410521316,50.576202392578125,5.200512210500377
283,1627564151441,12.001812410521316,50.575439453125,5.198880808278234
284,1627564157433,12.001812410521316,50.57470703125,5.1972815614882135
285,1627564163432,12.001812410521316,50.573974609375,5.195604394383155
286,1627564169479,12.001812410521316,50.57321166992188,5.193860209018808
287,1627564175484,16.002416547361754,50.57247924804688,5.192089701668442
288,1627564181443,12.001812410521316,50.57174682617188,5.190354510566989
289,1627564187454,12.001812410521316,50.571075439453125,5.1885463355889545
290,1627564193437,16.002416547361754,50.570404052734375,5.186768185224915
291,1627564199472,16.002416547361754,50.56979370117188,5.184924186103996
292,1627564205471,16.002416547361754,50.5692138671875,5.182999357087489
293,1627564211474,16.002416547361754,50.568603515625,5.181127388552492
294,1627564217429,16.002416547361754,50.5679931640625,5.179333658671999
295,1627564223442,16.002416547361754,50.5673828125,5.177456299354349
296,1627564229475,16.002416547361754,50.566802978515625,5.175626768591255
297,1627564235462,16.002416547361754,50.566162109375,5.173807533214519
298,1627564241437,16.002416547361754,50.565521240234375,5.171909102431603
299,1627564247439,16.002416547361754,50.56491088867188,5.169973557956828
300,1627564253439,16.002416547361754,50.56427001953125,5.168191450252203
301,1627564259431,12.001812410521316,50.5635986328125,5.166531609260316
302,1627564265431,16.002416547361754,50.562896728515625,5.164933434837073
303,1627564271447,16.002416547361754,50.5621337890625,5.163343277674842
304,1627564277479,16.002416547361754,50.56134033203125,5.161864999598243
305,1627564283440,16.002416547361754,50.560577392578125,5.160336218818648
306,1627564289443,16.002416547361754,50.55972290039063,5.158943359467467
307,1627564295461,16.002416547361754,50.558868408203125,5.157442977546593
308,1627564301492,16.002416547361754,50.55804443359375,5.155974777288128
309,1627564307497,16.002416547361754,50.55718994140625,5.154460551488024
310,1627564313437,16.002416547361754,50.55633544921875,5.153003138285283
311,1627564319424,16.002416547361754,50.5555419921875,5.151585169788217
312,1627564325432,16.002416547361754,50.55474853515625,5.15009803389963
313,1627564331464,16.002416547361754,50.55389404296875,5.148578608319711
314,1627564337448,12.001812410521316,50.553070068359375,5.147103104589003
315,1627564343439,12.001812410521316,50.55224609375,5.1455926903410285
316,1627564349445,12.001812410521316,50.551361083984375,5.144146132990353
317,1627564355442,12.001812410521316,50.550567626953125,5.142614666624182
318,1627564361480,12.001812410521316,50.54977416992188,5.141115710217958
319,1627564367481,12.001812410521316,50.548858642578125,5.139584697721567
320,1627564373435,12.001812410521316,50.54800415039063,5.138028969166192
321,1627564379439,12.001812410521316,50.547119140625,5.136510817917206
322,1627564385440,12.001812410521316,50.546234130859375,5.135041315485279
323,1627564391503,12.001812410521316,50.54537963867188,5.133479219726093
324,1627564397479,12.001812410521316,50.5445556640625,5.131797201396656
325,1627564403462,12.001812410521316,50.54364013671875,5.13031118714559
326,1627564409447,12.001812410521316,50.542816162109375,5.128848948314921
327,1627564415443,12.001812410521316,50.5419921875,5.127406836750797
328,1627564421402,12.001812410521316,50.54107666015625,5.125950954033782
329,1627564427409,12.001812410521316,50.540313720703125,5.1244966806598775
330,1627564433443,12.001812410521316,50.53948974609375,5.122961508230667
331,1627564439451,12.001812410521316,50.5386962890625,5.121479271350649
332,1627564445407,12.001812410521316,50.53790283203125,5.12006139139809
333,1627564451401,12.001812410521316,50.53707885742188,5.118614370028856
334,1627564457419,12.001812410521316,50.5362548828125,5.117128930466737
335,1627564463408,12.001812410521316,50.535430908203125,5.115670726823677
336,1627564469434,12.001812410521316,50.534698486328125,5.114127673055986
337,1627564475414,12.001812410521316,50.533935546875,5.112561457609921
338,1627564481415,12.001812410521316,50.533233642578125,5.11092747020214
339,1627564487406,12.001812410521316,50.5325927734375,5.109237013821285
340,1627564493432,12.001812410521316,50.531982421875,5.10753694808141
341,1627564499476,12.001812410521316,50.53143310546875,5.105759830669776
342,1627564505413,12.001812410521316,50.53091430664063,5.104018315644518
343,1627564511430,8.001208273680877,50.53048706054688,5.102133826422123
344,1627564517402,8.001208273680877,50.530120849609375,5.1002369907402185
345,1627564523420,12.001812410521316,50.52984619140625,5.098355055584568
346,1627564529445,12.001812410521316,50.529632568359375,5.096498793531728
347,1627564535447,8.001208273680877,50.52947998046875,5.094640081091211
348,1627564541415,12.001812410521316,50.529388427734375,5.092772185540342
349,1627564547414,12.001812410521316,50.52935791015625,5.090874915212131
350,1627564553427,12.001812410521316,50.529388427734375,5.089008070917546
351,1627564559435,12.001812410521316,50.529388427734375,5.087147749342711
352,1627564565457,12.001812410521316,50.52944946289063,5.085363034419539
353,1627564571403,16.002416547361754,50.529541015625,5.083494529075767
354,1627564577403,16.002416547361754,50.529632568359375,5.081559740126756
355,1627564583408,12.001812410521316,50.529693603515625,5.079577102477284
356,1627564589442,12.001812410521316,50.52978515625,5.0776301490442055
357,1627564595445,8.001208273680877,50.52993774414063,5.075643059642959
358,1627564601416,8.001208273680877,50.52999877929688,5.073705699347454
359,1627564607407,12.001812410521316,50.530120849609375,5.07178304469327
360,1627564613422,12.001812410521316,50.53021240234375,5.069806979117185
361,1627564619418,12.001812410521316,50.530303955078125,5.067862530504824
362,1627564625431,12.001812410521316,50.5303955078125,5.065890681890507
363,1627564631425,8.001208273680877,50.53048706054688,5.063897325049701
364,1627564637431,8.001208273680877,50.53057861328125,5.06196008101198
365,1627564643420,8.001208273680877,50.530670166015625,5.059988532511451
366,1627564649413,12.001812410521316,50.53076171875,5.058016893206148
367,1627564655444,8.001208273680877,50.53082275390625,5.05606569271634
368,1627564661446,8.001208273680877,50.53094482421875,5.054120253370049
369,1627564667439,8.001208273680877,50.531036376953125,5.052184471057998
370,1627564673406,8.001208273680877,50.5311279296875,5.05022367283457
371,1627564679437,8.001208273680877,50.53121948242188,5.0482363784932485
372,1627564685507,12.001812410521316,50.53131103515625,5.046292810040755
373,1627564691446,16.002416547361754,50.53140258789063,5.044363714663596
374,1627564697407,16.002416547361754,50.531524658203125,5.042389372149126
375,1627564703438,8.001208273680877,50.531585693359375,5.040370346988284
376,1627564709450,16.002416547361754,50.531646728515625,5.038409017204548
377,1627564715405,12.001812410521316,50.53173828125,5.036456417477536
378,1627564721450,8.001208273680877,50.5318603515625,5.034507951269445
379,1627564727408,12.001812410521316,50.53192138671875,5.032520156788958
380,1627564733412,16.002416547361754,50.53204345703125,5.030583482830386
381,1627564739424,12.001812410521316,50.532135009765625,5.028637407851068
382,1627564745441,12.001812410521316,50.5322265625,5.026687901322263
383,1627564751412,12.001812410521316,50.53228759765625,5.024727171878187
384,1627564757440,12.001812410521316,50.5323486328125,5.02279449814145
385,1627564763402,12.001812410521316,50.532318115234375,5.020791318817908
386,1627564769406,12.001812410521316,50.532257080078125,5.018782304410921
387,1627564775411,16.002416547361754,50.5321044921875,5.016821429845479
388,1627564781415,16.002416547361754,50.53189086914063,5.014830486449678
389,1627564787433,12.001812410521316,50.53167724609375,5.012830989637023
390,1627564793470,8.001208273680877,50.53131103515625,5.011005776178093
391,1627564799400,12.001812410521316,50.531036376953125,5.009090675796055
392,1627564805399,12.001812410521316,50.53073120117188,5.007209253814509
393,1627564811422,12.001812410521316,50.53042602539063,5.005263706673513
394,1627564817431,12.001812410521316,50.530120849609375,5.003359188304821
395,1627564823438,12.001812410521316,50.529815673828125,5.001501140399123
396,1627564829407,12.001812410521316,50.52947998046875,4.99962326138484
397,1627564835415,12.001812410521316,50.52926635742188,4.997697197135685
398,1627564841392,12.001812410521316,50.52899169921875,4.995775284637986
399,1627564847385,8.001208273680877,50.52880859375,4.9938539286027215
400,1627564853381,8.001208273680877,50.5286865234375,4.991953431786301
401,1627564859370,12.001812410521316,50.528656005859375,4.990006448771776
402,1627564865409,12.001812410521316,50.52862548828125,4.988020545155868
403,1627564871376,12.001812410521316,50.528564453125,4.986023400335555
404,1627564877384,8.001208273680877,50.5286865234375,4.984034225643215
405,1627564883392,8.001208273680877,50.528717041015625,4.982053194219464
406,1627564889450,8.001208273680877,50.52886962890625,4.980088831771851
407,1627564895405,8.001208273680877,50.529052734375,4.9781424213634455
408,1627564901428,8.001208273680877,50.52923583984375,4.976277134716031
409,1627564907386,12.001812410521316,50.52951049804688,4.974330065294855
410,1627564913404,12.001812410521316,50.529815673828125,4.972448891292442
411,1627564919394,12.001812410521316,50.530120849609375,4.970473365497081
412,1627564925404,12.001812410521316,50.53048706054688,4.9686364682946325
413,1627564931414,12.001812410521316,50.530853271484375,4.966746555579142
414,1627564937395,12.001812410521316,50.53118896484375,4.964845437438925
415,1627564943382,12.001812410521316,50.531494140625,4.962928847953017
416,1627564949403,12.001812410521316,50.53173828125,4.961049856576465
417,1627564955398,12.001812410521316,50.531982421875,4.959113047775412
418,1627564961399,8.001208273680877,50.53219604492188,4.957196667295174
419,1627564967374,12.001812410521316,50.53237915039063,4.955218528259528
420,1627564973466,12.001812410521316,50.5323486328125,4.953258872204927
421,1627564979389,12.001812410521316,50.532318115234375,4.951234132401596
422,1627564985383,12.001812410521316,50.532257080078125,4.949264819283441
423,1627564991411,8.001208273680877,50.5321044921875,4.9472863216203615
424,1627564997409,8.001208273680877,50.53192138671875,4.945361113214455
425,1627565003387,12.001812410521316,50.5316162109375,4.943432949719076
426,1627565009389,8.001208273680877,50.53131103515625,4.941526821667819
427,1627565015382,12.001812410521316,50.53091430664063,4.939726787189007
428,1627565021389,12.001812410521316,50.53042602539063,4.937838654499101
429,1627565027419,12.001812410521316,50.5299072265625,4.936004584945455
430,1627565033392,12.001812410521316,50.529296875,4.934307595933265
431,1627565039421,12.001812410521316,50.528594970703125,4.9327178470973445
432,1627565045380,12.001812410521316,50.5279541015625,4.9310510789659
433,1627565051399,12.001812410521316,50.5272216796875,4.929436641722108
434,1627565057449,12.001812410521316,50.52655029296875,4.9278410429809005
435,1627565063404,12.001812410521316,50.525909423828125,4.926207561009673
436,1627565069374,12.001812410521316,50.5252685546875,4.924491644287508
437,1627565075379,12.001812410521316,50.524688720703125,4.922596386223926
438,1627565081374,12.001812410521316,50.524200439453125,4.9206913155880825
439,1627565087409,12.001812410521316,50.5238037109375,4.918937199249495
440,1627565093430,12.001812410521316,50.52340698242188,4.917091623542932
441,1627565099389,12.001812410521316,50.52310180664063,4.915194350732246
442,1627565105424,12.001812410521316,50.522857666015625,4.9133149789131965
443,1627565111388,8.001208273680877,50.522735595703125,4.9113803333686965
444,1627565117390,8.001208273680877,50.5225830078125,4.909449129028416
445,1627565123411,12.001812410521316,50.52252197265625,4.907538888600696
446,1627565129389,12.001812410521316,50.52252197265625,4.905613241054651
447,1627565135379,12.001812410521316,50.522552490234375,4.903681646181002
448,1627565141381,12.001812410521316,50.522491455078125,4.901693539471819
449,1627565147417,12.001812410521316,50.5224609375,4.899727612101207
450,1627565153404,8.001208273680877,50.52239990234375,4.897769617858502
451,1627565159385,8.001208273680877,50.522369384765625,4.895824684264016
452,1627565165411,12.001812410521316,50.5223388671875,4.893821427411279
453,1627565171453,8.001208273680877,50.522216796875,4.89186382721736
454,1627565177379,8.001208273680877,50.5220947265625,4.889903769724418
455,1627565183439,8.001208273680877,50.52197265625,4.887964480497079
456,1627565189387,12.001812410521316,50.52178955078125,4.886014553064338
457,1627565195384,12.001812410521316,50.5216064453125,4.884143197257448
458,1627565201399,12.001812410521316,50.521331787109375,4.882164244633455
459,1627565207379,12.001812410521316,50.52096557617188,4.880278321632755
460,1627565213410,8.001208273680877,50.52056884765625,4.878432226556716
461,1627565219376,12.001812410521316,50.52008056640625,4.8765575627065845
462,1627565225383,8.001208273680877,50.519622802734375,4.874659396674403
463,1627565231380,12.001812410521316,50.51904296875,4.872883012098717
464,1627565237403,12.001812410521316,50.518402099609375,4.871198158006515
465,1627565243421,12.001812410521316,50.51776123046875,4.869472554726618
466,1627565249390,12.001812410521316,50.51708984375,4.867767462193664
467,1627565255380,12.001812410521316,50.51641845703125,4.866062230723333
468,1627565261380,12.001812410521316,50.515716552734375,4.864405413004682
469,1627565267411,12.001812410521316,50.514984130859375,4.862784507820627
470,1627565273381,12.001812410521316,50.514251708984375,4.861154456808168
471,1627565279383,12.001812410521316,50.5135498046875,4.85957789907436
472,1627565285380,12.001812410521316,50.51284790039063,4.85788600575093
473,1627565291381,12.001812410521316,50.51220703125,4.856225615696002
474,1627565297410,12.001812410521316,50.511566162109375,4.854590145924776
475,1627565303444,12.001812410521316,50.51092529296875,4.852953113871255
476,1627565309414,8.001208273680877,50.510345458984375,4.851181778163955
477,1627565315368,8.001208273680877,50.509765625,4.849422252613972
478,1627565321377,8.001208273680877,50.50921630859375,4.847651413870654
479,1627565327424,8.001208273680877,50.5086669921875,4.8458213004235695
480,1627565333410,8.001208273680877,50.5081787109375,4.844020909180595
481,1627565339353,12.001812410521316,50.507720947265625,4.842187273671442
482,1627565345392,12.001812410521316,50.507232666015625,4.840357117103172
483,1627565351378,12.001812410521316,50.5068359375,4.838490496237096
484,1627565357384,12.001812410521316,50.50650024414063,4.836676762287126
485,1627565363351,12.001812410521316,50.50616455078125,4.834794718524479
486,1627565369350,12.001812410521316,50.50579833984375,4.832830216888894
487,1627565375361,12.001812410521316,50.50552368164063,4.830888325804266
488,1627565381385,8.001208273680877,50.50518798828125,4.828942469943321
489,1627565387376,12.001812410521316,50.504913330078125,4.826897084017654
490,1627565393352,12.001812410521316,50.50454711914063,4.824949947308056
491,1627565399380,12.001812410521316,50.504180908203125,4.823149952519034
492,1627565405355,12.001812410521316,50.5037841796875,4.821272004733796
493,1627565411389,8.001208273680877,50.503326416015625,4.819329036340978
494,1627565417377,8.001208273680877,50.502685546875,4.817491771980977
495,1627565423341,12.001812410521316,50.50213623046875,4.81569812477974
496,1627565429363,12.001812410521316,50.501495361328125,4.81397973903848
497,1627565435398,12.001812410521316,50.500762939453125,4.812443838735112
498,1627565441351,8.001208273680877,50.500030517578125,4.810873515323359
499,1627565447353,8.001208273680877,50.499267578125,4.809298699346397
500,1627565453396,12.001812410521316,50.498565673828125,4.80770595483759
501,1627565459373,12.001812410521316,50.497894287109375,4.806124438765953
502,1627565465355,12.001812410521316,50.49728393554688,4.804426706909175
503,1627565471356,12.001812410521316,50.4967041015625,4.802646826077583
504,1627565477347,12.001812410521316,50.4962158203125,4.800807340327536
505,1627565483390,12.001812410521316,50.49575805664063,4.799032796236184
506,1627565489374,12.001812410521316,50.49533081054688,4.797191594871609
507,1627565495353,12.001812410521316,50.4949951171875,4.79530590433948
508,1627565501356,8.001208273680877,50.494720458984375,4.793400954459449
509,1627565507365,8.001208273680877,50.494537353515625,4.791449353366177
510,1627565513372,8.001208273680877,50.494415283203125,4.7894447973608205
511,1627565519379,8.001208273680877,50.494384765625,4.787439060131101
512,1627565525356,8.001208273680877,50.49444580078125,4.785503259772858
513,1627565531360,8.001208273680877,50.4945068359375,4.783565573163728
514,1627565537365,8.001208273680877,50.49456787109375,4.781605240364146
515,1627565543379,12.001812410521316,50.494659423828125,4.779676150302225
516,1627565549372,12.001812410521316,50.494720458984375,4.777652055536564
517,1627565555388,12.001812410521316,50.49478149414063,4.77568228569388
518,1627565561376,12.001812410521316,50.494873046875,4.773770934809887
519,1627565567356,8.001208273680877,50.49493408203125,4.771784248148192
520,1627565573390,12.001812410521316,50.4949951171875,4.769871136416698
521,1627565579374,12.001812410521316,50.49508666992188,4.767988581672177
522,1627565585392,12.001812410521316,50.495147705078125,4.765970416797784
523,1627565591365,8.001208273680877,50.4952392578125,4.7639483430670655
524,1627565597338,12.001812410521316,50.49526977539063,4.761997569310386
525,1627565603357,8.001208273680877,50.495361328125,4.7600519279564
526,1627565609391,12.001812410521316,50.49542236328125,4.758092759468888
527,1627565615429,8.001208273680877,50.495513916015625,4.756133506537694
528,1627565621351,8.001208273680877,50.49557495117188,4.754189351235974
529,1627565627352,8.001208273680877,50.49566650390625,4.752232020375935
530,1627565633359,8.001208273680877,50.49575805664063,4.75029145203631
531,1627565639382,12.001812410521316,50.49575805664063,4.74829671233171
532,1627565645380,12.001812410521316,50.49581909179688,4.7463082081102765
533,1627565651349,12.001812410521316,50.49591064453125,4.744358736312982
534,1627565657356,12.001812410521316,50.496002197265625,4.742413187365673
535,1627565663369,8.001208273680877,50.49606323242188,4.740442468558492
536,1627565669358,8.001208273680877,50.49615478515625,4.738511939845093
537,1627565675392,8.001208273680877,50.4962158203125,4.736575824912275
538,1627565681400,8.001208273680877,50.49630737304688,4.734593905999093
539,1627565687352,12.001812410521316,50.496368408203125,4.7327135264965685
540,1627565693354,12.001812410521316,50.4964599609375,4.730709043700907
541,1627565699414,8.001208273680877,50.496490478515625,4.728722519338125
542,1627565705382,8.001208273680877,50.4964599609375,4.726748568993546
543,1627565711373,8.001208273680877,50.496490478515625,4.724781158929693
544,1627565717364,8.001208273680877,50.496490478515625,4.722825267159678
545,1627565723389,8.001208273680877,50.496429443359375,4.72088923610634
546,1627565729357,8.001208273680877,50.496368408203125,4.718898287935644
547,1627565735389,8.001208273680877,50.4962158203125,4.716951780949128
548,1627565741352,8.001208273680877,50.49609375,4.715011721614184
549,1627565747338,12.001812410521316,50.495941162109375,4.71304166973704
550,1627565753346,12.001812410521316,50.49578857421875,4.71103793657977
551,1627565759365,12.001812410521316,50.495635986328125,4.709125111473799
552,1627565765333,8.001208273680877,50.49542236328125,4.707175139305847
553,1627565771320,8.001208273680877,50.49526977539063,4.705252731635491
554,1627565777323,8.001208273680877,50.49508666992188,4.703312142197125
555,1627565783325,8.001208273680877,50.494903564453125,4.701369953454347
556,1627565789356,8.001208273680877,50.49478149414063,4.699432477646294
557,1627565795364,8.001208273680877,50.494659423828125,4.697462228650576
558,1627565801349,8.001208273680877,50.49459838867188,4.695491966632948
559,1627565807321,8.001208273680877,50.494537353515625,4.693532617260639
560,1627565813355,8.001208273680877,50.494476318359375,4.6915829597036085
561,1627565819329,8.001208273680877,50.49444580078125,4.689588305670391
562,1627565825361,16.002416547361754,50.49444580078125,4.687625814966963
563,1627565831318,16.002416547361754,50.494476318359375,4.685680680472226
564,1627565837348,12.001812410521316,50.494476318359375,4.683745046702587
565,1627565843316,12.001812410521316,50.494476318359375,4.681761351251278
566,1627565849359,12.001812410521316,50.494476318359375,4.679799778448347
567,1627565855344,12.001812410521316,50.49444580078125,4.6778252182224485
568,1627565861362,12.001812410521316,50.49444580078125,4.675720597751116
569,1627565867320,12.001812410521316,50.49444580078125,4.673748939195127
570,1627565873310,12.001812410521316,50.49444580078125,4.67172455405634
571,1627565879337,12.001812410521316,50.494415283203125,4.669693818512248
572,1627565885357,12.001812410521316,50.494415283203125,4.667727608025752
573,1627565891321,12.001812410521316,50.494384765625,4.665778631842863
574,1627565897315,12.001812410521316,50.49435424804688,4.663834172580541
575,1627565903325,12.001812410521316,50.49435424804688,4.661874127650857
576,1627565909326,12.001812410521316,50.49429321289063,4.659884703744139
577,1627565915353,12.001812410521316,50.49432373046875,4.657964625137102
578,1627565921363,12.001812410521316,50.494384765625,4.65599340473399
579,1627565927319,12.001812410521316,50.49435424804688,4.6540459382631205
580,1627565933322,12.001812410521316,50.49435424804688,4.652083702587857
581,1627565939355,12.001812410521316,50.49432373046875,4.650092777490388
582,1627565945320,12.001812410521316,50.49432373046875,4.648052270941117
583,1627565951315,12.001812410521316,50.49432373046875,4.646108031728426
584,1627565957317,12.001812410521316,50.49432373046875,4.644121810032656
585,1627565963316,8.001208273680877,50.4942626953125,4.642144623406103
586,1627565969361,8.001208273680877,50.494171142578125,4.640177405557908
587,1627565975317,8.001208273680877,50.49411010742188,4.638165823349819
588,1627565981338,8.001208273680877,50.493988037109375,4.636195604722567
589,1627565987320,8.001208273680877,50.49383544921875,4.634141999212039
590,1627565993318,16.002416547361754,50.49362182617188,4.6321622834733285
591,1627565999322,16.002416547361754,50.49334716796875,4.630305481311657
592,1627566005360,12.001812410521316,50.49313354492188,4.628358216012979
593,1627566011330,16.002416547361754,50.49285888671875,4.62637585088224
594,1627566017341,12.001812410521316,50.492584228515625,4.6245552464408055
595,1627566023320,12.001812410521316,50.492279052734375,4.622586165640064
596,1627566029323,12.001812410521316,50.49188232421875,4.620729459856376
597,1627566035345,12.001812410521316,50.49151611328125,4.618886193417632
598,1627566041315,12.001812410521316,50.491119384765625,4.617110386965653
599,1627566047329,12.001812410521316,50.49072265625,4.615225514054613
600,1627566053369,12.001812410521316,50.490234375,4.613402354272922
601,1627566059349,12.001812410521316,50.48974609375,4.6115858434019525
602,1627566065346,12.001812410521316,50.4892578125,4.60977740956552
603,1627566071345,8.001208273680877,50.48870849609375,4.608033254791224
604,1627566077357,8.001208273680877,50.48822021484375,4.606273692263236
605,1627566083337,8.001208273680877,50.487701416015625,4.604433708973018
606,1627566089400,8.001208273680877,50.4871826171875,4.602640700609735
607,1627566095353,8.001208273680877,50.486663818359375,4.600827455936656
608,1627566101373,8.001208273680877,50.4862060546875,4.599025783273348
609,1627566107375,8.001208273680877,50.485687255859375,4.597238375513992
610,1627566113390,8.001208273680877,50.485198974609375,4.595432892057424
611,1627566119354,8.001208273680877,50.484649658203125,4.593599240024209
612,1627566125341,8.001208273680877,50.484130859375,4.591765963762017
613,1627566131377,12.001812410521316,50.48358154296875,4.589896858486162
614,1627566137379,8.001208273680877,50.48306274414063,4.587990008925931
615,1627566143373,8.001208273680877,50.4825439453125,4.586213807744902
616,1627566149339,8.001208273680877,50.48199462890625,4.584421371143059
617,1627566155363,12.001812410521316,50.48150634765625,4.582664433897326
618,1627566161421,12.001812410521316,50.48101806640625,4.580807745138649
619,1627566167390,12.001812410521316,50.480499267578125,4.579048909624949
620,1627566173354,8.001208273680877,50.47994995117188,4.577311882427427
621,1627566179404,8.001208273680877,50.47946166992188,4.575457649619785
622,1627566185346,8.001208273680877,50.47894287109375,4.573705663490356
623,1627566191363,12.001812410521316,50.47845458984375,4.5719149593569925
624,1627566197404,12.001812410521316,50.477935791015625,4.57015617159422
625,1627566203383,12.001812410521316,50.477447509765625,4.568403269376519
626,1627566209366,8.001208273680877,50.476898193359375,4.5667209789931285
627,1627566215376,8.001208273680877,50.47650146484375,4.56510753087182
628,1627566221372,8.001208273680877,50.47607421875,4.563469589115657
629,1627566227350,8.001208273680877,50.475616455078125,4.561963511845709
630,1627566233430,8.001208273680877,50.47515869140625,4.560357669587367
631,1627566239428,8.001208273680877,50.4747314453125,4.5587127175677535
632,1627566245393,12.001812410521316,50.47427368164063,4.556983118111729
633,1627566251320,12.001812410521316,50.47369384765625,4.555214035303603
634,1627566257382,12.001812410521316,50.4732666015625,4.55339426974274
635,1627566263344,12.001812410521316,50.47286987304688,4.551663236382455
636,1627566269305,12.001812410521316,50.47247314453125,4.549973122857264
637,1627566275322,12.001812410521316,50.47213745117188,4.548360379733752
638,1627566281376,8.001208273680877,50.4718017578125,4.546757755801748
639,1627566287329,12.001812410521316,50.47149658203125,4.545139665403224
640,1627566293333,12.001812410521316,50.47125244140625,4.543628575197694
641,1627566299318,12.001812410521316,50.471038818359375,4.542456263565204
642,1627566305358,12.001812410521316,50.47085571289063,4.541494587540349
643,1627566311345,12.001812410521316,50.47067260742188,4.540658563838044
644,1627566317315,12.001812410521316,50.470550537109375,4.539842126486183
645,1627566323343,12.001812410521316,50.470489501953125,4.53907229454102
646,1627566329326,8.001208273680877,50.47036743164063,4.538496960585494
647,1627566335379,12.001812410521316,50.4703369140625,4.538047750592967
648,1627566341340,8.001208273680877,50.470245361328125,4.537315760398836
649,1627566347319,12.001812410521316,50.4700927734375,4.536472755318981
650,1627566353310,8.001208273680877,50.469970703125,4.535493374620427
651,1627566359316,8.001208273680877,50.469818115234375,4.534514341724285
652,1627566365344,8.001208273680877,50.46969604492188,4.53356279315743
653,1627566371344,8.001208273680877,50.4696044921875,4.5326928210841615
654,1627566377315,8.001208273680877,50.469512939453125,4.5318030049449725
655,1627566383337,8.001208273680877,50.46942138671875,4.530796090031148
656,1627566389351,8.001208273680877,50.46929931640625,4.529645052776971
657,1627566395349,8.001208273680877,50.46920776367188,4.528336717858928
658,1627566401332,8.001208273680877,50.4691162109375,4.527036354649174
659,1627566407317,8.001208273680877,50.468994140625,4.5257575825245375
660,1627566413312,12.001812410521316,50.46893310546875,4.524508882850629
661,1627566419332,8.001208273680877,50.46890258789063,4.523299462425634
662,1627566425351,6.000906205260658,50.46890258789063,4.52208105507326
663,1627566431354,6.000906205260658,50.46890258789063,4.520904388868441
664,1627566437332,6.000906205260658,50.4688720703125,4.519741663338043
665,1627566443325,6.000906205260658,50.46890258789063,4.518623818360751
666,1627566449313,6.000906205260658,50.46896362304688,4.517525965166127
667,1627566455370,4.000604136840439,50.469024658203125,4.5163793039386775
668,1627566461361,4.000604136840439,50.4691162109375,4.515207401916272
669,1627566467378,6.000906205260658,50.46920776367188,4.51406495451102
670,1627566473353,4.000604136840439,50.46929931640625,4.512929218872708
671,1627566479320,6.000906205260658,50.46945190429688,4.511795996270377
672,1627566485317,4.000604136840439,50.469573974609375,4.5106802249190245
673,1627566491341,6.000906205260658,50.4697265625,4.509547694997702
674,1627566497317,4.000604136840439,50.46990966796875,4.508364011972625
675,1627566503328,6.000906205260658,50.4700927734375,4.507006743864007
676,1627566509311,12.001812410521316,50.47036743164063,4.505564913834203
677,1627566515307,12.001812410521316,50.47064208984375,4.503997853165234
678,1627566521309,12.001812410521316,50.470977783203125,4.502449754755697
679,1627566527325,12.001812410521316,50.47119140625,4.50110640000389
680,1627566533372,12.001812410521316,50.471435546875,4.499973155337662
681,1627566539314,12.001812410521316,50.4716796875,4.498829484078927
682,1627566545311,6.000906205260658,50.47189331054688,4.497650578240746
683,1627566551316,8.001208273680877,50.47210693359375,4.496444664419356
684,1627566557326,8.001208273680877,50.47247314453125,4.495020278033296
685,1627566563323,8.001208273680877,50.47283935546875,4.493391112894747
686,1627566569312,8.001208273680877,50.4732666015625,4.491637082280243
687,1627566575315,8.001208273680877,50.4737548828125,4.489778702039153
688,1627566581328,8.001208273680877,50.47433471679688,4.487796671729494
689,1627566587318,8.001208273680877,50.474853515625,4.485860389038527
690,1627566593354,12.001812410521316,50.475433349609375,4.484002826103594
691,1627566599312,8.001208273680877,50.4759521484375,4.482138865387336
692,1627566605313,8.001208273680877,50.476409912109375,4.480282139600545
693,1627566611314,8.001208273680877,50.4769287109375,4.478451402680725
694,1627566617312,12.001812410521316,50.477386474609375,4.476575392201371
695,1627566623304,12.001812410521316,50.477874755859375,4.474699962293773
696,1627566629319,12.001812410521316,50.478302001953125,4.472682078306818
697,1627566635319,12.001812410521316,50.47869873046875,4.470746495734383
698,1627566641320,12.001812410521316,50.479095458984375,4.468844831318339
699,1627566647314,12.001812410521316,50.4794921875,4.46691762663255
700,1627566653331,12.001812410521316,50.4798583984375,4.46493734700256
701,1627566659370,12.001812410521316,50.48019409179688,4.4630113466915295
702,1627566665310,12.001812410521316,50.480560302734375,4.461059560293196
703,1627566671292,16.002416547361754,50.4808349609375,4.459061617943509
704,1627566677326,12.001812410521316,50.481048583984375,4.45708877091625
705,1627566683277,12.001812410521316,50.481292724609375,4.455062935795154
706,1627566689276,12.001812410521316,50.481536865234375,4.453053005323456
707,1627566695279,12.001812410521316,50.48175048828125,4.451081623336162
708,1627566701279,12.001812410521316,50.4818115234375,4.449070336527099
709,1627566707273,12.001812410521316,50.481842041015625,4.447073057823355
710,1627566713284,12.001812410521316,50.481842041015625,4.445004821798205
711,1627566719266,8.001208273680877,50.48165893554688,4.442986938375767
712,1627566725267,12.001812410521316,50.481353759765625,4.441097893846229
713,1627566731279,12.001812410521316,50.480987548828125,4.439162996397341
714,1627566737295,12.001812410521316,50.480560302734375,4.437200497026001
715,1627566743310,12.001812410521316,50.48004150390625,4.435312717456463
716,1627566749267,12.001812410521316,50.47946166992188,4.433500871875442
717,1627566755267,12.001812410521316,50.47882080078125,4.4317387620650255
718,1627566761272,12.001812410521316,50.4781494140625,4.429960792632198
719,1627566767279,12.001812410521316,50.4775390625,4.428154111317248
720,1627566773287,12.001812410521316,50.476959228515625,4.426281644996928
721,1627566779270,12.001812410521316,50.47637939453125,4.424474083328433
722,1627566785281,12.001812410521316,50.475860595703125,4.422566491804992
723,1627566791271,12.001812410521316,50.47540283203125,4.420643262281509
724,1627566797272,12.001812410521316,50.475006103515625,4.418641902655561
725,1627566803292,12.001812410521316,50.4747314453125,4.41653625286708
726,1627566809335,12.001812410521316,50.474517822265625,4.414453241368812
727,1627566815288,12.001812410521316,50.474395751953125,4.412329251115957
728,1627566821320,12.001812410521316,50.474395751953125,4.410254072438829
729,1627566827282,16.002416547361754,50.474456787109375,4.408150340980113
730,1627566833286,16.002416547361754,50.474609375,4.406091172201995
731,1627566839269,16.002416547361754,50.47482299804688,4.404070901175581
732,1627566845285,12.001812410521316,50.475128173828125,4.402112831138807
733,1627566851292,12.001812410521316,50.47540283203125,4.400163920577964
734,1627566857284,12.001812410521316,50.475677490234375,4.398156162277946
735,1627566863277,12.001812410521316,50.47601318359375,4.39619675999465
736,1627566869279,12.001812410521316,50.47625732421875,4.394182828242967
737,1627566875308,16.002416547361754,50.47653198242188,4.392166988123665
738,1627566881270,16.002416547361754,50.476837158203125,4.390159877947185
739,1627566887284,12.001812410521316,50.47711181640625,4.388156656360392
740,1627566893284,12.001812410521316,50.477386474609375,4.386177971413648
741,1627566899281,16.002416547361754,50.477630615234375,4.384130588098037
742,1627566905283,16.002416547361754,50.477874755859375,4.3821469404885525
743,1627566911288,12.001812410521316,50.47817993164063,4.380188005190778
744,1627566917305,16.002416547361754,50.478424072265625,4.378223771465187
745,1627566923267,12.001812410521316,50.47866821289063,4.376237170566884
746,1627566929285,16.002416547361754,50.47897338867188,4.374178178269698
747,1627566935301,12.001812410521316,50.479248046875,4.372212454924996
748,1627566941316,12.001812410521316,50.4794921875,4.370310321621724
749,1627566947277,12.001812410521316,50.479766845703125,4.368330592928182
750,1627566953280,12.001812410521316,50.480072021484375,4.366339197851443
751,1627566959264,8.001208273680877,50.4803466796875,4.364349737252003
752,1627566965277,12.001812410521316,50.4805908203125,4.362416381447273
753,1627566971267,8.001208273680877,50.480865478515625,4.360417004713018
754,1627566977280,12.001812410521316,50.48114013671875,4.358430258427867
755,1627566983272,12.001812410521316,50.48138427734375,4.356439585410121
756,1627566989275,8.001208273680877,50.48162841796875,4.354431591897342
757,1627566995316,12.001812410521316,50.4818115234375,4.352418640264087
758,1627567001282,8.001208273680877,50.481964111328125,4.350397419052384
759,1627567007305,8.001208273680877,50.4820556640625,4.348377858099622
760,1627567013283,12.001812410521316,50.4820556640625,4.346371506021884
761,1627567019322,12.001812410521316,50.482025146484375,4.344295124953579
762,1627567025267,12.001812410521316,50.48187255859375,4.342298203568554
763,1627567031283,12.001812410521316,50.481689453125,4.340237508991336
764,1627567037356,12.001812410521316,50.481536865234375,4.338179565905898
765,1627567043284,12.001812410521316,50.481353759765625,4.336097391856943
766,1627567049283,12.001812410521316,50.48114013671875,4.334081972621146
767,1627567055272,12.001812410521316,50.480987548828125,4.332048032148394
768,1627567061280,12.001812410521316,50.480804443359375,4.330034037799504
769,1627567067266,12.001812410521316,50.48065185546875,4.328015516391533
770,1627567073308,12.001812410521316,50.48043823242188,4.326006302441684
771,1627567079270,12.001812410521316,50.480255126953125,4.324023129787605
772,1627567085273,12.001812410521316,50.480072021484375,4.322038361399617
773,1627567091275,12.001812410521316,50.47991943359375,4.320011399108412
774,1627567097314,12.001812410521316,50.479736328125,4.317999914289162
775,1627567103273,12.001812410521316,50.479583740234375,4.315957921337042
776,1627567109286,12.001812410521316,50.479400634765625,4.313948820273859
777,1627567115283,12.001812410521316,50.47918701171875,4.311959902607506
778,1627567121271,12.001812410521316,50.479034423828125,4.309936953687066
779,1627567127273,12.001812410521316,50.4788818359375,4.3079377960116885
780,1627567133297,12.001812410521316,50.47869873046875,4.305904251611936
781,1627567139403,12.001812410521316,50.478607177734375,4.3038670211646926
782,1627567145281,12.001812410521316,50.47848510742188,4.301896213975672
783,1627567151378,12.001812410521316,50.47845458984375,4.299881433919938
784,1627567157368,12.001812410521316,50.478424072265625,4.297853082311491
785,1627567163283,12.001812410521316,50.47845458984375,4.29581095715981
786,1627567169248,12.001812410521316,50.47857666015625,4.293745173452234
787,1627567175506,12.001812410521316,50.47872924804688,4.291809111442402
788,1627567181269,12.001812410521316,50.479034423828125,4.289800585602486
789,1627567187246,12.001812410521316,50.47946166992188,4.28788985837304
790,1627567193267,16.002416547361754,50.479888916015625,4.286005995784642
791,1627567199245,16.002416547361754,50.48046875,4.284236509805829
792,1627567205342,16.002416547361754,50.481048583984375,4.282442797031603
793,1627567211285,16.002416547361754,50.48175048828125,4.280636580242308
794,1627567217261,12.001812410521316,50.482452392578125,4.278861801849855
795,1627567223274,12.001812410521316,50.483184814453125,4.277068880315988
796,1627567229255,12.001812410521316,50.483978271484375,4.275461997809419
797,1627567235287,12.001812410521316,50.48480224609375,4.273874317445428
798,1627567241264,12.001812410521316,50.485626220703125,4.272284983752425
799,1627567247283,12.001812410521316,50.486419677734375,4.27067058770082
800,1627567253304,12.001812410521316,50.4873046875,4.269116305969371
801,1627567259268,12.001812410521316,50.488128662109375,4.267558127568616
802,1627567265257,12.001812410521316,50.48895263671875,4.26594827951284
803,1627567271255,12.001812410521316,50.489776611328125,4.264317534451386
804,1627567277369,8.001208273680877,50.4906005859375,4.262756636977232
805,1627567283253,8.001208273680877,50.49139404296875,4.261156960424521
806,1627567289278,8.001208273680877,50.49215698242188,4.2595011954541215
807,1627567295255,8.001208273680877,50.492919921875,4.257799131135293
808,1627567301249,8.001208273680877,50.49362182617188,4.25620008007501
809,1627567307246,12.001812410521316,50.49435424804688,4.254515960082617
810,1627567313443,12.001812410521316,50.4951171875,4.252843362747964
811,1627567319294,12.001812410521316,50.49578857421875,4.251088235203496
812,1627567325251,12.001812410521316,50.4964599609375,4.249313957159663
813,1627567331261,16.002416547361754,50.49700927734375,4.24755635229758
814,1627567337247,12.001812410521316,50.49752807617188,4.2456757709752
815,1627567343252,12.001812410521316,50.49798583984375,4.243814516619153
816,1627567349244,12.001812410521316,50.498291015625,4.241794343076889
817,1627567355242,12.001812410521316,50.498626708984375,4.239859613032483
818,1627567361243,8.001208273680877,50.498809814453125,4.237904594723564
819,1627567367242,8.001208273680877,50.49899291992188,4.235922273255963
820,1627567373242,12.001812410521316,50.499053955078125,4.233933674572893
821,1627567379256,12.001812410521316,50.49896240234375,4.231854519539078
822,1627567385236,12.001812410521316,50.498809814453125,4.229784647299146
823,1627567391242,12.001812410521316,50.49850463867188,4.227688297112692
824,1627567397243,12.001812410521316,50.498321533203125,4.225670287112813
825,1627567403251,12.001812410521316,50.49810791015625,4.223658211638444
826,1627567409244,12.001812410521316,50.49801635742188,4.221636705241108
827,1627567415275,12.001812410521316,50.4979248046875,4.21963081902922
828,1627567421267,12.001812410521316,50.498046875,4.217610259207324
829,1627567427267,12.001812410521316,50.49822998046875,4.215707739691359
830,1627567433272,12.001812410521316,50.49850463867188,4.213874052201734
831,1627567439265,12.001812410521316,50.49920654296875,4.212752944635368
832,1627567445268,12.001812410521316,50.50015258789063,4.211924367476851
833,1627567451252,16.002416547361754,50.501251220703125,4.211308972000977
834,1627567457281,16.002416547361754,50.50238037109375,4.211605669578826
835,1627567463259,12.001812410521316,50.503509521484375,4.2122182801493375
836,1627567469262,12.001812410521316,50.504730224609375,4.212737262445432
837,1627567475243,12.001812410521316,50.505950927734375,4.213141168887355
838,1627567481269,12.001812410521316,50.507171630859375,4.213342054412258
839,1627567487249,12.001812410521316,50.50845336914063,4.213285084188159
840,1627567493241,12.001812410521316,50.5096435546875,4.212813439514616
841,1627567499303,12.001812410521316,50.51080322265625,4.212122562846949
842,1627567505282,8.001208273680877,50.51187133789063,4.210993587155398
843,1627567511264,12.001812410521316,50.51287841796875,4.209730827902037
844,1627567517255,12.001812410521316,50.51373291015625,4.208339099038766
845,1627567523265,12.001812410521316,50.51458740234375,4.206882492859283
846,1627567529254,12.001812410521316,50.515380859375,4.205356862492067
847,1627567535258,12.001812410521316,50.51617431640625,4.20384653958301
848,1627567541254,8.001208273680877,50.51690673828125,4.20222466147226
849,1627567547247,12.001812410521316,50.517608642578125,4.200640213641695
850,1627567553260,16.002416547361754,50.51837158203125,4.198963124213129
851,1627567559257,12.001812410521316,50.51919555664063,4.197586962780582
852,1627567565256,16.002416547361754,50.5201416015625,4.19632953948814
853,1627567571246,16.002416547361754,50.521026611328125,4.1949734769351945
854,1627567577254,24.00362482104263,50.52191162109375,4.19355305425936
855,1627567583253,16.002416547361754,50.5228271484375,4.192178767490023
856,1627567589252,12.001812410521316,50.5235595703125,4.190626201767136
857,1627567595251,12.001812410521316,50.52407836914063,4.188762100186187
858,1627567601319,16.002416547361754,50.524688720703125,4.187204224357183
859,1627567607259,16.002416547361754,50.525238037109375,4.185630528315225
860,1627567613249,16.002416547361754,50.525787353515625,4.184096852756227
861,1627567619261,12.001812410521316,50.526275634765625,4.182559942068313
862,1627567625251,12.001812410521316,50.5267333984375,4.1810770122108245
863,1627567631298,12.001812410521316,50.52700805664063,4.180241737253424
864,1627567637377,12.001812410521316,50.52731323242188,4.180073949304294
865,1627567643246,12.001812410521316,50.527740478515625,4.180643004674375
866,1627567649253,12.001812410521316,50.52828979492188,4.181454441080368
867,1627567655246,12.001812410521316,50.52902221679688,4.18245907232856
868,1627567661226,12.001812410521316,50.52978515625,4.183576917239258
869,1627567667217,12.001812410521316,50.530517578125,4.184698874044689
870,1627567673231,12.001812410521316,50.53131103515625,4.185822834697117
871,1627567679244,12.001812410521316,50.53219604492188,4.187029402172602
872,1627567685245,12.001812410521316,50.53302001953125,4.188201709258614
873,1627567691229,12.001812410521316,50.53384399414063,4.189308933552016
874,1627567697236,8.001208273680877,50.53463745117188,4.190531365991378
875,1627567703235,8.001208273680877,50.5352783203125,4.191884486194955
876,1627567709261,12.001812410521316,50.53585815429688,4.193250719861887
877,1627567715232,12.001812410521316,50.536468505859375,4.194712327056879
878,1627567721261,8.001208273680877,50.53707885742188,4.196198056547295
879,1627567727231,8.001208273680877,50.537689208984375,4.197670779574467
880,1627567733249,12.001812410521316,50.53829956054688,4.199091944578093
881,1627567739224,12.001812410521316,50.53875732421875,4.2003353834308905
882,1627567745259,12.001812410521316,50.538818359375,4.200801811987976
883,1627567751219,12.001812410521316,50.538665771484375,4.200839387500486
884,1627567757225,12.001812410521316,50.53863525390625,4.200930468936581
885,1627567763231,12.001812410521316,50.53857421875,4.200946510351375
886,1627567769220,12.001812410521316,50.53857421875,4.200946510351375
887,1627567775220,12.001812410521316,50.53857421875,4.200946510351375
888,1627567781222,12.001812410521316,50.53857421875,4.2009370347929895
889,1627567787257,8.001208273680877,50.53857421875,4.200979364387774
890,1627567793223,8.001208273680877,50.53851318359375,4.201070900881963
891,1627567799216,12.001812410521316,50.5384521484375,4.201205311901012
892,1627567805221,12.001812410521316,50.538482666015625,4.201158816490591
893,1627567811225,8.001208273680877,50.53851318359375,4.201030558371667
894,1627567817286,8.001208273680877,50.53851318359375,4.201016118337407
895,1627567823276,8.001208273680877,50.53851318359375,4.2009889846130255
