,Timestamp,Quality,Lat,Lon
0,1623422649858,23.789798736572266,50.7272801053965,2.6269354668630336
1,1623422710797,4.900000095367432,50.727308164170225,2.627138886333312
2,1623422771699,4.900000095367432,50.727308164170225,2.627138886333312
3,1623422832764,4.900000095367432,50.727308164170225,2.627138886333312
4,1623422893766,4.900000095367432,50.727308164170225,2.627138886333312
5,1623422954867,4.900000095367432,50.727308164170225,2.627138886333312
6,1623423015866,4.900000095367432,50.727308164170225,2.627138886333312
7,1623423076870,4.900000095367432,50.727308164170225,2.627138886333312
8,1623423137066,4.900000095367432,50.727308164170225,2.627138886333312
9,1623423198964,4.900000095367432,50.727308164170225,2.627138886333312
10,1623423259965,4.900000095367432,50.727308164170225,2.627138886333312
11,1623423320066,4.900000095367432,50.727308164170225,2.627138886333312
12,1623423381177,4.900000095367432,50.727308164170225,2.627138886333312
13,1623423442171,4.900000095367432,50.727308164170225,2.627138886333312
14,1623423503254,4.900000095367432,50.72728354890901,2.6271254940092805
15,1623423564257,4.900000095367432,50.72728354890901,2.6271254940092805
16,1623423625259,4.900000095367432,50.72728354890901,2.6271254940092805
17,1623423686255,4.900000095367432,50.72728354890901,2.6271254940092805
18,1623423747363,4.900000095367432,50.72728354890901,2.6271254940092805
19,1623423808356,4.900000095367432,50.72728354890901,2.6271254940092805
20,1623423869457,4.900000095367432,50.72728354890901,2.6271254940092805
21,1623423930460,4.900000095367432,50.72728354890901,2.6271254940092805
22,1623423991658,4.900000095367432,50.72728354890901,2.6271254940092805
23,1623424052605,4.900000095367432,50.72728354890901,2.6271254940092805
24,1623424113667,4.900000095367432,50.72728354890901,2.6271254940092805
25,1623424174787,4.900000095367432,50.72728354890901,2.6271254940092805
26,1623424235662,4.900000095367432,50.72728354890901,2.6271254940092805
27,1623424296757,4.900000095367432,50.72728354890901,2.6271254940092805
28,1623424357754,4.900000095367432,50.72728354890901,2.6271254940092805
29,1623424418850,4.900000095367432,50.72728354890901,2.6271254940092805
30,1623424479850,4.900000095367432,50.72728354890901,2.6271254940092805
31,1623424540954,4.900000095367432,50.72725712504669,2.6271822185865665
32,1623424601967,4.900000095367432,50.72725712504669,2.6271822185865665
33,1623424662962,4.900000095367432,50.72725712504669,2.6271822185865665
34,1623424723056,4.900000095367432,50.72725712504669,2.6271822185865665
35,1623424784054,4.900000095367432,50.72725712504669,2.6271822185865665
36,1623424845157,4.900000095367432,50.72725712504669,2.6271822185865665
37,1623424906159,4.900000095367432,50.72725712504669,2.6271822185865665
38,1623424967247,4.900000095367432,50.72725712504669,2.6271822185865665
39,1623425028249,4.900000095367432,50.72725712504669,2.6271822185865665
40,1623425089254,4.900000095367432,50.72725712504669,2.6271822185865665
41,1623425150364,4.900000095367432,50.72725712504669,2.6271822185865665
42,1623425211358,4.900000095367432,50.72725712504669,2.6271822185865665
43,1623425272494,4.900000095367432,50.72725712504669,2.6271822185865665
44,1623425333454,4.900000095367432,50.72725712504669,2.6271822185865665
45,1623425394456,4.900000095367432,50.72725712504669,2.6271822185865665
46,1623425455561,4.900000095367432,50.72725712504669,2.6271822185865665
47,1623425516661,4.900000095367432,50.72725712504669,2.6271822185865665
