	Timestamp	Quality	Lat	Lon	gap (ms)	distance	test	km/h	0,099929605
0	1,62713E+12	3.0	45,2373224	5,654952		0,294891408	outlayer	2,950991426	
1	1,62713E+12	16.0	45,23515405	5,654766068	5686	0,003291395	-	0,032937132	
2	1,62713E+12	6.0	45,23512984	5,654703834	6004	0,003006618	-	0,030087355	
3	1,62713E+12	4.0	45,23510772	5,654596945	6016	0,004129413	-	0,041323216	
4	1,62713E+12	4.0	45,23507736	5,654504115	5985	0,00333762	-	0,033399717	
5	1,62713E+12	4.0	45,23505281	5,654406798	5996	0,003703694	-	0,037063026	
6	1,62713E+12	4.0	45,23502558	5,654297022	6017	0,003982759	-	0,039855648	
7	1,62713E+12	2.0	45,23499629	5,654196339	5998	0,003946386	-	0,039491662	
8	1,62713E+12	3.0	45,23496727	5,654093188	6028	0,003138613	-	0,031408242	
9	1,62713E+12	2.0	45,23494419	5,65399717	5978	0,003536897	-	0,035393889	
10	1,62713E+12	2.0	45,23491818	5,653889647	6019	0,002965874	-	0,029679628	
11	1,62713E+12	1.5	45,23489637	5,65377916	5959	0,00328317	-	0,032854823	
12	1,62713E+12	1.5	45,23487221	5,653678883	5992	0,003245899	-	0,032481853	
13	1,62713E+12	1.0	45,23484833	5,65358056	6002	0,004760037	-	0,047633905	
14	1,62713E+12	2.0	45,23481333	5,653479342	6055	0,003460909	-	0,034633472	
15	1,62713E+12	2.0	45,23478789	5,653372514	5955	0,003742426	-	0,037450624	
16	1,62713E+12	1.5	45,23476037	5,653269355	6013	0,004044511	-	0,040473602	
17	1,62713E+12	3.0	45,23473063	5,653166291	6016	0,004031119	-	0,040339583	
18	1,62713E+12	2.0	45,23470099	5,653063856	5960	0,003516453	-	0,035189298	
19	1,62713E+12	1.5	45,23467514	5,6529631	6006	0,003714628	-	0,037172446	
20	1,62713E+12	1.5	45,23464783	5,652865036	6010	0,002751486	-	0,027534246	
21	1,62713E+12	2.299999952316284	45,2346276	5,6527683	6051	0,002284373	-	0,022859821	
22	1,62713E+12	2.0	45,2346108	5,652673466	5948	0,003457001	-	0,034594361	
23	1,62713E+12	2.0	45,23458537	5,652576483	5998	0,003881914	-	0,038846481	
24	1,62713E+12	2.0	45,23455683	5,652484061	5988	0,003492019	-	0,034944791	
25	1,62713E+12	1.5	45,23453115	5,65238072	6023	0,003507471	-	0,035099414	
26	1,62713E+12	1.5	45,23450535	5,652278493	5983	0,004007574	-	0,040103973	
27	1,62713E+12	1.0	45,23447588	5,652179784	6001	0,003201164	-	0,032034192	
28	1,62713E+12	1.0	45,23445235	5,652075943	5998	0,003310507	-	0,03312839	
29	1,62713E+12	1.0	45,234428	5,651973872	6001	0,004111915	-	0,041148117	
30	1,62713E+12	1.0	45,23439776	5,651873968	6127	0,002606834	-	0,026086705	
31	1,62713E+12	3.0	45,23437858	5,651775198	5869	0,003168621	-	0,031708532	
32	1,62713E+12	2.0	45,2343553	5,651668854	6018	0,004264698	-	0,042677024	
33	1,62713E+12	2.0	45,23432393	5,651561364	5981	0,003649765	-	0,036523363	
34	1,62713E+12	3.0	45,2342971	5,651457408	6005	0,003089411	-	0,030915874	
35	1,62713E+12	3.0	45,23427438	5,651345438	6039	0,002641181	-	0,026430418	
36	1,62713E+12	3.0	45,23425497	5,651258194	5974	0,004872318	-	0,0487575	
37	1,62713E+12	3.0	45,23421914	5,651156432	5991	0,003892347	-	0,038950892	
38	1,62713E+12	3.0	45,23419052	5,65104972	6001	0,004813697	-	0,04817088	
39	1,62713E+12	3.0	45,23415513	5,650959475	5991	0,004045625	-	0,040484751	
40	1,62713E+12	3.0	45,23412537	5,650857849	6000	0,003513889	-	0,03516364	
41	1,62713E+12	4.0	45,23409955	5,650764971	6024	0,002923021	-	0,029250798	
42	1,62713E+12	4.0	45,23407805	5,650650435	5993	0,002868555	-	0,028705752	
43	1,62713E+12	4.0	45,23405696	5,65054889	5978	0,004773273	-	0,047766353	
44	1,62713E+12	4.0	45,23402187	5,650436047	6004	0,002373382	-	0,023750544	
45	1,62713E+12	3.0	45,2340044	5,650333275	6022	0,00340975	-	0,034121522	
46	1,62713E+12	3.0	45,23397934	5,650235973	6087	0,004517165	-	0,045203468	
47	1,62713E+12	2.0	45,23394613	5,650147533	5922	0,003780762	-	0,037834251	
48	1,62713E+12	2.0	45,23391833	5,650049765	5991	0,005361113	-	0,053648898	
49	1,62713E+12	2.0	45,23387891	5,649981639	5981	0,007979649	-	0,079852704	
50	1,62713E+12	3.0	45,23382023	5,650003654	5967	0,002981029	-	0,029831288	
51	1,62713E+12	4.0	45,23379832	5,650029083	6008	0,002033921	-	0,020353537	
52	1,62713E+12	4.0	45,23381326	5,650037237	6083	0,000859676	-	0,008602813	
53	1,62713E+12	4.0	45,23380699	5,650026427	6004	0,000268518	-	0,002687067	
54	1,62713E+12	4.0	45,23380898	5,650023394	5960	0,001154938	-	0,011557513	
55	1,62713E+12	4.0	45,23380048	5,650020866	5996	0,000794286	-	0,007948452	
56	1,62713E+12	4.0	45,23379462	5,650015941	6001	0,001215765	-	0,012166215	
57	1,62713E+12	4.0	45,23378565	5,650011829	5998	0,000402776	-	0,004030601	
58	1,62713E+12	4.0	45,23378274	5,650013475	5979	0,000402776	-	0,004030601	
59	1,62713E+12	4.0	45,23378571	5,650014095	6010	9,49353E-05	-	0,000950022	
60	1,62713E+12	6.0	45,23378657	5,650015947	5992	0,000342294	-	0,003425352	
61	1,62713E+12	6.0	45,23378911	5,650016196	6033	0,000134259	-	0,001343534	
62	1,62713E+12	6.0	45,23378801	5,650006625	5975	0,001485972	-	0,014870192	
63	1,62713E+12	6.0	45,23377708	5,649995157	6024	0,001644328	-	0,016454859	
64	1,62713E+12	8.0	45,23376502	5,649968603	5965	0,00146151	-	0,014625399	
65	1,62713E+12	8.0	45,23377576	5,650000771	6065	0,001768449	-	0,017696944	
66	1,62713E+12	8.0	45,23378876	5,65001244	5979	0	-	0	
67	1,62713E+12	8.0	45,23378817	5,650002004	5899	0,001470731	-	0,014717674	
68	1,62713E+12	6.0	45,23377736	5,649942509	6041	0,001061409	-	0,010621566	
69	1,62713E+12	6.0	45,23376951	5,649893745	6031	0,002105767	-	0,021072502	
70	1,62713E+12	4.0	45,23375403	5,649852018	5946	0,001208329	-	0,012091803	
71	1,62713E+12	4.0	45,23374515	5,6498257	6045	0,000268518	-	0,002687067	
72	1,62713E+12	6.0	45,2337431	5,649817808	5983	0,000300212	-	0,003004233	
73	1,62713E+12	6.0	45,23374526	5,649816978	5983	0,000367683	-	0,003679418	
74	1,62713E+12	6.0	45,23374252	5,649814154	6027	0	-	0	
75	1,62713E+12	6.0	45,23374323	5,649820098	5974	0,000537035	-	0,005374135	
76	1,62713E+12	6.0	45,23373937	5,649816729	6027		-	0	
