,RR,Timestamp,SensorContact,errorEstimate,blockerBit
0,711,1623412579072,-1,-1,-1
1,487,1623412579072,-1,-1,-1
2,495,1623412579610,-1,-1,-1
3,583,1623412585513,-1,-1,-1
4,583,1623412586487,-1,-1,-1
5,567,1623412586487,-1,-1,-1
6,543,1623412587535,-1,-1,-1
7,591,1623412588548,-1,-1,-1
8,567,1623412588548,-1,-1,-1
9,591,1623412589486,-1,-1,-1
10,567,1623412589486,-1,-1,-1
11,583,1623412590502,-1,-1,-1
12,687,1623412591511,-1,-1,-1
13,623,1623412591511,-1,-1,-1
14,719,1623412593501,-1,-1,-1
15,663,1623412595487,-1,-1,-1
16,583,1623412599499,-1,-1,-1
17,567,1623412602500,-1,-1,-1
18,615,1623412602500,-1,-1,-1
19,591,1623412603512,-1,-1,-1
20,631,1623412603512,-1,-1,-1
21,583,1623412604486,-1,-1,-1
22,679,1623412605498,-1,-1,-1
23,527,1623412605498,-1,-1,-1
24,655,1623412606510,-1,-1,-1
25,591,1623412606510,-1,-1,-1
26,607,1623412607487,-1,-1,-1
27,591,1623412608499,-1,-1,-1
28,615,1623412610486,-1,-1,-1
29,559,1623412610486,-1,-1,-1
30,607,1623412614498,-1,-1,-1
31,399,1623412616522,-1,-1,-1
32,735,1623412617502,-1,-1,-1
33,567,1623412617502,-1,-1,-1
34,631,1623412618512,-1,-1,-1
35,607,1623412619485,-1,-1,-1
36,807,1623412621511,-1,-1,-1
37,703,1623412624517,-1,-1,-1
38,503,1623412625485,-1,-1,-1
39,671,1623412625485,-1,-1,-1
40,639,1623412626500,-1,-1,-1
41,623,1623412627512,-1,-1,-1
42,607,1623412627512,-1,-1,-1
43,639,1623412628484,-1,-1,-1
44,639,1623412629500,-1,-1,-1
45,607,1623412629500,-1,-1,-1
46,647,1623412630511,-1,-1,-1
47,623,1623412630511,-1,-1,-1
48,631,1623412631486,-1,-1,-1
49,607,1623412632503,-1,-1,-1
50,671,1623412632503,-1,-1,-1
51,559,1623412633515,-1,-1,-1
52,639,1623412634487,-1,-1,-1
53,599,1623412634487,-1,-1,-1
54,623,1623412635498,-1,-1,-1
55,623,1623412635498,-1,-1,-1
56,663,1623412636549,-1,-1,-1
57,695,1623412637523,-1,-1,-1
58,583,1623412637523,-1,-1,-1
59,623,1623412638497,-1,-1,-1
60,479,1623412638497,-1,-1,-1
61,847,1623412639511,-1,-1,-1
62,631,1623412640485,-1,-1,-1
63,503,1623412642512,-1,-1,-1
64,655,1623412643488,-1,-1,-1
65,639,1623412644500,-1,-1,-1
66,655,1623412644500,-1,-1,-1
67,639,1623412645511,-1,-1,-1
68,639,1623412646485,-1,-1,-1
69,647,1623412646485,-1,-1,-1
70,647,1623412647498,-1,-1,-1
71,639,1623412648518,-1,-1,-1
72,623,1623412651512,-1,-1,-1
73,599,1623412651512,-1,-1,-1
74,655,1623412652487,-1,-1,-1
75,663,1623412653538,-1,-1,-1
76,647,1623412655489,-1,-1,-1
77,615,1623412655489,-1,-1,-1
78,607,1623412657548,-1,-1,-1
79,695,1623412658487,-1,-1,-1
80,647,1623412658487,-1,-1,-1
81,591,1623412659505,-1,-1,-1
82,623,1623412660473,-1,-1,-1
83,615,1623412660473,-1,-1,-1
84,623,1623412661487,-1,-1,-1
85,639,1623412662498,-1,-1,-1
86,623,1623412662499,-1,-1,-1
87,647,1623412663513,-1,-1,-1
88,695,1623412664487,-1,-1,-1
89,591,1623412664487,-1,-1,-1
90,623,1623412665498,-1,-1,-1
91,663,1623412665498,-1,-1,-1
92,607,1623412666475,-1,-1,-1
93,631,1623412667485,-1,-1,-1
94,615,1623412669475,-1,-1,-1
95,631,1623412669475,-1,-1,-1
96,639,1623412670524,-1,-1,-1
97,639,1623412670524,-1,-1,-1
98,655,1623412674498,-1,-1,-1
99,607,1623412675474,-1,-1,-1
100,455,1623412675474,-1,-1,-1
101,591,1623412676487,-1,-1,-1
102,815,1623412677535,-1,-1,-1
103,431,1623412677535,-1,-1,-1
104,839,1623412678475,-1,-1,-1
105,655,1623412679488,-1,-1,-1
106,591,1623412679488,-1,-1,-1
107,623,1623412680498,-1,-1,-1
108,615,1623412681475,-1,-1,-1
109,471,1623412681475,-1,-1,-1
110,559,1623412682486,-1,-1,-1
111,647,1623412682486,-1,-1,-1
112,591,1623412683501,-1,-1,-1
113,647,1623412684473,-1,-1,-1
114,623,1623412685487,-1,-1,-1
115,647,1623412687510,-1,-1,-1
116,479,1623412687510,-1,-1,-1
117,799,1623412688486,-1,-1,-1
118,607,1623412689499,-1,-1,-1
119,655,1623412689499,-1,-1,-1
120,655,1623412690473,-1,-1,-1
121,647,1623412691486,-1,-1,-1
122,671,1623412691486,-1,-1,-1
123,703,1623412697523,-1,-1,-1
124,511,1623412697523,-1,-1,-1
125,663,1623412698499,-1,-1,-1
126,631,1623412698499,-1,-1,-1
127,655,1623412699475,-1,-1,-1
128,623,1623412702473,-1,-1,-1
129,671,1623412703523,-1,-1,-1
130,751,1623412704499,-1,-1,-1
131,463,1623412704499,-1,-1,-1
132,591,1623412707499,-1,-1,-1
133,655,1623412709486,-1,-1,-1
134,631,1623412710499,-1,-1,-1
135,631,1623412711475,-1,-1,-1
136,671,1623412711475,-1,-1,-1
137,663,1623412715487,-1,-1,-1
138,615,1623412715487,-1,-1,-1
139,615,1623412716500,-1,-1,-1
140,679,1623412716500,-1,-1,-1
141,647,1623412718563,-1,-1,-1
142,663,1623412720512,-1,-1,-1
143,623,1623412721486,-1,-1,-1
144,655,1623412722499,-1,-1,-1
145,599,1623412722499,-1,-1,-1
146,615,1623412723476,-1,-1,-1
147,567,1623412723476,-1,-1,-1
148,703,1623412724485,-1,-1,-1
149,639,1623412725500,-1,-1,-1
150,663,1623412725500,-1,-1,-1
151,623,1623412726474,-1,-1,-1
152,639,1623412727488,-1,-1,-1
153,655,1623412727488,-1,-1,-1
154,647,1623412728499,-1,-1,-1
155,647,1623412729472,-1,-1,-1
156,639,1623412729472,-1,-1,-1
157,703,1623412730489,-1,-1,-1
158,639,1623412732474,-1,-1,-1
159,671,1623412732474,-1,-1,-1
160,615,1623412733489,-1,-1,-1
161,663,1623412734498,-1,-1,-1
162,751,1623412734498,-1,-1,-1
163,559,1623412735483,-1,-1,-1
164,671,1623412736524,-1,-1,-1
165,655,1623412736524,-1,-1,-1
166,695,1623412737499,-1,-1,-1
167,695,1623412738551,-1,-1,-1
168,695,1623412738551,-1,-1,-1
169,639,1623412739486,-1,-1,-1
170,647,1623412740498,-1,-1,-1
171,663,1623412740498,-1,-1,-1
172,647,1623412741473,-1,-1,-1
173,615,1623412742486,-1,-1,-1
174,679,1623412742486,-1,-1,-1
175,655,1623412743499,-1,-1,-1
176,639,1623412744475,-1,-1,-1
177,671,1623412744475,-1,-1,-1
178,655,1623412745487,-1,-1,-1
179,671,1623412746500,-1,-1,-1
180,687,1623412746500,-1,-1,-1
181,687,1623412747865,-1,-1,-1
182,687,1623412748488,-1,-1,-1
183,679,1623412748488,-1,-1,-1
184,671,1623412749499,-1,-1,-1
185,679,1623412750475,-1,-1,-1
186,679,1623412750475,-1,-1,-1
187,687,1623412753514,-1,-1,-1
188,671,1623412753514,-1,-1,-1
189,679,1623412754486,-1,-1,-1
190,687,1623412755499,-1,-1,-1
191,695,1623412755499,-1,-1,-1
192,671,1623412756474,-1,-1,-1
193,687,1623412757486,-1,-1,-1
194,663,1623412757486,-1,-1,-1
195,639,1623412758573,-1,-1,-1
196,679,1623412759473,-1,-1,-1
197,655,1623412759473,-1,-1,-1
198,655,1623412760487,-1,-1,-1
199,687,1623412761499,-1,-1,-1
200,655,1623412761499,-1,-1,-1
201,687,1623412762473,-1,-1,-1
202,663,1623412763487,-1,-1,-1
203,679,1623412763487,-1,-1,-1
204,695,1623412764499,-1,-1,-1
205,695,1623412765473,-1,-1,-1
206,695,1623412765473,-1,-1,-1
207,695,1623412766487,-1,-1,-1
208,687,1623412767499,-1,-1,-1
209,695,1623412767499,-1,-1,-1
210,695,1623412768473,-1,-1,-1
211,679,1623412769524,-1,-1,-1
212,711,1623412770500,-1,-1,-1
213,687,1623412770500,-1,-1,-1
214,695,1623412771475,-1,-1,-1
215,687,1623412772488,-1,-1,-1
216,687,1623412772488,-1,-1,-1
217,711,1623412773501,-1,-1,-1
218,671,1623412774473,-1,-1,-1
219,711,1623412774473,-1,-1,-1
220,671,1623412775489,-1,-1,-1
221,671,1623412776497,-1,-1,-1
222,567,1623412776497,-1,-1,-1
223,655,1623412780473,-1,-1,-1
224,679,1623412783474,-1,-1,-1
225,703,1623412783474,-1,-1,-1
226,695,1623412786512,-1,-1,-1
227,647,1623412787491,-1,-1,-1
228,431,1623412787491,-1,-1,-1
229,663,1623412789476,-1,-1,-1
230,695,1623412790486,-1,-1,-1
231,655,1623412791500,-1,-1,-1
232,671,1623412791500,-1,-1,-1
233,583,1623412792475,-1,-1,-1
234,503,1623412792475,-1,-1,-1
235,671,1623412794499,-1,-1,-1
236,607,1623412795475,-1,-1,-1
237,655,1623412795475,-1,-1,-1
238,711,1623412796490,-1,-1,-1
239,671,1623412798474,-1,-1,-1
240,687,1623412799562,-1,-1,-1
241,495,1623412799562,-1,-1,-1
242,831,1623412800462,-1,-1,-1
243,719,1623412801475,-1,-1,-1
244,711,1623412802524,-1,-1,-1
245,791,1623412806498,-1,-1,-1
246,655,1623412806498,-1,-1,-1
247,759,1623412807473,-1,-1,-1
248,559,1623412807473,-1,-1,-1
249,719,1623412808490,-1,-1,-1
250,663,1623412809499,-1,-1,-1
251,711,1623412810474,-1,-1,-1
252,679,1623412814488,-1,-1,-1
253,711,1623412814488,-1,-1,-1
254,743,1623412815499,-1,-1,-1
255,703,1623412816475,-1,-1,-1
256,703,1623412816475,-1,-1,-1
257,687,1623412817489,-1,-1,-1
258,695,1623412818461,-1,-1,-1
259,703,1623412828474,-1,-1,-1
260,695,1623412829487,-1,-1,-1
261,679,1623412830498,-1,-1,-1
262,679,1623412830498,-1,-1,-1
263,687,1623412831475,-1,-1,-1
264,671,1623412832488,-1,-1,-1
265,703,1623412832488,-1,-1,-1
266,711,1623412833500,-1,-1,-1
267,703,1623412834475,-1,-1,-1
268,847,1623412836499,-1,-1,-1
269,511,1623412836499,-1,-1,-1
270,711,1623412839537,-1,-1,-1
271,599,1623412842499,-1,-1,-1
272,703,1623412843477,-1,-1,-1
273,703,1623412843477,-1,-1,-1
274,703,1623412844490,-1,-1,-1
275,695,1623412845461,-1,-1,-1
276,687,1623412846475,-1,-1,-1
277,695,1623412846475,-1,-1,-1
278,695,1623412847485,-1,-1,-1
279,703,1623412848461,-1,-1,-1
280,703,1623412848461,-1,-1,-1
281,711,1623412849475,-1,-1,-1
282,719,1623412850489,-1,-1,-1
283,695,1623412850489,-1,-1,-1
284,727,1623412851462,-1,-1,-1
285,695,1623412852514,-1,-1,-1
286,711,1623412853488,-1,-1,-1
287,655,1623412853488,-1,-1,-1
288,671,1623412854464,-1,-1,-1
289,687,1623412857462,-1,-1,-1
290,687,1623412857462,-1,-1,-1
291,711,1623412858475,-1,-1,-1
292,767,1623412859488,-1,-1,-1
293,671,1623412859488,-1,-1,-1
294,767,1623412860538,-1,-1,-1
295,759,1623412861513,-1,-1,-1
296,775,1623412863461,-1,-1,-1
297,711,1623412865485,-1,-1,-1
298,711,1623412866463,-1,-1,-1
299,727,1623412867473,-1,-1,-1
300,719,1623412867473,-1,-1,-1
301,711,1623412868485,-1,-1,-1
302,759,1623412869499,-1,-1,-1
303,735,1623412870475,-1,-1,-1
304,695,1623412870475,-1,-1,-1
305,719,1623412871485,-1,-1,-1
306,679,1623412872462,-1,-1,-1
307,703,1623412872462,-1,-1,-1
308,695,1623412873475,-1,-1,-1
309,687,1623412874489,-1,-1,-1
310,687,1623412874489,-1,-1,-1
311,719,1623412875464,-1,-1,-1
312,679,1623412876474,-1,-1,-1
313,711,1623412877487,-1,-1,-1
314,711,1623412877487,-1,-1,-1
315,575,1623412879476,-1,-1,-1
316,839,1623412880562,-1,-1,-1
317,711,1623412881461,-1,-1,-1
318,687,1623412882548,-1,-1,-1
319,711,1623412882548,-1,-1,-1
320,679,1623412883489,-1,-1,-1
321,687,1623412884464,-1,-1,-1
322,687,1623412884464,-1,-1,-1
323,695,1623412885515,-1,-1,-1
324,679,1623412886488,-1,-1,-1
325,695,1623412886488,-1,-1,-1
326,711,1623412887461,-1,-1,-1
327,695,1623412888476,-1,-1,-1
328,719,1623412889489,-1,-1,-1
329,735,1623412889489,-1,-1,-1
330,663,1623412890465,-1,-1,-1
331,711,1623412891473,-1,-1,-1
332,703,1623412891473,-1,-1,-1
333,703,1623412892486,-1,-1,-1
334,703,1623412893462,-1,-1,-1
335,695,1623412893463,-1,-1,-1
336,711,1623412894473,-1,-1,-1
337,695,1623412895487,-1,-1,-1
338,711,1623412896461,-1,-1,-1
339,719,1623412896461,-1,-1,-1
340,719,1623412897474,-1,-1,-1
341,711,1623412898487,-1,-1,-1
342,703,1623412898487,-1,-1,-1
343,695,1623412899462,-1,-1,-1
344,727,1623412900478,-1,-1,-1
345,711,1623412901562,-1,-1,-1
346,711,1623412901562,-1,-1,-1
347,727,1623412902461,-1,-1,-1
348,703,1623412903477,-1,-1,-1
349,703,1623412903477,-1,-1,-1
350,719,1623412904487,-1,-1,-1
351,639,1623412905466,-1,-1,-1
352,799,1623412906477,-1,-1,-1
353,751,1623412906477,-1,-1,-1
354,711,1623412907489,-1,-1,-1
355,727,1623412908464,-1,-1,-1
356,735,1623412908464,-1,-1,-1
357,751,1623412909475,-1,-1,-1
358,695,1623412910487,-1,-1,-1
359,711,1623412911465,-1,-1,-1
360,719,1623412911465,-1,-1,-1
361,695,1623412912476,-1,-1,-1
362,767,1623412913487,-1,-1,-1
363,703,1623412914463,-1,-1,-1
364,687,1623412914463,-1,-1,-1
365,767,1623412915475,-1,-1,-1
366,759,1623412917463,-1,-1,-1
367,703,1623412920461,-1,-1,-1
368,687,1623412921475,-1,-1,-1
369,679,1623412921475,-1,-1,-1
370,719,1623412922564,-1,-1,-1
371,695,1623412923460,-1,-1,-1
372,703,1623412924474,-1,-1,-1
373,703,1623412924474,-1,-1,-1
374,695,1623412925488,-1,-1,-1
375,719,1623412926465,-1,-1,-1
376,727,1623412926465,-1,-1,-1
377,751,1623412927475,-1,-1,-1
378,695,1623412928487,-1,-1,-1
379,727,1623412929462,-1,-1,-1
380,735,1623412929463,-1,-1,-1
381,639,1623412930472,-1,-1,-1
382,735,1623412931486,-1,-1,-1
383,711,1623412933480,-1,-1,-1
384,631,1623412935501,-1,-1,-1
385,815,1623412936476,-1,-1,-1
386,543,1623412936476,-1,-1,-1
387,583,1623412937493,-1,-1,-1
388,575,1623412937493,-1,-1,-1
389,887,1623412939476,-1,-1,-1
390,703,1623412940486,-1,-1,-1
391,751,1623412940486,-1,-1,-1
392,719,1623412945477,-1,-1,-1
393,687,1623412945477,-1,-1,-1
394,767,1623412946488,-1,-1,-1
395,703,1623412947462,-1,-1,-1
396,711,1623412949489,-1,-1,-1
397,719,1623412950462,-1,-1,-1
398,759,1623412950462,-1,-1,-1
399,719,1623412951473,-1,-1,-1
400,735,1623412952487,-1,-1,-1
401,727,1623412953462,-1,-1,-1
402,719,1623412953462,-1,-1,-1
403,711,1623412954473,-1,-1,-1
404,711,1623412955488,-1,-1,-1
405,687,1623412955488,-1,-1,-1
406,703,1623412956460,-1,-1,-1
407,719,1623412957475,-1,-1,-1
408,703,1623412958485,-1,-1,-1
409,719,1623412958485,-1,-1,-1
410,743,1623412960007,-1,-1,-1
411,735,1623412960513,-1,-1,-1
412,751,1623412961487,-1,-1,-1
413,759,1623412961487,-1,-1,-1
414,751,1623412962462,-1,-1,-1
415,735,1623412963474,-1,-1,-1
416,727,1623412963474,-1,-1,-1
417,727,1623412964487,-1,-1,-1
418,719,1623412965461,-1,-1,-1
419,727,1623412966476,-1,-1,-1
420,735,1623412966476,-1,-1,-1
421,735,1623412967486,-1,-1,-1
422,735,1623412968501,-1,-1,-1
423,743,1623412969475,-1,-1,-1
424,751,1623412969475,-1,-1,-1
425,751,1623412970486,-1,-1,-1
426,759,1623412971465,-1,-1,-1
427,743,1623412972475,-1,-1,-1
428,743,1623412972475,-1,-1,-1
429,703,1623412973489,-1,-1,-1
430,711,1623412974500,-1,-1,-1
431,695,1623412974500,-1,-1,-1
432,695,1623412975475,-1,-1,-1
433,695,1623412976488,-1,-1,-1
434,687,1623412977461,-1,-1,-1
435,695,1623412977461,-1,-1,-1
436,695,1623412978475,-1,-1,-1
437,695,1623412979487,-1,-1,-1
438,711,1623412979487,-1,-1,-1
439,727,1623412980461,-1,-1,-1
440,751,1623412981475,-1,-1,-1
441,751,1623412982493,-1,-1,-1
442,751,1623412982493,-1,-1,-1
443,735,1623412983536,-1,-1,-1
444,743,1623412984548,-1,-1,-1
445,727,1623412985489,-1,-1,-1
446,727,1623412985489,-1,-1,-1
447,735,1623412986462,-1,-1,-1
448,743,1623412987477,-1,-1,-1
449,743,1623412988487,-1,-1,-1
450,759,1623412988487,-1,-1,-1
451,775,1623412989465,-1,-1,-1
452,775,1623412990477,-1,-1,-1
453,767,1623412991489,-1,-1,-1
454,759,1623412991489,-1,-1,-1
455,759,1623412992462,-1,-1,-1
456,743,1623412993474,-1,-1,-1
457,719,1623412994488,-1,-1,-1
458,727,1623412994488,-1,-1,-1
459,703,1623412995461,-1,-1,-1
460,719,1623412997488,-1,-1,-1
461,687,1623412998462,-1,-1,-1
462,711,1623412999476,-1,-1,-1
463,599,1623412999477,-1,-1,-1
464,847,1623413000489,-1,-1,-1
465,727,1623413001502,-1,-1,-1
466,687,1623413001502,-1,-1,-1
467,743,1623413002474,-1,-1,-1
468,511,1623413003525,-1,-1,-1
469,799,1623413004539,-1,-1,-1
470,751,1623413004539,-1,-1,-1
471,703,1623413005474,-1,-1,-1
472,703,1623413006449,-1,-1,-1
473,695,1623413006449,-1,-1,-1
474,695,1623413007462,-1,-1,-1
475,711,1623413008475,-1,-1,-1
476,735,1623413009450,-1,-1,-1
477,647,1623413009450,-1,-1,-1
478,471,1623413011476,-1,-1,-1
479,727,1623413011476,-1,-1,-1
480,519,1623413012448,-1,-1,-1
481,847,1623413015451,-1,-1,-1
482,719,1623413016461,-1,-1,-1
483,687,1623413016461,-1,-1,-1
484,711,1623413017474,-1,-1,-1
485,703,1623413018488,-1,-1,-1
486,695,1623413018488,-1,-1,-1
487,711,1623413019463,-1,-1,-1
488,703,1623413020475,-1,-1,-1
489,703,1623413021490,-1,-1,-1
490,695,1623413021490,-1,-1,-1
491,695,1623413022463,-1,-1,-1
492,711,1623413023555,-1,-1,-1
493,703,1623413023555,-1,-1,-1
494,719,1623413024662,-1,-1,-1
495,727,1623413025463,-1,-1,-1
496,743,1623413026473,-1,-1,-1
497,751,1623413026473,-1,-1,-1
498,751,1623413027450,-1,-1,-1
499,759,1623413028461,-1,-1,-1
500,775,1623413029474,-1,-1,-1
501,719,1623413031462,-1,-1,-1
502,719,1623413032476,-1,-1,-1
503,743,1623413032476,-1,-1,-1
504,559,1623413035480,-1,-1,-1
505,839,1623413037462,-1,-1,-1
506,743,1623413037462,-1,-1,-1
507,735,1623413038479,-1,-1,-1
508,727,1623413039451,-1,-1,-1
509,703,1623413039451,-1,-1,-1
510,495,1623413040461,-1,-1,-1
511,719,1623413042448,-1,-1,-1
512,647,1623413043462,-1,-1,-1
513,727,1623413046461,-1,-1,-1
514,671,1623413047475,-1,-1,-1
515,711,1623413047475,-1,-1,-1
516,695,1623413048449,-1,-1,-1
517,743,1623413049462,-1,-1,-1
518,751,1623413049462,-1,-1,-1
519,495,1623413050476,-1,-1,-1
520,695,1623413052466,-1,-1,-1
521,911,1623413053475,-1,-1,-1
522,791,1623413053475,-1,-1,-1
523,847,1623413054449,-1,-1,-1
524,719,1623413055462,-1,-1,-1
525,559,1623413056474,-1,-1,-1
526,751,1623413056474,-1,-1,-1
527,743,1623413057449,-1,-1,-1
528,703,1623413058462,-1,-1,-1
529,711,1623413058462,-1,-1,-1
530,695,1623413059474,-1,-1,-1
531,719,1623413060453,-1,-1,-1
532,727,1623413061461,-1,-1,-1
533,727,1623413061461,-1,-1,-1
534,719,1623413062476,-1,-1,-1
535,767,1623413063451,-1,-1,-1
536,719,1623413064538,-1,-1,-1
537,743,1623413064538,-1,-1,-1
538,751,1623413065550,-1,-1,-1
539,735,1623413066451,-1,-1,-1
540,711,1623413067500,-1,-1,-1
541,727,1623413067500,-1,-1,-1
542,703,1623413068476,-1,-1,-1
543,711,1623413069451,-1,-1,-1
544,735,1623413069451,-1,-1,-1
545,735,1623413070461,-1,-1,-1
546,759,1623413071475,-1,-1,-1
547,791,1623413072449,-1,-1,-1
548,791,1623413072449,-1,-1,-1
549,799,1623413073464,-1,-1,-1
550,799,1623413074475,-1,-1,-1
551,775,1623413075448,-1,-1,-1
552,751,1623413076461,-1,-1,-1
553,927,1623413080475,-1,-1,-1
554,751,1623413081450,-1,-1,-1
555,775,1623413081450,-1,-1,-1
556,767,1623413082464,-1,-1,-1
557,799,1623413083474,-1,-1,-1
558,767,1623413084525,-1,-1,-1
559,767,1623413085541,-1,-1,-1
560,855,1623413085541,-1,-1,-1
561,647,1623413086475,-1,-1,-1
562,743,1623413087450,-1,-1,-1
563,775,1623413088464,-1,-1,-1
564,767,1623413088464,-1,-1,-1
565,759,1623413089476,-1,-1,-1
566,767,1623413090454,-1,-1,-1
567,879,1623413091461,-1,-1,-1
568,615,1623413091462,-1,-1,-1
569,831,1623413092475,-1,-1,-1
570,767,1623413093487,-1,-1,-1
571,663,1623413094469,-1,-1,-1
572,783,1623413096450,-1,-1,-1
573,743,1623413097461,-1,-1,-1
574,743,1623413098479,-1,-1,-1
575,735,1623413098479,-1,-1,-1
576,751,1623413099451,-1,-1,-1
577,751,1623413100462,-1,-1,-1
578,815,1623413101479,-1,-1,-1
579,799,1623413102452,-1,-1,-1
580,743,1623413102452,-1,-1,-1
581,615,1623413103463,-1,-1,-1
582,943,1623413104476,-1,-1,-1
583,783,1623413105525,-1,-1,-1
584,759,1623413105525,-1,-1,-1
585,711,1623413106463,-1,-1,-1
586,751,1623413107475,-1,-1,-1
587,727,1623413108449,-1,-1,-1
588,719,1623413108449,-1,-1,-1
589,743,1623413109462,-1,-1,-1
590,631,1623413110473,-1,-1,-1
591,823,1623413110473,-1,-1,-1
592,767,1623413113474,-1,-1,-1
593,759,1623413117485,-1,-1,-1
594,679,1623413117485,-1,-1,-1
595,735,1623413119475,-1,-1,-1
596,711,1623413120450,-1,-1,-1
597,671,1623413121465,-1,-1,-1
598,719,1623413122476,-1,-1,-1
599,719,1623413122476,-1,-1,-1
600,703,1623413123452,-1,-1,-1
601,711,1623413124461,-1,-1,-1
602,703,1623413124461,-1,-1,-1
603,719,1623413125549,-1,-1,-1
604,719,1623413126449,-1,-1,-1
605,719,1623413127461,-1,-1,-1
606,735,1623413127461,-1,-1,-1
607,735,1623413128477,-1,-1,-1
608,703,1623413129449,-1,-1,-1
609,743,1623413129449,-1,-1,-1
610,727,1623413130463,-1,-1,-1
611,719,1623413131475,-1,-1,-1
612,719,1623413132450,-1,-1,-1
613,767,1623413132450,-1,-1,-1
614,703,1623413133463,-1,-1,-1
615,735,1623413134475,-1,-1,-1
616,751,1623413135451,-1,-1,-1
617,727,1623413135451,-1,-1,-1
618,767,1623413137479,-1,-1,-1
619,815,1623413138451,-1,-1,-1
620,719,1623413140475,-1,-1,-1
621,727,1623413141449,-1,-1,-1
622,727,1623413142462,-1,-1,-1
623,711,1623413143476,-1,-1,-1
624,743,1623413143476,-1,-1,-1
625,751,1623413144449,-1,-1,-1
626,615,1623413145460,-1,-1,-1
627,927,1623413150488,-1,-1,-1
628,943,1623413151464,-1,-1,-1
629,839,1623413152438,-1,-1,-1
630,767,1623413153450,-1,-1,-1
631,743,1623413153450,-1,-1,-1
632,751,1623413154461,-1,-1,-1
633,775,1623413155437,-1,-1,-1
634,743,1623413161437,-1,-1,-1
635,751,1623413162448,-1,-1,-1
636,663,1623413163461,-1,-1,-1
637,743,1623413164437,-1,-1,-1
638,951,1623413164437,-1,-1,-1
639,679,1623413165448,-1,-1,-1
640,831,1623413166464,-1,-1,-1
641,775,1623413167474,-1,-1,-1
642,711,1623413167474,-1,-1,-1
643,711,1623413168449,-1,-1,-1
644,719,1623413169463,-1,-1,-1
645,711,1623413170478,-1,-1,-1
646,727,1623413170478,-1,-1,-1
647,711,1623413171450,-1,-1,-1
648,743,1623413172462,-1,-1,-1
649,751,1623413173477,-1,-1,-1
650,767,1623413173477,-1,-1,-1
651,775,1623413174448,-1,-1,-1
652,759,1623413175463,-1,-1,-1
653,791,1623413176476,-1,-1,-1
654,743,1623413176476,-1,-1,-1
655,759,1623413177449,-1,-1,-1
656,743,1623413178461,-1,-1,-1
657,743,1623413179475,-1,-1,-1
658,727,1623413179475,-1,-1,-1
659,727,1623413180449,-1,-1,-1
660,727,1623413181462,-1,-1,-1
661,743,1623413182436,-1,-1,-1
662,743,1623413182436,-1,-1,-1
663,767,1623413183490,-1,-1,-1
664,791,1623413184464,-1,-1,-1
665,823,1623413185436,-1,-1,-1
666,791,1623413185436,-1,-1,-1
667,831,1623413186447,-1,-1,-1
668,799,1623413187465,-1,-1,-1
669,759,1623413188438,-1,-1,-1
670,767,1623413189448,-1,-1,-1
671,759,1623413189448,-1,-1,-1
672,735,1623413190461,-1,-1,-1
673,743,1623413191437,-1,-1,-1
674,743,1623413192450,-1,-1,-1
675,719,1623413192450,-1,-1,-1
676,631,1623413193461,-1,-1,-1
677,783,1623413195450,-1,-1,-1
678,783,1623413196464,-1,-1,-1
679,791,1623413197514,-1,-1,-1
680,783,1623413198448,-1,-1,-1
681,839,1623413199461,-1,-1,-1
682,735,1623413199461,-1,-1,-1
683,767,1623413200477,-1,-1,-1
684,767,1623413201451,-1,-1,-1
685,759,1623413202463,-1,-1,-1
686,751,1623413204449,-1,-1,-1
687,759,1623413205460,-1,-1,-1
688,799,1623413205460,-1,-1,-1
689,815,1623413206438,-1,-1,-1
690,727,1623413207448,-1,-1,-1
691,775,1623413209476,-1,-1,-1
692,807,1623413213493,-1,-1,-1
693,1055,1623413214464,-1,-1,-1
694,615,1623413215438,-1,-1,-1
695,783,1623413217461,-1,-1,-1
696,679,1623413217461,-1,-1,-1
697,951,1623413218438,-1,-1,-1
698,815,1623413219450,-1,-1,-1
699,1087,1623413220468,-1,-1,-1
700,839,1623413222451,-1,-1,-1
701,783,1623413225450,-1,-1,-1
702,775,1623413225450,-1,-1,-1
703,799,1623413226462,-1,-1,-1
704,719,1623413227437,-1,-1,-1
705,807,1623413228451,-1,-1,-1
706,767,1623413228451,-1,-1,-1
707,727,1623413229537,-1,-1,-1
708,671,1623413231448,-1,-1,-1
709,879,1623413232464,-1,-1,-1
710,799,1623413233476,-1,-1,-1
711,815,1623413234450,-1,-1,-1
712,791,1623413235463,-1,-1,-1
713,799,1623413235463,-1,-1,-1
714,807,1623413236438,-1,-1,-1
715,871,1623413237449,-1,-1,-1
716,743,1623413238460,-1,-1,-1
717,855,1623413239440,-1,-1,-1
718,767,1623413242436,-1,-1,-1
719,767,1623413243449,-1,-1,-1
720,743,1623413244461,-1,-1,-1
721,815,1623413245436,-1,-1,-1
722,903,1623413247461,-1,-1,-1
723,719,1623413249449,-1,-1,-1
724,1063,1623413250463,-1,-1,-1
725,783,1623413252449,-1,-1,-1
726,967,1623413255450,-1,-1,-1
727,975,1623413256467,-1,-1,-1
728,975,1623413257436,-1,-1,-1
729,863,1623413258450,-1,-1,-1
730,895,1623413258450,-1,-1,-1
731,735,1623413259468,-1,-1,-1
732,743,1623413260439,-1,-1,-1
733,743,1623413261449,-1,-1,-1
734,847,1623413262463,-1,-1,-1
735,735,1623413262463,-1,-1,-1
736,711,1623413264450,-1,-1,-1
737,751,1623413265462,-1,-1,-1
738,735,1623413266475,-1,-1,-1
739,719,1623413267450,-1,-1,-1
740,823,1623413267450,-1,-1,-1
741,719,1623413268461,-1,-1,-1
742,719,1623413269439,-1,-1,-1
743,727,1623413270452,-1,-1,-1
744,751,1623413270452,-1,-1,-1
745,727,1623413271461,-1,-1,-1
746,767,1623413272439,-1,-1,-1
747,743,1623413273453,-1,-1,-1
748,767,1623413273453,-1,-1,-1
749,767,1623413276449,-1,-1,-1
750,823,1623413276449,-1,-1,-1
751,791,1623413277462,-1,-1,-1
752,847,1623413278438,-1,-1,-1
753,743,1623413279456,-1,-1,-1
754,823,1623413280463,-1,-1,-1
755,743,1623413280463,-1,-1,-1
756,743,1623413281439,-1,-1,-1
757,815,1623413282449,-1,-1,-1
758,735,1623413283461,-1,-1,-1
759,759,1623413283461,-1,-1,-1
760,743,1623413284436,-1,-1,-1
761,735,1623413285449,-1,-1,-1
762,783,1623413286466,-1,-1,-1
763,767,1623413287436,-1,-1,-1
764,735,1623413287436,-1,-1,-1
765,615,1623413289462,-1,-1,-1
766,815,1623413290437,-1,-1,-1
767,711,1623413291450,-1,-1,-1
768,743,1623413292462,-1,-1,-1
769,767,1623413292462,-1,-1,-1
770,759,1623413293437,-1,-1,-1
771,775,1623413294449,-1,-1,-1
772,775,1623413296437,-1,-1,-1
773,759,1623413297448,-1,-1,-1
774,831,1623413298461,-1,-1,-1
775,751,1623413299481,-1,-1,-1
776,743,1623413299481,-1,-1,-1
777,799,1623413300450,-1,-1,-1
778,743,1623413301464,-1,-1,-1
779,751,1623413302440,-1,-1,-1
780,775,1623413302440,-1,-1,-1
781,783,1623413303449,-1,-1,-1
782,791,1623413304461,-1,-1,-1
783,743,1623413306449,-1,-1,-1
784,807,1623413307461,-1,-1,-1
785,735,1623413308438,-1,-1,-1
786,791,1623413309450,-1,-1,-1
787,727,1623413309450,-1,-1,-1
788,791,1623413310461,-1,-1,-1
789,735,1623413311439,-1,-1,-1
790,559,1623413311439,-1,-1,-1
791,655,1623413312449,-1,-1,-1
792,655,1623413313463,-1,-1,-1
793,975,1623413319463,-1,-1,-1
794,751,1623413321449,-1,-1,-1
795,719,1623413322462,-1,-1,-1
796,743,1623413323438,-1,-1,-1
797,799,1623413323439,-1,-1,-1
798,735,1623413324451,-1,-1,-1
799,815,1623413325464,-1,-1,-1
800,799,1623413326442,-1,-1,-1
801,823,1623413327451,-1,-1,-1
802,727,1623413327451,-1,-1,-1
803,903,1623413328462,-1,-1,-1
804,791,1623413329446,-1,-1,-1
805,655,1623413330459,-1,-1,-1
806,895,1623413331463,-1,-1,-1
807,767,1623413331463,-1,-1,-1
808,759,1623413332477,-1,-1,-1
809,767,1623413333449,-1,-1,-1
810,767,1623413334462,-1,-1,-1
811,783,1623413334462,-1,-1,-1
812,791,1623413335513,-1,-1,-1
813,847,1623413336450,-1,-1,-1
814,775,1623413337462,-1,-1,-1
815,807,1623413338438,-1,-1,-1
816,791,1623413338438,-1,-1,-1
817,783,1623413339451,-1,-1,-1
818,775,1623413340466,-1,-1,-1
819,751,1623413341437,-1,-1,-1
820,727,1623413341438,-1,-1,-1
821,775,1623413342453,-1,-1,-1
822,735,1623413343461,-1,-1,-1
823,759,1623413344437,-1,-1,-1
824,727,1623413344437,-1,-1,-1
825,639,1623413345449,-1,-1,-1
826,551,1623413346502,-1,-1,-1
827,847,1623413348451,-1,-1,-1
828,719,1623413348451,-1,-1,-1
829,743,1623413349462,-1,-1,-1
830,519,1623413350438,-1,-1,-1
831,983,1623413351450,-1,-1,-1
832,735,1623413351450,-1,-1,-1
833,711,1623413352464,-1,-1,-1
834,703,1623413353438,-1,-1,-1
835,719,1623413353438,-1,-1,-1
836,631,1623413354450,-1,-1,-1
837,791,1623413355463,-1,-1,-1
838,783,1623413356476,-1,-1,-1
839,647,1623413356476,-1,-1,-1
840,823,1623413360452,-1,-1,-1
841,687,1623413361425,-1,-1,-1
842,807,1623413362439,-1,-1,-1
843,687,1623413365437,-1,-1,-1
844,743,1623413365437,-1,-1,-1
845,735,1623413369450,-1,-1,-1
846,775,1623413370426,-1,-1,-1
847,719,1623413370426,-1,-1,-1
848,703,1623413371439,-1,-1,-1
849,743,1623413372450,-1,-1,-1
850,711,1623413375451,-1,-1,-1
851,615,1623413375451,-1,-1,-1
852,511,1623413376499,-1,-1,-1
853,719,1623413378525,-1,-1,-1
854,671,1623413378525,-1,-1,-1
855,783,1623413379425,-1,-1,-1
856,695,1623413380437,-1,-1,-1
857,743,1623413380437,-1,-1,-1
858,775,1623413381449,-1,-1,-1
859,703,1623413382465,-1,-1,-1
860,695,1623413383439,-1,-1,-1
861,735,1623413383440,-1,-1,-1
862,759,1623413384450,-1,-1,-1
863,759,1623413386438,-1,-1,-1
864,703,1623413387450,-1,-1,-1
865,727,1623413388425,-1,-1,-1
866,735,1623413388425,-1,-1,-1
867,735,1623413389437,-1,-1,-1
868,703,1623413390448,-1,-1,-1
869,711,1623413391425,-1,-1,-1
870,767,1623413391425,-1,-1,-1
871,671,1623413392440,-1,-1,-1
872,879,1623413393448,-1,-1,-1
873,823,1623413394424,-1,-1,-1
874,727,1623413395440,-1,-1,-1
875,759,1623413395440,-1,-1,-1
876,735,1623413396448,-1,-1,-1
877,743,1623413397464,-1,-1,-1
878,711,1623413397464,-1,-1,-1
879,695,1623413398436,-1,-1,-1
880,711,1623413399451,-1,-1,-1
881,703,1623413400427,-1,-1,-1
882,679,1623413400428,-1,-1,-1
883,727,1623413401437,-1,-1,-1
884,751,1623413402449,-1,-1,-1
885,791,1623413403426,-1,-1,-1
886,743,1623413403426,-1,-1,-1
887,751,1623413404439,-1,-1,-1
888,791,1623413405449,-1,-1,-1
889,759,1623413406428,-1,-1,-1
890,759,1623413406428,-1,-1,-1
891,767,1623413407438,-1,-1,-1
892,743,1623413408450,-1,-1,-1
893,767,1623413409425,-1,-1,-1
894,727,1623413409425,-1,-1,-1
895,743,1623413410436,-1,-1,-1
896,719,1623413411453,-1,-1,-1
897,727,1623413412425,-1,-1,-1
898,727,1623413412425,-1,-1,-1
899,807,1623413413438,-1,-1,-1
900,775,1623413414451,-1,-1,-1
901,751,1623413415461,-1,-1,-1
902,711,1623413415461,-1,-1,-1
903,895,1623413416437,-1,-1,-1
904,727,1623413417525,-1,-1,-1
905,711,1623413418424,-1,-1,-1
906,759,1623413421424,-1,-1,-1
907,703,1623413421424,-1,-1,-1
908,735,1623413422445,-1,-1,-1
909,735,1623413423450,-1,-1,-1
910,719,1623413423450,-1,-1,-1
911,767,1623413424426,-1,-1,-1
912,727,1623413425440,-1,-1,-1
913,783,1623413426452,-1,-1,-1
914,815,1623413427424,-1,-1,-1
915,791,1623413427424,-1,-1,-1
916,783,1623413428436,-1,-1,-1
917,671,1623413429449,-1,-1,-1
918,759,1623413432450,-1,-1,-1
919,735,1623413433427,-1,-1,-1
920,767,1623413433427,-1,-1,-1
921,719,1623413434445,-1,-1,-1
922,727,1623413435451,-1,-1,-1
923,735,1623413436424,-1,-1,-1
924,799,1623413436424,-1,-1,-1
925,767,1623413437513,-1,-1,-1
926,759,1623413438489,-1,-1,-1
927,775,1623413439424,-1,-1,-1
928,679,1623413439424,-1,-1,-1
929,839,1623413440440,-1,-1,-1
930,783,1623413441449,-1,-1,-1
931,767,1623413442426,-1,-1,-1
932,911,1623413444451,-1,-1,-1
933,591,1623413445425,-1,-1,-1
934,751,1623413447450,-1,-1,-1
935,743,1623413448461,-1,-1,-1
936,767,1623413449438,-1,-1,-1
937,775,1623413449438,-1,-1,-1
938,775,1623413450451,-1,-1,-1
939,767,1623413451427,-1,-1,-1
940,751,1623413452437,-1,-1,-1
941,759,1623413452437,-1,-1,-1
942,719,1623413453450,-1,-1,-1
943,711,1623413454426,-1,-1,-1
944,703,1623413455436,-1,-1,-1
945,759,1623413455436,-1,-1,-1
946,719,1623413456489,-1,-1,-1
947,735,1623413457502,-1,-1,-1
948,759,1623413457502,-1,-1,-1
949,791,1623413458474,-1,-1,-1
950,807,1623413459448,-1,-1,-1
951,799,1623413460424,-1,-1,-1
952,775,1623413461441,-1,-1,-1
953,799,1623413461441,-1,-1,-1
954,767,1623413462449,-1,-1,-1
955,1031,1623413463425,-1,-1,-1
956,759,1623413465450,-1,-1,-1
957,727,1623413466429,-1,-1,-1
958,807,1623413467439,-1,-1,-1
959,767,1623413468450,-1,-1,-1
960,807,1623413468450,-1,-1,-1
961,815,1623413469425,-1,-1,-1
962,703,1623413470439,-1,-1,-1
963,903,1623413471450,-1,-1,-1
964,783,1623413472425,-1,-1,-1
965,791,1623413472425,-1,-1,-1
966,751,1623413473437,-1,-1,-1
967,759,1623413474450,-1,-1,-1
968,775,1623413475430,-1,-1,-1
969,735,1623413475430,-1,-1,-1
970,775,1623413476438,-1,-1,-1
971,759,1623413477450,-1,-1,-1
972,831,1623413478498,-1,-1,-1
973,783,1623413479512,-1,-1,-1
974,807,1623413479512,-1,-1,-1
975,791,1623413480448,-1,-1,-1
976,751,1623413481465,-1,-1,-1
977,799,1623413482436,-1,-1,-1
978,775,1623413482436,-1,-1,-1
979,759,1623413483450,-1,-1,-1
980,759,1623413484425,-1,-1,-1
981,767,1623413485437,-1,-1,-1
982,759,1623413486451,-1,-1,-1
983,735,1623413486451,-1,-1,-1
984,759,1623413487423,-1,-1,-1
985,751,1623413488437,-1,-1,-1
986,783,1623413489452,-1,-1,-1
987,759,1623413489452,-1,-1,-1
988,767,1623413490425,-1,-1,-1
989,759,1623413491437,-1,-1,-1
990,807,1623413492451,-1,-1,-1
991,839,1623413494440,-1,-1,-1
992,615,1623413495491,-1,-1,-1
993,711,1623413495491,-1,-1,-1
994,735,1623413496426,-1,-1,-1
995,631,1623413497438,-1,-1,-1
996,519,1623413497438,-1,-1,-1
997,775,1623413501450,-1,-1,-1
998,759,1623413501450,-1,-1,-1
999,751,1623413502426,-1,-1,-1
1000,775,1623413503475,-1,-1,-1
1001,791,1623413504452,-1,-1,-1
1002,791,1623413504452,-1,-1,-1
1003,823,1623413505426,-1,-1,-1
1004,839,1623413506436,-1,-1,-1
1005,815,1623413507453,-1,-1,-1
1006,831,1623413508426,-1,-1,-1
1007,799,1623413509437,-1,-1,-1
1008,831,1623413512439,-1,-1,-1
1009,767,1623413512439,-1,-1,-1
1010,831,1623413513411,-1,-1,-1
1011,879,1623413514424,-1,-1,-1
1012,855,1623413515440,-1,-1,-1
1013,751,1623413516413,-1,-1,-1
1014,535,1623413516413,-1,-1,-1
1015,791,1623413518437,-1,-1,-1
1016,807,1623413519491,-1,-1,-1
1017,863,1623413520425,-1,-1,-1
1018,535,1623413520425,-1,-1,-1
1019,903,1623413521438,-1,-1,-1
1020,751,1623413522414,-1,-1,-1
1021,759,1623413523426,-1,-1,-1
1022,855,1623413524439,-1,-1,-1
1023,727,1623413524439,-1,-1,-1
1024,855,1623413525413,-1,-1,-1
1025,807,1623413526425,-1,-1,-1
1026,783,1623413527437,-1,-1,-1
1027,767,1623413528412,-1,-1,-1
1028,751,1623413528412,-1,-1,-1
1029,743,1623413529427,-1,-1,-1
1030,583,1623413530441,-1,-1,-1
1031,511,1623413530441,-1,-1,-1
1032,751,1623413532427,-1,-1,-1
1033,719,1623413533439,-1,-1,-1
1034,815,1623413534414,-1,-1,-1
1035,743,1623413534414,-1,-1,-1
1036,863,1623413535428,-1,-1,-1
1037,855,1623413536439,-1,-1,-1
1038,839,1623413537414,-1,-1,-1
1039,839,1623413538432,-1,-1,-1
1040,783,1623413539436,-1,-1,-1
1041,815,1623413539436,-1,-1,-1
1042,759,1623413540412,-1,-1,-1
1043,1095,1623413541427,-1,-1,-1
1044,751,1623413543411,-1,-1,-1
1045,759,1623413544426,-1,-1,-1
1046,759,1623413545440,-1,-1,-1
1047,775,1623413546412,-1,-1,-1
1048,783,1623413546412,-1,-1,-1
1049,815,1623413547425,-1,-1,-1
1050,839,1623413548437,-1,-1,-1
1051,823,1623413549417,-1,-1,-1
1052,871,1623413550426,-1,-1,-1
1053,791,1623413550426,-1,-1,-1
1054,815,1623413551438,-1,-1,-1
1055,759,1623413552414,-1,-1,-1
1056,775,1623413553425,-1,-1,-1
1057,751,1623413554439,-1,-1,-1
1058,767,1623413554439,-1,-1,-1
1059,783,1623413555412,-1,-1,-1
1060,775,1623413556463,-1,-1,-1
1061,791,1623413557437,-1,-1,-1
1062,831,1623413558413,-1,-1,-1
1063,823,1623413558413,-1,-1,-1
1064,871,1623413559465,-1,-1,-1
1065,775,1623413560439,-1,-1,-1
1066,551,1623413561411,-1,-1,-1
1067,1055,1623413562427,-1,-1,-1
1068,783,1623413562427,-1,-1,-1
1069,775,1623413563438,-1,-1,-1
1070,743,1623413564449,-1,-1,-1
1071,743,1623413565427,-1,-1,-1
1072,759,1623413565427,-1,-1,-1
1073,751,1623413566439,-1,-1,-1
1074,751,1623413567414,-1,-1,-1
1075,759,1623413568429,-1,-1,-1
1076,783,1623413568429,-1,-1,-1
1077,775,1623413569445,-1,-1,-1
1078,799,1623413570414,-1,-1,-1
1079,783,1623413571431,-1,-1,-1
1080,759,1623413572439,-1,-1,-1
1081,791,1623413572439,-1,-1,-1
1082,775,1623413573411,-1,-1,-1
1083,759,1623413574427,-1,-1,-1
1084,751,1623413575438,-1,-1,-1
1085,727,1623413575438,-1,-1,-1
1086,775,1623413576413,-1,-1,-1
1087,767,1623413577426,-1,-1,-1
1088,751,1623413578443,-1,-1,-1
1089,807,1623413578443,-1,-1,-1
1090,759,1623413579488,-1,-1,-1
1091,831,1623413580425,-1,-1,-1
1092,735,1623413581441,-1,-1,-1
1093,815,1623413582414,-1,-1,-1
1094,791,1623413582414,-1,-1,-1
1095,727,1623413583426,-1,-1,-1
1096,767,1623413584439,-1,-1,-1
1097,775,1623413585412,-1,-1,-1
1098,751,1623413585412,-1,-1,-1
1099,727,1623413586426,-1,-1,-1
1100,767,1623413587438,-1,-1,-1
1101,767,1623413588412,-1,-1,-1
1102,775,1623413588412,-1,-1,-1
1103,799,1623413589425,-1,-1,-1
1104,767,1623413590437,-1,-1,-1
1105,791,1623413591413,-1,-1,-1
1106,791,1623413592425,-1,-1,-1
1107,807,1623413592425,-1,-1,-1
1108,975,1623413593440,-1,-1,-1
1109,775,1623413596439,-1,-1,-1
1110,735,1623413596439,-1,-1,-1
1111,783,1623413597455,-1,-1,-1
1112,679,1623413598425,-1,-1,-1
1113,847,1623413599438,-1,-1,-1
1114,711,1623413599438,-1,-1,-1
1115,823,1623413600451,-1,-1,-1
1116,799,1623413601427,-1,-1,-1
1117,775,1623413602439,-1,-1,-1
1118,791,1623413602439,-1,-1,-1
1119,783,1623413603413,-1,-1,-1
1120,815,1623413604426,-1,-1,-1
1121,783,1623413605439,-1,-1,-1
1122,775,1623413606411,-1,-1,-1
1123,751,1623413606411,-1,-1,-1
1124,767,1623413607425,-1,-1,-1
1125,743,1623413608443,-1,-1,-1
1126,775,1623413609412,-1,-1,-1
1127,775,1623413609413,-1,-1,-1
1128,719,1623413610425,-1,-1,-1
1129,799,1623413611475,-1,-1,-1
1130,823,1623413612412,-1,-1,-1
1131,823,1623413613426,-1,-1,-1
1132,759,1623413613426,-1,-1,-1
1133,815,1623413614441,-1,-1,-1
1134,815,1623413615413,-1,-1,-1
1135,807,1623413616429,-1,-1,-1
1136,663,1623413616429,-1,-1,-1
1137,895,1623413617438,-1,-1,-1
1138,799,1623413618414,-1,-1,-1
1139,775,1623413619427,-1,-1,-1
1140,767,1623413620439,-1,-1,-1
1141,807,1623413621412,-1,-1,-1
1142,751,1623413621412,-1,-1,-1
1143,783,1623413622424,-1,-1,-1
1144,807,1623413623439,-1,-1,-1
1145,919,1623413624412,-1,-1,-1
1146,831,1623413625428,-1,-1,-1
1147,871,1623413626438,-1,-1,-1
1148,823,1623413626439,-1,-1,-1
1149,831,1623413627414,-1,-1,-1
1150,823,1623413628427,-1,-1,-1
1151,767,1623413629444,-1,-1,-1
1152,807,1623413630412,-1,-1,-1
1153,775,1623413630412,-1,-1,-1
1154,775,1623413631427,-1,-1,-1
1155,783,1623413632438,-1,-1,-1
1156,791,1623413633412,-1,-1,-1
1157,831,1623413634430,-1,-1,-1
1158,831,1623413634430,-1,-1,-1
1159,839,1623413635439,-1,-1,-1
1160,815,1623413636413,-1,-1,-1
1161,855,1623413637426,-1,-1,-1
1162,799,1623413638439,-1,-1,-1
1163,799,1623413638439,-1,-1,-1
1164,791,1623413639413,-1,-1,-1
1165,783,1623413640425,-1,-1,-1
1166,775,1623413641444,-1,-1,-1
1167,783,1623413643428,-1,-1,-1
1168,823,1623413644477,-1,-1,-1
1169,847,1623413645412,-1,-1,-1
1170,831,1623413646424,-1,-1,-1
1171,831,1623413647439,-1,-1,-1
1172,839,1623413647439,-1,-1,-1
1173,871,1623413648411,-1,-1,-1
1174,751,1623413649427,-1,-1,-1
1175,823,1623413650438,-1,-1,-1
1176,799,1623413651412,-1,-1,-1
1177,799,1623413651413,-1,-1,-1
1178,751,1623413652429,-1,-1,-1
1179,815,1623413653438,-1,-1,-1
1180,863,1623413654414,-1,-1,-1
1181,839,1623413655426,-1,-1,-1
1182,839,1623413656437,-1,-1,-1
1183,879,1623413656437,-1,-1,-1
1184,879,1623413657412,-1,-1,-1
1185,823,1623413658426,-1,-1,-1
1186,831,1623413659441,-1,-1,-1
1187,791,1623413660412,-1,-1,-1
1188,815,1623413661424,-1,-1,-1
1189,767,1623413661424,-1,-1,-1
1190,735,1623413662438,-1,-1,-1
1191,783,1623413663413,-1,-1,-1
1192,775,1623413664425,-1,-1,-1
1193,767,1623413664425,-1,-1,-1
1194,775,1623413665439,-1,-1,-1
1195,751,1623413666412,-1,-1,-1
1196,847,1623413667427,-1,-1,-1
1197,799,1623413668437,-1,-1,-1
1198,863,1623413668437,-1,-1,-1
1199,823,1623413669412,-1,-1,-1
1200,863,1623413670427,-1,-1,-1
1201,655,1623413671441,-1,-1,-1
1202,855,1623413672413,-1,-1,-1
1203,943,1623413673426,-1,-1,-1
1204,823,1623413673426,-1,-1,-1
1205,815,1623413674437,-1,-1,-1
1206,831,1623413675415,-1,-1,-1
1207,847,1623413676425,-1,-1,-1
1208,847,1623413677478,-1,-1,-1
1209,879,1623413678417,-1,-1,-1
1210,823,1623413678417,-1,-1,-1
1211,927,1623413679425,-1,-1,-1
1212,847,1623413680440,-1,-1,-1
1213,831,1623413681450,-1,-1,-1
1214,823,1623413682424,-1,-1,-1
1215,791,1623413683440,-1,-1,-1
1216,791,1623413683440,-1,-1,-1
1217,799,1623413684412,-1,-1,-1
1218,807,1623413685427,-1,-1,-1
1219,831,1623413686437,-1,-1,-1
1220,799,1623413687414,-1,-1,-1
1221,807,1623413688425,-1,-1,-1
1222,815,1623413688425,-1,-1,-1
1223,759,1623413689439,-1,-1,-1
1224,775,1623413690412,-1,-1,-1
1225,735,1623413691427,-1,-1,-1
1226,839,1623413691427,-1,-1,-1
1227,679,1623413692440,-1,-1,-1
1228,831,1623413693411,-1,-1,-1
1229,759,1623413694425,-1,-1,-1
1230,751,1623413694425,-1,-1,-1
1231,751,1623413695437,-1,-1,-1
1232,791,1623413696413,-1,-1,-1
1233,759,1623413697426,-1,-1,-1
1234,839,1623413698437,-1,-1,-1
1235,727,1623413698437,-1,-1,-1
1236,791,1623413699412,-1,-1,-1
1237,791,1623413700425,-1,-1,-1
1238,775,1623413702413,-1,-1,-1
1239,783,1623413703424,-1,-1,-1
1240,799,1623413704437,-1,-1,-1
1241,799,1623413705414,-1,-1,-1
1242,799,1623413706424,-1,-1,-1
1243,815,1623413706424,-1,-1,-1
1244,823,1623413707436,-1,-1,-1
1245,855,1623413708412,-1,-1,-1
1246,823,1623413709428,-1,-1,-1
1247,807,1623413710477,-1,-1,-1
1248,815,1623413710477,-1,-1,-1
1249,799,1623413711413,-1,-1,-1
1250,815,1623413712425,-1,-1,-1
1251,783,1623413713438,-1,-1,-1
1252,775,1623413714413,-1,-1,-1
1253,767,1623413714413,-1,-1,-1
1254,767,1623413715424,-1,-1,-1
1255,807,1623413716440,-1,-1,-1
1256,807,1623413717412,-1,-1,-1
1257,743,1623413718425,-1,-1,-1
1258,759,1623413718425,-1,-1,-1
1259,807,1623413719439,-1,-1,-1
1260,743,1623413720411,-1,-1,-1
1261,751,1623413721425,-1,-1,-1
1262,815,1623413721425,-1,-1,-1
1263,807,1623413722439,-1,-1,-1
1264,807,1623413723415,-1,-1,-1
1265,703,1623413724426,-1,-1,-1
1266,959,1623413725438,-1,-1,-1
1267,759,1623413725439,-1,-1,-1
1268,783,1623413726413,-1,-1,-1
1269,719,1623413727424,-1,-1,-1
1270,751,1623413729420,-1,-1,-1
1271,791,1623413730424,-1,-1,-1
1272,751,1623413731400,-1,-1,-1
1273,807,1623413732413,-1,-1,-1
1274,783,1623413732413,-1,-1,-1
1275,767,1623413733426,-1,-1,-1
1276,743,1623413736424,-1,-1,-1
1277,807,1623413737398,-1,-1,-1
1278,735,1623413738415,-1,-1,-1
1279,735,1623413738415,-1,-1,-1
1280,735,1623413739423,-1,-1,-1
1281,743,1623413742426,-1,-1,-1
1282,783,1623413742427,-1,-1,-1
1283,767,1623413743399,-1,-1,-1
1284,799,1623413744411,-1,-1,-1
1285,831,1623413745425,-1,-1,-1
1286,759,1623413745425,-1,-1,-1
1287,783,1623413746437,-1,-1,-1
1288,783,1623413747414,-1,-1,-1
1289,751,1623413748425,-1,-1,-1
1290,815,1623413754425,-1,-1,-1
1291,823,1623413755400,-1,-1,-1
1292,839,1623413756414,-1,-1,-1
1293,807,1623413756414,-1,-1,-1
1294,791,1623413757425,-1,-1,-1
1295,775,1623413758401,-1,-1,-1
1296,1000,1623413764437,-1,-1,-1
1297,783,1623413765411,-1,-1,-1
1298,799,1623413766426,-1,-1,-1
1299,767,1623413767400,-1,-1,-1
1300,783,1623413767400,-1,-1,-1
1301,503,1623413768414,-1,-1,-1
1302,807,1623413770399,-1,-1,-1
1303,775,1623413772423,-1,-1,-1
1304,767,1623413773404,-1,-1,-1
1305,719,1623413774412,-1,-1,-1
1306,767,1623413776402,-1,-1,-1
1307,711,1623413777412,-1,-1,-1
1308,743,1623413777412,-1,-1,-1
1309,735,1623413778424,-1,-1,-1
1310,783,1623413779401,-1,-1,-1
1311,895,1623413785402,-1,-1,-1
1312,703,1623413787428,-1,-1,-1
1313,743,1623413788401,-1,-1,-1
1314,839,1623413791401,-1,-1,-1
1315,847,1623413792412,-1,-1,-1
1316,815,1623413798414,-1,-1,-1
1317,759,1623413799425,-1,-1,-1
1318,783,1623413799425,-1,-1,-1
1319,807,1623413800401,-1,-1,-1
1320,711,1623413801412,-1,-1,-1
1321,879,1623413802424,-1,-1,-1
1322,823,1623413803401,-1,-1,-1
1323,863,1623413804411,-1,-1,-1
1324,831,1623413804411,-1,-1,-1
1325,831,1623413805426,-1,-1,-1
1326,791,1623413806402,-1,-1,-1
1327,767,1623413807415,-1,-1,-1
1328,703,1623413809401,-1,-1,-1
1329,727,1623413810413,-1,-1,-1
1330,751,1623413810413,-1,-1,-1
1331,759,1623413811428,-1,-1,-1
1332,751,1623413812400,-1,-1,-1
1333,799,1623413813413,-1,-1,-1
1334,703,1623413814427,-1,-1,-1
1335,847,1623413814427,-1,-1,-1
1336,1000,1623413816415,-1,-1,-1
1337,935,1623413819412,-1,-1,-1
1338,719,1623413819412,-1,-1,-1
1339,695,1623413820427,-1,-1,-1
1340,1000,1623413821399,-1,-1,-1
1341,919,1623413826463,-1,-1,-1
1342,823,1623413827401,-1,-1,-1
1343,911,1623413828411,-1,-1,-1
1344,871,1623413828411,-1,-1,-1
1345,871,1623413829432,-1,-1,-1
1346,855,1623413830401,-1,-1,-1
1347,783,1623413831413,-1,-1,-1
1348,791,1623413832424,-1,-1,-1
1349,815,1623413833401,-1,-1,-1
1350,807,1623413833401,-1,-1,-1
1351,799,1623413834413,-1,-1,-1
1352,815,1623413835424,-1,-1,-1
1353,823,1623413836403,-1,-1,-1
1354,767,1623413837414,-1,-1,-1
1355,823,1623413837414,-1,-1,-1
1356,863,1623413838428,-1,-1,-1
1357,863,1623413839401,-1,-1,-1
1358,823,1623413840412,-1,-1,-1
1359,847,1623413841425,-1,-1,-1
1360,847,1623413842399,-1,-1,-1
1361,823,1623413842399,-1,-1,-1
1362,815,1623413843451,-1,-1,-1
1363,831,1623413844426,-1,-1,-1
1364,831,1623413845400,-1,-1,-1
1365,815,1623413846412,-1,-1,-1
1366,799,1623413847427,-1,-1,-1
1367,807,1623413847427,-1,-1,-1
1368,759,1623413848400,-1,-1,-1
1369,791,1623413856425,-1,-1,-1
1370,719,1623413859466,-1,-1,-1
1371,783,1623413863438,-1,-1,-1
1372,799,1623413863438,-1,-1,-1
1373,671,1623413864417,-1,-1,-1
1374,951,1623413865426,-1,-1,-1
1375,655,1623413870412,-1,-1,-1
1376,4095,1623413874425,-1,-1,-1
1377,751,1623413874425,-1,-1,-1
1378,751,1623413875399,-1,-1,-1
1379,815,1623413878403,-1,-1,-1
1380,775,1623413879413,-1,-1,-1
1381,799,1623413880387,-1,-1,-1
1382,815,1623413883391,-1,-1,-1
1383,847,1623413884401,-1,-1,-1
1384,791,1623413885416,-1,-1,-1
1385,823,1623413886389,-1,-1,-1
1386,807,1623413887402,-1,-1,-1
1387,767,1623413887402,-1,-1,-1
1388,807,1623413888412,-1,-1,-1
1389,775,1623413889426,-1,-1,-1
1390,887,1623413890404,-1,-1,-1
1391,807,1623413893400,-1,-1,-1
1392,831,1623413894414,-1,-1,-1
1393,895,1623413895428,-1,-1,-1
1394,847,1623413895428,-1,-1,-1
1395,887,1623413896399,-1,-1,-1
1396,879,1623413897413,-1,-1,-1
1397,887,1623413898387,-1,-1,-1
1398,839,1623413899400,-1,-1,-1
1399,743,1623413900415,-1,-1,-1
1400,847,1623413901388,-1,-1,-1
1401,767,1623413901388,-1,-1,-1
1402,943,1623413904425,-1,-1,-1
1403,1119,1623413905400,-1,-1,-1
1404,791,1623413907427,-1,-1,-1
1405,847,1623413908399,-1,-1,-1
1406,807,1623413909452,-1,-1,-1
1407,839,1623413910388,-1,-1,-1
1408,791,1623413910388,-1,-1,-1
1409,831,1623413911401,-1,-1,-1
1410,607,1623413915411,-1,-1,-1
1411,743,1623413917401,-1,-1,-1
1412,527,1623413921413,-1,-1,-1
1413,807,1623413925390,-1,-1,-1
1414,623,1623413926400,-1,-1,-1
1415,879,1623413928388,-1,-1,-1
1416,807,1623413929402,-1,-1,-1
1417,759,1623413929402,-1,-1,-1
1418,911,1623413933419,-1,-1,-1
1419,1055,1623413936410,-1,-1,-1
1420,751,1623413936410,-1,-1,-1
1421,799,1623413937393,-1,-1,-1
1422,823,1623413938476,-1,-1,-1
1423,799,1623413939416,-1,-1,-1
1424,823,1623413940390,-1,-1,-1
1425,799,1623413940391,-1,-1,-1
1426,759,1623413941401,-1,-1,-1
1427,783,1623413942447,-1,-1,-1
1428,767,1623413943385,-1,-1,-1
1429,807,1623413944398,-1,-1,-1
1430,775,1623413944398,-1,-1,-1
1431,823,1623413945412,-1,-1,-1
1432,807,1623413946386,-1,-1,-1
