,RR,Timestamp,SensorContact,errorEstimate,blockerBit
0,791,1624251890171,-1,-1,-1
1,535,1624251890171,-1,-1,-1
2,599,1624251891166,-1,-1,-1
3,431,1624251892152,-1,-1,-1
4,671,1624251894119,-1,-1,-1
5,495,1624251894119,-1,-1,-1
6,767,1624251895128,-1,-1,-1
7,655,1624251898144,-1,-1,-1
8,727,1624251898144,-1,-1,-1
9,655,1624251899113,-1,-1,-1
10,519,1624251900129,-1,-1,-1
11,631,1624251910123,-1,-1,-1
12,615,1624251911131,-1,-1,-1
13,687,1624251911131,-1,-1,-1
14,623,1624251912125,-1,-1,-1
15,759,1624251913137,-1,-1,-1
16,719,1624251916124,-1,-1,-1
17,447,1624251919143,-1,-1,-1
18,615,1624251922153,-1,-1,-1
19,767,1624251923148,-1,-1,-1
20,671,1624251924135,-1,-1,-1
21,703,1624251926141,-1,-1,-1
22,487,1624251928138,-1,-1,-1
23,743,1624251929150,-1,-1,-1
24,623,1624251929150,-1,-1,-1
25,671,1624251932119,-1,-1,-1
26,679,1624251933114,-1,-1,-1
27,631,1624251933114,-1,-1,-1
28,695,1624251935114,-1,-1,-1
29,711,1624251936128,-1,-1,-1
30,671,1624251940110,-1,-1,-1
31,639,1624251941119,-1,-1,-1
32,639,1624251941119,-1,-1,-1
33,791,1624251942134,-1,-1,-1
34,543,1624251945154,-1,-1,-1
35,711,1624251950124,-1,-1,-1
36,631,1624251950124,-1,-1,-1
37,903,1624251953115,-1,-1,-1
38,687,1624251954170,-1,-1,-1
39,791,1624251954170,-1,-1,-1
40,695,1624251959173,-1,-1,-1
41,607,1624251965129,-1,-1,-1
42,463,1624251965129,-1,-1,-1
43,679,1624251967108,-1,-1,-1
44,623,1624251967108,-1,-1,-1
45,743,1624251968121,-1,-1,-1
46,719,1624251969110,-1,-1,-1
47,639,1624251969110,-1,-1,-1
48,679,1624251972163,-1,-1,-1
49,759,1624251973139,-1,-1,-1
50,743,1624251974160,-1,-1,-1
51,879,1624251976105,-1,-1,-1
52,855,1624251983144,-1,-1,-1
53,759,1624251984128,-1,-1,-1
54,719,1624251984128,-1,-1,-1
55,679,1624251985112,-1,-1,-1
56,743,1624251986152,-1,-1,-1
57,695,1624251986152,-1,-1,-1
58,743,1624251989114,-1,-1,-1
59,711,1624251990126,-1,-1,-1
60,623,1624251992132,-1,-1,-1
61,631,1624251993124,-1,-1,-1
62,823,1624251994110,-1,-1,-1
63,719,1624251996114,-1,-1,-1
64,615,1624251996114,-1,-1,-1
65,791,1624251997123,-1,-1,-1
66,655,1624251998115,-1,-1,-1
67,743,1624251999147,-1,-1,-1
68,735,1624251999147,-1,-1,-1
69,647,1624252000116,-1,-1,-1
70,607,1624252003113,-1,-1,-1
71,719,1624252003113,-1,-1,-1
72,687,1624252004156,-1,-1,-1
73,679,1624252005114,-1,-1,-1
74,751,1624252009125,-1,-1,-1
75,623,1624252010154,-1,-1,-1
76,735,1624252010154,-1,-1,-1
77,775,1624252011146,-1,-1,-1
78,815,1624252014113,-1,-1,-1
79,743,1624252015125,-1,-1,-1
80,687,1624252015125,-1,-1,-1
81,735,1624252016120,-1,-1,-1
82,887,1624252019106,-1,-1,-1
83,727,1624252020118,-1,-1,-1
84,687,1624252020118,-1,-1,-1
85,607,1624252023136,-1,-1,-1
86,759,1624252024127,-1,-1,-1
87,711,1624252025117,-1,-1,-1
88,663,1624252025117,-1,-1,-1
89,943,1624252028104,-1,-1,-1
90,735,1624252030112,-1,-1,-1
91,687,1624252030112,-1,-1,-1
92,527,1624252031122,-1,-1,-1
93,783,1624252033126,-1,-1,-1
94,767,1624252034113,-1,-1,-1
95,743,1624252035105,-1,-1,-1
96,719,1624252036118,-1,-1,-1
97,703,1624252040121,-1,-1,-1
98,775,1624252041115,-1,-1,-1
99,711,1624252041115,-1,-1,-1
100,671,1624252042127,-1,-1,-1
101,799,1624252043118,-1,-1,-1
102,679,1624252044104,-1,-1,-1
103,703,1624252044104,-1,-1,-1
104,703,1624252045129,-1,-1,-1
105,655,1624252046114,-1,-1,-1
106,695,1624252046115,-1,-1,-1
107,487,1624252047121,-1,-1,-1
108,511,1624252048113,-1,-1,-1
109,847,1624252049166,-1,-1,-1
110,695,1624252050146,-1,-1,-1
111,679,1624252051126,-1,-1,-1
112,775,1624252051126,-1,-1,-1
113,631,1624252052122,-1,-1,-1
114,847,1624252053105,-1,-1,-1
115,695,1624252054152,-1,-1,-1
116,535,1624252054152,-1,-1,-1
117,863,1624252055108,-1,-1,-1
118,751,1624252056117,-1,-1,-1
119,671,1624252056117,-1,-1,-1
120,687,1624252057109,-1,-1,-1
121,735,1624252058126,-1,-1,-1
122,887,1624252059114,-1,-1,-1
123,663,1624252061125,-1,-1,-1
124,735,1624252062105,-1,-1,-1
125,663,1624252062105,-1,-1,-1
126,727,1624252063123,-1,-1,-1
127,655,1624252064110,-1,-1,-1
128,719,1624252065122,-1,-1,-1
129,799,1624252065122,-1,-1,-1
130,767,1624252066111,-1,-1,-1
131,647,1624252067106,-1,-1,-1
132,839,1624252068118,-1,-1,-1
133,799,1624252068118,-1,-1,-1
134,751,1624252069101,-1,-1,-1
135,607,1624252070119,-1,-1,-1
136,599,1624252070119,-1,-1,-1
137,967,1624252071103,-1,-1,-1
138,711,1624252072140,-1,-1,-1
139,519,1624252073105,-1,-1,-1
140,887,1624252073106,-1,-1,-1
141,767,1624252074124,-1,-1,-1
142,495,1624252076146,-1,-1,-1
143,487,1624252078103,-1,-1,-1
144,559,1624252081120,-1,-1,-1
145,711,1624252087122,-1,-1,-1
146,711,1624252087122,-1,-1,-1
147,759,1624252088134,-1,-1,-1
148,679,1624252089147,-1,-1,-1
149,631,1624252089147,-1,-1,-1
150,567,1624252091105,-1,-1,-1
151,695,1624252093114,-1,-1,-1
152,711,1624252094146,-1,-1,-1
153,671,1624252096117,-1,-1,-1
154,703,1624252099174,-1,-1,-1
155,735,1624252100120,-1,-1,-1
156,631,1624252100120,-1,-1,-1
157,759,1624252101116,-1,-1,-1
158,679,1624252102127,-1,-1,-1
159,607,1624252102127,-1,-1,-1
160,783,1624252103167,-1,-1,-1
161,591,1624252104134,-1,-1,-1
162,879,1624252104134,-1,-1,-1
163,719,1624252105103,-1,-1,-1
164,727,1624252106135,-1,-1,-1
165,863,1624252108116,-1,-1,-1
166,703,1624252109153,-1,-1,-1
167,695,1624252112102,-1,-1,-1
168,751,1624252113111,-1,-1,-1
169,511,1624252115114,-1,-1,-1
170,911,1624252116101,-1,-1,-1
171,727,1624252117116,-1,-1,-1
172,743,1624252118136,-1,-1,-1
173,647,1624252118136,-1,-1,-1
174,831,1624252119121,-1,-1,-1
175,575,1624252120112,-1,-1,-1
176,847,1624252121143,-1,-1,-1
177,727,1624252121143,-1,-1,-1
178,639,1624252122120,-1,-1,-1
179,879,1624252123110,-1,-1,-1
180,639,1624252123110,-1,-1,-1
181,575,1624252124127,-1,-1,-1
182,927,1624252125102,-1,-1,-1
183,799,1624252126098,-1,-1,-1
184,727,1624252126098,-1,-1,-1
185,791,1624252127127,-1,-1,-1
186,783,1624252128136,-1,-1,-1
187,711,1624252129131,-1,-1,-1
188,727,1624252129131,-1,-1,-1
189,671,1624252130100,-1,-1,-1
190,839,1624252131118,-1,-1,-1
191,695,1624252133145,-1,-1,-1
192,647,1624252134129,-1,-1,-1
193,815,1624252135102,-1,-1,-1
194,679,1624252135102,-1,-1,-1
195,687,1624252136114,-1,-1,-1
196,759,1624252137104,-1,-1,-1
197,711,1624252137104,-1,-1,-1
198,607,1624252138140,-1,-1,-1
199,887,1624252139123,-1,-1,-1
200,815,1624252143109,-1,-1,-1
201,687,1624252143109,-1,-1,-1
202,775,1624252144127,-1,-1,-1
203,511,1624252145114,-1,-1,-1
204,839,1624252146148,-1,-1,-1
205,583,1624252147117,-1,-1,-1
206,663,1624252148107,-1,-1,-1
207,815,1624252149120,-1,-1,-1
208,719,1624252149120,-1,-1,-1
209,679,1624252152107,-1,-1,-1
210,759,1624252152107,-1,-1,-1
211,639,1624252153099,-1,-1,-1
212,743,1624252154135,-1,-1,-1
213,687,1624252154135,-1,-1,-1
214,751,1624252155124,-1,-1,-1
215,735,1624252156125,-1,-1,-1
216,743,1624252157113,-1,-1,-1
217,703,1624252157113,-1,-1,-1
218,687,1624252158120,-1,-1,-1
219,759,1624252161104,-1,-1,-1
220,719,1624252162096,-1,-1,-1
221,719,1624252162096,-1,-1,-1
222,535,1624252163115,-1,-1,-1
223,847,1624252165114,-1,-1,-1
224,679,1624252166105,-1,-1,-1
225,743,1624252167113,-1,-1,-1
226,695,1624252167113,-1,-1,-1
227,743,1624252168104,-1,-1,-1
228,647,1624252169129,-1,-1,-1
229,807,1624252170108,-1,-1,-1
230,703,1624252170108,-1,-1,-1
231,583,1624252171094,-1,-1,-1
232,959,1624252172109,-1,-1,-1
233,687,1624252173123,-1,-1,-1
234,687,1624252173123,-1,-1,-1
235,815,1624252174141,-1,-1,-1
236,759,1624252175109,-1,-1,-1
237,775,1624252176116,-1,-1,-1
238,703,1624252176116,-1,-1,-1
239,687,1624252177108,-1,-1,-1
240,751,1624252178156,-1,-1,-1
241,711,1624252178156,-1,-1,-1
242,727,1624252179165,-1,-1,-1
243,511,1624252180099,-1,-1,-1
244,703,1624252181107,-1,-1,-1
245,695,1624252182099,-1,-1,-1
246,743,1624252183120,-1,-1,-1
247,831,1624252185150,-1,-1,-1
248,703,1624252186101,-1,-1,-1
249,775,1624252186101,-1,-1,-1
250,719,1624252187145,-1,-1,-1
251,743,1624252188138,-1,-1,-1
252,735,1624252189149,-1,-1,-1
253,775,1624252189149,-1,-1,-1
254,727,1624252190110,-1,-1,-1
255,759,1624252191100,-1,-1,-1
256,735,1624252192111,-1,-1,-1
257,783,1624252192111,-1,-1,-1
258,679,1624252193097,-1,-1,-1
259,751,1624252194117,-1,-1,-1
260,695,1624252195106,-1,-1,-1
261,775,1624252195106,-1,-1,-1
262,711,1624252196127,-1,-1,-1
263,719,1624252197114,-1,-1,-1
264,735,1624252204126,-1,-1,-1
265,719,1624252205119,-1,-1,-1
266,743,1624252205119,-1,-1,-1
267,687,1624252206110,-1,-1,-1
268,791,1624252207100,-1,-1,-1
269,711,1624252208114,-1,-1,-1
270,775,1624252211110,-1,-1,-1
271,711,1624252211110,-1,-1,-1
272,663,1624252212096,-1,-1,-1
273,839,1624252213100,-1,-1,-1
274,671,1624252215109,-1,-1,-1
275,743,1624252216094,-1,-1,-1
276,775,1624252216094,-1,-1,-1
277,703,1624252217112,-1,-1,-1
278,727,1624252218126,-1,-1,-1
279,759,1624252219139,-1,-1,-1
280,743,1624252219139,-1,-1,-1
281,679,1624252220106,-1,-1,-1
282,799,1624252221092,-1,-1,-1
283,687,1624252223093,-1,-1,-1
284,751,1624252224108,-1,-1,-1
285,767,1624252224108,-1,-1,-1
286,711,1624252225098,-1,-1,-1
287,783,1624252227107,-1,-1,-1
288,583,1624252228126,-1,-1,-1
289,775,1624252231114,-1,-1,-1
290,495,1624252232100,-1,-1,-1
291,695,1624252236094,-1,-1,-1
292,775,1624252236094,-1,-1,-1
293,503,1624252237135,-1,-1,-1
294,711,1624252238115,-1,-1,-1
295,839,1624252238115,-1,-1,-1
296,727,1624252239105,-1,-1,-1
297,663,1624252240153,-1,-1,-1
298,775,1624252241104,-1,-1,-1
299,759,1624252241105,-1,-1,-1
300,543,1624252242116,-1,-1,-1
301,927,1624252243107,-1,-1,-1
302,799,1624252244119,-1,-1,-1
303,679,1624252244119,-1,-1,-1
304,791,1624252245105,-1,-1,-1
305,751,1624252246113,-1,-1,-1
306,743,1624252247100,-1,-1,-1
307,775,1624252247100,-1,-1,-1
308,735,1624252248113,-1,-1,-1
309,783,1624252249123,-1,-1,-1
310,703,1624252250104,-1,-1,-1
311,623,1624252250104,-1,-1,-1
312,799,1624252251124,-1,-1,-1
313,831,1624252252104,-1,-1,-1
314,759,1624252253146,-1,-1,-1
315,687,1624252253146,-1,-1,-1
316,759,1624252254104,-1,-1,-1
317,743,1624252255129,-1,-1,-1
318,759,1624252255130,-1,-1,-1
319,743,1624252256102,-1,-1,-1
320,743,1624252257085,-1,-1,-1
321,711,1624252258110,-1,-1,-1
322,751,1624252258110,-1,-1,-1
323,527,1624252259139,-1,-1,-1
324,951,1624252260105,-1,-1,-1
325,735,1624252261103,-1,-1,-1
326,711,1624252261103,-1,-1,-1
327,719,1624252262112,-1,-1,-1
328,791,1624252263105,-1,-1,-1
329,743,1624252264116,-1,-1,-1
330,527,1624252264116,-1,-1,-1
331,879,1624252265110,-1,-1,-1
332,719,1624252266092,-1,-1,-1
333,695,1624252266092,-1,-1,-1
334,743,1624252267103,-1,-1,-1
335,703,1624252268096,-1,-1,-1
336,759,1624252269113,-1,-1,-1
337,751,1624252269113,-1,-1,-1
338,727,1624252270126,-1,-1,-1
339,775,1624252272109,-1,-1,-1
340,735,1624252273132,-1,-1,-1
341,727,1624252274116,-1,-1,-1
342,759,1624252275105,-1,-1,-1
343,591,1624252275106,-1,-1,-1
344,791,1624252276103,-1,-1,-1
345,767,1624252277093,-1,-1,-1
346,727,1624252277093,-1,-1,-1
347,719,1624252278107,-1,-1,-1
348,655,1624252279096,-1,-1,-1
349,807,1624252280095,-1,-1,-1
350,823,1624252280095,-1,-1,-1
351,647,1624252281100,-1,-1,-1
352,743,1624252282085,-1,-1,-1
353,839,1624252283105,-1,-1,-1
354,567,1624252283105,-1,-1,-1
355,863,1624252284094,-1,-1,-1
356,759,1624252285112,-1,-1,-1
357,743,1624252286096,-1,-1,-1
358,687,1624252286096,-1,-1,-1
359,775,1624252287110,-1,-1,-1
360,711,1624252288097,-1,-1,-1
361,719,1624252289089,-1,-1,-1
362,735,1624252289089,-1,-1,-1
363,687,1624252290107,-1,-1,-1
364,671,1624252291093,-1,-1,-1
365,815,1624252291093,-1,-1,-1
366,663,1624252292105,-1,-1,-1
367,575,1624252293097,-1,-1,-1
368,863,1624252294110,-1,-1,-1
369,711,1624252296107,-1,-1,-1
370,703,1624252296107,-1,-1,-1
371,751,1624252297096,-1,-1,-1
372,735,1624252298095,-1,-1,-1
373,831,1624252299115,-1,-1,-1
374,735,1624252299115,-1,-1,-1
375,807,1624252300104,-1,-1,-1
376,783,1624252301114,-1,-1,-1
377,687,1624252302100,-1,-1,-1
378,567,1624252302100,-1,-1,-1
379,871,1624252303159,-1,-1,-1
380,735,1624252304132,-1,-1,-1
381,743,1624252305103,-1,-1,-1
382,639,1624252305103,-1,-1,-1
383,695,1624252306098,-1,-1,-1
384,655,1624252308102,-1,-1,-1
385,703,1624252309109,-1,-1,-1
386,823,1624252310101,-1,-1,-1
387,751,1624252310101,-1,-1,-1
388,727,1624252311093,-1,-1,-1
389,759,1624252312112,-1,-1,-1
390,719,1624252313106,-1,-1,-1
391,575,1624252313107,-1,-1,-1
392,975,1624252314143,-1,-1,-1
393,775,1624252315133,-1,-1,-1
394,687,1624252316096,-1,-1,-1
395,767,1624252316096,-1,-1,-1
396,791,1624252317097,-1,-1,-1
397,1000,1624252318088,-1,-1,-1
398,791,1624252320109,-1,-1,-1
399,807,1624252322097,-1,-1,-1
400,599,1624252323113,-1,-1,-1
401,679,1624252324097,-1,-1,-1
402,703,1624252324097,-1,-1,-1
403,743,1624252325115,-1,-1,-1
404,703,1624252326104,-1,-1,-1
405,535,1624252326104,-1,-1,-1
406,703,1624252330103,-1,-1,-1
407,735,1624252331098,-1,-1,-1
408,543,1624252333095,-1,-1,-1
409,711,1624252339830,-1,-1,-1
410,583,1624252340820,-1,-1,-1
411,567,1624252341835,-1,-1,-1
412,815,1624252341835,-1,-1,-1
413,615,1624252342842,-1,-1,-1
414,775,1624252343812,-1,-1,-1
415,743,1624252345824,-1,-1,-1
416,719,1624252346834,-1,-1,-1
417,535,1624252346834,-1,-1,-1
418,727,1624252348814,-1,-1,-1
419,799,1624252349826,-1,-1,-1
420,751,1624252350304,-1,-1,-1
421,719,1624252350304,-1,-1,-1
422,799,1624252351320,-1,-1,-1
423,695,1624252352312,-1,-1,-1
424,687,1624252352312,-1,-1,-1
425,703,1624252353346,-1,-1,-1
426,719,1624252354308,-1,-1,-1
427,615,1624252355348,-1,-1,-1
428,855,1624252355348,-1,-1,-1
429,735,1624252356318,-1,-1,-1
430,799,1624252357302,-1,-1,-1
431,799,1624252359327,-1,-1,-1
432,711,1624252360321,-1,-1,-1
433,751,1624252361315,-1,-1,-1
434,703,1624252361315,-1,-1,-1
435,767,1624252362323,-1,-1,-1
436,775,1624252363320,-1,-1,-1
437,639,1624252364328,-1,-1,-1
438,703,1624252364328,-1,-1,-1
439,767,1624252365337,-1,-1,-1
440,687,1624252366306,-1,-1,-1
441,663,1624252366306,-1,-1,-1
442,831,1624252367319,-1,-1,-1
443,711,1624252368320,-1,-1,-1
444,743,1624252369348,-1,-1,-1
445,751,1624252369348,-1,-1,-1
446,719,1624252370339,-1,-1,-1
447,695,1624252371341,-1,-1,-1
448,727,1624252372323,-1,-1,-1
449,735,1624252372323,-1,-1,-1
450,663,1624252373333,-1,-1,-1
451,743,1624252374316,-1,-1,-1
452,847,1624252376343,-1,-1,-1
453,711,1624252377318,-1,-1,-1
454,623,1624252378321,-1,-1,-1
455,743,1624252379368,-1,-1,-1
456,807,1624252379368,-1,-1,-1
457,951,1624252380320,-1,-1,-1
458,687,1624252384374,-1,-1,-1
459,847,1624252387319,-1,-1,-1
460,663,1624252389341,-1,-1,-1
461,543,1624252389341,-1,-1,-1
462,671,1624252392892,-1,-1,-1
463,703,1624252392892,-1,-1,-1
464,791,1624252393909,-1,-1,-1
465,647,1624252394920,-1,-1,-1
466,679,1624252399914,-1,-1,-1
467,671,1624252400880,-1,-1,-1
468,695,1624252401898,-1,-1,-1
469,719,1624252401898,-1,-1,-1
470,727,1624252402882,-1,-1,-1
471,687,1624252406889,-1,-1,-1
472,535,1624252407884,-1,-1,-1
473,807,1624252408890,-1,-1,-1
474,655,1624252411927,-1,-1,-1
475,847,1624252412918,-1,-1,-1
476,855,1624252413887,-1,-1,-1
477,687,1624252414902,-1,-1,-1
478,743,1624252415891,-1,-1,-1
479,671,1624252415891,-1,-1,-1
480,703,1624252416881,-1,-1,-1
481,711,1624252417918,-1,-1,-1
482,831,1624252417918,-1,-1,-1
483,559,1624252418881,-1,-1,-1
484,647,1624252419940,-1,-1,-1
485,807,1624252420934,-1,-1,-1
486,551,1624252429930,-1,-1,-1
487,887,1624252430893,-1,-1,-1
488,719,1624252431884,-1,-1,-1
489,767,1624252432900,-1,-1,-1
490,695,1624252432900,-1,-1,-1
491,775,1624252433889,-1,-1,-1
492,471,1624252434918,-1,-1,-1
493,767,1624252435893,-1,-1,-1
494,775,1624252436902,-1,-1,-1
495,503,1624252437900,-1,-1,-1
496,1023,1624252438883,-1,-1,-1
497,583,1624252438883,-1,-1,-1
498,559,1624252440885,-1,-1,-1
499,807,1624252441901,-1,-1,-1
500,719,1624252442911,-1,-1,-1
501,679,1624252443920,-1,-1,-1
502,887,1624252447894,-1,-1,-1
503,607,1624252452900,-1,-1,-1
504,607,1624252453900,-1,-1,-1
505,527,1624252462891,-1,-1,-1
506,703,1624252464939,-1,-1,-1
507,743,1624252473893,-1,-1,-1
508,679,1624252474878,-1,-1,-1
509,879,1624252474878,-1,-1,-1
510,703,1624252475944,-1,-1,-1
511,871,1624252476888,-1,-1,-1
512,727,1624252477900,-1,-1,-1
513,815,1624252478891,-1,-1,-1
514,695,1624252478891,-1,-1,-1
515,527,1624252479879,-1,-1,-1
516,743,1624252481882,-1,-1,-1
517,735,1624252481882,-1,-1,-1
518,695,1624252486909,-1,-1,-1
519,559,1624252487915,-1,-1,-1
520,767,1624252490881,-1,-1,-1
521,655,1624252491916,-1,-1,-1
522,703,1624252491916,-1,-1,-1
523,807,1624252492884,-1,-1,-1
524,663,1624252493895,-1,-1,-1
525,671,1624252496913,-1,-1,-1
526,543,1624252497879,-1,-1,-1
527,919,1624252498891,-1,-1,-1
528,711,1624252499930,-1,-1,-1
529,799,1624252499930,-1,-1,-1
530,647,1624252500895,-1,-1,-1
531,871,1624252501887,-1,-1,-1
532,543,1624252501887,-1,-1,-1
533,471,1624252502878,-1,-1,-1
534,767,1624252503891,-1,-1,-1
535,671,1624252503891,-1,-1,-1
536,711,1624252506906,-1,-1,-1
537,639,1624252506906,-1,-1,-1
538,831,1624252507914,-1,-1,-1
539,799,1624252508889,-1,-1,-1
540,535,1624252508889,-1,-1,-1
541,703,1624252512886,-1,-1,-1
542,927,1624252515881,-1,-1,-1
543,519,1624252517883,-1,-1,-1
544,895,1624252518919,-1,-1,-1
545,655,1624252519881,-1,-1,-1
546,607,1624252519881,-1,-1,-1
547,895,1624252522902,-1,-1,-1
548,791,1624252523892,-1,-1,-1
549,791,1624252524878,-1,-1,-1
550,743,1624252525922,-1,-1,-1
551,687,1624252531882,-1,-1,-1
552,767,1624252531882,-1,-1,-1
553,695,1624252532940,-1,-1,-1
554,751,1624252533885,-1,-1,-1
555,591,1624252533885,-1,-1,-1
556,895,1624252534898,-1,-1,-1
557,495,1624252539907,-1,-1,-1
558,935,1624252540874,-1,-1,-1
559,839,1624252540874,-1,-1,-1
560,607,1624252541889,-1,-1,-1
561,639,1624252542878,-1,-1,-1
562,775,1624252547879,-1,-1,-1
563,679,1624252548894,-1,-1,-1
564,783,1624252549874,-1,-1,-1
565,783,1624252550891,-1,-1,-1
566,727,1624252550891,-1,-1,-1
567,799,1624252551881,-1,-1,-1
568,743,1624252552903,-1,-1,-1
569,863,1624252553886,-1,-1,-1
570,775,1624252554873,-1,-1,-1
571,511,1624252554874,-1,-1,-1
572,975,1624252557933,-1,-1,-1
573,903,1624252562887,-1,-1,-1
574,703,1624252563873,-1,-1,-1
575,767,1624252564888,-1,-1,-1
576,751,1624252565899,-1,-1,-1
577,831,1624252565899,-1,-1,-1
578,543,1624252566884,-1,-1,-1
579,863,1624252567925,-1,-1,-1
580,951,1624252568912,-1,-1,-1
581,503,1624252568912,-1,-1,-1
582,879,1624252569877,-1,-1,-1
583,855,1624252571928,-1,-1,-1
584,727,1624252572878,-1,-1,-1
585,671,1624252573887,-1,-1,-1
586,727,1624252573887,-1,-1,-1
587,679,1624252574876,-1,-1,-1
588,647,1624252575887,-1,-1,-1
589,783,1624252576878,-1,-1,-1
590,599,1624252576878,-1,-1,-1
591,759,1624252577908,-1,-1,-1
592,711,1624252578900,-1,-1,-1
593,663,1624252578900,-1,-1,-1
594,703,1624252579867,-1,-1,-1
595,783,1624252582890,-1,-1,-1
596,687,1624252583882,-1,-1,-1
597,967,1624252584912,-1,-1,-1
598,759,1624252585905,-1,-1,-1
599,751,1624252585905,-1,-1,-1
600,727,1624252586894,-1,-1,-1
601,743,1624252587909,-1,-1,-1
602,767,1624252588867,-1,-1,-1
603,687,1624252588867,-1,-1,-1
604,879,1624252589922,-1,-1,-1
605,615,1624252590869,-1,-1,-1
606,703,1624252592898,-1,-1,-1
607,679,1624252593888,-1,-1,-1
608,791,1624252593889,-1,-1,-1
609,727,1624252594924,-1,-1,-1
610,695,1624252595891,-1,-1,-1
611,743,1624252596882,-1,-1,-1
612,767,1624252596882,-1,-1,-1
613,671,1624252597866,-1,-1,-1
614,775,1624252598879,-1,-1,-1
615,823,1624252599868,-1,-1,-1
616,695,1624252599868,-1,-1,-1
617,791,1624252602934,-1,-1,-1
618,671,1624252604938,-1,-1,-1
619,735,1624252608869,-1,-1,-1
620,751,1624252608869,-1,-1,-1
621,823,1624252609905,-1,-1,-1
622,703,1624252611888,-1,-1,-1
623,831,1624252612906,-1,-1,-1
624,759,1624252613913,-1,-1,-1
625,783,1624252614884,-1,-1,-1
626,735,1624252614884,-1,-1,-1
627,807,1624252615870,-1,-1,-1
628,783,1624252616884,-1,-1,-1
629,759,1624252617874,-1,-1,-1
630,807,1624252618883,-1,-1,-1
631,743,1624252618884,-1,-1,-1
632,623,1624252619871,-1,-1,-1
633,767,1624252621917,-1,-1,-1
634,719,1624252622876,-1,-1,-1
635,703,1624252623885,-1,-1,-1
636,815,1624252624894,-1,-1,-1
637,791,1624252624894,-1,-1,-1
638,759,1624252625887,-1,-1,-1
639,711,1624252626903,-1,-1,-1
640,743,1624252627894,-1,-1,-1
641,807,1624252627894,-1,-1,-1
642,575,1624252628871,-1,-1,-1
643,831,1624252629890,-1,-1,-1
644,967,1624252630897,-1,-1,-1
645,767,1624252631868,-1,-1,-1
646,759,1624252631868,-1,-1,-1
647,759,1624252632909,-1,-1,-1
648,735,1624252633870,-1,-1,-1
649,831,1624252634884,-1,-1,-1
650,743,1624252634884,-1,-1,-1
651,815,1624252635872,-1,-1,-1
652,687,1624252636886,-1,-1,-1
653,623,1624252638887,-1,-1,-1
654,767,1624252639877,-1,-1,-1
655,679,1624252639877,-1,-1,-1
656,807,1624252640867,-1,-1,-1
657,575,1624252642864,-1,-1,-1
658,743,1624252645885,-1,-1,-1
659,703,1624252648876,-1,-1,-1
660,727,1624252649866,-1,-1,-1
661,735,1624252650879,-1,-1,-1
662,711,1624252650879,-1,-1,-1
663,815,1624252651891,-1,-1,-1
664,759,1624252652929,-1,-1,-1
665,727,1624252653891,-1,-1,-1
666,711,1624252653891,-1,-1,-1
667,663,1624252656911,-1,-1,-1
668,727,1624252657921,-1,-1,-1
669,743,1624252658869,-1,-1,-1
670,559,1624252658869,-1,-1,-1
671,783,1624252659882,-1,-1,-1
672,735,1624252660892,-1,-1,-1
673,687,1624252660892,-1,-1,-1
674,703,1624252661878,-1,-1,-1
675,719,1624252662918,-1,-1,-1
676,703,1624252663904,-1,-1,-1
677,767,1624252663904,-1,-1,-1
678,543,1624252664871,-1,-1,-1
679,927,1624252665862,-1,-1,-1
680,751,1624252666877,-1,-1,-1
681,775,1624252666877,-1,-1,-1
682,839,1624252667911,-1,-1,-1
683,687,1624252668882,-1,-1,-1
684,735,1624252669870,-1,-1,-1
685,759,1624252671899,-1,-1,-1
686,703,1624252672863,-1,-1,-1
687,703,1624252672863,-1,-1,-1
688,767,1624252673878,-1,-1,-1
689,719,1624252674908,-1,-1,-1
690,711,1624252676887,-1,-1,-1
691,727,1624252677883,-1,-1,-1
692,695,1624252677883,-1,-1,-1
693,719,1624252678872,-1,-1,-1
694,743,1624252679862,-1,-1,-1
695,711,1624252680913,-1,-1,-1
696,759,1624252680913,-1,-1,-1
697,751,1624252681863,-1,-1,-1
698,735,1624252682876,-1,-1,-1
699,695,1624252682876,-1,-1,-1
700,535,1624252683867,-1,-1,-1
701,519,1624252685910,-1,-1,-1
702,695,1624252685910,-1,-1,-1
703,927,1624252686900,-1,-1,-1
704,751,1624252687893,-1,-1,-1
705,727,1624252688865,-1,-1,-1
706,655,1624252688865,-1,-1,-1
707,831,1624252689868,-1,-1,-1
708,687,1624252691876,-1,-1,-1
709,855,1624252692869,-1,-1,-1
710,727,1624252693901,-1,-1,-1
711,807,1624252694863,-1,-1,-1
712,807,1624252694863,-1,-1,-1
713,1007,1624252696871,-1,-1,-1
714,783,1624252697858,-1,-1,-1
715,663,1624252698866,-1,-1,-1
716,679,1624252699904,-1,-1,-1
717,871,1624252704927,-1,-1,-1
718,647,1624252705879,-1,-1,-1
719,751,1624252708887,-1,-1,-1
720,775,1624252710864,-1,-1,-1
721,711,1624252712900,-1,-1,-1
722,599,1624252713908,-1,-1,-1
723,871,1624252713908,-1,-1,-1
724,775,1624252714914,-1,-1,-1
725,839,1624252715885,-1,-1,-1
726,775,1624252716875,-1,-1,-1
727,743,1624252717909,-1,-1,-1
728,767,1624252717909,-1,-1,-1
729,775,1624252718898,-1,-1,-1
730,743,1624252719861,-1,-1,-1
731,775,1624252720904,-1,-1,-1
732,791,1624252720904,-1,-1,-1
733,735,1624252721869,-1,-1,-1
734,799,1624252722880,-1,-1,-1
735,711,1624252723893,-1,-1,-1
736,767,1624252723893,-1,-1,-1
737,735,1624252726863,-1,-1,-1
738,911,1624252728863,-1,-1,-1
739,487,1624252731906,-1,-1,-1
740,639,1624252734896,-1,-1,-1
741,695,1624252734896,-1,-1,-1
742,607,1624252736879,-1,-1,-1
743,727,1624252737885,-1,-1,-1
744,735,1624252740904,-1,-1,-1
745,759,1624252741872,-1,-1,-1
746,735,1624252742906,-1,-1,-1
747,743,1624252744858,-1,-1,-1
748,735,1624252745883,-1,-1,-1
749,647,1624252747921,-1,-1,-1
750,559,1624252748907,-1,-1,-1
751,991,1624252749921,-1,-1,-1
752,751,1624252749921,-1,-1,-1
753,727,1624252751860,-1,-1,-1
754,815,1624252757891,-1,-1,-1
755,511,1624252758857,-1,-1,-1
756,927,1624252759867,-1,-1,-1
757,695,1624252763877,-1,-1,-1
758,615,1624252763877,-1,-1,-1
759,919,1624252764890,-1,-1,-1
760,783,1624252765850,-1,-1,-1
761,663,1624252766863,-1,-1,-1
762,791,1624252766863,-1,-1,-1
763,727,1624252767900,-1,-1,-1
764,703,1624252772895,-1,-1,-1
765,807,1624252772895,-1,-1,-1
766,711,1624252776873,-1,-1,-1
767,759,1624252782885,-1,-1,-1
768,719,1624252783859,-1,-1,-1
769,751,1624252784892,-1,-1,-1
770,695,1624252784892,-1,-1,-1
771,815,1624252785867,-1,-1,-1
772,783,1624252786876,-1,-1,-1
773,799,1624252787888,-1,-1,-1
774,783,1624252787888,-1,-1,-1
775,847,1624252788899,-1,-1,-1
776,823,1624252789866,-1,-1,-1
777,775,1624252791867,-1,-1,-1
778,1063,1624252792902,-1,-1,-1
779,767,1624252794857,-1,-1,-1
780,703,1624252795871,-1,-1,-1
781,871,1624252799921,-1,-1,-1
782,767,1624252805859,-1,-1,-1
783,1007,1624252806874,-1,-1,-1
784,735,1624252809888,-1,-1,-1
785,695,1624252813921,-1,-1,-1
786,559,1624252814859,-1,-1,-1
787,935,1624252815896,-1,-1,-1
788,775,1624252815896,-1,-1,-1
789,743,1624252816908,-1,-1,-1
790,727,1624252817899,-1,-1,-1
791,775,1624252818869,-1,-1,-1
792,671,1624252818869,-1,-1,-1
793,511,1624252819858,-1,-1,-1
794,591,1624252820866,-1,-1,-1
795,831,1624252821858,-1,-1,-1
796,759,1624252822868,-1,-1,-1
797,791,1624252823857,-1,-1,-1
798,767,1624252823857,-1,-1,-1
799,519,1624252824847,-1,-1,-1
800,1007,1624252825868,-1,-1,-1
801,767,1624252826852,-1,-1,-1
802,703,1624252826852,-1,-1,-1
803,543,1624252829870,-1,-1,-1
804,719,1624252831876,-1,-1,-1
805,719,1624252832881,-1,-1,-1
806,799,1624252833849,-1,-1,-1
807,623,1624252833849,-1,-1,-1
808,839,1624252834883,-1,-1,-1
809,655,1624252835852,-1,-1,-1
810,943,1624252836894,-1,-1,-1
811,687,1624252836894,-1,-1,-1
812,623,1624252837855,-1,-1,-1
813,799,1624252838894,-1,-1,-1
814,767,1624252844850,-1,-1,-1
815,751,1624252844850,-1,-1,-1
816,607,1624252845924,-1,-1,-1
817,519,1624252845924,-1,-1,-1
818,719,1624252847864,-1,-1,-1
819,719,1624252849873,-1,-1,-1
820,695,1624252850862,-1,-1,-1
821,847,1624252851847,-1,-1,-1
822,767,1624252852863,-1,-1,-1
823,839,1624252854864,-1,-1,-1
824,775,1624252855851,-1,-1,-1
825,815,1624252856869,-1,-1,-1
826,663,1624252856869,-1,-1,-1
827,663,1624252858846,-1,-1,-1
828,679,1624252860851,-1,-1,-1
829,759,1624252861865,-1,-1,-1
830,735,1624252862876,-1,-1,-1
831,719,1624252863886,-1,-1,-1
832,799,1624252864854,-1,-1,-1
833,719,1624252864854,-1,-1,-1
834,807,1624252865891,-1,-1,-1
835,719,1624252867897,-1,-1,-1
836,863,1624252868885,-1,-1,-1
837,719,1624252869851,-1,-1,-1
838,719,1624252870885,-1,-1,-1
839,743,1624252872862,-1,-1,-1
840,535,1624252872863,-1,-1,-1
841,927,1624252873858,-1,-1,-1
842,775,1624252874865,-1,-1,-1
843,527,1624252875853,-1,-1,-1
844,951,1624252876844,-1,-1,-1
845,903,1624252876844,-1,-1,-1
846,703,1624252877860,-1,-1,-1
847,687,1624252878850,-1,-1,-1
848,639,1624252879866,-1,-1,-1
849,855,1624252879866,-1,-1,-1
850,815,1624252880852,-1,-1,-1
851,751,1624252881868,-1,-1,-1
852,767,1624252882906,-1,-1,-1
853,703,1624252882906,-1,-1,-1
854,703,1624252883871,-1,-1,-1
855,807,1624252884858,-1,-1,-1
856,799,1624252885866,-1,-1,-1
857,671,1624252885866,-1,-1,-1
858,711,1624252886858,-1,-1,-1
859,647,1624252887848,-1,-1,-1
860,911,1624252888864,-1,-1,-1
861,719,1624252888864,-1,-1,-1
862,783,1624252889849,-1,-1,-1
863,807,1624252890864,-1,-1,-1
864,775,1624252891854,-1,-1,-1
865,767,1624252892846,-1,-1,-1
866,799,1624252892846,-1,-1,-1
867,759,1624252895857,-1,-1,-1
868,815,1624252895857,-1,-1,-1
869,743,1624252896892,-1,-1,-1
870,759,1624252897860,-1,-1,-1
871,751,1624252899868,-1,-1,-1
872,751,1624252900897,-1,-1,-1
873,767,1624252901864,-1,-1,-1
874,727,1624252902855,-1,-1,-1
875,791,1624252902855,-1,-1,-1
876,719,1624252903852,-1,-1,-1
877,791,1624252904896,-1,-1,-1
878,743,1624252905869,-1,-1,-1
879,823,1624252905869,-1,-1,-1
880,751,1624252906863,-1,-1,-1
881,799,1624252907872,-1,-1,-1
882,751,1624252908868,-1,-1,-1
883,695,1624252908868,-1,-1,-1
884,735,1624252909855,-1,-1,-1
885,735,1624252910847,-1,-1,-1
886,703,1624252911856,-1,-1,-1
887,703,1624252911856,-1,-1,-1
888,823,1624252913861,-1,-1,-1
889,679,1624252914850,-1,-1,-1
890,727,1624252915886,-1,-1,-1
891,711,1624252916872,-1,-1,-1
892,655,1624252916872,-1,-1,-1
893,791,1624252918877,-1,-1,-1
894,663,1624252921846,-1,-1,-1
895,767,1624252921846,-1,-1,-1
896,639,1624252922884,-1,-1,-1
897,871,1624252923873,-1,-1,-1
898,687,1624252924915,-1,-1,-1
899,735,1624252924915,-1,-1,-1
900,735,1624252925850,-1,-1,-1
901,495,1624252926863,-1,-1,-1
902,583,1624252926863,-1,-1,-1
903,575,1624252928842,-1,-1,-1
904,687,1624252930872,-1,-1,-1
905,655,1624252931856,-1,-1,-1
906,807,1624252932896,-1,-1,-1
907,743,1624252932896,-1,-1,-1
908,775,1624252933866,-1,-1,-1
909,631,1624252934853,-1,-1,-1
910,951,1624252935837,-1,-1,-1
911,655,1624252935837,-1,-1,-1
912,647,1624252940864,-1,-1,-1
913,743,1624252941857,-1,-1,-1
914,743,1624252942885,-1,-1,-1
915,679,1624252943858,-1,-1,-1
916,775,1624252952851,-1,-1,-1
917,599,1624252952851,-1,-1,-1
918,671,1624252955871,-1,-1,-1
919,735,1624252956859,-1,-1,-1
920,783,1624252958861,-1,-1,-1
921,935,1624252960836,-1,-1,-1
922,719,1624252963895,-1,-1,-1
923,687,1624252963895,-1,-1,-1
924,695,1624252964889,-1,-1,-1
925,719,1624252965880,-1,-1,-1
926,791,1624252966846,-1,-1,-1
927,751,1624252966846,-1,-1,-1
928,735,1624252967886,-1,-1,-1
929,735,1624252968898,-1,-1,-1
930,735,1624252969840,-1,-1,-1
931,663,1624252971870,-1,-1,-1
932,759,1624252971870,-1,-1,-1
933,743,1624252972880,-1,-1,-1
934,759,1624252973888,-1,-1,-1
935,743,1624252974856,-1,-1,-1
936,727,1624252974856,-1,-1,-1
937,783,1624252975846,-1,-1,-1
938,783,1624252976844,-1,-1,-1
939,703,1624252977871,-1,-1,-1
940,591,1624252977871,-1,-1,-1
941,919,1624252978841,-1,-1,-1
942,743,1624252979853,-1,-1,-1
943,719,1624252980847,-1,-1,-1
944,703,1624252980847,-1,-1,-1
945,871,1624252981897,-1,-1,-1
946,975,1624252983879,-1,-1,-1
947,719,1624252984845,-1,-1,-1
948,631,1624252985838,-1,-1,-1
949,551,1624252990858,-1,-1,-1
950,887,1624252992858,-1,-1,-1
951,743,1624252999855,-1,-1,-1
952,711,1624253000842,-1,-1,-1
953,711,1624253001877,-1,-1,-1
954,727,1624253002886,-1,-1,-1
955,743,1624253002886,-1,-1,-1
956,759,1624253003835,-1,-1,-1
957,583,1624253004850,-1,-1,-1
958,911,1624253005860,-1,-1,-1
959,679,1624253010886,-1,-1,-1
960,727,1624253011845,-1,-1,-1
961,503,1624253011845,-1,-1,-1
962,791,1624253013852,-1,-1,-1
963,687,1624253014863,-1,-1,-1
964,639,1624253014863,-1,-1,-1
965,799,1624253015853,-1,-1,-1
966,751,1624253016845,-1,-1,-1
967,655,1624253017877,-1,-1,-1
968,767,1624253017877,-1,-1,-1
969,791,1624253018864,-1,-1,-1
970,767,1624253019858,-1,-1,-1
971,711,1624253020849,-1,-1,-1
972,767,1624253020849,-1,-1,-1
973,687,1624253021875,-1,-1,-1
974,583,1624253023842,-1,-1,-1
975,863,1624253024876,-1,-1,-1
976,703,1624253025866,-1,-1,-1
977,639,1624253025866,-1,-1,-1
978,911,1624253026834,-1,-1,-1
979,799,1624253027893,-1,-1,-1
980,735,1624253029896,-1,-1,-1
981,775,1624253030839,-1,-1,-1
982,735,1624253031850,-1,-1,-1
983,759,1624253032859,-1,-1,-1
984,719,1624253034848,-1,-1,-1
985,695,1624253035831,-1,-1,-1
986,727,1624253037857,-1,-1,-1
987,927,1624253038850,-1,-1,-1
988,511,1624253039836,-1,-1,-1
989,575,1624253039836,-1,-1,-1
990,703,1624253041860,-1,-1,-1
991,759,1624253042872,-1,-1,-1
992,823,1624253043843,-1,-1,-1
993,815,1624253043843,-1,-1,-1
994,823,1624253045848,-1,-1,-1
995,871,1624253046882,-1,-1,-1
996,663,1624253047852,-1,-1,-1
997,839,1624253048890,-1,-1,-1
998,839,1624253049844,-1,-1,-1
999,703,1624253049844,-1,-1,-1
1000,783,1624253050851,-1,-1,-1
1001,759,1624253051871,-1,-1,-1
1002,839,1624253052855,-1,-1,-1
1003,751,1624253059842,-1,-1,-1
1004,791,1624253060901,-1,-1,-1
1005,1031,1624253063842,-1,-1,-1
1006,863,1624253066840,-1,-1,-1
1007,671,1624253070846,-1,-1,-1
1008,671,1624253070846,-1,-1,-1
1009,727,1624253071834,-1,-1,-1
1010,671,1624253072842,-1,-1,-1
1011,527,1624253072842,-1,-1,-1
1012,583,1624253073834,-1,-1,-1
1013,471,1624253076852,-1,-1,-1
1014,735,1624253078876,-1,-1,-1
1015,727,1624253079888,-1,-1,-1
1016,767,1624253080833,-1,-1,-1
1017,751,1624253080833,-1,-1,-1
1018,575,1624253081891,-1,-1,-1
1019,855,1624253082855,-1,-1,-1
1020,815,1624253083843,-1,-1,-1
1021,743,1624253083844,-1,-1,-1
1022,799,1624253084835,-1,-1,-1
1023,743,1624253085856,-1,-1,-1
1024,663,1624253086859,-1,-1,-1
1025,919,1624253087848,-1,-1,-1
1026,591,1624253087848,-1,-1,-1
1027,1047,1624253088889,-1,-1,-1
1028,775,1624253089830,-1,-1,-1
1029,743,1624253090849,-1,-1,-1
1030,767,1624253090849,-1,-1,-1
1031,727,1624253091856,-1,-1,-1
1032,719,1624253093839,-1,-1,-1
1033,775,1624253094876,-1,-1,-1
1034,583,1624253095847,-1,-1,-1
1035,823,1624253096832,-1,-1,-1
1036,687,1624253096832,-1,-1,-1
1037,807,1624253097870,-1,-1,-1
1038,703,1624253098859,-1,-1,-1
1039,807,1624253099848,-1,-1,-1
1040,695,1624253099848,-1,-1,-1
1041,727,1624253100884,-1,-1,-1
1042,679,1624253101871,-1,-1,-1
1043,711,1624253107878,-1,-1,-1
1044,783,1624253108845,-1,-1,-1
1045,799,1624253109831,-1,-1,-1
1046,751,1624253110874,-1,-1,-1
1047,743,1624253110874,-1,-1,-1
1048,495,1624253112827,-1,-1,-1
1049,679,1624253113840,-1,-1,-1
1050,703,1624253113840,-1,-1,-1
1051,863,1624253114828,-1,-1,-1
1052,631,1624253115846,-1,-1,-1
1053,583,1624253115846,-1,-1,-1
1054,935,1624253116827,-1,-1,-1
1055,687,1624253119852,-1,-1,-1
1056,767,1624253119852,-1,-1,-1
1057,599,1624253120845,-1,-1,-1
1058,855,1624253121832,-1,-1,-1
1059,535,1624253121832,-1,-1,-1
1060,943,1624253122846,-1,-1,-1
1061,759,1624253123830,-1,-1,-1
1062,759,1624253124891,-1,-1,-1
1063,727,1624253124891,-1,-1,-1
1064,519,1624253125838,-1,-1,-1
1065,943,1624253126888,-1,-1,-1
1066,559,1624253127858,-1,-1,-1
1067,911,1624253127858,-1,-1,-1
1068,727,1624253128853,-1,-1,-1
1069,687,1624253129838,-1,-1,-1
1070,751,1624253131842,-1,-1,-1
1071,559,1624253132825,-1,-1,-1
1072,887,1624253132825,-1,-1,-1
1073,663,1624253133883,-1,-1,-1
1074,775,1624253134832,-1,-1,-1
1075,743,1624253135841,-1,-1,-1
1076,759,1624253135841,-1,-1,-1
1077,703,1624253136832,-1,-1,-1
1078,583,1624253137846,-1,-1,-1
1079,735,1624253139844,-1,-1,-1
1080,751,1624253140840,-1,-1,-1
1081,695,1624253140840,-1,-1,-1
1082,679,1624253141832,-1,-1,-1
1083,783,1624253142849,-1,-1,-1
1084,735,1624253143883,-1,-1,-1
1085,735,1624253143883,-1,-1,-1
1086,751,1624253144894,-1,-1,-1
1087,711,1624253146871,-1,-1,-1
1088,687,1624253147839,-1,-1,-1
1089,743,1624253148850,-1,-1,-1
1090,655,1624253148850,-1,-1,-1
1091,783,1624253149884,-1,-1,-1
1092,679,1624253150826,-1,-1,-1
1093,575,1624253150826,-1,-1,-1
1094,895,1624253151836,-1,-1,-1
1095,711,1624253152828,-1,-1,-1
1096,687,1624253153841,-1,-1,-1
1097,687,1624253153841,-1,-1,-1
1098,679,1624253154836,-1,-1,-1
1099,799,1624253155845,-1,-1,-1
1100,743,1624253156877,-1,-1,-1
1101,743,1624253156878,-1,-1,-1
1102,703,1624253157852,-1,-1,-1
1103,831,1624253158864,-1,-1,-1
1104,719,1624253159853,-1,-1,-1
1105,751,1624253159853,-1,-1,-1
1106,679,1624253162889,-1,-1,-1
1107,759,1624253162889,-1,-1,-1
1108,759,1624253163858,-1,-1,-1
1109,487,1624253164894,-1,-1,-1
1110,967,1624253165864,-1,-1,-1
1111,1000,1624253167867,-1,-1,-1
1112,695,1624253169868,-1,-1,-1
1113,735,1624253170856,-1,-1,-1
1114,615,1624253170856,-1,-1,-1
1115,655,1624253178866,-1,-1,-1
1116,919,1624253181862,-1,-1,-1
1117,559,1624253182876,-1,-1,-1
1118,759,1624253183885,-1,-1,-1
1119,663,1624253183885,-1,-1,-1
1120,719,1624253184852,-1,-1,-1
1121,695,1624253185892,-1,-1,-1
1122,735,1624253185892,-1,-1,-1
1123,711,1624253186856,-1,-1,-1
1124,695,1624253187911,-1,-1,-1
1125,679,1624253191854,-1,-1,-1
1126,671,1624253197857,-1,-1,-1
1127,799,1624253198848,-1,-1,-1
1128,639,1624253199858,-1,-1,-1
1129,551,1624253199858,-1,-1,-1
1130,663,1624253201861,-1,-1,-1
1131,655,1624253205869,-1,-1,-1
1132,767,1624253209849,-1,-1,-1
1133,727,1624253210885,-1,-1,-1
1134,775,1624253210885,-1,-1,-1
1135,527,1624253211852,-1,-1,-1
1136,591,1624253212907,-1,-1,-1
1137,727,1624253213875,-1,-1,-1
1138,775,1624253214873,-1,-1,-1
1139,703,1624253217906,-1,-1,-1
1140,711,1624253219862,-1,-1,-1
1141,767,1624253220854,-1,-1,-1
1142,655,1624253223871,-1,-1,-1
1143,663,1624253224862,-1,-1,-1
1144,671,1624253224862,-1,-1,-1
1145,679,1624253225850,-1,-1,-1
1146,871,1624253226914,-1,-1,-1
1147,719,1624253226914,-1,-1,-1
1148,679,1624253227878,-1,-1,-1
1149,727,1624253229879,-1,-1,-1
1150,735,1624253230889,-1,-1,-1
1151,671,1624253231855,-1,-1,-1
1152,639,1624253233881,-1,-1,-1
1153,759,1624253234844,-1,-1,-1
1154,807,1624253236851,-1,-1,-1
1155,743,1624253237886,-1,-1,-1
1156,751,1624253237886,-1,-1,-1
1157,711,1624253238896,-1,-1,-1
1158,735,1624253239865,-1,-1,-1
1159,735,1624253240854,-1,-1,-1
1160,639,1624253240854,-1,-1,-1
1161,671,1624253241857,-1,-1,-1
1162,767,1624253243848,-1,-1,-1
1163,663,1624253245898,-1,-1,-1
1164,751,1624253246887,-1,-1,-1
1165,759,1624253247882,-1,-1,-1
1166,663,1624253247882,-1,-1,-1
1167,607,1624253249856,-1,-1,-1
1168,639,1624253251858,-1,-1,-1
1169,623,1624253252847,-1,-1,-1
1170,743,1624253253863,-1,-1,-1
1171,783,1624253254875,-1,-1,-1
1172,583,1624253255872,-1,-1,-1
1173,703,1624253257844,-1,-1,-1
1174,759,1624253258880,-1,-1,-1
1175,687,1624253258880,-1,-1,-1
1176,647,1624253259867,-1,-1,-1
1177,727,1624253260858,-1,-1,-1
1178,743,1624253261872,-1,-1,-1
1179,647,1624253261872,-1,-1,-1
1180,727,1624253262879,-1,-1,-1
1181,631,1624253263879,-1,-1,-1
1182,791,1624253263880,-1,-1,-1
1183,575,1624253264888,-1,-1,-1
1184,735,1624253265853,-1,-1,-1
1185,759,1624253265853,-1,-1,-1
1186,903,1624253266844,-1,-1,-1
1187,751,1624253271862,-1,-1,-1
1188,903,1624253273864,-1,-1,-1
1189,895,1624253274903,-1,-1,-1
1190,823,1624253276901,-1,-1,-1
1191,799,1624253277870,-1,-1,-1
1192,719,1624253278860,-1,-1,-1
1193,751,1624253279846,-1,-1,-1
1194,599,1624253279846,-1,-1,-1
1195,967,1624253280882,-1,-1,-1
1196,687,1624253281847,-1,-1,-1
1197,831,1624253282884,-1,-1,-1
1198,791,1624253283897,-1,-1,-1
1199,783,1624253283897,-1,-1,-1
1200,551,1624253285860,-1,-1,-1
1201,1039,1624253287903,-1,-1,-1
1202,631,1624253287903,-1,-1,-1
1203,727,1624253288873,-1,-1,-1
1204,671,1624253289867,-1,-1,-1
1205,631,1624253289867,-1,-1,-1
1206,959,1624253290851,-1,-1,-1
1207,799,1624253291886,-1,-1,-1
1208,807,1624253293890,-1,-1,-1
1209,671,1624253294854,-1,-1,-1
1210,695,1624253298839,-1,-1,-1
1211,711,1624253298839,-1,-1,-1
1212,687,1624253299851,-1,-1,-1
1213,703,1624253301874,-1,-1,-1
1214,775,1624253303853,-1,-1,-1
1215,823,1624253306873,-1,-1,-1
1216,695,1624253309864,-1,-1,-1
1217,623,1624253310877,-1,-1,-1
1218,687,1624253310877,-1,-1,-1
1219,751,1624253311845,-1,-1,-1
1220,887,1624253312900,-1,-1,-1
1221,663,1624253316833,-1,-1,-1
1222,679,1624253320885,-1,-1,-1
1223,567,1624253320886,-1,-1,-1
1224,887,1624253321852,-1,-1,-1
1225,703,1624253322866,-1,-1,-1
1226,727,1624253323877,-1,-1,-1
1227,711,1624253326863,-1,-1,-1
1228,687,1624253330868,-1,-1,-1
1229,807,1624253331847,-1,-1,-1
1230,663,1624253331847,-1,-1,-1
1231,727,1624253332900,-1,-1,-1
1232,751,1624253333868,-1,-1,-1
1233,599,1624253333868,-1,-1,-1
1234,791,1624253334891,-1,-1,-1
1235,703,1624253335853,-1,-1,-1
1236,783,1624253336841,-1,-1,-1
1237,567,1624253336841,-1,-1,-1
1238,639,1624253337887,-1,-1,-1
1239,623,1624253338846,-1,-1,-1
1240,919,1624253339858,-1,-1,-1
1241,695,1624253339858,-1,-1,-1
1242,815,1624253340871,-1,-1,-1
1243,703,1624253341858,-1,-1,-1
1244,695,1624253341858,-1,-1,-1
1245,687,1624253342893,-1,-1,-1
1246,831,1624253345841,-1,-1,-1
1247,775,1624253345841,-1,-1,-1
1248,719,1624253346900,-1,-1,-1
1249,831,1624253347868,-1,-1,-1
1250,687,1624253348906,-1,-1,-1
1251,751,1624253348906,-1,-1,-1
1252,727,1624253349849,-1,-1,-1
1253,607,1624253350881,-1,-1,-1
1254,551,1624253350881,-1,-1,-1
1255,991,1624253351889,-1,-1,-1
1256,775,1624253352836,-1,-1,-1
1257,679,1624253353851,-1,-1,-1
1258,719,1624253353851,-1,-1,-1
1259,767,1624253354843,-1,-1,-1
1260,687,1624253355862,-1,-1,-1
1261,695,1624253356867,-1,-1,-1
1262,727,1624253356867,-1,-1,-1
1263,767,1624253357860,-1,-1,-1
1264,783,1624253359861,-1,-1,-1
1265,743,1624253360850,-1,-1,-1
1266,671,1624253361843,-1,-1,-1
1267,823,1624253361843,-1,-1,-1
1268,735,1624253364851,-1,-1,-1
1269,815,1624253365843,-1,-1,-1
1270,743,1624253366833,-1,-1,-1
1271,703,1624253371849,-1,-1,-1
1272,847,1624253372837,-1,-1,-1
1273,679,1624253373848,-1,-1,-1
1274,807,1624253373849,-1,-1,-1
1275,839,1624253374840,-1,-1,-1
1276,719,1624253376846,-1,-1,-1
1277,559,1624253379885,-1,-1,-1
1278,847,1624253380855,-1,-1,-1
1279,775,1624253381847,-1,-1,-1
1280,727,1624253382848,-1,-1,-1
1281,831,1624253382849,-1,-1,-1
1282,767,1624253383839,-1,-1,-1
1283,751,1624253384830,-1,-1,-1
1284,775,1624253385892,-1,-1,-1
1285,727,1624253385892,-1,-1,-1
1286,759,1624253386862,-1,-1,-1
1287,727,1624253387853,-1,-1,-1
1288,727,1624253388843,-1,-1,-1
1289,703,1624253390847,-1,-1,-1
1290,703,1624253390847,-1,-1,-1
1291,631,1624253391852,-1,-1,-1
1292,831,1624253392886,-1,-1,-1
1293,967,1624253394871,-1,-1,-1
1294,791,1624253395838,-1,-1,-1
1295,703,1624253395838,-1,-1,-1
1296,583,1624253396860,-1,-1,-1
1297,823,1624253397841,-1,-1,-1
1298,703,1624253399843,-1,-1,-1
1299,799,1624253400867,-1,-1,-1
1300,815,1624253402875,-1,-1,-1
1301,735,1624253403870,-1,-1,-1
1302,575,1624253407854,-1,-1,-1
1303,607,1624253408841,-1,-1,-1
1304,727,1624253411887,-1,-1,-1
1305,511,1624253411887,-1,-1,-1
1306,839,1624253412894,-1,-1,-1
1307,719,1624253413885,-1,-1,-1
1308,647,1624253414848,-1,-1,-1
1309,743,1624253414848,-1,-1,-1
1310,735,1624253415838,-1,-1,-1
1311,807,1624253416874,-1,-1,-1
1312,743,1624253417846,-1,-1,-1
1313,751,1624253417846,-1,-1,-1
1314,783,1624253418855,-1,-1,-1
1315,703,1624253419846,-1,-1,-1
1316,727,1624253421866,-1,-1,-1
1317,711,1624253422877,-1,-1,-1
1318,815,1624253423846,-1,-1,-1
1319,695,1624253423846,-1,-1,-1
1320,831,1624253424834,-1,-1,-1
1321,623,1624253425847,-1,-1,-1
1322,711,1624253425847,-1,-1,-1
1323,735,1624253426873,-1,-1,-1
1324,591,1624253427901,-1,-1,-1
1325,711,1624253429878,-1,-1,-1
1326,751,1624253443910,-1,-1,-1
1327,783,1624253444835,-1,-1,-1
1328,695,1624253444835,-1,-1,-1
1329,703,1624253447851,-1,-1,-1
1330,759,1624253447851,-1,-1,-1
1331,607,1624253448859,-1,-1,-1
1332,863,1624253449876,-1,-1,-1
1333,703,1624253449876,-1,-1,-1
1334,711,1624253450845,-1,-1,-1
1335,751,1624253452837,-1,-1,-1
1336,799,1624253459851,-1,-1,-1
1337,743,1624253460859,-1,-1,-1
1338,727,1624253461913,-1,-1,-1
1339,583,1624253461914,-1,-1,-1
1340,911,1624253462889,-1,-1,-1
1341,679,1624253463862,-1,-1,-1
1342,759,1624253464836,-1,-1,-1
1343,711,1624253464837,-1,-1,-1
1344,487,1624253465927,-1,-1,-1
1345,655,1624253465927,-1,-1,-1
1346,743,1624253467875,-1,-1,-1
1347,759,1624253468886,-1,-1,-1
1348,687,1624253469859,-1,-1,-1
1349,671,1624253469859,-1,-1,-1
1350,959,1624253473875,-1,-1,-1
1351,887,1624253474927,-1,-1,-1
1352,815,1624253475942,-1,-1,-1
1353,695,1624253476838,-1,-1,-1
1354,607,1624253476839,-1,-1,-1
1355,887,1624253477889,-1,-1,-1
1356,759,1624253478856,-1,-1,-1
1357,727,1624253479836,-1,-1,-1
1358,743,1624253479836,-1,-1,-1
1359,751,1624253480864,-1,-1,-1
1360,719,1624253482880,-1,-1,-1
1361,703,1624253483854,-1,-1,-1
1362,703,1624253484883,-1,-1,-1
1363,687,1624253484883,-1,-1,-1
1364,511,1624253485838,-1,-1,-1
1365,959,1624253486853,-1,-1,-1
1366,767,1624253487866,-1,-1,-1
1367,695,1624253487866,-1,-1,-1
1368,775,1624253488835,-1,-1,-1
1369,671,1624253489854,-1,-1,-1
1370,687,1624253489854,-1,-1,-1
1371,831,1624253490864,-1,-1,-1
1372,687,1624253491841,-1,-1,-1
1373,751,1624253493863,-1,-1,-1
1374,679,1624253494835,-1,-1,-1
1375,767,1624253496861,-1,-1,-1
1376,727,1624253497841,-1,-1,-1
1377,791,1624253499858,-1,-1,-1
1378,655,1624253500832,-1,-1,-1
1379,679,1624253500832,-1,-1,-1
1380,735,1624253501847,-1,-1,-1
1381,687,1624253502827,-1,-1,-1
1382,671,1624253504850,-1,-1,-1
1383,687,1624253505820,-1,-1,-1
1384,711,1624253505820,-1,-1,-1
1385,575,1624253506838,-1,-1,-1
1386,799,1624253507850,-1,-1,-1
1387,879,1624253510883,-1,-1,-1
1388,751,1624253511858,-1,-1,-1
1389,727,1624253511858,-1,-1,-1
1390,751,1624253512837,-1,-1,-1
1391,719,1624253513852,-1,-1,-1
1392,759,1624253514824,-1,-1,-1
1393,751,1624253514824,-1,-1,-1
1394,575,1624253515838,-1,-1,-1
1395,935,1624253516847,-1,-1,-1
1396,743,1624253517904,-1,-1,-1
1397,695,1624253517904,-1,-1,-1
1398,863,1624253518834,-1,-1,-1
1399,719,1624253519849,-1,-1,-1
1400,743,1624253520822,-1,-1,-1
1401,703,1624253520822,-1,-1,-1
1402,743,1624253521839,-1,-1,-1
1403,735,1624253522851,-1,-1,-1
1404,743,1624253523825,-1,-1,-1
1405,655,1624253523825,-1,-1,-1
1406,727,1624253524841,-1,-1,-1
1407,679,1624253528884,-1,-1,-1
1408,631,1624253531846,-1,-1,-1
1409,759,1624253533833,-1,-1,-1
1410,671,1624253534846,-1,-1,-1
1411,719,1624253536835,-1,-1,-1
1412,719,1624253537849,-1,-1,-1
1413,567,1624253538829,-1,-1,-1
1414,831,1624253541828,-1,-1,-1
1415,775,1624253542842,-1,-1,-1
1416,815,1624253546847,-1,-1,-1
1417,703,1624253548833,-1,-1,-1
1418,583,1624253551850,-1,-1,-1
1419,783,1624253555881,-1,-1,-1
1420,631,1624253555881,-1,-1,-1
1421,855,1624253560873,-1,-1,-1
1422,695,1624253560873,-1,-1,-1
1423,759,1624253564853,-1,-1,-1
1424,671,1624253565829,-1,-1,-1
1425,759,1624253566834,-1,-1,-1
1426,703,1624253566835,-1,-1,-1
1427,735,1624253567852,-1,-1,-1
1428,695,1624253568825,-1,-1,-1
1429,823,1624253568825,-1,-1,-1
1430,743,1624253569840,-1,-1,-1
1431,791,1624253570901,-1,-1,-1
1432,631,1624253571862,-1,-1,-1
1433,663,1624253577857,-1,-1,-1
1434,783,1624253577857,-1,-1,-1
1435,591,1624253585848,-1,-1,-1
1436,711,1624253590872,-1,-1,-1
1437,823,1624253593914,-1,-1,-1
1438,535,1624253593914,-1,-1,-1
1439,687,1624253595825,-1,-1,-1
1440,767,1624253596838,-1,-1,-1
1441,783,1624253597852,-1,-1,-1
1442,759,1624253599838,-1,-1,-1
1443,807,1624253600850,-1,-1,-1
1444,679,1624253601897,-1,-1,-1
1445,791,1624253602845,-1,-1,-1
1446,751,1624253602845,-1,-1,-1
1447,751,1624253603851,-1,-1,-1
1448,775,1624253604829,-1,-1,-1
1449,727,1624253605878,-1,-1,-1
1450,751,1624253605878,-1,-1,-1
1451,759,1624253606851,-1,-1,-1
1452,919,1624253608838,-1,-1,-1
1453,703,1624253609885,-1,-1,-1
1454,695,1624253610821,-1,-1,-1
1455,783,1624253611834,-1,-1,-1
1456,759,1624253611834,-1,-1,-1
1457,759,1624253612853,-1,-1,-1
1458,695,1624253613859,-1,-1,-1
1459,823,1624253614835,-1,-1,-1
1460,807,1624253614835,-1,-1,-1
1461,767,1624253615924,-1,-1,-1
1462,751,1624253616825,-1,-1,-1
1463,511,1624253616825,-1,-1,-1
1464,943,1624253617836,-1,-1,-1
1465,743,1624253618850,-1,-1,-1
1466,759,1624253619825,-1,-1,-1
1467,735,1624253620837,-1,-1,-1
1468,703,1624253620837,-1,-1,-1
1469,655,1624253621851,-1,-1,-1
1470,543,1624253622862,-1,-1,-1
1471,807,1624253623835,-1,-1,-1
1472,679,1624253624846,-1,-1,-1
1473,687,1624253625822,-1,-1,-1
1474,807,1624253626913,-1,-1,-1
1475,743,1624253629840,-1,-1,-1
1476,735,1624253630851,-1,-1,-1
1477,599,1624253631821,-1,-1,-1
1478,711,1624253631821,-1,-1,-1
1479,887,1624253632851,-1,-1,-1
1480,759,1624253633847,-1,-1,-1
1481,719,1624253634822,-1,-1,-1
1482,703,1624253634822,-1,-1,-1
1483,759,1624253635854,-1,-1,-1
1484,751,1624253637821,-1,-1,-1
1485,711,1624253638838,-1,-1,-1
1486,655,1624253639816,-1,-1,-1
1487,759,1624253639816,-1,-1,-1
1488,775,1624253640829,-1,-1,-1
1489,719,1624253641838,-1,-1,-1
1490,847,1624253643898,-1,-1,-1
1491,727,1624253644871,-1,-1,-1
1492,703,1624253645808,-1,-1,-1
1493,775,1624253648853,-1,-1,-1
1494,719,1624253649826,-1,-1,-1
1495,583,1624253650892,-1,-1,-1
1496,503,1624253650892,-1,-1,-1
1497,759,1624253652859,-1,-1,-1
1498,767,1624253653838,-1,-1,-1
1499,679,1624253655826,-1,-1,-1
1500,863,1624253657846,-1,-1,-1
1501,679,1624253658832,-1,-1,-1
1502,711,1624253659876,-1,-1,-1
1503,663,1624253661826,-1,-1,-1
1504,823,1624253662837,-1,-1,-1
1505,815,1624253663850,-1,-1,-1
1506,791,1624253663850,-1,-1,-1
1507,735,1624253664827,-1,-1,-1
1508,687,1624253665837,-1,-1,-1
1509,839,1624253666811,-1,-1,-1
1510,767,1624253666811,-1,-1,-1
1511,671,1624253667820,-1,-1,-1
1512,791,1624253668842,-1,-1,-1
1513,679,1624253669813,-1,-1,-1
1514,711,1624253669813,-1,-1,-1
1515,847,1624253670898,-1,-1,-1
1516,647,1624253671874,-1,-1,-1
1517,647,1624253671874,-1,-1,-1
1518,775,1624253674844,-1,-1,-1
1519,759,1624253674844,-1,-1,-1
1520,615,1624253675812,-1,-1,-1
1521,903,1624253676860,-1,-1,-1
1522,671,1624253677907,-1,-1,-1
1523,767,1624253677907,-1,-1,-1
1524,767,1624253678856,-1,-1,-1
1525,655,1624253679859,-1,-1,-1
1526,727,1624253680836,-1,-1,-1
1527,663,1624253682825,-1,-1,-1
1528,791,1624253682826,-1,-1,-1
1529,655,1624253683837,-1,-1,-1
1530,791,1624253684888,-1,-1,-1
1531,695,1624253685826,-1,-1,-1
1532,519,1624253685826,-1,-1,-1
1533,783,1624253687812,-1,-1,-1
1534,695,1624253688825,-1,-1,-1
1535,823,1624253688825,-1,-1,-1
1536,655,1624253689836,-1,-1,-1
1537,647,1624253702813,-1,-1,-1
1538,647,1624253702813,-1,-1,-1
1539,631,1624253703841,-1,-1,-1
1540,703,1624253704846,-1,-1,-1
1541,727,1624253704846,-1,-1,-1
1542,703,1624253705813,-1,-1,-1
1543,551,1624253707877,-1,-1,-1
1544,903,1624253709859,-1,-1,-1
1545,727,1624253710910,-1,-1,-1
1546,719,1624253711852,-1,-1,-1
1547,735,1624253712826,-1,-1,-1
1548,687,1624253712826,-1,-1,-1
1549,767,1624253713837,-1,-1,-1
1550,759,1624253714867,-1,-1,-1
1551,743,1624253715824,-1,-1,-1
1552,663,1624253715824,-1,-1,-1
1553,775,1624253716881,-1,-1,-1
1554,783,1624253717889,-1,-1,-1
1555,711,1624253718880,-1,-1,-1
1556,679,1624253718880,-1,-1,-1
1557,839,1624253719835,-1,-1,-1
1558,839,1624253720847,-1,-1,-1
1559,687,1624253721827,-1,-1,-1
1560,735,1624253721827,-1,-1,-1
1561,791,1624253723847,-1,-1,-1
1562,743,1624253726850,-1,-1,-1
1563,679,1624253726850,-1,-1,-1
1564,687,1624253727825,-1,-1,-1
1565,807,1624253728840,-1,-1,-1
1566,767,1624253730825,-1,-1,-1
1567,711,1624253731873,-1,-1,-1
1568,823,1624253732810,-1,-1,-1
1569,759,1624253732811,-1,-1,-1
1570,695,1624253733819,-1,-1,-1
1571,815,1624253734833,-1,-1,-1
1572,847,1624253741817,-1,-1,-1
1573,735,1624253742859,-1,-1,-1
1574,719,1624253743836,-1,-1,-1
1575,735,1624253743836,-1,-1,-1
1576,735,1624253744847,-1,-1,-1
1577,727,1624253745829,-1,-1,-1
1578,727,1624253746841,-1,-1,-1
1579,759,1624253746841,-1,-1,-1
1580,735,1624253747815,-1,-1,-1
1581,695,1624253748863,-1,-1,-1
1582,647,1624253748863,-1,-1,-1
1583,623,1624253751825,-1,-1,-1
1584,775,1624253753812,-1,-1,-1
1585,719,1624253753812,-1,-1,-1
1586,799,1624253754824,-1,-1,-1
1587,751,1624253755837,-1,-1,-1
1588,743,1624253756808,-1,-1,-1
1589,623,1624253758832,-1,-1,-1
1590,959,1624253760825,-1,-1,-1
1591,567,1624253761832,-1,-1,-1
1592,871,1624253762847,-1,-1,-1
1593,519,1624253764833,-1,-1,-1
1594,775,1624253765811,-1,-1,-1
1595,791,1624253765812,-1,-1,-1
1596,599,1624253766862,-1,-1,-1
1597,775,1624253774820,-1,-1,-1
1598,751,1624253774820,-1,-1,-1
1599,727,1624253775824,-1,-1,-1
1600,695,1624253776837,-1,-1,-1
1601,751,1624253778835,-1,-1,-1
1602,751,1624253780825,-1,-1,-1
1603,791,1624253783810,-1,-1,-1
1604,703,1624253784842,-1,-1,-1
1605,743,1624253785871,-1,-1,-1
1606,799,1624253785871,-1,-1,-1
1607,727,1624253786813,-1,-1,-1
1608,799,1624253787829,-1,-1,-1
1609,743,1624253788854,-1,-1,-1
1610,631,1624253788854,-1,-1,-1
1611,799,1624253789816,-1,-1,-1
1612,727,1624253790899,-1,-1,-1
1613,751,1624253791839,-1,-1,-1
1614,719,1624253791840,-1,-1,-1
1615,671,1624253792886,-1,-1,-1
1616,783,1624253793822,-1,-1,-1
1617,687,1624253795812,-1,-1,-1
1618,791,1624253796825,-1,-1,-1
1619,759,1624253796825,-1,-1,-1
1620,655,1624253797881,-1,-1,-1
1621,727,1624253798812,-1,-1,-1
1622,943,1624253799825,-1,-1,-1
1623,759,1624253800838,-1,-1,-1
1624,775,1624253800839,-1,-1,-1
1625,767,1624253802335,-1,-1,-1
1626,735,1624253804322,-1,-1,-1
1627,711,1624253805334,-1,-1,-1
1628,663,1624253808862,-1,-1,-1
1629,687,1624253809878,-1,-1,-1
1630,719,1624253810813,-1,-1,-1
1631,735,1624253812838,-1,-1,-1
1632,799,1624253813853,-1,-1,-1
1633,719,1624253814828,-1,-1,-1
1634,615,1624253814828,-1,-1,-1
1635,775,1624253818839,-1,-1,-1
1636,623,1624253820354,-1,-1,-1
1637,679,1624253824842,-1,-1,-1
1638,655,1624253826899,-1,-1,-1
1639,743,1624253827837,-1,-1,-1
1640,255,1624253827837,-1,-1,-1
1641,823,1624253830917,-1,-1,-1
1642,687,1624253836309,-1,-1,-1
1643,695,1624253836309,-1,-1,-1
1644,823,1624253841337,-1,-1,-1
1645,759,1624253851389,-1,-1,-1
1646,743,1624253852325,-1,-1,-1
1647,615,1624253853301,-1,-1,-1
1648,879,1624253854317,-1,-1,-1
1649,743,1624253854317,-1,-1,-1
1650,719,1624253855320,-1,-1,-1
1651,759,1624253856374,-1,-1,-1
1652,623,1624253856374,-1,-1,-1
1653,863,1624253857311,-1,-1,-1
1654,711,1624253858361,-1,-1,-1
1655,591,1624253859334,-1,-1,-1
1656,583,1624253859334,-1,-1,-1
1657,487,1624253861363,-1,-1,-1
1658,959,1624253862295,-1,-1,-1
1659,759,1624253863307,-1,-1,-1
1660,719,1624253863307,-1,-1,-1
1661,823,1624253864325,-1,-1,-1
1662,695,1624253865298,-1,-1,-1
1663,703,1624253865298,-1,-1,-1
1664,647,1624253866314,-1,-1,-1
1665,743,1624253868299,-1,-1,-1
1666,767,1624253871384,-1,-1,-1
1667,687,1624253875350,-1,-1,-1
1668,767,1624253876324,-1,-1,-1
1669,639,1624253878309,-1,-1,-1
1670,807,1624253879323,-1,-1,-1
1671,695,1624253879324,-1,-1,-1
1672,639,1624253880306,-1,-1,-1
1673,751,1624253881345,-1,-1,-1
1674,727,1624253881345,-1,-1,-1
1675,735,1624253882320,-1,-1,-1
1676,479,1624253883296,-1,-1,-1
1677,759,1624253884314,-1,-1,-1
1678,727,1624253885332,-1,-1,-1
1679,823,1624253886300,-1,-1,-1
1680,799,1624253888326,-1,-1,-1
1681,727,1624253889298,-1,-1,-1
1682,783,1624253890385,-1,-1,-1
1683,951,1624253894325,-1,-1,-1
1684,823,1624253899351,-1,-1,-1
1685,687,1624253900323,-1,-1,-1
1686,687,1624253901299,-1,-1,-1
1687,623,1624253901299,-1,-1,-1
1688,743,1624253902312,-1,-1,-1
1689,815,1624253904337,-1,-1,-1
1690,759,1624253905318,-1,-1,-1
1691,727,1624253906399,-1,-1,-1
1692,703,1624253906400,-1,-1,-1
1693,695,1624253907300,-1,-1,-1
1694,631,1624253911317,-1,-1,-1
1695,775,1624253912327,-1,-1,-1
1696,711,1624253912327,-1,-1,-1
1697,711,1624253913302,-1,-1,-1
1698,671,1624253918358,-1,-1,-1
1699,767,1624253919296,-1,-1,-1
1700,759,1624253920349,-1,-1,-1
1701,695,1624253920349,-1,-1,-1
1702,759,1624253921326,-1,-1,-1
1703,567,1624253922376,-1,-1,-1
1704,943,1624253922376,-1,-1,-1
1705,679,1624253923312,-1,-1,-1
1706,799,1624253924321,-1,-1,-1
1707,751,1624253925339,-1,-1,-1
1708,735,1624253925339,-1,-1,-1
1709,687,1624253926354,-1,-1,-1
1710,759,1624253927362,-1,-1,-1
1711,679,1624253928336,-1,-1,-1
1712,711,1624253930324,-1,-1,-1
1713,751,1624253931340,-1,-1,-1
1714,575,1624253931340,-1,-1,-1
1715,831,1624253932313,-1,-1,-1
1716,759,1624253933328,-1,-1,-1
1717,759,1624253934303,-1,-1,-1
1718,727,1624253934303,-1,-1,-1
1719,743,1624253935312,-1,-1,-1
1720,743,1624253936328,-1,-1,-1
1721,751,1624253938309,-1,-1,-1
1722,863,1624253940298,-1,-1,-1
1723,647,1624253941388,-1,-1,-1
1724,711,1624253943296,-1,-1,-1
1725,807,1624253944308,-1,-1,-1
1726,711,1624253945325,-1,-1,-1
1727,535,1624253945326,-1,-1,-1
1728,975,1624253946337,-1,-1,-1
1729,663,1624253947351,-1,-1,-1
1730,719,1624253948321,-1,-1,-1
1731,759,1624253950347,-1,-1,-1
1732,575,1624253950347,-1,-1,-1
1733,799,1624253951401,-1,-1,-1
1734,743,1624253952301,-1,-1,-1
1735,703,1624253953348,-1,-1,-1
1736,767,1624253953348,-1,-1,-1
1737,599,1624253954362,-1,-1,-1
1738,855,1624253955305,-1,-1,-1
1739,503,1624253955305,-1,-1,-1
1740,911,1624253956313,-1,-1,-1
1741,687,1624253957326,-1,-1,-1
1742,663,1624253958335,-1,-1,-1
1743,575,1624253958335,-1,-1,-1
1744,855,1624253959310,-1,-1,-1
1745,743,1624253960321,-1,-1,-1
1746,743,1624253961301,-1,-1,-1
1747,783,1624253961301,-1,-1,-1
1748,711,1624253962346,-1,-1,-1
1749,551,1624253963327,-1,-1,-1
1750,631,1624253963327,-1,-1,-1
1751,839,1624253965322,-1,-1,-1
1752,935,1624253966333,-1,-1,-1
1753,599,1624253967375,-1,-1,-1
1754,783,1624253967375,-1,-1,-1
1755,735,1624253970295,-1,-1,-1
1756,735,1624253971309,-1,-1,-1
1757,743,1624253972323,-1,-1,-1
1758,727,1624253973300,-1,-1,-1
1759,759,1624253973301,-1,-1,-1
1760,735,1624253974317,-1,-1,-1
1761,631,1624253975329,-1,-1,-1
1762,903,1624253976303,-1,-1,-1
1763,607,1624253976303,-1,-1,-1
1764,711,1624253979299,-1,-1,-1
1765,759,1624253979299,-1,-1,-1
1766,767,1624253980312,-1,-1,-1
1767,783,1624253981360,-1,-1,-1
1768,751,1624253982296,-1,-1,-1
1769,743,1624253983309,-1,-1,-1
1770,767,1624253983309,-1,-1,-1
1771,783,1624253984290,-1,-1,-1
1772,759,1624253985338,-1,-1,-1
1773,743,1624253986356,-1,-1,-1
1774,767,1624253986356,-1,-1,-1
1775,775,1624253987286,-1,-1,-1
1776,735,1624253988301,-1,-1,-1
1777,759,1624253989313,-1,-1,-1
1778,775,1624253989313,-1,-1,-1
1779,767,1624253990293,-1,-1,-1
1780,727,1624253991377,-1,-1,-1
1781,727,1624253994302,-1,-1,-1
1782,719,1624253996363,-1,-1,-1
1783,695,1624253997303,-1,-1,-1
1784,743,1624253998314,-1,-1,-1
1785,727,1624253998314,-1,-1,-1
1786,687,1624253999290,-1,-1,-1
1787,831,1624254000300,-1,-1,-1
1788,695,1624254000300,-1,-1,-1
1789,727,1624254001312,-1,-1,-1
1790,727,1624254003301,-1,-1,-1
1791,655,1624254004313,-1,-1,-1
1792,783,1624254005289,-1,-1,-1
1793,751,1624254006302,-1,-1,-1
1794,727,1624254006302,-1,-1,-1
1795,711,1624254007317,-1,-1,-1
1796,799,1624254008321,-1,-1,-1
1797,791,1624254009297,-1,-1,-1
1798,503,1624254009297,-1,-1,-1
1799,1000,1624254010387,-1,-1,-1
1800,751,1624254011284,-1,-1,-1
1801,799,1624254012296,-1,-1,-1
1802,735,1624254012296,-1,-1,-1
1803,975,1624254015296,-1,-1,-1
1804,767,1624254016388,-1,-1,-1
1805,607,1624254018302,-1,-1,-1
1806,679,1624254018302,-1,-1,-1
1807,727,1624254019315,-1,-1,-1
1808,671,1624254020288,-1,-1,-1
1809,783,1624254024375,-1,-1,-1
1810,567,1624254024375,-1,-1,-1
1811,751,1624254025309,-1,-1,-1
1812,879,1624254026358,-1,-1,-1
1813,767,1624254026359,-1,-1,-1
1814,743,1624254029288,-1,-1,-1
1815,727,1624254030304,-1,-1,-1
1816,783,1624254032297,-1,-1,-1
1817,679,1624254035300,-1,-1,-1
1818,791,1624254035300,-1,-1,-1
1819,583,1624254036308,-1,-1,-1
1820,847,1624254037384,-1,-1,-1
1821,791,1624254038292,-1,-1,-1
1822,791,1624254038292,-1,-1,-1
1823,775,1624254042319,-1,-1,-1
1824,911,1624254043406,-1,-1,-1
1825,735,1624254047321,-1,-1,-1
1826,639,1624254051341,-1,-1,-1
1827,743,1624254052316,-1,-1,-1
1828,687,1624254053327,-1,-1,-1
1829,895,1624254057297,-1,-1,-1
1830,695,1624254058309,-1,-1,-1
1831,927,1624254059359,-1,-1,-1
1832,751,1624254060300,-1,-1,-1
1833,735,1624254061309,-1,-1,-1
1834,751,1624254061309,-1,-1,-1
1835,759,1624254062289,-1,-1,-1
1836,719,1624254063300,-1,-1,-1
1837,727,1624254065289,-1,-1,-1
1838,535,1624254065289,-1,-1,-1
1839,815,1624254068322,-1,-1,-1
1840,591,1624254069302,-1,-1,-1
1841,535,1624254069302,-1,-1,-1
1842,975,1624254070315,-1,-1,-1
1843,887,1624254071328,-1,-1,-1
1844,839,1624254074320,-1,-1,-1
1845,527,1624254074320,-1,-1,-1
1846,727,1624254075301,-1,-1,-1
1847,959,1624254076313,-1,-1,-1
1848,703,1624254077284,-1,-1,-1
1849,527,1624254077284,-1,-1,-1
1850,855,1624254078299,-1,-1,-1
1851,783,1624254079307,-1,-1,-1
1852,695,1624254080288,-1,-1,-1
1853,727,1624254080288,-1,-1,-1
1854,807,1624254081303,-1,-1,-1
1855,623,1624254082350,-1,-1,-1
1856,751,1624254083286,-1,-1,-1
1857,767,1624254085329,-1,-1,-1
1858,647,1624254086327,-1,-1,-1
1859,863,1624254086327,-1,-1,-1
1860,751,1624254087297,-1,-1,-1
1861,711,1624254088309,-1,-1,-1
1862,799,1624254089286,-1,-1,-1
1863,735,1624254089286,-1,-1,-1
1864,711,1624254090306,-1,-1,-1
1865,783,1624254091387,-1,-1,-1
1866,575,1624254092288,-1,-1,-1
1867,487,1624254093296,-1,-1,-1
1868,735,1624254094311,-1,-1,-1
1869,607,1624254094312,-1,-1,-1
1870,591,1624254095288,-1,-1,-1
1871,767,1624254098285,-1,-1,-1
1872,679,1624254098285,-1,-1,-1
1873,711,1624254100313,-1,-1,-1
1874,735,1624254101326,-1,-1,-1
1875,727,1624254102304,-1,-1,-1
1876,679,1624254103313,-1,-1,-1
1877,943,1624254104292,-1,-1,-1
1878,687,1624254104292,-1,-1,-1
1879,743,1624254107322,-1,-1,-1
1880,823,1624254107322,-1,-1,-1
1881,847,1624254112316,-1,-1,-1
1882,719,1624254113289,-1,-1,-1
1883,727,1624254128285,-1,-1,-1
1884,743,1624254129293,-1,-1,-1
1885,831,1624254132854,-1,-1,-1
1886,751,1624254133830,-1,-1,-1
1887,831,1624254134807,-1,-1,-1
1888,767,1624254134807,-1,-1,-1
1889,735,1624254135861,-1,-1,-1
1890,743,1624254136797,-1,-1,-1
1891,823,1624254137811,-1,-1,-1
1892,727,1624254138780,-1,-1,-1
1893,799,1624254140805,-1,-1,-1
1894,711,1624254143802,-1,-1,-1
1895,791,1624254143802,-1,-1,-1
1896,655,1624254144799,-1,-1,-1
1897,703,1624254145871,-1,-1,-1
1898,919,1624254146886,-1,-1,-1
1899,743,1624254148814,-1,-1,-1
1900,759,1624254149812,-1,-1,-1
1901,663,1624254149812,-1,-1,-1
1902,839,1624254150783,-1,-1,-1
1903,631,1624254151803,-1,-1,-1
1904,623,1624254156858,-1,-1,-1
1905,1031,1624254159787,-1,-1,-1
1906,727,1624254159787,-1,-1,-1
1907,711,1624254160870,-1,-1,-1
1908,727,1624254161812,-1,-1,-1
1909,551,1624254161812,-1,-1,-1
1910,799,1624254162780,-1,-1,-1
1911,687,1624254166794,-1,-1,-1
1912,647,1624254166794,-1,-1,-1
1913,823,1624254167813,-1,-1,-1
1914,711,1624254171820,-1,-1,-1
1915,655,1624254173805,-1,-1,-1
1916,743,1624254179809,-1,-1,-1
1917,767,1624254186817,-1,-1,-1
1918,943,1624254186817,-1,-1,-1
1919,559,1624254189859,-1,-1,-1
1920,767,1624254197850,-1,-1,-1
1921,695,1624254202874,-1,-1,-1
1922,703,1624254202874,-1,-1,-1
1923,735,1624254203809,-1,-1,-1
1924,751,1624254204784,-1,-1,-1
1925,719,1624254205871,-1,-1,-1
1926,519,1624254205871,-1,-1,-1
1927,951,1624254206805,-1,-1,-1
1928,591,1624254207781,-1,-1,-1
1929,703,1624254211796,-1,-1,-1
1930,815,1624254212805,-1,-1,-1
1931,727,1624254213781,-1,-1,-1
1932,655,1624254213781,-1,-1,-1
1933,879,1624254214795,-1,-1,-1
1934,687,1624254215891,-1,-1,-1
1935,727,1624254217790,-1,-1,-1
1936,831,1624254218847,-1,-1,-1
1937,639,1624254219801,-1,-1,-1
1938,839,1624254219801,-1,-1,-1
1939,687,1624254222818,-1,-1,-1
1940,847,1624254222818,-1,-1,-1
1941,607,1624254223802,-1,-1,-1
1942,599,1624254227821,-1,-1,-1
1943,831,1624254227821,-1,-1,-1
1944,703,1624254234822,-1,-1,-1
1945,751,1624254235792,-1,-1,-1
1946,751,1624254237779,-1,-1,-1
1947,551,1624254240781,-1,-1,-1
1948,959,1624254241867,-1,-1,-1
1949,903,1624254243780,-1,-1,-1
1950,751,1624254244793,-1,-1,-1
1951,791,1624254244793,-1,-1,-1
1952,679,1624254245804,-1,-1,-1
1953,935,1624254246781,-1,-1,-1
1954,655,1624254247792,-1,-1,-1
1955,775,1624254247792,-1,-1,-1
1956,815,1624254248802,-1,-1,-1
1957,783,1624254249779,-1,-1,-1
1958,807,1624254250830,-1,-1,-1
1959,647,1624254250830,-1,-1,-1
1960,791,1624254251808,-1,-1,-1
1961,815,1624254252782,-1,-1,-1
1962,767,1624254253793,-1,-1,-1
1963,695,1624254254807,-1,-1,-1
1964,519,1624254255821,-1,-1,-1
1965,975,1624254261820,-1,-1,-1
1966,679,1624254263804,-1,-1,-1
1967,775,1624254264856,-1,-1,-1
1968,751,1624254264856,-1,-1,-1
1969,759,1624254267788,-1,-1,-1
1970,719,1624254268797,-1,-1,-1
1971,855,1624254269847,-1,-1,-1
1972,743,1624254273781,-1,-1,-1
1973,935,1624254274792,-1,-1,-1
1974,743,1624254282858,-1,-1,-1
1975,719,1624254283793,-1,-1,-1
1976,879,1624254285791,-1,-1,-1
1977,791,1624254286797,-1,-1,-1
1978,783,1624254287811,-1,-1,-1
1979,695,1624254290891,-1,-1,-1
1980,799,1624254292795,-1,-1,-1
1981,727,1624254293811,-1,-1,-1
1982,791,1624254293811,-1,-1,-1
1983,735,1624254294782,-1,-1,-1
1984,767,1624254295793,-1,-1,-1
1985,727,1624254296807,-1,-1,-1
1986,687,1624254296807,-1,-1,-1
1987,879,1624254297781,-1,-1,-1
1988,679,1624254298834,-1,-1,-1
1989,711,1624254299806,-1,-1,-1
1990,751,1624254299806,-1,-1,-1
1991,823,1624254300781,-1,-1,-1
1992,703,1624254301869,-1,-1,-1
1993,791,1624254303783,-1,-1,-1
1994,815,1624254304800,-1,-1,-1
1995,751,1624254305807,-1,-1,-1
1996,655,1624254308812,-1,-1,-1
1997,743,1624254308812,-1,-1,-1
1998,775,1624254309820,-1,-1,-1
1999,695,1624254310830,-1,-1,-1
2000,751,1624254311843,-1,-1,-1
2001,751,1624254311843,-1,-1,-1
2002,719,1624254312782,-1,-1,-1
2003,751,1624254315780,-1,-1,-1
2004,839,1624254315780,-1,-1,-1
2005,775,1624254318785,-1,-1,-1
2006,719,1624254321784,-1,-1,-1
2007,1079,1624254322802,-1,-1,-1
2008,943,1624254326771,-1,-1,-1
2009,759,1624254328834,-1,-1,-1
2010,687,1624254345921,-1,-1,-1
2011,863,1624254346869,-1,-1,-1
2012,799,1624254346869,-1,-1,-1
2013,807,1624254347770,-1,-1,-1
2014,775,1624254348787,-1,-1,-1
2015,719,1624254349796,-1,-1,-1
2016,727,1624254350847,-1,-1,-1
2017,775,1624254350847,-1,-1,-1
2018,663,1624254352800,-1,-1,-1
2019,679,1624254353846,-1,-1,-1
2020,687,1624254354793,-1,-1,-1
2021,711,1624254354793,-1,-1,-1
2022,727,1624254355812,-1,-1,-1
2023,839,1624254356768,-1,-1,-1
2024,743,1624254357785,-1,-1,-1
2025,791,1624254358796,-1,-1,-1
2026,767,1624254360787,-1,-1,-1
2027,719,1624254360787,-1,-1,-1
2028,743,1624254361805,-1,-1,-1
2029,783,1624254362778,-1,-1,-1
2030,703,1624254363788,-1,-1,-1
2031,735,1624254363788,-1,-1,-1
2032,751,1624254364812,-1,-1,-1
2033,799,1624254365771,-1,-1,-1
2034,703,1624254366782,-1,-1,-1
2035,783,1624254366782,-1,-1,-1
2036,767,1624254367795,-1,-1,-1
2037,783,1624254368768,-1,-1,-1
2038,735,1624254369857,-1,-1,-1
2039,751,1624254369857,-1,-1,-1
2040,671,1624254370794,-1,-1,-1
2041,855,1624254371848,-1,-1,-1
2042,799,1624254372783,-1,-1,-1
2043,711,1624254372783,-1,-1,-1
2044,815,1624254373797,-1,-1,-1
2045,743,1624254374769,-1,-1,-1
2046,719,1624254375818,-1,-1,-1
2047,735,1624254375818,-1,-1,-1
2048,759,1624254376790,-1,-1,-1
2049,751,1624254377767,-1,-1,-1
2050,703,1624254378857,-1,-1,-1
2051,671,1624254378857,-1,-1,-1
2052,807,1624254379796,-1,-1,-1
2053,711,1624254380846,-1,-1,-1
2054,855,1624254381787,-1,-1,-1
2055,823,1624254382795,-1,-1,-1
2056,735,1624254384780,-1,-1,-1
2057,511,1624254384780,-1,-1,-1
2058,743,1624254386767,-1,-1,-1
2059,751,1624254387825,-1,-1,-1
2060,687,1624254388797,-1,-1,-1
2061,775,1624254388797,-1,-1,-1
2062,687,1624254389771,-1,-1,-1
2063,759,1624254390856,-1,-1,-1
2064,767,1624254393787,-1,-1,-1
2065,959,1624254395772,-1,-1,-1
2066,695,1624254395772,-1,-1,-1
2067,655,1624254396784,-1,-1,-1
2068,815,1624254399784,-1,-1,-1
2069,767,1624254400831,-1,-1,-1
2070,719,1624254401772,-1,-1,-1
2071,479,1624254401772,-1,-1,-1
2072,943,1624254402781,-1,-1,-1
2073,687,1624254403834,-1,-1,-1
2074,607,1624254403834,-1,-1,-1
2075,647,1624254405780,-1,-1,-1
2076,791,1624254411822,-1,-1,-1
2077,615,1624254414787,-1,-1,-1
2078,631,1624254415833,-1,-1,-1
2079,751,1624254417782,-1,-1,-1
2080,895,1624254419807,-1,-1,-1
2081,727,1624254420818,-1,-1,-1
2082,639,1624254423778,-1,-1,-1
2083,887,1624254423778,-1,-1,-1
2084,767,1624254424801,-1,-1,-1
2085,735,1624254425846,-1,-1,-1
2086,775,1624254426803,-1,-1,-1
2087,719,1624254426803,-1,-1,-1
2088,743,1624254427807,-1,-1,-1
2089,791,1624254428768,-1,-1,-1
2090,791,1624254429782,-1,-1,-1
2091,719,1624254430831,-1,-1,-1
2092,703,1624254430831,-1,-1,-1
2093,839,1624254431769,-1,-1,-1
2094,775,1624254432826,-1,-1,-1
2095,759,1624254433802,-1,-1,-1
2096,759,1624254433803,-1,-1,-1
2097,679,1624254436792,-1,-1,-1
2098,903,1624254436792,-1,-1,-1
2099,719,1624254437769,-1,-1,-1
2100,735,1624254438834,-1,-1,-1
2101,727,1624254439791,-1,-1,-1
2102,767,1624254439791,-1,-1,-1
2103,663,1624254440769,-1,-1,-1
2104,879,1624254441784,-1,-1,-1
2105,687,1624254442871,-1,-1,-1
2106,919,1624254443775,-1,-1,-1
2107,743,1624254443775,-1,-1,-1
2108,759,1624254444823,-1,-1,-1
2109,703,1624254445838,-1,-1,-1
2110,839,1624254446774,-1,-1,-1
2111,775,1624254448828,-1,-1,-1
2112,711,1624254449770,-1,-1,-1
2113,735,1624254449770,-1,-1,-1
2114,751,1624254450781,-1,-1,-1
2115,743,1624254451830,-1,-1,-1
2116,799,1624254452770,-1,-1,-1
2117,767,1624254452770,-1,-1,-1
2118,775,1624254453786,-1,-1,-1
2119,767,1624254454797,-1,-1,-1
2120,735,1624254455768,-1,-1,-1
2121,719,1624254455768,-1,-1,-1
2122,799,1624254456782,-1,-1,-1
2123,767,1624254457797,-1,-1,-1
2124,711,1624254458774,-1,-1,-1
2125,743,1624254458774,-1,-1,-1
2126,735,1624254459787,-1,-1,-1
2127,703,1624254460794,-1,-1,-1
2128,735,1624254461768,-1,-1,-1
2129,703,1624254461768,-1,-1,-1
2130,655,1624254463797,-1,-1,-1
2131,911,1624254464773,-1,-1,-1
2132,679,1624254465778,-1,-1,-1
2133,775,1624254466795,-1,-1,-1
2134,719,1624254466795,-1,-1,-1
2135,751,1624254467770,-1,-1,-1
2136,727,1624254468820,-1,-1,-1
2137,743,1624254469799,-1,-1,-1
2138,791,1624254469799,-1,-1,-1
2139,807,1624254470847,-1,-1,-1
2140,599,1624254471778,-1,-1,-1
2141,879,1624254472793,-1,-1,-1
2142,791,1624254473769,-1,-1,-1
2143,735,1624254473769,-1,-1,-1
2144,735,1624254474863,-1,-1,-1
2145,783,1624254475795,-1,-1,-1
2146,791,1624254476766,-1,-1,-1
2147,719,1624254476766,-1,-1,-1
2148,655,1624254477820,-1,-1,-1
2149,871,1624254478798,-1,-1,-1
2150,711,1624254479770,-1,-1,-1
2151,623,1624254479770,-1,-1,-1
2152,543,1624254480786,-1,-1,-1
2153,703,1624254481759,-1,-1,-1
2154,783,1624254482771,-1,-1,-1
2155,759,1624254483820,-1,-1,-1
2156,727,1624254484874,-1,-1,-1
2157,767,1624254485779,-1,-1,-1
2158,759,1624254485779,-1,-1,-1
2159,695,1624254486819,-1,-1,-1
2160,727,1624254487832,-1,-1,-1
2161,815,1624254488775,-1,-1,-1
2162,695,1624254488775,-1,-1,-1
2163,583,1624254489788,-1,-1,-1
2164,951,1624254490795,-1,-1,-1
2165,735,1624254490795,-1,-1,-1
2166,759,1624254491769,-1,-1,-1
2167,655,1624254492785,-1,-1,-1
2168,831,1624254493795,-1,-1,-1
2169,767,1624254494771,-1,-1,-1
2170,503,1624254494771,-1,-1,-1
2171,767,1624254496791,-1,-1,-1
2172,551,1624254496791,-1,-1,-1
2173,895,1624254497770,-1,-1,-1
2174,759,1624254498782,-1,-1,-1
2175,719,1624254499802,-1,-1,-1
2176,679,1624254501782,-1,-1,-1
2177,655,1624254502795,-1,-1,-1
2178,751,1624254504816,-1,-1,-1
2179,751,1624254505796,-1,-1,-1
2180,679,1624254505796,-1,-1,-1
2181,703,1624254506845,-1,-1,-1
2182,727,1624254507782,-1,-1,-1
2183,775,1624254509771,-1,-1,-1
2184,751,1624254510821,-1,-1,-1
2185,711,1624254511833,-1,-1,-1
2186,519,1624254512768,-1,-1,-1
2187,751,1624254513782,-1,-1,-1
2188,807,1624254515807,-1,-1,-1
2189,639,1624254517763,-1,-1,-1
2190,807,1624254518771,-1,-1,-1
2191,703,1624254519789,-1,-1,-1
2192,727,1624254519789,-1,-1,-1
2193,511,1624254520833,-1,-1,-1
2194,903,1624254521772,-1,-1,-1
2195,743,1624254522782,-1,-1,-1
2196,751,1624254522782,-1,-1,-1
2197,727,1624254524770,-1,-1,-1
2198,711,1624254525857,-1,-1,-1
2199,559,1624254526828,-1,-1,-1
2200,847,1624254527771,-1,-1,-1
2201,543,1624254527771,-1,-1,-1
2202,927,1624254528785,-1,-1,-1
2203,687,1624254529793,-1,-1,-1
2204,615,1624254531783,-1,-1,-1
2205,711,1624254533768,-1,-1,-1
2206,767,1624254534821,-1,-1,-1
2207,695,1624254535758,-1,-1,-1
2208,807,1624254535758,-1,-1,-1
2209,631,1624254536771,-1,-1,-1
2210,887,1624254537782,-1,-1,-1
2211,719,1624254538761,-1,-1,-1
2212,679,1624254538761,-1,-1,-1
2213,791,1624254539769,-1,-1,-1
2214,791,1624254540861,-1,-1,-1
2215,631,1624254540861,-1,-1,-1
2216,623,1624254541757,-1,-1,-1
2217,527,1624254548769,-1,-1,-1
2218,775,1624254548769,-1,-1,-1
2219,535,1624254549782,-1,-1,-1
2220,767,1624254550835,-1,-1,-1
2221,687,1624254552782,-1,-1,-1
2222,647,1624254552782,-1,-1,-1
2223,735,1624254553756,-1,-1,-1
2224,711,1624254554771,-1,-1,-1
2225,759,1624254555780,-1,-1,-1
2226,783,1624254555780,-1,-1,-1
2227,727,1624254556798,-1,-1,-1
2228,735,1624254557803,-1,-1,-1
2229,823,1624254558779,-1,-1,-1
2230,687,1624254558779,-1,-1,-1
2231,759,1624254559765,-1,-1,-1
2232,527,1624254560810,-1,-1,-1
2233,1000,1624254561782,-1,-1,-1
2234,751,1624254561782,-1,-1,-1
2235,711,1624254562761,-1,-1,-1
2236,751,1624254563769,-1,-1,-1
2237,735,1624254565833,-1,-1,-1
2238,767,1624254566780,-1,-1,-1
2239,759,1624254567820,-1,-1,-1
2240,751,1624254567820,-1,-1,-1
2241,799,1624254568760,-1,-1,-1
2242,759,1624254569809,-1,-1,-1
2243,703,1624254570863,-1,-1,-1
2244,791,1624254570863,-1,-1,-1
2245,807,1624254571758,-1,-1,-1
2246,727,1624254572773,-1,-1,-1
2247,743,1624254574797,-1,-1,-1
2248,775,1624254575843,-1,-1,-1
2249,799,1624254576783,-1,-1,-1
2250,799,1624254578774,-1,-1,-1
2251,759,1624254579820,-1,-1,-1
2252,679,1624254580799,-1,-1,-1
2253,759,1624254580799,-1,-1,-1
2254,735,1624254581770,-1,-1,-1
2255,727,1624254582824,-1,-1,-1
2256,735,1624254583755,-1,-1,-1
2257,671,1624254583755,-1,-1,-1
2258,743,1624254584769,-1,-1,-1
2259,575,1624254586760,-1,-1,-1
2260,895,1624254587807,-1,-1,-1
2261,703,1624254588782,-1,-1,-1
2262,743,1624254588782,-1,-1,-1
2263,695,1624254590770,-1,-1,-1
2264,719,1624254591781,-1,-1,-1
2265,807,1624254592756,-1,-1,-1
2266,727,1624254594781,-1,-1,-1
2267,799,1624254595761,-1,-1,-1
2268,735,1624254596851,-1,-1,-1
2269,783,1624254596851,-1,-1,-1
2270,711,1624254597787,-1,-1,-1
2271,743,1624254598760,-1,-1,-1
2272,887,1624254602847,-1,-1,-1
2273,759,1624254602847,-1,-1,-1
2274,767,1624254603781,-1,-1,-1
2275,679,1624254604755,-1,-1,-1
2276,711,1624254605768,-1,-1,-1
2277,895,1624254605768,-1,-1,-1
2278,711,1624254606782,-1,-1,-1
2279,767,1624254607762,-1,-1,-1
2280,535,1624254609789,-1,-1,-1
2281,943,1624254610757,-1,-1,-1
2282,815,1624254611807,-1,-1,-1
2283,727,1624254612819,-1,-1,-1
2284,743,1624254612820,-1,-1,-1
2285,727,1624254613794,-1,-1,-1
2286,751,1624254614768,-1,-1,-1
2287,751,1624254615782,-1,-1,-1
2288,647,1624254615782,-1,-1,-1
2289,839,1624254616760,-1,-1,-1
2290,703,1624254617768,-1,-1,-1
2291,767,1624254617768,-1,-1,-1
2292,759,1624254618780,-1,-1,-1
2293,775,1624254619758,-1,-1,-1
2294,687,1624254620772,-1,-1,-1
2295,719,1624254624818,-1,-1,-1
2296,727,1624254625756,-1,-1,-1
2297,743,1624254626770,-1,-1,-1
2298,727,1624254626770,-1,-1,-1
2299,735,1624254627782,-1,-1,-1
2300,775,1624254628759,-1,-1,-1
2301,783,1624254629807,-1,-1,-1
2302,687,1624254631756,-1,-1,-1
2303,759,1624254634756,-1,-1,-1
2304,751,1624254635845,-1,-1,-1
2305,783,1624254635845,-1,-1,-1
2306,767,1624254638770,-1,-1,-1
2307,655,1624254638770,-1,-1,-1
2308,823,1624254639785,-1,-1,-1
2309,687,1624254640832,-1,-1,-1
2310,687,1624254641771,-1,-1,-1
2311,719,1624254641771,-1,-1,-1
2312,759,1624254642784,-1,-1,-1
2313,495,1624254643795,-1,-1,-1
2314,687,1624254643795,-1,-1,-1
2315,639,1624254654783,-1,-1,-1
2316,927,1624254655835,-1,-1,-1
2317,775,1624254670760,-1,-1,-1
2318,703,1624254677767,-1,-1,-1
2319,543,1624254679756,-1,-1,-1
2320,671,1624254679756,-1,-1,-1
2321,687,1624254680770,-1,-1,-1
2322,479,1624254681744,-1,-1,-1
2323,719,1624254682756,-1,-1,-1
2324,767,1624254683806,-1,-1,-1
2325,695,1624254684821,-1,-1,-1
2326,703,1624254685797,-1,-1,-1
2327,455,1624254685797,-1,-1,-1
2328,759,1624254690823,-1,-1,-1
2329,719,1624254690823,-1,-1,-1
2330,735,1624254691791,-1,-1,-1
2331,967,1624254693745,-1,-1,-1
2332,807,1624254694755,-1,-1,-1
2333,679,1624254695767,-1,-1,-1
2334,639,1624254695767,-1,-1,-1
2335,783,1624254698773,-1,-1,-1
2336,631,1624254711819,-1,-1,-1
2337,911,1624254712832,-1,-1,-1
2338,815,1624254722808,-1,-1,-1
2339,767,1624254727756,-1,-1,-1
2340,975,1624254734769,-1,-1,-1
2341,759,1624254737768,-1,-1,-1
2342,487,1624254738742,-1,-1,-1
2343,607,1624254740844,-1,-1,-1
2344,591,1624254743807,-1,-1,-1
2345,847,1624254743807,-1,-1,-1
2346,631,1624254753745,-1,-1,-1
2347,791,1624254754833,-1,-1,-1
2348,743,1624254757757,-1,-1,-1
2349,719,1624254761768,-1,-1,-1
2350,711,1624254769795,-1,-1,-1
2351,751,1624254770809,-1,-1,-1
2352,695,1624254771742,-1,-1,-1
2353,671,1624254771743,-1,-1,-1
2354,679,1624254772757,-1,-1,-1
2355,743,1624254773773,-1,-1,-1
2356,735,1624254773773,-1,-1,-1
2357,727,1624254774746,-1,-1,-1
2358,727,1624254775760,-1,-1,-1
2359,751,1624254776770,-1,-1,-1
2360,535,1624254776770,-1,-1,-1
2361,959,1624254777782,-1,-1,-1
2362,679,1624254778757,-1,-1,-1
2363,799,1624254779776,-1,-1,-1
2364,735,1624254782733,-1,-1,-1
2365,735,1624254785811,-1,-1,-1
2366,751,1624254785811,-1,-1,-1
2367,751,1624254786781,-1,-1,-1
2368,719,1624254787765,-1,-1,-1
2369,751,1624254788806,-1,-1,-1
2370,791,1624254788806,-1,-1,-1
2371,775,1624254789744,-1,-1,-1
2372,727,1624254790793,-1,-1,-1
2373,751,1624254791765,-1,-1,-1
2374,751,1624254791765,-1,-1,-1
2375,767,1624254792779,-1,-1,-1
2376,767,1624254793794,-1,-1,-1
2377,815,1624254794884,-1,-1,-1
2378,679,1624254794884,-1,-1,-1
2379,767,1624254795819,-1,-1,-1
2380,751,1624254796832,-1,-1,-1
2381,623,1624254799759,-1,-1,-1
2382,567,1624254804818,-1,-1,-1
2383,655,1624254807783,-1,-1,-1
2384,855,1624254808757,-1,-1,-1
2385,719,1624254810743,-1,-1,-1
2386,567,1624254810743,-1,-1,-1
2387,839,1624254813825,-1,-1,-1
2388,799,1624254813825,-1,-1,-1
2389,735,1624254814760,-1,-1,-1
2390,591,1624254815769,-1,-1,-1
2391,711,1624254819746,-1,-1,-1
2392,783,1624254819746,-1,-1,-1
2393,887,1624254822745,-1,-1,-1
2394,751,1624254825781,-1,-1,-1
2395,767,1624254828781,-1,-1,-1
2396,703,1624254829832,-1,-1,-1
2397,655,1624254830840,-1,-1,-1
2398,807,1624254832870,-1,-1,-1
2399,727,1624254833731,-1,-1,-1
2400,775,1624254834740,-1,-1,-1
2401,751,1624254835759,-1,-1,-1
2402,671,1624254835759,-1,-1,-1
2403,879,1624254838761,-1,-1,-1
2404,647,1624254838761,-1,-1,-1
2405,791,1624254839806,-1,-1,-1
2406,687,1624254840745,-1,-1,-1
2407,767,1624254841755,-1,-1,-1
2408,695,1624254841756,-1,-1,-1
2409,687,1624254842805,-1,-1,-1
2410,719,1624254843744,-1,-1,-1
2411,679,1624254843744,-1,-1,-1
2412,743,1624254844793,-1,-1,-1
2413,687,1624254845736,-1,-1,-1
2414,695,1624254845736,-1,-1,-1
2415,671,1624254846825,-1,-1,-1
2416,775,1624254847757,-1,-1,-1
2417,687,1624254848733,-1,-1,-1
2418,759,1624254848733,-1,-1,-1
2419,703,1624254849752,-1,-1,-1
2420,791,1624254852780,-1,-1,-1
2421,711,1624254853796,-1,-1,-1
2422,759,1624254854770,-1,-1,-1
2423,735,1624254854770,-1,-1,-1
2424,775,1624254855750,-1,-1,-1
2425,671,1624254856767,-1,-1,-1
2426,799,1624254857732,-1,-1,-1
2427,767,1624254857732,-1,-1,-1
2428,671,1624254858820,-1,-1,-1
2429,775,1624254859761,-1,-1,-1
2430,687,1624254859761,-1,-1,-1
2431,727,1624254860845,-1,-1,-1
2432,743,1624254861747,-1,-1,-1
2433,687,1624254862754,-1,-1,-1
2434,783,1624254862754,-1,-1,-1
2435,735,1624254863732,-1,-1,-1
2436,719,1624254864747,-1,-1,-1
2437,559,1624254864747,-1,-1,-1
2438,855,1624254865795,-1,-1,-1
2439,783,1624254866731,-1,-1,-1
2440,775,1624254867791,-1,-1,-1
2441,807,1624254868757,-1,-1,-1
2442,807,1624254868757,-1,-1,-1
2443,703,1624254869734,-1,-1,-1
2444,663,1624254870821,-1,-1,-1
2445,807,1624254871757,-1,-1,-1
2446,703,1624254871757,-1,-1,-1
2447,615,1624254872730,-1,-1,-1
2448,791,1624254873823,-1,-1,-1
2449,703,1624254873823,-1,-1,-1
2450,695,1624254874756,-1,-1,-1
2451,695,1624254875845,-1,-1,-1
2452,711,1624254876857,-1,-1,-1
2453,727,1624254876857,-1,-1,-1
2454,735,1624254877834,-1,-1,-1
2455,727,1624254878732,-1,-1,-1
2456,719,1624254881732,-1,-1,-1
2457,711,1624254882894,-1,-1,-1
2458,727,1624254883759,-1,-1,-1
2459,727,1624254883759,-1,-1,-1
2460,711,1624254884737,-1,-1,-1
2461,799,1624254885818,-1,-1,-1
2462,711,1624254886758,-1,-1,-1
2463,743,1624254886758,-1,-1,-1
2464,799,1624254887734,-1,-1,-1
2465,775,1624254890891,-1,-1,-1
2466,743,1624254890891,-1,-1,-1
2467,807,1624254891779,-1,-1,-1
2468,751,1624254892831,-1,-1,-1
2469,767,1624254893772,-1,-1,-1
2470,743,1624254893772,-1,-1,-1
2471,735,1624254894857,-1,-1,-1
2472,743,1624254895756,-1,-1,-1
2473,719,1624254896734,-1,-1,-1
2474,775,1624254902766,-1,-1,-1
2475,735,1624254903781,-1,-1,-1
2476,743,1624254904758,-1,-1,-1
2477,743,1624254904758,-1,-1,-1
2478,711,1624254905731,-1,-1,-1
2479,727,1624254906822,-1,-1,-1
2480,559,1624254906822,-1,-1,-1
2481,927,1624254907761,-1,-1,-1
2482,735,1624254908848,-1,-1,-1
2483,743,1624254913797,-1,-1,-1
2484,607,1624254914736,-1,-1,-1
2485,919,1624254915818,-1,-1,-1
2486,695,1624254915819,-1,-1,-1
2487,735,1624254916794,-1,-1,-1
2488,759,1624254917773,-1,-1,-1
2489,775,1624254918754,-1,-1,-1
2490,735,1624254918754,-1,-1,-1
2491,735,1624254919766,-1,-1,-1
2492,719,1624254920807,-1,-1,-1
2493,719,1624254921750,-1,-1,-1
2494,599,1624254923726,-1,-1,-1
2495,903,1624254924776,-1,-1,-1
2496,703,1624254924776,-1,-1,-1
2497,719,1624254925799,-1,-1,-1
2498,751,1624254926771,-1,-1,-1
2499,503,1624254926771,-1,-1,-1
2500,887,1624254927744,-1,-1,-1
2501,703,1624254928753,-1,-1,-1
2502,871,1624254930819,-1,-1,-1
2503,783,1624254931757,-1,-1,-1
2504,655,1624254931757,-1,-1,-1
2505,775,1624254932734,-1,-1,-1
2506,703,1624254933744,-1,-1,-1
2507,719,1624254934791,-1,-1,-1
2508,767,1624254934791,-1,-1,-1
2509,727,1624254935772,-1,-1,-1
2510,735,1624254936745,-1,-1,-1
2511,767,1624254937720,-1,-1,-1
2512,727,1624254937720,-1,-1,-1
2513,727,1624254938769,-1,-1,-1
2514,727,1624254939745,-1,-1,-1
2515,719,1624254943834,-1,-1,-1
2516,775,1624254947733,-1,-1,-1
2517,559,1624254948746,-1,-1,-1
2518,943,1624254948746,-1,-1,-1
2519,623,1624254949726,-1,-1,-1
2520,647,1624254951749,-1,-1,-1
2521,879,1624254952795,-1,-1,-1
2522,695,1624254953734,-1,-1,-1
2523,639,1624254953734,-1,-1,-1
2524,839,1624254954818,-1,-1,-1
2525,711,1624254955719,-1,-1,-1
2526,679,1624254956774,-1,-1,-1
2527,815,1624254957820,-1,-1,-1
2528,775,1624254957820,-1,-1,-1
2529,799,1624254958795,-1,-1,-1
2530,687,1624254959731,-1,-1,-1
2531,655,1624254959731,-1,-1,-1
2532,935,1624254960861,-1,-1,-1
2533,663,1624254961721,-1,-1,-1
2534,735,1624254962733,-1,-1,-1
2535,759,1624254963819,-1,-1,-1
2536,695,1624254963819,-1,-1,-1
2537,815,1624254964793,-1,-1,-1
2538,631,1624254965769,-1,-1,-1
2539,775,1624254965769,-1,-1,-1
2540,711,1624254966784,-1,-1,-1
2541,735,1624254967723,-1,-1,-1
2542,719,1624254968778,-1,-1,-1
2543,719,1624254968779,-1,-1,-1
2544,751,1624254969747,-1,-1,-1
2545,687,1624254970720,-1,-1,-1
2546,735,1624254971735,-1,-1,-1
2547,711,1624254971735,-1,-1,-1
2548,847,1624254972784,-1,-1,-1
2549,703,1624254973720,-1,-1,-1
2550,743,1624254974728,-1,-1,-1
2551,735,1624254974728,-1,-1,-1
2552,735,1624254975821,-1,-1,-1
2553,759,1624254976755,-1,-1,-1
2554,583,1624254976755,-1,-1,-1
2555,863,1624254977771,-1,-1,-1
2556,727,1624254978742,-1,-1,-1
2557,711,1624254979719,-1,-1,-1
2558,663,1624254981784,-1,-1,-1
2559,695,1624254981784,-1,-1,-1
2560,615,1624254982756,-1,-1,-1
2561,743,1624254983731,-1,-1,-1
2562,719,1624254983731,-1,-1,-1
2563,679,1624254984778,-1,-1,-1
2564,655,1624254985755,-1,-1,-1
2565,687,1624254986730,-1,-1,-1
2566,671,1624254988752,-1,-1,-1
2567,663,1624254988752,-1,-1,-1
2568,735,1624254989738,-1,-1,-1
2569,791,1624254990783,-1,-1,-1
2570,751,1624254991797,-1,-1,-1
2571,743,1624254991797,-1,-1,-1
2572,759,1624254992807,-1,-1,-1
2573,791,1624254993741,-1,-1,-1
2574,743,1624254994718,-1,-1,-1
2575,743,1624254994718,-1,-1,-1
2576,663,1624254995733,-1,-1,-1
2577,855,1624254996750,-1,-1,-1
2578,727,1624254997721,-1,-1,-1
2579,735,1624254997721,-1,-1,-1
2580,703,1624254998765,-1,-1,-1
2581,799,1624254999755,-1,-1,-1
2582,703,1624255000831,-1,-1,-1
2583,695,1624255000831,-1,-1,-1
2584,823,1624255001771,-1,-1,-1
2585,751,1624255002749,-1,-1,-1
2586,719,1624255003721,-1,-1,-1
2587,743,1624255003721,-1,-1,-1
2588,727,1624255004732,-1,-1,-1
2589,727,1624255005780,-1,-1,-1
2590,663,1624255005780,-1,-1,-1
2591,759,1624255006758,-1,-1,-1
2592,735,1624255007778,-1,-1,-1
2593,759,1624255008785,-1,-1,-1
2594,663,1624255008785,-1,-1,-1
2595,775,1624255009794,-1,-1,-1
2596,839,1624255010772,-1,-1,-1
2597,751,1624255016732,-1,-1,-1
2598,679,1624255017818,-1,-1,-1
2599,823,1624255018759,-1,-1,-1
2600,815,1624255018759,-1,-1,-1
2601,767,1624255019770,-1,-1,-1
2602,639,1624255020783,-1,-1,-1
2603,735,1624255022734,-1,-1,-1
2604,959,1624255023826,-1,-1,-1
2605,679,1624255027795,-1,-1,-1
2606,711,1624255027795,-1,-1,-1
2607,783,1624255030723,-1,-1,-1
2608,679,1624255030723,-1,-1,-1
2609,687,1624255031807,-1,-1,-1
2610,631,1624255032747,-1,-1,-1
2611,767,1624255034772,-1,-1,-1
2612,727,1624255039717,-1,-1,-1
2613,743,1624255040734,-1,-1,-1
2614,743,1624255041819,-1,-1,-1
2615,735,1624255044819,-1,-1,-1
2616,903,1624255049807,-1,-1,-1
2617,663,1624255054831,-1,-1,-1
2618,639,1624255055770,-1,-1,-1
2619,615,1624255055770,-1,-1,-1
2620,607,1624255056743,-1,-1,-1
2621,631,1624255057721,-1,-1,-1
2622,631,1624255057721,-1,-1,-1
2623,607,1624255058734,-1,-1,-1
2624,631,1624255059861,-1,-1,-1
2625,647,1624255059861,-1,-1,-1
2626,599,1624255060834,-1,-1,-1
2627,767,1624255061733,-1,-1,-1
2628,631,1624255061733,-1,-1,-1
2629,623,1624255062745,-1,-1,-1
2630,623,1624255062745,-1,-1,-1
2631,703,1624255063756,-1,-1,-1
2632,687,1624255064733,-1,-1,-1
2633,663,1624255068780,-1,-1,-1
2634,743,1624255069720,-1,-1,-1
2635,759,1624255069720,-1,-1,-1
2636,743,1624255070770,-1,-1,-1
2637,727,1624255074818,-1,-1,-1
2638,703,1624255075719,-1,-1,-1
2639,751,1624255075719,-1,-1,-1
2640,719,1624255076735,-1,-1,-1
2641,671,1624255104744,-1,-1,-1
2642,879,1624255105871,-1,-1,-1
2643,679,1624255111791,-1,-1,-1
2644,855,1624255116819,-1,-1,-1
2645,719,1624255119744,-1,-1,-1
2646,823,1624255120795,-1,-1,-1
2647,831,1624255120796,-1,-1,-1
2648,775,1624255123722,-1,-1,-1
2649,751,1624255123722,-1,-1,-1
2650,759,1624255124731,-1,-1,-1
2651,727,1624255125781,-1,-1,-1
2652,799,1624255126757,-1,-1,-1
2653,727,1624255126757,-1,-1,-1
2654,727,1624255127768,-1,-1,-1
2655,687,1624255128745,-1,-1,-1
2656,799,1624255129829,-1,-1,-1
2657,967,1624255131782,-1,-1,-1
2658,759,1624255131782,-1,-1,-1
2659,519,1624255135757,-1,-1,-1
2660,487,1624255143707,-1,-1,-1
2661,831,1624255145774,-1,-1,-1
2662,591,1624255146709,-1,-1,-1
2663,711,1624255147832,-1,-1,-1
2664,839,1624255147832,-1,-1,-1
2665,679,1624255148731,-1,-1,-1
2666,743,1624255149742,-1,-1,-1
2667,711,1624255149742,-1,-1,-1
2668,807,1624255150908,-1,-1,-1
2669,703,1624255151731,-1,-1,-1
2670,767,1624255152710,-1,-1,-1
2671,639,1624255162722,-1,-1,-1
2672,655,1624255162722,-1,-1,-1
2673,695,1624255166807,-1,-1,-1
2674,535,1624255168720,-1,-1,-1
2675,855,1624255169804,-1,-1,-1
2676,775,1624255171758,-1,-1,-1
2677,799,1624255172770,-1,-1,-1
2678,671,1624255174716,-1,-1,-1
2679,607,1624255175732,-1,-1,-1
2680,919,1624255176744,-1,-1,-1
2681,799,1624255179706,-1,-1,-1
2682,663,1624255179706,-1,-1,-1
2683,751,1624255180757,-1,-1,-1
2684,671,1624255181807,-1,-1,-1
2685,743,1624255184732,-1,-1,-1
2686,727,1624255184733,-1,-1,-1
2687,727,1624255191745,-1,-1,-1
2688,527,1624255192757,-1,-1,-1
2689,943,1624255194783,-1,-1,-1
2690,559,1624255195720,-1,-1,-1
2691,1015,1624255196737,-1,-1,-1
2692,751,1624255198720,-1,-1,-1
2693,735,1624255200707,-1,-1,-1
2694,791,1624255206782,-1,-1,-1
2695,759,1624255216721,-1,-1,-1
2696,791,1624255219725,-1,-1,-1
2697,767,1624255219725,-1,-1,-1
2698,727,1624255220731,-1,-1,-1
2699,711,1624255227789,-1,-1,-1
2700,719,1624255243808,-1,-1,-1
2701,719,1624255243808,-1,-1,-1
2702,567,1624255244826,-1,-1,-1
2703,759,1624255248707,-1,-1,-1
2704,695,1624255253731,-1,-1,-1
2705,687,1624255254705,-1,-1,-1
2706,783,1624255257706,-1,-1,-1
2707,855,1624255259734,-1,-1,-1
2708,567,1624255260819,-1,-1,-1
2709,679,1624255271732,-1,-1,-1
2710,383,1624255272781,-1,-1,-1
2711,407,1624255272781,-1,-1,-1
2712,687,1624255273722,-1,-1,-1
2713,687,1624255276946,-1,-1,-1
2714,383,1624255276946,-1,-1,-1
2715,639,1624255287103,-1,-1,-1
2716,631,1624255288048,-1,-1,-1
2717,615,1624255288536,-1,-1,-1
2718,551,1624255301806,-1,-1,-1
2719,615,1624255313775,-1,-1,-1
2720,607,1624255315799,-1,-1,-1
2721,479,1624255315799,-1,-1,-1
2722,623,1624255320742,-1,-1,-1
2723,623,1624255321794,-1,-1,-1
2724,583,1624255322769,-1,-1,-1
2725,631,1624255326709,-1,-1,-1
2726,407,1624255326709,-1,-1,-1
2727,535,1624255328695,-1,-1,-1
2728,631,1624255329785,-1,-1,-1
2729,759,1624255332709,-1,-1,-1
2730,631,1624255333832,-1,-1,-1
2731,623,1624255333832,-1,-1,-1
2732,695,1624255337697,-1,-1,-1
2733,663,1624255337697,-1,-1,-1
2734,415,1624255343807,-1,-1,-1
2735,431,1624255344744,-1,-1,-1
2736,799,1624255345759,-1,-1,-1
2737,623,1624255347754,-1,-1,-1
2738,615,1624255349695,-1,-1,-1
2739,719,1624255351717,-1,-1,-1
2740,527,1624255358810,-1,-1,-1
2741,679,1624255358810,-1,-1,-1
2742,623,1624255359707,-1,-1,-1
2743,623,1624255360757,-1,-1,-1
2744,679,1624255362744,-1,-1,-1
2745,631,1624255362744,-1,-1,-1
2746,679,1624255363832,-1,-1,-1
2747,775,1624255364769,-1,-1,-1
2748,463,1624255364769,-1,-1,-1
2749,775,1624255365760,-1,-1,-1
2750,719,1624255367695,-1,-1,-1
2751,575,1624255369757,-1,-1,-1
2752,631,1624255370737,-1,-1,-1
2753,727,1624255375717,-1,-1,-1
2754,671,1624255376692,-1,-1,-1
2755,703,1624255376692,-1,-1,-1
2756,679,1624255377704,-1,-1,-1
2757,695,1624255378760,-1,-1,-1
2758,711,1624255378760,-1,-1,-1
2759,655,1624255379807,-1,-1,-1
2760,727,1624255380754,-1,-1,-1
2761,703,1624255380754,-1,-1,-1
2762,687,1624255381794,-1,-1,-1
2763,599,1624255382693,-1,-1,-1
2764,631,1624255384767,-1,-1,-1
2765,695,1624255385774,-1,-1,-1
2766,895,1624255388766,-1,-1,-1
2767,687,1624255390720,-1,-1,-1
2768,607,1624255392710,-1,-1,-1
2769,927,1624255396757,-1,-1,-1
2770,671,1624255397730,-1,-1,-1
2771,623,1624255399803,-1,-1,-1
2772,679,1624255400811,-1,-1,-1
2773,487,1624255402720,-1,-1,-1
2774,631,1624255404709,-1,-1,-1
2775,751,1624255405725,-1,-1,-1
2776,655,1624255406690,-1,-1,-1
2777,751,1624255407710,-1,-1,-1
2778,751,1624255407710,-1,-1,-1
2779,727,1624255408729,-1,-1,-1
2780,727,1624255409732,-1,-1,-1
2781,703,1624255410745,-1,-1,-1
2782,767,1624255410746,-1,-1,-1
2783,687,1624255411719,-1,-1,-1
2784,663,1624255412696,-1,-1,-1
2785,895,1624255413745,-1,-1,-1
2786,615,1624255413745,-1,-1,-1
2787,743,1624255414758,-1,-1,-1
2788,839,1624255415699,-1,-1,-1
2789,847,1624255417722,-1,-1,-1
2790,847,1624255418695,-1,-1,-1
2791,799,1624255418695,-1,-1,-1
2792,775,1624255422707,-1,-1,-1
2793,671,1624255428786,-1,-1,-1
2794,695,1624255429757,-1,-1,-1
2795,703,1624255430700,-1,-1,-1
2796,615,1624255430700,-1,-1,-1
2797,687,1624255439705,-1,-1,-1
2798,711,1624255442704,-1,-1,-1
2799,735,1624255443826,-1,-1,-1
2800,743,1624255443826,-1,-1,-1
2801,847,1624255444726,-1,-1,-1
2802,687,1624255445701,-1,-1,-1
2803,751,1624255446744,-1,-1,-1
2804,783,1624255446744,-1,-1,-1
2805,759,1624255447759,-1,-1,-1
2806,703,1624255448698,-1,-1,-1
2807,751,1624255449713,-1,-1,-1
2808,583,1624255449713,-1,-1,-1
2809,903,1624255450723,-1,-1,-1
2810,687,1624255451697,-1,-1,-1
2811,751,1624255452785,-1,-1,-1
2812,743,1624255452785,-1,-1,-1
2813,719,1624255453726,-1,-1,-1
2814,695,1624255454693,-1,-1,-1
2815,735,1624255454693,-1,-1,-1
2816,639,1624255457696,-1,-1,-1
2817,791,1624255458710,-1,-1,-1
2818,671,1624255461745,-1,-1,-1
2819,695,1624255461746,-1,-1,-1
2820,727,1624255462722,-1,-1,-1
2821,687,1624255463698,-1,-1,-1
2822,743,1624255464749,-1,-1,-1
2823,783,1624255464749,-1,-1,-1
2824,767,1624255467705,-1,-1,-1
2825,735,1624255467705,-1,-1,-1
2826,799,1624255468726,-1,-1,-1
2827,703,1624255469702,-1,-1,-1
2828,743,1624255470750,-1,-1,-1
2829,615,1624255470756,-1,-1,-1
2830,879,1624255471723,-1,-1,-1
2831,703,1624255472693,-1,-1,-1
2832,743,1624255473706,-1,-1,-1
2833,711,1624255473706,-1,-1,-1
2834,751,1624255474798,-1,-1,-1
2835,735,1624255475701,-1,-1,-1
2836,735,1624255476708,-1,-1,-1
2837,783,1624255476708,-1,-1,-1
2838,703,1624255477684,-1,-1,-1
2839,527,1624255479711,-1,-1,-1
2840,671,1624255481695,-1,-1,-1
2841,703,1624255481695,-1,-1,-1
2842,735,1624255482708,-1,-1,-1
2843,759,1624255483685,-1,-1,-1
2844,751,1624255484735,-1,-1,-1
2845,695,1624255484735,-1,-1,-1
2846,775,1624255485748,-1,-1,-1
2847,487,1624255486719,-1,-1,-1
2848,591,1624255487771,-1,-1,-1
2849,863,1624255488707,-1,-1,-1
2850,519,1624255489692,-1,-1,-1
2851,823,1624255490702,-1,-1,-1
2852,783,1624255490702,-1,-1,-1
2853,607,1624255491784,-1,-1,-1
2854,767,1624255492697,-1,-1,-1
2855,919,1624255493706,-1,-1,-1
2856,543,1624255493706,-1,-1,-1
2857,583,1624255494786,-1,-1,-1
2858,783,1624255495762,-1,-1,-1
2859,655,1624255503710,-1,-1,-1
2860,543,1624255503711,-1,-1,-1
2861,703,1624255506744,-1,-1,-1
2862,655,1624255509709,-1,-1,-1
2863,647,1624255510678,-1,-1,-1
2864,823,1624255511770,-1,-1,-1
2865,831,1624255512710,-1,-1,-1
2866,751,1624255513679,-1,-1,-1
2867,583,1624255517773,-1,-1,-1
2868,831,1624255518706,-1,-1,-1
2869,463,1624255519757,-1,-1,-1
2870,711,1624255519757,-1,-1,-1
2871,551,1624255520732,-1,-1,-1
2872,703,1624255522760,-1,-1,-1
2873,839,1624255524820,-1,-1,-1
2874,679,1624255525723,-1,-1,-1
2875,479,1624255530783,-1,-1,-1
2876,631,1624255533780,-1,-1,-1
2877,535,1624255533780,-1,-1,-1
2878,479,1624255534723,-1,-1,-1
2879,503,1624255539703,-1,-1,-1
2880,543,1624255541700,-1,-1,-1
2881,383,1624255542707,-1,-1,-1
2882,655,1624255546681,-1,-1,-1
2883,607,1624255549720,-1,-1,-1
2884,567,1624255550698,-1,-1,-1
2885,607,1624255550698,-1,-1,-1
2886,647,1624255551740,-1,-1,-1
2887,591,1624255552682,-1,-1,-1
2888,591,1624255553731,-1,-1,-1
2889,607,1624255554709,-1,-1,-1
2890,671,1624255554709,-1,-1,-1
2891,639,1624255555682,-1,-1,-1
2892,599,1624255556772,-1,-1,-1
2893,359,1624255556772,-1,-1,-1
2894,455,1624255556772,-1,-1,-1
2895,487,1624255557745,-1,-1,-1
2896,431,1624255559693,-1,-1,-1
2897,415,1624255559693,-1,-1,-1
2898,527,1624255559693,-1,-1,-1
2899,423,1624255560783,-1,-1,-1
2900,327,1624255564718,-1,-1,-1
2901,543,1624255565733,-1,-1,-1
2902,487,1624255565733,-1,-1,-1
2903,423,1624255566706,-1,-1,-1
2904,527,1624255566706,-1,-1,-1
2905,343,1624255567761,-1,-1,-1
2906,575,1624255567761,-1,-1,-1
2907,583,1624255568733,-1,-1,-1
2908,327,1624255568733,-1,-1,-1
2909,599,1624255569707,-1,-1,-1
2910,327,1624255573722,-1,-1,-1
2911,591,1624255574776,-1,-1,-1
2912,455,1624255574776,-1,-1,-1
2913,543,1624255576682,-1,-1,-1
2914,591,1624255582718,-1,-1,-1
2915,567,1624255582718,-1,-1,-1
2916,439,1624255583696,-1,-1,-1
2917,655,1624255586694,-1,-1,-1
2918,647,1624255586694,-1,-1,-1
2919,647,1624255587704,-1,-1,-1
2920,671,1624255587704,-1,-1,-1
2921,519,1624255591686,-1,-1,-1
2922,703,1624255592730,-1,-1,-1
2923,727,1624255593706,-1,-1,-1
2924,719,1624255595735,-1,-1,-1
2925,599,1624255596743,-1,-1,-1
2926,551,1624255598805,-1,-1,-1
2927,775,1624255599713,-1,-1,-1
2928,623,1624255599713,-1,-1,-1
2929,663,1624255600759,-1,-1,-1
2930,719,1624255602744,-1,-1,-1
2931,735,1624255603679,-1,-1,-1
2932,431,1624255609683,-1,-1,-1
2933,583,1624255610771,-1,-1,-1
2934,839,1624255612680,-1,-1,-1
2935,703,1624255613731,-1,-1,-1
2936,799,1624255616777,-1,-1,-1
2937,623,1624255616777,-1,-1,-1
2938,767,1624255618678,-1,-1,-1
2939,519,1624255619771,-1,-1,-1
2940,855,1624255620785,-1,-1,-1
2941,639,1624255621677,-1,-1,-1
2942,671,1624255630683,-1,-1,-1
2943,591,1624255630683,-1,-1,-1
2944,519,1624255631733,-1,-1,-1
2945,775,1624255632669,-1,-1,-1
2946,703,1624255632669,-1,-1,-1
2947,559,1624255633725,-1,-1,-1
2948,631,1624255635673,-1,-1,-1
2949,735,1624255640697,-1,-1,-1
2950,631,1624255640698,-1,-1,-1
2951,679,1624255642682,-1,-1,-1
2952,615,1624255644754,-1,-1,-1
2953,767,1624255645723,-1,-1,-1
2954,655,1624255646696,-1,-1,-1
2955,767,1624255647668,-1,-1,-1
2956,727,1624255647668,-1,-1,-1
2957,719,1624255648765,-1,-1,-1
2958,751,1624255650674,-1,-1,-1
2959,663,1624255651723,-1,-1,-1
2960,767,1624255652694,-1,-1,-1
2961,703,1624255652694,-1,-1,-1
2962,727,1624255653747,-1,-1,-1
2963,799,1624255655735,-1,-1,-1
2964,495,1624255657754,-1,-1,-1
2965,679,1624255658732,-1,-1,-1
2966,751,1624255659679,-1,-1,-1
2967,719,1624255659679,-1,-1,-1
2968,687,1624255660759,-1,-1,-1
2969,615,1624255661699,-1,-1,-1
2970,671,1624255663686,-1,-1,-1
2971,671,1624255664693,-1,-1,-1
2972,679,1624255665823,-1,-1,-1
2973,607,1624255665823,-1,-1,-1
2974,655,1624255666721,-1,-1,-1
2975,735,1624255667693,-1,-1,-1
2976,639,1624255667693,-1,-1,-1
2977,719,1624255668674,-1,-1,-1
2978,751,1624255670703,-1,-1,-1
2979,687,1624255671711,-1,-1,-1
2980,703,1624255674709,-1,-1,-1
2981,671,1624255676773,-1,-1,-1
2982,511,1624255677707,-1,-1,-1
2983,767,1624255680675,-1,-1,-1
2984,455,1624255680675,-1,-1,-1
2985,639,1624255691695,-1,-1,-1
2986,511,1624255692707,-1,-1,-1
2987,439,1624255692707,-1,-1,-1
2988,679,1624255693762,-1,-1,-1
2989,527,1624255694728,-1,-1,-1
2990,727,1624255695693,-1,-1,-1
2991,631,1624255701670,-1,-1,-1
2992,687,1624255702683,-1,-1,-1
2993,815,1624255702683,-1,-1,-1
2994,599,1624255703701,-1,-1,-1
2995,631,1624255704670,-1,-1,-1
2996,503,1624255704670,-1,-1,-1
2997,551,1624255705686,-1,-1,-1
2998,639,1624255709735,-1,-1,-1
2999,479,1624255711682,-1,-1,-1
3000,575,1624255712731,-1,-1,-1
3001,439,1624255718689,-1,-1,-1
3002,703,1624255718689,-1,-1,-1
3003,743,1624255719708,-1,-1,-1
3004,487,1624255722669,-1,-1,-1
3005,863,1624255728709,-1,-1,-1
3006,607,1624255729682,-1,-1,-1
3007,743,1624255730699,-1,-1,-1
3008,687,1624255731678,-1,-1,-1
3009,591,1624255733733,-1,-1,-1
3010,911,1624255734747,-1,-1,-1
3011,719,1624255734747,-1,-1,-1
3012,663,1624255735684,-1,-1,-1
3013,679,1624255738684,-1,-1,-1
3014,519,1624255740714,-1,-1,-1
3015,903,1624255741684,-1,-1,-1
3016,719,1624255742733,-1,-1,-1
3017,607,1624255742734,-1,-1,-1
3018,743,1624255743744,-1,-1,-1
3019,703,1624255745697,-1,-1,-1
3020,599,1624255746706,-1,-1,-1
3021,815,1624255747682,-1,-1,-1
3022,703,1624255749713,-1,-1,-1
3023,895,1624255750685,-1,-1,-1
3024,607,1624255751772,-1,-1,-1
3025,799,1624255752670,-1,-1,-1
3026,639,1624255752670,-1,-1,-1
3027,543,1624255758669,-1,-1,-1
3028,735,1624255758669,-1,-1,-1
3029,711,1624255759684,-1,-1,-1
3030,679,1624255769695,-1,-1,-1
3031,567,1624255770749,-1,-1,-1
3032,623,1624255770749,-1,-1,-1
3033,639,1624255772695,-1,-1,-1
3034,439,1624255772695,-1,-1,-1
3035,695,1624255774694,-1,-1,-1
3036,423,1624255776706,-1,-1,-1
3037,503,1624255776706,-1,-1,-1
3038,711,1624255779673,-1,-1,-1
3039,623,1624255780693,-1,-1,-1
3040,703,1624255786683,-1,-1,-1
3041,471,1624255789681,-1,-1,-1
3042,639,1624255793696,-1,-1,-1
3043,719,1624255794673,-1,-1,-1
3044,631,1624255794673,-1,-1,-1
3045,575,1624255799695,-1,-1,-1
3046,471,1624255799695,-1,-1,-1
3047,423,1624255800710,-1,-1,-1
3048,479,1624255805697,-1,-1,-1
3049,407,1624255809712,-1,-1,-1
3050,615,1624256464830,-1,-1,-1
3051,431,1624256464830,-1,-1,-1
3052,727,1624256466780,-1,-1,-1
3053,591,1624256467641,-1,-1,-1
3054,359,1624256467641,-1,-1,-1
3055,519,1624256469867,-1,-1,-1
3056,535,1624256470683,-1,-1,-1
3057,575,1624256473047,-1,-1,-1
3058,447,1624256473047,-1,-1,-1
3059,599,1624256475307,-1,-1,-1
3060,535,1624256475307,-1,-1,-1
3061,663,1624256476644,-1,-1,-1
3062,391,1624256476644,-1,-1,-1
3063,359,1624256478072,-1,-1,-1
3064,527,1624256478671,-1,-1,-1
3065,375,1624256478671,-1,-1,-1
3066,463,1624256480359,-1,-1,-1
3067,639,1624256482680,-1,-1,-1
3068,551,1624256482842,-1,-1,-1
3069,599,1624256482842,-1,-1,-1
3070,447,1624256483620,-1,-1,-1
3071,559,1624256485953,-1,-1,-1
3072,519,1624256486159,-1,-1,-1
3073,439,1624256487030,-1,-1,-1
3074,687,1624256488195,-1,-1,-1
3075,383,1624256488759,-1,-1,-1
3076,639,1624256490155,-1,-1,-1
3077,631,1624256490155,-1,-1,-1
3078,503,1624256491682,-1,-1,-1
3079,407,1624256491682,-1,-1,-1
3080,647,1624256493386,-1,-1,-1
3081,599,1624256494133,-1,-1,-1
3082,407,1624256495846,-1,-1,-1
3083,551,1624256497602,-1,-1,-1
3084,703,1624256497729,-1,-1,-1
3085,591,1624256497729,-1,-1,-1
3086,415,1624256498810,-1,-1,-1
3087,703,1624256498810,-1,-1,-1
3088,703,1624256502256,-1,-1,-1
3089,727,1624256502392,-1,-1,-1
3090,639,1624256503044,-1,-1,-1
3091,407,1624256503044,-1,-1,-1
3092,391,1624256505033,-1,-1,-1
3093,735,1624256506005,-1,-1,-1
3094,543,1624256507691,-1,-1,-1
3095,703,1624256509824,-1,-1,-1
3096,599,1624256509824,-1,-1,-1
3097,415,1624256515458,-1,-1,-1
3098,679,1624256516542,-1,-1,-1
3099,695,1624256516542,-1,-1,-1
3100,567,1624256618666,-1,-1,-1
3101,383,1624256618666,-1,-1,-1
3102,623,1624256625667,-1,-1,-1
3103,623,1624256633614,-1,-1,-1
3104,399,1624256637593,-1,-1,-1
