,RR,Timestamp,SensorContact,errorEstimate,blockerBit
0,647,1624021128629,-1,-1,-1
1,631,1624021128629,-1,-1,-1
2,631,1624021128629,-1,-1,-1
3,663,1624021128629,-1,-1,-1
4,671,1624021128629,-1,-1,-1
5,695,1624021128629,-1,-1,-1
6,679,1624021128629,-1,-1,-1
7,671,1624021128629,-1,-1,-1
8,655,1624021128629,-1,-1,-1
9,655,1624021129145,-1,-1,-1
10,655,1624021129145,-1,-1,-1
11,639,1624021129145,-1,-1,-1
12,647,1624021129145,-1,-1,-1
13,647,1624021129625,-1,-1,-1
14,639,1624021130625,-1,-1,-1
15,631,1624021130626,-1,-1,-1
16,639,1624021131626,-1,-1,-1
17,599,1624021132627,-1,-1,-1
18,687,1624021132627,-1,-1,-1
19,711,1624021133629,-1,-1,-1
20,679,1624021134668,-1,-1,-1
21,639,1624021134668,-1,-1,-1
22,671,1624021135629,-1,-1,-1
23,647,1624021136621,-1,-1,-1
24,599,1624021138668,-1,-1,-1
25,631,1624021138672,-1,-1,-1
26,631,1624021139630,-1,-1,-1
27,639,1624021139631,-1,-1,-1
28,631,1624021140631,-1,-1,-1
29,623,1624021141630,-1,-1,-1
30,599,1624021141630,-1,-1,-1
31,591,1624021142626,-1,-1,-1
32,447,1624021144620,-1,-1,-1
33,791,1624021150619,-1,-1,-1
34,751,1624021151630,-1,-1,-1
35,711,1624021151631,-1,-1,-1
36,679,1624021152628,-1,-1,-1
37,639,1624021153628,-1,-1,-1
38,623,1624021153628,-1,-1,-1
39,607,1624021154629,-1,-1,-1
40,591,1624021154629,-1,-1,-1
41,599,1624021155630,-1,-1,-1
42,607,1624021156621,-1,-1,-1
43,655,1624021156621,-1,-1,-1
44,839,1624021158630,-1,-1,-1
45,831,1624021159619,-1,-1,-1
46,775,1624021160627,-1,-1,-1
47,743,1624021160627,-1,-1,-1
48,679,1624021161619,-1,-1,-1
49,663,1624021162619,-1,-1,-1
50,623,1624021162619,-1,-1,-1
51,599,1624021163627,-1,-1,-1
52,615,1624021164626,-1,-1,-1
53,575,1624021164626,-1,-1,-1
54,583,1624021165629,-1,-1,-1
55,783,1624021167659,-1,-1,-1
56,807,1624021169622,-1,-1,-1
57,727,1624021170673,-1,-1,-1
58,679,1624021171627,-1,-1,-1
59,631,1624021171628,-1,-1,-1
60,623,1624021172626,-1,-1,-1
61,623,1624021173659,-1,-1,-1
62,687,1624021173659,-1,-1,-1
63,663,1624021174629,-1,-1,-1
64,647,1624021175628,-1,-1,-1
65,623,1624021175628,-1,-1,-1
66,591,1624021176628,-1,-1,-1
67,623,1624021176628,-1,-1,-1
68,655,1624021177623,-1,-1,-1
69,703,1624021178624,-1,-1,-1
70,703,1624021178624,-1,-1,-1
71,679,1624021179619,-1,-1,-1
72,655,1624021180619,-1,-1,-1
73,599,1624021180619,-1,-1,-1
74,663,1624021181628,-1,-1,-1
75,631,1624021182632,-1,-1,-1
76,599,1624021182632,-1,-1,-1
77,567,1624021183621,-1,-1,-1
78,583,1624021183621,-1,-1,-1
79,599,1624021184627,-1,-1,-1
80,647,1624021185629,-1,-1,-1
81,727,1624021185629,-1,-1,-1
82,759,1624021186627,-1,-1,-1
83,751,1624021187629,-1,-1,-1
84,791,1624021188629,-1,-1,-1
85,799,1624021189627,-1,-1,-1
86,767,1624021189627,-1,-1,-1
87,751,1624021190627,-1,-1,-1
88,687,1624021191629,-1,-1,-1
89,639,1624021191629,-1,-1,-1
90,607,1624021192628,-1,-1,-1
91,575,1624021193629,-1,-1,-1
92,607,1624021193629,-1,-1,-1
93,623,1624021194625,-1,-1,-1
94,655,1624021194625,-1,-1,-1
95,631,1624021195628,-1,-1,-1
96,615,1624021196626,-1,-1,-1
97,655,1624021196626,-1,-1,-1
98,703,1624021197628,-1,-1,-1
99,735,1624021198668,-1,-1,-1
100,727,1624021199629,-1,-1,-1
101,695,1624021199629,-1,-1,-1
102,687,1624021200668,-1,-1,-1
103,615,1624021201627,-1,-1,-1
104,623,1624021201627,-1,-1,-1
105,583,1624021202668,-1,-1,-1
106,591,1624021202668,-1,-1,-1
107,631,1624021203626,-1,-1,-1
108,631,1624021204620,-1,-1,-1
109,743,1624021204620,-1,-1,-1
110,703,1624021205624,-1,-1,-1
111,687,1624021206628,-1,-1,-1
112,655,1624021206628,-1,-1,-1
113,639,1624021207626,-1,-1,-1
114,639,1624021208627,-1,-1,-1
115,615,1624021208627,-1,-1,-1
116,615,1624021209620,-1,-1,-1
117,631,1624021210627,-1,-1,-1
118,663,1624021210627,-1,-1,-1
119,703,1624021211624,-1,-1,-1
120,751,1624021212626,-1,-1,-1
121,719,1624021212627,-1,-1,-1
122,719,1624021213627,-1,-1,-1
123,599,1624021216665,-1,-1,-1
124,575,1624021216665,-1,-1,-1
125,583,1624021217627,-1,-1,-1
126,551,1624021217627,-1,-1,-1
127,567,1624021218628,-1,-1,-1
128,639,1624021219627,-1,-1,-1
129,847,1624021221619,-1,-1,-1
130,775,1624021222628,-1,-1,-1
131,775,1624021223628,-1,-1,-1
132,711,1624021224626,-1,-1,-1
133,655,1624021224626,-1,-1,-1
134,647,1624021225628,-1,-1,-1
135,663,1624021228621,-1,-1,-1
136,591,1624021230623,-1,-1,-1
137,663,1624021230624,-1,-1,-1
138,639,1624021231629,-1,-1,-1
139,647,1624021233664,-1,-1,-1
140,663,1624021233664,-1,-1,-1
141,647,1624021234667,-1,-1,-1
142,639,1624021235626,-1,-1,-1
143,623,1624021235626,-1,-1,-1
144,615,1624021236699,-1,-1,-1
145,615,1624021237624,-1,-1,-1
146,607,1624021237624,-1,-1,-1
147,583,1624021238623,-1,-1,-1
148,607,1624021238623,-1,-1,-1
149,623,1624021239704,-1,-1,-1
150,575,1624021240620,-1,-1,-1
151,631,1624021240620,-1,-1,-1
152,591,1624021241739,-1,-1,-1
153,631,1624021241739,-1,-1,-1
154,647,1624021242627,-1,-1,-1
155,639,1624021243630,-1,-1,-1
156,591,1624021243630,-1,-1,-1
157,647,1624021244626,-1,-1,-1
158,615,1624021245621,-1,-1,-1
159,631,1624021245621,-1,-1,-1
160,671,1624021246629,-1,-1,-1
161,719,1624021247708,-1,-1,-1
162,735,1624021247709,-1,-1,-1
163,711,1624021248622,-1,-1,-1
164,655,1624021249663,-1,-1,-1
165,631,1624021249663,-1,-1,-1
166,631,1624021250661,-1,-1,-1
167,631,1624021251620,-1,-1,-1
168,631,1624021251620,-1,-1,-1
169,607,1624021252620,-1,-1,-1
170,615,1624021252620,-1,-1,-1
171,615,1624021253628,-1,-1,-1
172,607,1624021254629,-1,-1,-1
173,615,1624021254629,-1,-1,-1
174,615,1624021255661,-1,-1,-1
175,615,1624021256624,-1,-1,-1
176,591,1624021256624,-1,-1,-1
177,591,1624021257626,-1,-1,-1
178,615,1624021257626,-1,-1,-1
179,711,1624021258619,-1,-1,-1
180,703,1624021259627,-1,-1,-1
181,751,1624021260627,-1,-1,-1
182,711,1624021260627,-1,-1,-1
183,655,1624021261625,-1,-1,-1
184,639,1624021262628,-1,-1,-1
185,639,1624021262628,-1,-1,-1
186,623,1624021263621,-1,-1,-1
187,631,1624021263621,-1,-1,-1
188,623,1624021264627,-1,-1,-1
189,623,1624021265621,-1,-1,-1
190,695,1624021265621,-1,-1,-1
191,615,1624021266668,-1,-1,-1
192,703,1624021267623,-1,-1,-1
193,647,1624021267623,-1,-1,-1
194,631,1624021268623,-1,-1,-1
195,535,1624021270620,-1,-1,-1
196,639,1624021270620,-1,-1,-1
197,615,1624021271625,-1,-1,-1
198,607,1624021272624,-1,-1,-1
199,623,1624021272624,-1,-1,-1
200,711,1624021273661,-1,-1,-1
201,743,1624021274619,-1,-1,-1
202,703,1624021274619,-1,-1,-1
203,687,1624021275620,-1,-1,-1
204,687,1624021276621,-1,-1,-1
205,671,1624021277623,-1,-1,-1
206,663,1624021277623,-1,-1,-1
207,647,1624021278626,-1,-1,-1
208,623,1624021278626,-1,-1,-1
209,623,1624021279623,-1,-1,-1
210,623,1624021280630,-1,-1,-1
211,607,1624021280630,-1,-1,-1
212,607,1624021281623,-1,-1,-1
213,583,1624021281623,-1,-1,-1
214,631,1624021282668,-1,-1,-1
215,575,1624021283632,-1,-1,-1
216,575,1624021283632,-1,-1,-1
217,647,1624021284623,-1,-1,-1
218,719,1624021285627,-1,-1,-1
219,775,1624021285627,-1,-1,-1
220,775,1624021286619,-1,-1,-1
221,727,1624021287628,-1,-1,-1
222,703,1624021288626,-1,-1,-1
223,647,1624021288626,-1,-1,-1
224,599,1624021289625,-1,-1,-1
225,583,1624021289625,-1,-1,-1
226,575,1624021290626,-1,-1,-1
227,599,1624021291625,-1,-1,-1
228,647,1624021292628,-1,-1,-1
229,583,1624021293627,-1,-1,-1
230,703,1624021294627,-1,-1,-1
231,799,1624021295627,-1,-1,-1
232,711,1624021295627,-1,-1,-1
233,727,1624021296628,-1,-1,-1
234,655,1624021297626,-1,-1,-1
235,631,1624021297626,-1,-1,-1
236,639,1624021298667,-1,-1,-1
237,663,1624021299665,-1,-1,-1
238,719,1624021299666,-1,-1,-1
239,727,1624021300627,-1,-1,-1
240,711,1624021301628,-1,-1,-1
241,671,1624021301628,-1,-1,-1
242,639,1624021302629,-1,-1,-1
243,631,1624021303700,-1,-1,-1
244,607,1624021303700,-1,-1,-1
245,615,1624021304622,-1,-1,-1
246,599,1624021304622,-1,-1,-1
247,607,1624021305620,-1,-1,-1
248,607,1624021306741,-1,-1,-1
249,575,1624021306741,-1,-1,-1
250,567,1624021307619,-1,-1,-1
251,567,1624021307620,-1,-1,-1
252,591,1624021308624,-1,-1,-1
253,607,1624021309628,-1,-1,-1
254,631,1624021309628,-1,-1,-1
255,655,1624021310627,-1,-1,-1
256,679,1624021311623,-1,-1,-1
257,695,1624021311623,-1,-1,-1
258,703,1624021312629,-1,-1,-1
259,783,1624021314618,-1,-1,-1
260,791,1624021314618,-1,-1,-1
261,735,1624021315659,-1,-1,-1
262,687,1624021316626,-1,-1,-1
263,631,1624021316626,-1,-1,-1
264,615,1624021317621,-1,-1,-1
265,607,1624021318619,-1,-1,-1
266,591,1624021318619,-1,-1,-1
267,647,1624021319620,-1,-1,-1
268,743,1624021320622,-1,-1,-1
269,871,1624021321629,-1,-1,-1
270,871,1624021321629,-1,-1,-1
271,735,1624021322625,-1,-1,-1
272,783,1624021323622,-1,-1,-1
273,639,1624021324622,-1,-1,-1
274,615,1624021324622,-1,-1,-1
275,623,1624021325624,-1,-1,-1
276,559,1624021327665,-1,-1,-1
277,607,1624021327665,-1,-1,-1
278,663,1624021328623,-1,-1,-1
279,783,1624021329620,-1,-1,-1
280,751,1624021329620,-1,-1,-1
281,831,1624021330659,-1,-1,-1
282,743,1624021331619,-1,-1,-1
283,631,1624021332663,-1,-1,-1
284,695,1624021332663,-1,-1,-1
285,639,1624021333630,-1,-1,-1
286,631,1624021334630,-1,-1,-1
287,647,1624021334630,-1,-1,-1
288,695,1624021335620,-1,-1,-1
289,831,1624021337619,-1,-1,-1
290,807,1624021338619,-1,-1,-1
291,839,1624021338619,-1,-1,-1
292,743,1624021339620,-1,-1,-1
293,751,1624021340623,-1,-1,-1
294,767,1624021341636,-1,-1,-1
295,735,1624021341636,-1,-1,-1
296,727,1624021342621,-1,-1,-1
297,671,1624021343623,-1,-1,-1
298,655,1624021343623,-1,-1,-1
299,623,1624021344621,-1,-1,-1
300,615,1624021345700,-1,-1,-1
301,607,1624021345701,-1,-1,-1
302,519,1624021346621,-1,-1,-1
303,655,1624021351622,-1,-1,-1
304,623,1624021352625,-1,-1,-1
305,583,1624021353619,-1,-1,-1
306,567,1624021354627,-1,-1,-1
307,623,1624021355626,-1,-1,-1
308,591,1624021356624,-1,-1,-1
309,447,1624021356624,-1,-1,-1
310,647,1624021357621,-1,-1,-1
311,575,1624021358626,-1,-1,-1
312,559,1624021358626,-1,-1,-1
313,535,1624021359625,-1,-1,-1
314,511,1624021359625,-1,-1,-1
315,543,1624021360626,-1,-1,-1
316,535,1624021360626,-1,-1,-1
317,551,1624021361626,-1,-1,-1
318,455,1624021362706,-1,-1,-1
319,655,1624021368619,-1,-1,-1
320,543,1624021377667,-1,-1,-1
321,511,1624021380620,-1,-1,-1
322,423,1624021383620,-1,-1,-1
323,607,1624021384618,-1,-1,-1
324,455,1624021384618,-1,-1,-1
325,503,1624021385701,-1,-1,-1
326,431,1624021389619,-1,-1,-1
327,639,1624021390660,-1,-1,-1
328,559,1624021391626,-1,-1,-1
329,487,1624021392626,-1,-1,-1
330,695,1624021393823,-1,-1,-1
331,511,1624021393823,-1,-1,-1
332,671,1624021394906,-1,-1,-1
333,623,1624021399669,-1,-1,-1
334,607,1624021399740,-1,-1,-1
335,583,1624021400702,-1,-1,-1
336,639,1624021401627,-1,-1,-1
337,647,1624021402626,-1,-1,-1
338,679,1624021402626,-1,-1,-1
339,591,1624021403623,-1,-1,-1
340,519,1624021409659,-1,-1,-1
341,527,1624021411708,-1,-1,-1
342,623,1624021415665,-1,-1,-1
343,791,1624021417620,-1,-1,-1
344,631,1624021420625,-1,-1,-1
345,415,1624021443696,-1,-1,-1
346,463,1624021449799,-1,-1,-1
347,655,1624021449953,-1,-1,-1
348,423,1624021453959,-1,-1,-1
349,383,1624021453959,-1,-1,-1
350,527,1624021524606,-1,-1,-1
351,775,1624021525605,-1,-1,-1
352,527,1624021526606,-1,-1,-1
353,639,1624021526606,-1,-1,-1
354,599,1624021527603,-1,-1,-1
355,663,1624021528686,-1,-1,-1
356,639,1624021528686,-1,-1,-1
357,575,1624021529603,-1,-1,-1
358,639,1624021530643,-1,-1,-1
359,559,1624021530643,-1,-1,-1
360,631,1624021536611,-1,-1,-1
361,671,1624021537605,-1,-1,-1
362,703,1624021537605,-1,-1,-1
363,775,1624021538686,-1,-1,-1
364,783,1624021539610,-1,-1,-1
365,767,1624021540611,-1,-1,-1
366,751,1624021540611,-1,-1,-1
367,727,1624021541609,-1,-1,-1
368,679,1624021543603,-1,-1,-1
369,679,1624021544605,-1,-1,-1
370,647,1624021545649,-1,-1,-1
371,663,1624021545649,-1,-1,-1
372,639,1624021546605,-1,-1,-1
373,663,1624021547649,-1,-1,-1
374,631,1624021547649,-1,-1,-1
375,647,1624021548610,-1,-1,-1
376,599,1624021549603,-1,-1,-1
377,623,1624021549603,-1,-1,-1
378,687,1624021550608,-1,-1,-1
379,743,1624021551604,-1,-1,-1
380,735,1624021551604,-1,-1,-1
381,783,1624021552603,-1,-1,-1
382,815,1624021553602,-1,-1,-1
383,759,1624021554608,-1,-1,-1
384,751,1624021554608,-1,-1,-1
385,759,1624021555644,-1,-1,-1
386,719,1624021556602,-1,-1,-1
387,751,1624021557605,-1,-1,-1
388,791,1624021557605,-1,-1,-1
389,799,1624021558603,-1,-1,-1
390,791,1624021559603,-1,-1,-1
391,783,1624021560604,-1,-1,-1
392,767,1624021561603,-1,-1,-1
393,751,1624021561603,-1,-1,-1
394,775,1624021562605,-1,-1,-1
395,759,1624021563642,-1,-1,-1
396,767,1624021564609,-1,-1,-1
397,695,1624021564609,-1,-1,-1
398,943,1624021565604,-1,-1,-1
399,775,1624021566610,-1,-1,-1
400,807,1624021568610,-1,-1,-1
401,751,1624021569611,-1,-1,-1
402,679,1624021570602,-1,-1,-1
403,719,1624021570602,-1,-1,-1
404,639,1624021571603,-1,-1,-1
405,695,1624021572726,-1,-1,-1
406,687,1624021572726,-1,-1,-1
407,759,1624021573602,-1,-1,-1
408,767,1624021574603,-1,-1,-1
409,727,1624021575603,-1,-1,-1
410,695,1624021575603,-1,-1,-1
411,671,1624021576609,-1,-1,-1
412,615,1624021577689,-1,-1,-1
413,615,1624021577689,-1,-1,-1
414,607,1624021578610,-1,-1,-1
415,607,1624021579604,-1,-1,-1
416,647,1624021579604,-1,-1,-1
417,647,1624021580647,-1,-1,-1
418,615,1624021580647,-1,-1,-1
419,599,1624021581604,-1,-1,-1
420,655,1624021583607,-1,-1,-1
421,719,1624021584610,-1,-1,-1
422,711,1624021584610,-1,-1,-1
423,815,1624021585602,-1,-1,-1
424,727,1624021586610,-1,-1,-1
425,615,1624021587645,-1,-1,-1
426,663,1624021587645,-1,-1,-1
427,647,1624021588602,-1,-1,-1
428,535,1624021588602,-1,-1,-1
429,759,1624021592603,-1,-1,-1
430,647,1624021593649,-1,-1,-1
431,671,1624021593649,-1,-1,-1
432,599,1624021594608,-1,-1,-1
433,695,1624021597602,-1,-1,-1
434,807,1624021599728,-1,-1,-1
435,559,1624021599728,-1,-1,-1
436,631,1624021602606,-1,-1,-1
437,775,1624021604650,-1,-1,-1
438,519,1624021605604,-1,-1,-1
439,807,1624021607618,-1,-1,-1
440,559,1624021607618,-1,-1,-1
441,639,1624021612603,-1,-1,-1
442,607,1624021615602,-1,-1,-1
443,647,1624021617604,-1,-1,-1
444,647,1624021617604,-1,-1,-1
445,639,1624021618606,-1,-1,-1
446,647,1624021618606,-1,-1,-1
447,663,1624021619601,-1,-1,-1
448,655,1624021620643,-1,-1,-1
449,559,1624021625602,-1,-1,-1
450,615,1624021629645,-1,-1,-1
451,695,1624021629645,-1,-1,-1
452,671,1624021630603,-1,-1,-1
453,663,1624021632607,-1,-1,-1
454,607,1624021634607,-1,-1,-1
455,671,1624021634607,-1,-1,-1
456,631,1624021635606,-1,-1,-1
457,559,1624021636604,-1,-1,-1
458,599,1624021636604,-1,-1,-1
459,663,1624021637605,-1,-1,-1
460,639,1624021638606,-1,-1,-1
461,655,1624021639605,-1,-1,-1
462,447,1624021640604,-1,-1,-1
463,759,1624021641645,-1,-1,-1
464,647,1624021641646,-1,-1,-1
465,607,1624021642684,-1,-1,-1
466,615,1624021643603,-1,-1,-1
467,623,1624021643603,-1,-1,-1
468,615,1624021644609,-1,-1,-1
469,631,1624021644609,-1,-1,-1
470,639,1624021645642,-1,-1,-1
471,639,1624021646603,-1,-1,-1
472,631,1624021646603,-1,-1,-1
473,615,1624021647602,-1,-1,-1
474,687,1624021648603,-1,-1,-1
475,591,1624021648603,-1,-1,-1
476,615,1624021649602,-1,-1,-1
477,655,1624021649602,-1,-1,-1
478,615,1624021650603,-1,-1,-1
479,559,1624021651602,-1,-1,-1
480,687,1624021651603,-1,-1,-1
481,671,1624021652602,-1,-1,-1
482,599,1624021653607,-1,-1,-1
483,663,1624021653607,-1,-1,-1
484,703,1624021654603,-1,-1,-1
485,647,1624021655606,-1,-1,-1
486,663,1624021655606,-1,-1,-1
487,703,1624021656689,-1,-1,-1
488,631,1624021659613,-1,-1,-1
489,647,1624021660602,-1,-1,-1
490,647,1624021660602,-1,-1,-1
491,607,1624021661606,-1,-1,-1
492,647,1624021662647,-1,-1,-1
493,647,1624021662647,-1,-1,-1
494,631,1624021663610,-1,-1,-1
495,655,1624021664686,-1,-1,-1
496,655,1624021664686,-1,-1,-1
497,623,1624021665602,-1,-1,-1
498,655,1624021666602,-1,-1,-1
499,695,1624021666602,-1,-1,-1
500,623,1624021667602,-1,-1,-1
501,663,1624021668602,-1,-1,-1
502,679,1624021668602,-1,-1,-1
503,647,1624021669606,-1,-1,-1
504,607,1624021670603,-1,-1,-1
505,663,1624021670603,-1,-1,-1
506,679,1624021671602,-1,-1,-1
507,631,1624021672603,-1,-1,-1
508,655,1624021672603,-1,-1,-1
509,671,1624021673649,-1,-1,-1
510,647,1624021673649,-1,-1,-1
511,655,1624021674602,-1,-1,-1
512,663,1624021675684,-1,-1,-1
513,631,1624021675684,-1,-1,-1
514,647,1624021676602,-1,-1,-1
515,647,1624021677602,-1,-1,-1
516,599,1624021677602,-1,-1,-1
517,631,1624021678648,-1,-1,-1
518,639,1624021679602,-1,-1,-1
519,591,1624021679602,-1,-1,-1
520,575,1624021682602,-1,-1,-1
521,671,1624021682602,-1,-1,-1
522,639,1624021683601,-1,-1,-1
523,639,1624021684602,-1,-1,-1
524,631,1624021687602,-1,-1,-1
525,663,1624021688602,-1,-1,-1
526,607,1624021690601,-1,-1,-1
527,623,1624021691612,-1,-1,-1
528,663,1624021691612,-1,-1,-1
529,687,1624021692603,-1,-1,-1
530,687,1624021693603,-1,-1,-1
531,591,1624021699613,-1,-1,-1
532,543,1624021700610,-1,-1,-1
533,583,1624021700610,-1,-1,-1
534,583,1624021701607,-1,-1,-1
535,623,1624021701607,-1,-1,-1
536,671,1624021702606,-1,-1,-1
537,647,1624021703607,-1,-1,-1
538,639,1624021703607,-1,-1,-1
539,615,1624021704609,-1,-1,-1
540,591,1624021705646,-1,-1,-1
541,591,1624021705646,-1,-1,-1
542,575,1624021706607,-1,-1,-1
543,575,1624021706607,-1,-1,-1
544,567,1624021707602,-1,-1,-1
545,575,1624021707602,-1,-1,-1
546,575,1624021708603,-1,-1,-1
547,583,1624021709601,-1,-1,-1
548,599,1624021709601,-1,-1,-1
549,591,1624021710608,-1,-1,-1
550,599,1624021710608,-1,-1,-1
551,607,1624021711650,-1,-1,-1
552,599,1624021712610,-1,-1,-1
553,607,1624021712610,-1,-1,-1
554,607,1624021713641,-1,-1,-1
555,647,1624021713641,-1,-1,-1
556,703,1624021714609,-1,-1,-1
557,823,1624021716603,-1,-1,-1
558,799,1624021717603,-1,-1,-1
559,783,1624021718608,-1,-1,-1
560,783,1624021718609,-1,-1,-1
561,751,1624021719602,-1,-1,-1
562,727,1624021720603,-1,-1,-1
563,679,1624021720603,-1,-1,-1
564,695,1624021721607,-1,-1,-1
565,679,1624021722603,-1,-1,-1
566,663,1624021723605,-1,-1,-1
567,679,1624021723605,-1,-1,-1
568,719,1624021724603,-1,-1,-1
569,703,1624021725602,-1,-1,-1
570,671,1624021725602,-1,-1,-1
571,711,1624021726643,-1,-1,-1
572,671,1624021728684,-1,-1,-1
573,647,1624021731603,-1,-1,-1
574,631,1624021731603,-1,-1,-1
575,647,1624021732604,-1,-1,-1
576,647,1624021733644,-1,-1,-1
577,647,1624021733644,-1,-1,-1
578,639,1624021734603,-1,-1,-1
579,639,1624021734603,-1,-1,-1
580,623,1624021735615,-1,-1,-1
581,623,1624021736603,-1,-1,-1
582,631,1624021736603,-1,-1,-1
583,631,1624021737642,-1,-1,-1
584,631,1624021738617,-1,-1,-1
585,575,1624021738617,-1,-1,-1
586,639,1624021739603,-1,-1,-1
587,607,1624021739603,-1,-1,-1
588,607,1624021740605,-1,-1,-1
589,631,1624021741602,-1,-1,-1
590,639,1624021741602,-1,-1,-1
591,567,1624021745621,-1,-1,-1
592,615,1624021746616,-1,-1,-1
593,615,1624021746617,-1,-1,-1
594,679,1624021747618,-1,-1,-1
595,487,1624021747618,-1,-1,-1
596,607,1624021748618,-1,-1,-1
597,527,1624021752603,-1,-1,-1
598,671,1624021753619,-1,-1,-1
599,631,1624021754603,-1,-1,-1
600,527,1624021754603,-1,-1,-1
601,751,1624021755603,-1,-1,-1
602,591,1624021755603,-1,-1,-1
603,583,1624021756616,-1,-1,-1
604,599,1624021757603,-1,-1,-1
605,623,1624021757603,-1,-1,-1
606,607,1624021758603,-1,-1,-1
607,599,1624021758603,-1,-1,-1
608,599,1624021759603,-1,-1,-1
609,623,1624021760618,-1,-1,-1
610,623,1624021760619,-1,-1,-1
611,631,1624021763603,-1,-1,-1
612,631,1624021764608,-1,-1,-1
613,607,1624021765609,-1,-1,-1
614,455,1624021766618,-1,-1,-1
615,719,1624021767610,-1,-1,-1
616,591,1624021771601,-1,-1,-1
617,663,1624021772802,-1,-1,-1
618,551,1624021773602,-1,-1,-1
619,599,1624021773602,-1,-1,-1
620,599,1624021774603,-1,-1,-1
621,631,1624021774603,-1,-1,-1
622,583,1624021775605,-1,-1,-1
623,583,1624021776609,-1,-1,-1
624,535,1624021776609,-1,-1,-1
625,783,1624021777641,-1,-1,-1
626,647,1624021777642,-1,-1,-1
627,631,1624021778604,-1,-1,-1
628,607,1624021779604,-1,-1,-1
629,647,1624021779604,-1,-1,-1
630,583,1624021780604,-1,-1,-1
631,599,1624021781604,-1,-1,-1
632,599,1624021781604,-1,-1,-1
633,599,1624021782608,-1,-1,-1
634,591,1624021782608,-1,-1,-1
635,575,1624021783606,-1,-1,-1
636,575,1624021785602,-1,-1,-1
637,591,1624021785602,-1,-1,-1
638,591,1624021786602,-1,-1,-1
639,575,1624021786602,-1,-1,-1
