,RR,Timestamp,SensorContact,errorEstimate,blockerBit
0,831,1622700708948,-1,-1,-1
1,775,1622700761768,-1,-1,-1
2,743,1622700761778,-1,-1,-1
3,775,1622700762868,-1,-1,-1
4,759,1622700763868,-1,-1,-1
5,719,1622700764768,-1,-1,-1
6,743,1622700764778,-1,-1,-1
7,711,1622700765868,-1,-1,-1
8,703,1622700766868,-1,-1,-1
9,727,1622700767768,-1,-1,-1
10,751,1622700767778,-1,-1,-1
11,751,1622700768868,-1,-1,-1
12,767,1622700769868,-1,-1,-1
13,767,1622700770768,-1,-1,-1
14,759,1622700770778,-1,-1,-1
15,815,1622700771868,-1,-1,-1
16,735,1622700772868,-1,-1,-1
17,855,1622700773768,-1,-1,-1
18,639,1622700773778,-1,-1,-1
19,639,1622700774868,-1,-1,-1
20,735,1622700775868,-1,-1,-1
21,767,1622700776768,-1,-1,-1
22,759,1622700776778,-1,-1,-1
23,751,1622700777907,-1,-1,-1
24,719,1622700778867,-1,-1,-1
25,735,1622700779768,-1,-1,-1
26,743,1622700779778,-1,-1,-1
27,695,1622700780867,-1,-1,-1
28,727,1622700781768,-1,-1,-1
29,751,1622700781778,-1,-1,-1
30,751,1622700782867,-1,-1,-1
31,775,1622700783867,-1,-1,-1
32,783,1622700784768,-1,-1,-1
33,743,1622700784778,-1,-1,-1
34,767,1622700785867,-1,-1,-1
35,727,1622700786867,-1,-1,-1
36,727,1622700787768,-1,-1,-1
37,743,1622700787778,-1,-1,-1
38,591,1622700788867,-1,-1,-1
39,735,1622700794867,-1,-1,-1
40,735,1622700795767,-1,-1,-1
41,703,1622700795778,-1,-1,-1
42,703,1622700796867,-1,-1,-1
43,759,1622700797867,-1,-1,-1
44,703,1622700798767,-1,-1,-1
45,727,1622700798777,-1,-1,-1
46,719,1622700799867,-1,-1,-1
47,727,1622700800767,-1,-1,-1
48,767,1622700800777,-1,-1,-1
49,743,1622700801867,-1,-1,-1
50,783,1622700802867,-1,-1,-1
51,815,1622700803867,-1,-1,-1
52,807,1622700804767,-1,-1,-1
53,759,1622700804777,-1,-1,-1
54,775,1622700805867,-1,-1,-1
55,783,1622700806867,-1,-1,-1
56,735,1622700807767,-1,-1,-1
57,783,1622700807777,-1,-1,-1
58,807,1622700808867,-1,-1,-1
59,807,1622700809867,-1,-1,-1
60,775,1622700810907,-1,-1,-1
61,807,1622700811767,-1,-1,-1
62,815,1622700811777,-1,-1,-1
63,791,1622700812867,-1,-1,-1
64,767,1622700813867,-1,-1,-1
65,767,1622700814867,-1,-1,-1
66,791,1622700815767,-1,-1,-1
67,743,1622700815777,-1,-1,-1
68,791,1622700816867,-1,-1,-1
69,783,1622700817867,-1,-1,-1
70,751,1622700818767,-1,-1,-1
71,783,1622700818777,-1,-1,-1
72,807,1622700819867,-1,-1,-1
73,735,1622700820867,-1,-1,-1
74,775,1622700821867,-1,-1,-1
75,783,1622700822767,-1,-1,-1
76,743,1622700822777,-1,-1,-1
77,759,1622700823867,-1,-1,-1
78,767,1622700824867,-1,-1,-1
79,759,1622700825767,-1,-1,-1
80,735,1622700825777,-1,-1,-1
81,759,1622700826907,-1,-1,-1
82,767,1622700827867,-1,-1,-1
83,759,1622700828767,-1,-1,-1
84,775,1622700828777,-1,-1,-1
85,735,1622700829867,-1,-1,-1
86,759,1622700830867,-1,-1,-1
87,767,1622700831767,-1,-1,-1
88,775,1622700831777,-1,-1,-1
89,735,1622700832867,-1,-1,-1
90,783,1622700833867,-1,-1,-1
91,847,1622700834867,-1,-1,-1
92,799,1622700835767,-1,-1,-1
93,791,1622700835777,-1,-1,-1
94,815,1622700836867,-1,-1,-1
95,775,1622700837866,-1,-1,-1
96,719,1622700838767,-1,-1,-1
97,743,1622700838777,-1,-1,-1
98,751,1622700839866,-1,-1,-1
99,735,1622700840866,-1,-1,-1
100,759,1622700841766,-1,-1,-1
101,791,1622700841776,-1,-1,-1
102,823,1622700844866,-1,-1,-1
103,815,1622700845866,-1,-1,-1
104,783,1622700846766,-1,-1,-1
105,775,1622700846776,-1,-1,-1
106,799,1622700847866,-1,-1,-1
107,791,1622700848866,-1,-1,-1
108,735,1622700849766,-1,-1,-1
109,799,1622700849777,-1,-1,-1
110,807,1622700850866,-1,-1,-1
111,767,1622700851866,-1,-1,-1
112,671,1622700852866,-1,-1,-1
113,911,1622700853766,-1,-1,-1
114,727,1622700853776,-1,-1,-1
115,751,1622700854866,-1,-1,-1
116,679,1622700855866,-1,-1,-1
117,767,1622700861866,-1,-1,-1
118,775,1622700862866,-1,-1,-1
119,743,1622700863766,-1,-1,-1
120,727,1622700863776,-1,-1,-1
121,759,1622700864866,-1,-1,-1
122,783,1622700865866,-1,-1,-1
123,751,1622700866766,-1,-1,-1
124,783,1622700866776,-1,-1,-1
125,799,1622700867866,-1,-1,-1
126,799,1622700868866,-1,-1,-1
127,799,1622700869866,-1,-1,-1
128,823,1622700870766,-1,-1,-1
129,831,1622700870776,-1,-1,-1
130,783,1622700871866,-1,-1,-1
131,815,1622700872866,-1,-1,-1
132,823,1622700873866,-1,-1,-1
133,783,1622700874766,-1,-1,-1
134,799,1622700874776,-1,-1,-1
135,815,1622700875866,-1,-1,-1
136,783,1622700876866,-1,-1,-1
137,815,1622700877866,-1,-1,-1
138,815,1622700878766,-1,-1,-1
139,783,1622700878776,-1,-1,-1
140,807,1622700879866,-1,-1,-1
141,839,1622700880866,-1,-1,-1
142,799,1622700881866,-1,-1,-1
143,823,1622700882866,-1,-1,-1
144,847,1622700883766,-1,-1,-1
145,815,1622700883776,-1,-1,-1
146,759,1622700884866,-1,-1,-1
147,799,1622700885866,-1,-1,-1
148,815,1622700886866,-1,-1,-1
149,767,1622700887766,-1,-1,-1
150,791,1622700887776,-1,-1,-1
151,831,1622700888865,-1,-1,-1
152,775,1622700889866,-1,-1,-1
153,791,1622700890766,-1,-1,-1
154,799,1622700890776,-1,-1,-1
155,855,1622700891865,-1,-1,-1
156,775,1622700892906,-1,-1,-1
157,815,1622700893865,-1,-1,-1
158,791,1622700895865,-1,-1,-1
159,751,1622700896865,-1,-1,-1
160,775,1622700897865,-1,-1,-1
161,775,1622700898765,-1,-1,-1
162,759,1622700898776,-1,-1,-1
163,743,1622700899865,-1,-1,-1
164,767,1622700900865,-1,-1,-1
165,807,1622700901865,-1,-1,-1
166,799,1622700902765,-1,-1,-1
167,823,1622700902776,-1,-1,-1
168,839,1622700905865,-1,-1,-1
169,815,1622700906865,-1,-1,-1
170,823,1622700907765,-1,-1,-1
171,583,1622700907775,-1,-1,-1
172,1087,1622700908905,-1,-1,-1
173,735,1622700909865,-1,-1,-1
174,791,1622700910865,-1,-1,-1
175,799,1622700911765,-1,-1,-1
176,775,1622700911775,-1,-1,-1
177,791,1622700912865,-1,-1,-1
178,823,1622700913865,-1,-1,-1
179,807,1622700914865,-1,-1,-1
180,799,1622700915765,-1,-1,-1
181,855,1622700915775,-1,-1,-1
182,847,1622700916865,-1,-1,-1
183,775,1622700917865,-1,-1,-1
184,807,1622700918865,-1,-1,-1
185,831,1622700919765,-1,-1,-1
186,791,1622700919775,-1,-1,-1
187,807,1622700920865,-1,-1,-1
188,799,1622700921865,-1,-1,-1
189,807,1622700922865,-1,-1,-1
190,759,1622700923765,-1,-1,-1
191,799,1622700923775,-1,-1,-1
192,815,1622700924865,-1,-1,-1
193,807,1622700925905,-1,-1,-1
194,807,1622700926865,-1,-1,-1
195,839,1622700927765,-1,-1,-1
196,783,1622700927775,-1,-1,-1
197,783,1622700928865,-1,-1,-1
198,799,1622700929865,-1,-1,-1
199,783,1622700930865,-1,-1,-1
200,775,1622700931765,-1,-1,-1
201,791,1622700931775,-1,-1,-1
202,783,1622700932865,-1,-1,-1
203,775,1622700933865,-1,-1,-1
204,783,1622700934865,-1,-1,-1
205,783,1622700936865,-1,-1,-1
206,775,1622700937865,-1,-1,-1
207,695,1622700938765,-1,-1,-1
208,647,1622700938775,-1,-1,-1
209,743,1622700939865,-1,-1,-1
210,759,1622700940865,-1,-1,-1
211,823,1622700941905,-1,-1,-1
212,759,1622700946864,-1,-1,-1
213,791,1622700947864,-1,-1,-1
214,751,1622700948765,-1,-1,-1
215,783,1622700948775,-1,-1,-1
216,823,1622700949864,-1,-1,-1
217,823,1622700950864,-1,-1,-1
218,831,1622700951864,-1,-1,-1
219,831,1622700952864,-1,-1,-1
220,863,1622700953765,-1,-1,-1
221,863,1622700953775,-1,-1,-1
222,823,1622700954864,-1,-1,-1
223,839,1622700955864,-1,-1,-1
224,799,1622700956864,-1,-1,-1
225,807,1622700957864,-1,-1,-1
226,839,1622700958804,-1,-1,-1
227,775,1622700958815,-1,-1,-1
228,815,1622700959864,-1,-1,-1
229,815,1622700960864,-1,-1,-1
230,783,1622700961864,-1,-1,-1
231,791,1622700962764,-1,-1,-1
232,799,1622700962774,-1,-1,-1
233,791,1622700963864,-1,-1,-1
234,767,1622700964864,-1,-1,-1
235,799,1622700965864,-1,-1,-1
236,767,1622700966764,-1,-1,-1
237,751,1622700966774,-1,-1,-1
238,775,1622700967864,-1,-1,-1
239,807,1622700968864,-1,-1,-1
240,751,1622700969764,-1,-1,-1
241,783,1622700969774,-1,-1,-1
242,807,1622700970864,-1,-1,-1
243,735,1622700971864,-1,-1,-1
244,751,1622700972765,-1,-1,-1
245,783,1622700972775,-1,-1,-1
246,791,1622700973864,-1,-1,-1
247,759,1622700974904,-1,-1,-1
248,791,1622700975864,-1,-1,-1
249,799,1622700976764,-1,-1,-1
250,751,1622700976774,-1,-1,-1
251,783,1622700977864,-1,-1,-1
252,783,1622700978864,-1,-1,-1
253,751,1622700979764,-1,-1,-1
254,799,1622700979774,-1,-1,-1
255,799,1622700980864,-1,-1,-1
256,711,1622700981864,-1,-1,-1
257,823,1622700982864,-1,-1,-1
258,847,1622700984864,-1,-1,-1
259,807,1622700985864,-1,-1,-1
260,727,1622700986904,-1,-1,-1
261,791,1622700987764,-1,-1,-1
262,831,1622700987774,-1,-1,-1
263,775,1622700988864,-1,-1,-1
264,759,1622700991904,-1,-1,-1
265,791,1622700992864,-1,-1,-1
266,791,1622700993864,-1,-1,-1
267,751,1622700994764,-1,-1,-1
268,791,1622700994774,-1,-1,-1
269,815,1622700995864,-1,-1,-1
270,751,1622700996864,-1,-1,-1
271,807,1622700997864,-1,-1,-1
272,815,1622700998764,-1,-1,-1
273,775,1622700998774,-1,-1,-1
274,815,1622700999864,-1,-1,-1
275,807,1622701000864,-1,-1,-1
276,751,1622701001864,-1,-1,-1
277,799,1622701002764,-1,-1,-1
278,791,1622701002774,-1,-1,-1
279,751,1622701003864,-1,-1,-1
280,791,1622701004864,-1,-1,-1
281,807,1622701005765,-1,-1,-1
282,767,1622701005775,-1,-1,-1
283,799,1622701006865,-1,-1,-1
284,815,1622701007904,-1,-1,-1
285,791,1622701008864,-1,-1,-1
286,775,1622701009765,-1,-1,-1
287,799,1622701009775,-1,-1,-1
288,751,1622701010865,-1,-1,-1
289,751,1622701011864,-1,-1,-1
290,751,1622701014864,-1,-1,-1
291,711,1622701015764,-1,-1,-1
292,711,1622701015775,-1,-1,-1
293,735,1622701016864,-1,-1,-1
294,743,1622701017864,-1,-1,-1
295,767,1622701018764,-1,-1,-1
296,807,1622701018774,-1,-1,-1
297,791,1622701019864,-1,-1,-1
298,799,1622701020864,-1,-1,-1
299,743,1622701021864,-1,-1,-1
300,775,1622701022764,-1,-1,-1
301,767,1622701022774,-1,-1,-1
302,719,1622701023864,-1,-1,-1
303,759,1622701024864,-1,-1,-1
304,751,1622701025765,-1,-1,-1
305,743,1622701025775,-1,-1,-1
306,727,1622701026864,-1,-1,-1
307,719,1622701027864,-1,-1,-1
308,751,1622701028764,-1,-1,-1
309,807,1622701028774,-1,-1,-1
310,759,1622701029864,-1,-1,-1
311,775,1622701030864,-1,-1,-1
312,815,1622701031764,-1,-1,-1
313,759,1622701031774,-1,-1,-1
314,791,1622701032864,-1,-1,-1
315,799,1622701033864,-1,-1,-1
316,743,1622701034864,-1,-1,-1
317,759,1622701035764,-1,-1,-1
318,791,1622701035774,-1,-1,-1
319,743,1622701036864,-1,-1,-1
320,783,1622701037864,-1,-1,-1
321,799,1622701038764,-1,-1,-1
322,799,1622701038774,-1,-1,-1
323,791,1622701039864,-1,-1,-1
324,815,1622701040904,-1,-1,-1
325,775,1622701041864,-1,-1,-1
326,791,1622701042764,-1,-1,-1
327,791,1622701042774,-1,-1,-1
328,767,1622701043864,-1,-1,-1
329,703,1622701044864,-1,-1,-1
330,727,1622701045764,-1,-1,-1
331,759,1622701045774,-1,-1,-1
332,839,1622701046864,-1,-1,-1
333,775,1622701047864,-1,-1,-1
334,847,1622701048864,-1,-1,-1
335,775,1622701050864,-1,-1,-1
336,791,1622701051864,-1,-1,-1
337,759,1622701052864,-1,-1,-1
338,815,1622701053764,-1,-1,-1
339,759,1622701053774,-1,-1,-1
340,735,1622701054864,-1,-1,-1
341,751,1622701055864,-1,-1,-1
342,767,1622701056804,-1,-1,-1
343,727,1622701056814,-1,-1,-1
344,751,1622701057864,-1,-1,-1
345,775,1622701058864,-1,-1,-1
346,775,1622701059764,-1,-1,-1
347,783,1622701059774,-1,-1,-1
348,799,1622701060864,-1,-1,-1
349,775,1622701061863,-1,-1,-1
350,783,1622701062863,-1,-1,-1
351,791,1622701063764,-1,-1,-1
352,759,1622701063774,-1,-1,-1
353,767,1622701064863,-1,-1,-1
354,775,1622701065863,-1,-1,-1
355,743,1622701066764,-1,-1,-1
356,751,1622701066774,-1,-1,-1
357,775,1622701067863,-1,-1,-1
358,751,1622701068863,-1,-1,-1
359,783,1622701069863,-1,-1,-1
360,807,1622701070764,-1,-1,-1
361,799,1622701070774,-1,-1,-1
362,775,1622701071863,-1,-1,-1
363,735,1622701073903,-1,-1,-1
364,735,1622701074863,-1,-1,-1
365,783,1622701075863,-1,-1,-1
366,703,1622701076763,-1,-1,-1
367,735,1622701076773,-1,-1,-1
368,767,1622701077863,-1,-1,-1
369,759,1622701078863,-1,-1,-1
370,767,1622701079863,-1,-1,-1
371,815,1622701080763,-1,-1,-1
372,783,1622701080773,-1,-1,-1
373,775,1622701081863,-1,-1,-1
374,767,1622701082863,-1,-1,-1
375,759,1622701083763,-1,-1,-1
376,735,1622701083773,-1,-1,-1
377,727,1622701084863,-1,-1,-1
378,735,1622701085863,-1,-1,-1
379,791,1622701086763,-1,-1,-1
380,759,1622701086773,-1,-1,-1
381,727,1622701087863,-1,-1,-1
382,783,1622701088863,-1,-1,-1
383,783,1622701089803,-1,-1,-1
384,743,1622701089813,-1,-1,-1
385,783,1622701090863,-1,-1,-1
386,807,1622701091863,-1,-1,-1
387,759,1622701092863,-1,-1,-1
388,783,1622701093763,-1,-1,-1
389,783,1622701093773,-1,-1,-1
390,759,1622701094863,-1,-1,-1
391,775,1622701095863,-1,-1,-1
392,791,1622701096763,-1,-1,-1
393,735,1622701096773,-1,-1,-1
394,767,1622701097863,-1,-1,-1
395,791,1622701098863,-1,-1,-1
396,759,1622701099763,-1,-1,-1
397,783,1622701099773,-1,-1,-1
398,823,1622701100863,-1,-1,-1
399,759,1622701101863,-1,-1,-1
400,767,1622701102863,-1,-1,-1
401,799,1622701103763,-1,-1,-1
402,775,1622701103773,-1,-1,-1
403,743,1622701104863,-1,-1,-1
404,783,1622701105863,-1,-1,-1
405,807,1622701106803,-1,-1,-1
406,759,1622701106813,-1,-1,-1
407,807,1622701107863,-1,-1,-1
408,791,1622701108863,-1,-1,-1
409,783,1622701109863,-1,-1,-1
410,719,1622701110763,-1,-1,-1
411,719,1622701110773,-1,-1,-1
412,783,1622701111863,-1,-1,-1
413,783,1622701112863,-1,-1,-1
414,791,1622701113763,-1,-1,-1
415,751,1622701113773,-1,-1,-1
416,791,1622701114863,-1,-1,-1
417,775,1622701115863,-1,-1,-1
418,743,1622701116863,-1,-1,-1
419,767,1622701117763,-1,-1,-1
420,743,1622701117773,-1,-1,-1
421,719,1622701118863,-1,-1,-1
422,671,1622701119763,-1,-1,-1
423,743,1622701119773,-1,-1,-1
424,711,1622701120863,-1,-1,-1
425,695,1622701121763,-1,-1,-1
426,663,1622701121773,-1,-1,-1
427,695,1622701122902,-1,-1,-1
428,695,1622701123763,-1,-1,-1
429,535,1622701123773,-1,-1,-1
430,671,1622701126862,-1,-1,-1
431,751,1622701127862,-1,-1,-1
432,751,1622701128862,-1,-1,-1
433,775,1622701131862,-1,-1,-1
434,831,1622701132862,-1,-1,-1
435,767,1622701133762,-1,-1,-1
436,807,1622701133772,-1,-1,-1
437,823,1622701134862,-1,-1,-1
438,775,1622701135862,-1,-1,-1
439,791,1622701136862,-1,-1,-1
440,815,1622701137762,-1,-1,-1
441,743,1622701137772,-1,-1,-1
442,775,1622701138862,-1,-1,-1
443,783,1622701139902,-1,-1,-1
444,759,1622701140862,-1,-1,-1
445,815,1622701141763,-1,-1,-1
446,823,1622701141773,-1,-1,-1
447,815,1622701142862,-1,-1,-1
448,831,1622701143862,-1,-1,-1
449,839,1622701144862,-1,-1,-1
450,791,1622701145762,-1,-1,-1
451,751,1622701145772,-1,-1,-1
452,783,1622701146862,-1,-1,-1
453,783,1622701147862,-1,-1,-1
454,743,1622701148762,-1,-1,-1
455,687,1622701148772,-1,-1,-1
456,687,1622701149862,-1,-1,-1
457,815,1622701150862,-1,-1,-1
458,815,1622701151862,-1,-1,-1
459,847,1622701152762,-1,-1,-1
460,863,1622701152772,-1,-1,-1
461,879,1622701153862,-1,-1,-1
462,839,1622701154862,-1,-1,-1
463,807,1622701155902,-1,-1,-1
464,807,1622701156862,-1,-1,-1
465,799,1622701157762,-1,-1,-1
466,767,1622701157772,-1,-1,-1
467,743,1622701158862,-1,-1,-1
468,767,1622701159862,-1,-1,-1
469,807,1622701160762,-1,-1,-1
470,831,1622701160772,-1,-1,-1
471,847,1622701161862,-1,-1,-1
472,823,1622701165762,-1,-1,-1
473,783,1622701165772,-1,-1,-1
474,807,1622701166862,-1,-1,-1
475,807,1622701167862,-1,-1,-1
476,759,1622701168862,-1,-1,-1
477,799,1622701169762,-1,-1,-1
478,815,1622701169772,-1,-1,-1
479,815,1622701170862,-1,-1,-1
480,831,1622701171862,-1,-1,-1
481,727,1622701173862,-1,-1,-1
482,727,1622701174862,-1,-1,-1
483,743,1622701175862,-1,-1,-1
484,751,1622701176762,-1,-1,-1
485,799,1622701176772,-1,-1,-1
486,839,1622701177861,-1,-1,-1
487,855,1622701178861,-1,-1,-1
488,831,1622701179861,-1,-1,-1
489,791,1622701180762,-1,-1,-1
490,767,1622701180772,-1,-1,-1
491,743,1622701181861,-1,-1,-1
492,735,1622701182861,-1,-1,-1
493,735,1622701183762,-1,-1,-1
494,703,1622701183772,-1,-1,-1
495,735,1622701184861,-1,-1,-1
496,735,1622701185861,-1,-1,-1
497,751,1622701186762,-1,-1,-1
498,767,1622701186772,-1,-1,-1
499,743,1622701187861,-1,-1,-1
500,759,1622701188901,-1,-1,-1
501,791,1622701189861,-1,-1,-1
502,799,1622701190761,-1,-1,-1
503,759,1622701190771,-1,-1,-1
504,735,1622701191861,-1,-1,-1
505,759,1622701192861,-1,-1,-1
506,759,1622701193761,-1,-1,-1
507,759,1622701193771,-1,-1,-1
508,783,1622701194861,-1,-1,-1
509,735,1622701195861,-1,-1,-1
510,735,1622701196761,-1,-1,-1
511,727,1622701196771,-1,-1,-1
512,687,1622701197861,-1,-1,-1
513,679,1622701198761,-1,-1,-1
514,671,1622701198771,-1,-1,-1
515,687,1622701199861,-1,-1,-1
516,695,1622701200761,-1,-1,-1
517,703,1622701200771,-1,-1,-1
518,711,1622701201861,-1,-1,-1
519,751,1622701202861,-1,-1,-1
520,727,1622701203761,-1,-1,-1
521,759,1622701203771,-1,-1,-1
522,799,1622701204901,-1,-1,-1
523,815,1622701205861,-1,-1,-1
524,751,1622701206761,-1,-1,-1
525,775,1622701206771,-1,-1,-1
526,759,1622701207861,-1,-1,-1
527,783,1622701208861,-1,-1,-1
528,735,1622701209861,-1,-1,-1
529,759,1622701210761,-1,-1,-1
530,775,1622701210771,-1,-1,-1
531,751,1622701211861,-1,-1,-1
532,767,1622701212861,-1,-1,-1
533,775,1622701213761,-1,-1,-1
534,823,1622701213771,-1,-1,-1
535,775,1622701216861,-1,-1,-1
536,783,1622701217761,-1,-1,-1
537,791,1622701217771,-1,-1,-1
538,799,1622701218861,-1,-1,-1
539,759,1622701219861,-1,-1,-1
540,791,1622701220761,-1,-1,-1
541,815,1622701220771,-1,-1,-1
542,735,1622701221901,-1,-1,-1
543,775,1622701222861,-1,-1,-1
544,783,1622701223861,-1,-1,-1
545,759,1622701224761,-1,-1,-1
546,727,1622701224771,-1,-1,-1
547,759,1622701225861,-1,-1,-1
548,767,1622701226821,-1,-1,-1
549,767,1622701227721,-1,-1,-1
550,823,1622701227731,-1,-1,-1
551,759,1622701228821,-1,-1,-1
552,815,1622701229821,-1,-1,-1
553,775,1622701230721,-1,-1,-1
554,735,1622701230731,-1,-1,-1
555,719,1622701231821,-1,-1,-1
556,743,1622701232821,-1,-1,-1
557,695,1622701233721,-1,-1,-1
558,743,1622701233731,-1,-1,-1
559,759,1622701234821,-1,-1,-1
560,783,1622701235821,-1,-1,-1
561,743,1622701236721,-1,-1,-1
562,727,1622701236731,-1,-1,-1
563,751,1622701237821,-1,-1,-1
564,767,1622701238821,-1,-1,-1
565,727,1622701239721,-1,-1,-1
566,711,1622701239731,-1,-1,-1
567,695,1622701240860,-1,-1,-1
568,727,1622701241721,-1,-1,-1
569,703,1622701241731,-1,-1,-1
570,791,1622701242821,-1,-1,-1
571,783,1622701243821,-1,-1,-1
572,823,1622701244820,-1,-1,-1
573,839,1622701245820,-1,-1,-1
574,815,1622701246721,-1,-1,-1
575,807,1622701246731,-1,-1,-1
576,791,1622701247820,-1,-1,-1
577,759,1622701248820,-1,-1,-1
578,783,1622701249721,-1,-1,-1
579,815,1622701249731,-1,-1,-1
580,815,1622701250820,-1,-1,-1
581,751,1622701251820,-1,-1,-1
582,823,1622701252820,-1,-1,-1
583,831,1622701253820,-1,-1,-1
584,823,1622701254721,-1,-1,-1
585,839,1622701254731,-1,-1,-1
586,847,1622701255820,-1,-1,-1
587,783,1622701256860,-1,-1,-1
588,831,1622701257820,-1,-1,-1
589,847,1622701258820,-1,-1,-1
590,847,1622701259720,-1,-1,-1
591,751,1622701259730,-1,-1,-1
592,791,1622701260820,-1,-1,-1
593,799,1622701261820,-1,-1,-1
594,759,1622701262720,-1,-1,-1
595,815,1622701262730,-1,-1,-1
596,863,1622701263820,-1,-1,-1
597,775,1622701264820,-1,-1,-1
598,767,1622701265820,-1,-1,-1
599,863,1622701266820,-1,-1,-1
600,783,1622701267720,-1,-1,-1
601,751,1622701267730,-1,-1,-1
602,783,1622701268820,-1,-1,-1
603,791,1622701269820,-1,-1,-1
604,807,1622701270721,-1,-1,-1
605,783,1622701270731,-1,-1,-1
606,815,1622701271821,-1,-1,-1
607,783,1622701272821,-1,-1,-1
608,767,1622701273861,-1,-1,-1
609,847,1622701274721,-1,-1,-1
610,775,1622701274731,-1,-1,-1
611,775,1622701275821,-1,-1,-1
612,799,1622701276821,-1,-1,-1
613,807,1622701277821,-1,-1,-1
614,767,1622701278721,-1,-1,-1
615,839,1622701278731,-1,-1,-1
616,799,1622701279821,-1,-1,-1
617,799,1622701280821,-1,-1,-1
618,807,1622701281821,-1,-1,-1
619,799,1622701282721,-1,-1,-1
620,767,1622701282731,-1,-1,-1
621,759,1622701283821,-1,-1,-1
622,815,1622701284821,-1,-1,-1
623,815,1622701285821,-1,-1,-1
624,783,1622701286721,-1,-1,-1
625,567,1622701286731,-1,-1,-1
626,791,1622701290721,-1,-1,-1
627,759,1622701290731,-1,-1,-1
628,751,1622701291821,-1,-1,-1
629,743,1622701292821,-1,-1,-1
630,735,1622701295820,-1,-1,-1
631,759,1622701296721,-1,-1,-1
632,703,1622701296731,-1,-1,-1
633,727,1622701297821,-1,-1,-1
634,791,1622701298721,-1,-1,-1
635,735,1622701298731,-1,-1,-1
636,727,1622701299820,-1,-1,-1
637,791,1622701300820,-1,-1,-1
638,543,1622701301721,-1,-1,-1
639,943,1622701301731,-1,-1,-1
640,711,1622701302820,-1,-1,-1
641,759,1622701303820,-1,-1,-1
642,703,1622701304721,-1,-1,-1
643,799,1622701304731,-1,-1,-1
644,799,1622701305820,-1,-1,-1
645,839,1622701306860,-1,-1,-1
646,791,1622701307820,-1,-1,-1
647,783,1622701308721,-1,-1,-1
648,807,1622701308731,-1,-1,-1
649,807,1622701309820,-1,-1,-1
650,735,1622701310820,-1,-1,-1
651,735,1622701311820,-1,-1,-1
652,775,1622701312820,-1,-1,-1
653,807,1622701314820,-1,-1,-1
654,791,1622701315720,-1,-1,-1
655,783,1622701315730,-1,-1,-1
656,767,1622701316821,-1,-1,-1
657,735,1622701323820,-1,-1,-1
658,791,1622701324820,-1,-1,-1
659,815,1622701325720,-1,-1,-1
660,783,1622701325730,-1,-1,-1
661,807,1622701326820,-1,-1,-1
662,847,1622701327820,-1,-1,-1
663,815,1622701328820,-1,-1,-1
664,711,1622701329720,-1,-1,-1
665,815,1622701329730,-1,-1,-1
666,751,1622701330820,-1,-1,-1
667,759,1622701331820,-1,-1,-1
668,719,1622701332720,-1,-1,-1
669,783,1622701332730,-1,-1,-1
670,807,1622701333820,-1,-1,-1
671,775,1622701334820,-1,-1,-1
672,839,1622701335820,-1,-1,-1
673,783,1622701336720,-1,-1,-1
674,815,1622701336730,-1,-1,-1
675,831,1622701337820,-1,-1,-1
676,807,1622701338820,-1,-1,-1
677,815,1622701339860,-1,-1,-1
678,823,1622701340720,-1,-1,-1
679,839,1622701340730,-1,-1,-1
680,759,1622701341820,-1,-1,-1
681,791,1622701342820,-1,-1,-1
682,863,1622701343820,-1,-1,-1
683,703,1622701344720,-1,-1,-1
684,807,1622701344730,-1,-1,-1
685,815,1622701345820,-1,-1,-1
686,799,1622701346820,-1,-1,-1
687,743,1622701347820,-1,-1,-1
688,799,1622701348720,-1,-1,-1
689,815,1622701348730,-1,-1,-1
690,767,1622701349820,-1,-1,-1
691,799,1622701350820,-1,-1,-1
692,839,1622701351819,-1,-1,-1
693,807,1622701352720,-1,-1,-1
694,759,1622701352730,-1,-1,-1
695,807,1622701353820,-1,-1,-1
696,831,1622701354819,-1,-1,-1
697,799,1622701355859,-1,-1,-1
698,815,1622701356720,-1,-1,-1
699,831,1622701356730,-1,-1,-1
700,807,1622701357819,-1,-1,-1
701,831,1622701358820,-1,-1,-1
702,791,1622701359820,-1,-1,-1
703,791,1622701360720,-1,-1,-1
704,775,1622701360730,-1,-1,-1
705,799,1622701361819,-1,-1,-1
706,791,1622701362819,-1,-1,-1
707,759,1622701363819,-1,-1,-1
708,815,1622701364719,-1,-1,-1
709,855,1622701364729,-1,-1,-1
710,543,1622701365819,-1,-1,-1
711,751,1622701371819,-1,-1,-1
712,687,1622701374819,-1,-1,-1
713,751,1622701375819,-1,-1,-1
714,807,1622701376819,-1,-1,-1
715,823,1622701377719,-1,-1,-1
716,847,1622701377729,-1,-1,-1
717,839,1622701378819,-1,-1,-1
718,839,1622701379819,-1,-1,-1
719,815,1622701380819,-1,-1,-1
720,791,1622701381819,-1,-1,-1
721,783,1622701382819,-1,-1,-1
722,847,1622701385819,-1,-1,-1
723,823,1622701386719,-1,-1,-1
724,831,1622701386729,-1,-1,-1
725,847,1622701387819,-1,-1,-1
726,855,1622701388859,-1,-1,-1
727,775,1622701389819,-1,-1,-1
728,791,1622701390719,-1,-1,-1
729,759,1622701390729,-1,-1,-1
730,815,1622701391819,-1,-1,-1
731,743,1622701392819,-1,-1,-1
732,799,1622701393719,-1,-1,-1
733,719,1622701393729,-1,-1,-1
734,783,1622701394819,-1,-1,-1
735,663,1622701395819,-1,-1,-1
736,719,1622701396719,-1,-1,-1
737,679,1622701396729,-1,-1,-1
738,719,1622701397819,-1,-1,-1
739,759,1622701398819,-1,-1,-1
740,727,1622701399719,-1,-1,-1
741,655,1622701399729,-1,-1,-1
742,671,1622701400819,-1,-1,-1
743,463,1622701409818,-1,-1,-1
744,687,1622701411818,-1,-1,-1
745,655,1622701412818,-1,-1,-1
746,639,1622701416719,-1,-1,-1
747,671,1622701416729,-1,-1,-1
748,687,1622701417818,-1,-1,-1
749,735,1622701418818,-1,-1,-1
750,679,1622701419719,-1,-1,-1
751,791,1622701419729,-1,-1,-1
752,711,1622701423818,-1,-1,-1
753,695,1622701424718,-1,-1,-1
754,727,1622701424728,-1,-1,-1
755,743,1622701425818,-1,-1,-1
756,727,1622701426818,-1,-1,-1
757,759,1622701427818,-1,-1,-1
758,791,1622701428718,-1,-1,-1
759,767,1622701428728,-1,-1,-1
760,807,1622701429818,-1,-1,-1
761,807,1622701430818,-1,-1,-1
762,767,1622701431718,-1,-1,-1
763,759,1622701431728,-1,-1,-1
764,759,1622701432818,-1,-1,-1
765,735,1622701433818,-1,-1,-1
766,759,1622701434718,-1,-1,-1
767,751,1622701434728,-1,-1,-1
768,719,1622701435818,-1,-1,-1
769,743,1622701436818,-1,-1,-1
770,775,1622701437758,-1,-1,-1
771,751,1622701437768,-1,-1,-1
772,767,1622701438818,-1,-1,-1
773,775,1622701439818,-1,-1,-1
774,751,1622701440718,-1,-1,-1
775,727,1622701440728,-1,-1,-1
776,815,1622701441818,-1,-1,-1
777,711,1622701442818,-1,-1,-1
778,775,1622701443818,-1,-1,-1
779,719,1622701446718,-1,-1,-1
780,727,1622701446728,-1,-1,-1
781,623,1622701447818,-1,-1,-1
782,743,1622701448818,-1,-1,-1
783,791,1622701451818,-1,-1,-1
784,655,1622701452718,-1,-1,-1
785,567,1622701452728,-1,-1,-1
786,735,1622701453818,-1,-1,-1
787,463,1622701455818,-1,-1,-1
788,607,1622701457718,-1,-1,-1
789,679,1622701457728,-1,-1,-1
790,615,1622701458818,-1,-1,-1
791,799,1622701459818,-1,-1,-1
792,727,1622701460818,-1,-1,-1
793,615,1622701461818,-1,-1,-1
794,711,1622701462818,-1,-1,-1
795,743,1622701463718,-1,-1,-1
796,535,1622701463728,-1,-1,-1
797,703,1622701464718,-1,-1,-1
798,671,1622701464728,-1,-1,-1
799,639,1622701467818,-1,-1,-1
800,583,1622701468718,-1,-1,-1
801,687,1622701468728,-1,-1,-1
802,679,1622701469817,-1,-1,-1
803,727,1622701472818,-1,-1,-1
804,511,1622701473817,-1,-1,-1
805,847,1622701474718,-1,-1,-1
806,647,1622701474728,-1,-1,-1
807,663,1622701475817,-1,-1,-1
808,639,1622701476717,-1,-1,-1
809,655,1622701476728,-1,-1,-1
810,727,1622701477817,-1,-1,-1
811,623,1622701478717,-1,-1,-1
812,671,1622701478728,-1,-1,-1
813,679,1622701479717,-1,-1,-1
814,447,1622701479727,-1,-1,-1
815,559,1622701482817,-1,-1,-1
