,RR,Timestamp,SensorContact,errorEstimate,blockerBit
0,687,1625770028616,-1,-1,-1
1,615,1625770028616,-1,-1,-1
2,535,1625770028616,-1,-1,-1
3,583,1625770028616,-1,-1,-1
4,615,1625770028616,-1,-1,-1
5,735,1625770028616,-1,-1,-1
6,535,1625770028616,-1,-1,-1
7,767,1625770028616,-1,-1,-1
8,439,1625770028616,-1,-1,-1
9,599,1625770029106,-1,-1,-1
10,367,1625770029106,-1,-1,-1
11,455,1625770029106,-1,-1,-1
12,591,1625770031058,-1,-1,-1
13,495,1625770033044,-1,-1,-1
14,671,1625770033044,-1,-1,-1
15,431,1625770035043,-1,-1,-1
16,687,1625770036044,-1,-1,-1
17,663,1625770036044,-1,-1,-1
18,551,1625770039045,-1,-1,-1
19,575,1625770041042,-1,-1,-1
20,695,1625770042043,-1,-1,-1
21,639,1625770042043,-1,-1,-1
22,719,1625770043098,-1,-1,-1
23,679,1625770044051,-1,-1,-1
24,495,1625770044051,-1,-1,-1
25,631,1625770047043,-1,-1,-1
26,871,1625770048042,-1,-1,-1
27,623,1625770049042,-1,-1,-1
28,567,1625770056123,-1,-1,-1
29,487,1625770057043,-1,-1,-1
30,783,1625770059083,-1,-1,-1
31,663,1625770065048,-1,-1,-1
32,631,1625770066044,-1,-1,-1
33,591,1625770066044,-1,-1,-1
34,439,1625770067091,-1,-1,-1
35,519,1625770068050,-1,-1,-1
36,447,1625770069042,-1,-1,-1
37,711,1625770069042,-1,-1,-1
38,751,1625770070048,-1,-1,-1
39,815,1625770071043,-1,-1,-1
40,695,1625770072045,-1,-1,-1
41,855,1625770072045,-1,-1,-1
42,823,1625770073043,-1,-1,-1
43,687,1625770075046,-1,-1,-1
44,639,1625770076041,-1,-1,-1
45,575,1625770077051,-1,-1,-1
46,687,1625770077051,-1,-1,-1
47,663,1625770078051,-1,-1,-1
48,623,1625770079044,-1,-1,-1
49,671,1625770079044,-1,-1,-1
50,431,1625770080043,-1,-1,-1
51,487,1625770082043,-1,-1,-1
52,647,1625770084052,-1,-1,-1
53,623,1625770085047,-1,-1,-1
54,647,1625770085047,-1,-1,-1
55,655,1625770086042,-1,-1,-1
56,719,1625770088043,-1,-1,-1
57,735,1625770089042,-1,-1,-1
58,735,1625770090048,-1,-1,-1
59,759,1625770090049,-1,-1,-1
60,751,1625770091083,-1,-1,-1
61,727,1625770092042,-1,-1,-1
62,719,1625770092043,-1,-1,-1
63,671,1625770093042,-1,-1,-1
64,663,1625770094041,-1,-1,-1
65,623,1625770094041,-1,-1,-1
66,719,1625770095045,-1,-1,-1
67,695,1625770096041,-1,-1,-1
68,631,1625770096041,-1,-1,-1
69,639,1625770097042,-1,-1,-1
70,639,1625770098050,-1,-1,-1
71,655,1625770098050,-1,-1,-1
72,679,1625770099045,-1,-1,-1
73,623,1625770102048,-1,-1,-1
74,775,1625770105045,-1,-1,-1
75,695,1625770105046,-1,-1,-1
76,695,1625770106043,-1,-1,-1
77,727,1625770107042,-1,-1,-1
78,727,1625770108051,-1,-1,-1
79,671,1625770108051,-1,-1,-1
80,695,1625770109044,-1,-1,-1
81,703,1625770110049,-1,-1,-1
82,647,1625770110049,-1,-1,-1
83,703,1625770111048,-1,-1,-1
84,623,1625770112051,-1,-1,-1
85,663,1625770112051,-1,-1,-1
86,631,1625770114049,-1,-1,-1
87,719,1625770115042,-1,-1,-1
88,767,1625770116091,-1,-1,-1
89,719,1625770119051,-1,-1,-1
90,743,1625770120122,-1,-1,-1
91,727,1625770120122,-1,-1,-1
92,711,1625770121050,-1,-1,-1
93,727,1625770122042,-1,-1,-1
94,743,1625770122042,-1,-1,-1
95,687,1625770123084,-1,-1,-1
96,695,1625770124046,-1,-1,-1
97,695,1625770125049,-1,-1,-1
98,687,1625770125049,-1,-1,-1
99,703,1625770126049,-1,-1,-1
100,703,1625770127047,-1,-1,-1
101,711,1625770127047,-1,-1,-1
102,671,1625770128050,-1,-1,-1
103,663,1625770129052,-1,-1,-1
104,679,1625770129052,-1,-1,-1
105,703,1625770130049,-1,-1,-1
106,687,1625770131066,-1,-1,-1
107,711,1625770131066,-1,-1,-1
108,719,1625770132042,-1,-1,-1
109,751,1625770133049,-1,-1,-1
110,719,1625770134046,-1,-1,-1
111,735,1625770134046,-1,-1,-1
112,727,1625770135046,-1,-1,-1
113,687,1625770136049,-1,-1,-1
114,671,1625770136049,-1,-1,-1
115,671,1625770137048,-1,-1,-1
116,655,1625770138049,-1,-1,-1
117,671,1625770138050,-1,-1,-1
118,671,1625770139049,-1,-1,-1
119,687,1625770140044,-1,-1,-1
120,703,1625770141041,-1,-1,-1
121,743,1625770141041,-1,-1,-1
122,719,1625770142089,-1,-1,-1
123,719,1625770143046,-1,-1,-1
124,735,1625770143046,-1,-1,-1
125,711,1625770144051,-1,-1,-1
126,711,1625770145049,-1,-1,-1
127,711,1625770146049,-1,-1,-1
128,687,1625770146049,-1,-1,-1
129,695,1625770147043,-1,-1,-1
130,687,1625770148050,-1,-1,-1
131,679,1625770148051,-1,-1,-1
132,679,1625770149091,-1,-1,-1
133,695,1625770150052,-1,-1,-1
134,679,1625770150052,-1,-1,-1
135,663,1625770152049,-1,-1,-1
136,671,1625770153046,-1,-1,-1
137,671,1625770154049,-1,-1,-1
138,703,1625770154050,-1,-1,-1
139,735,1625770155091,-1,-1,-1
140,735,1625770156046,-1,-1,-1
141,727,1625770157051,-1,-1,-1
142,735,1625770157051,-1,-1,-1
143,695,1625770158042,-1,-1,-1
144,695,1625770159050,-1,-1,-1
145,687,1625770159051,-1,-1,-1
146,703,1625770160047,-1,-1,-1
147,695,1625770161081,-1,-1,-1
148,671,1625770162048,-1,-1,-1
149,647,1625770162048,-1,-1,-1
150,671,1625770163050,-1,-1,-1
151,703,1625770164050,-1,-1,-1
152,727,1625770164050,-1,-1,-1
153,735,1625770165082,-1,-1,-1
154,727,1625770166047,-1,-1,-1
155,719,1625770166047,-1,-1,-1
156,735,1625770167048,-1,-1,-1
157,711,1625770168053,-1,-1,-1
158,703,1625770169058,-1,-1,-1
159,703,1625770169058,-1,-1,-1
160,671,1625770170049,-1,-1,-1
161,687,1625770171050,-1,-1,-1
162,655,1625770171050,-1,-1,-1
163,671,1625770172041,-1,-1,-1
164,671,1625770173048,-1,-1,-1
165,639,1625770173048,-1,-1,-1
166,647,1625770174055,-1,-1,-1
167,647,1625770175042,-1,-1,-1
168,671,1625770175042,-1,-1,-1
169,647,1625770176049,-1,-1,-1
170,679,1625770177065,-1,-1,-1
171,687,1625770177065,-1,-1,-1
172,687,1625770178052,-1,-1,-1
173,695,1625770179049,-1,-1,-1
174,687,1625770179049,-1,-1,-1
175,679,1625770180128,-1,-1,-1
176,679,1625770181048,-1,-1,-1
177,671,1625770181048,-1,-1,-1
178,671,1625770182091,-1,-1,-1
179,647,1625770183049,-1,-1,-1
180,655,1625770183049,-1,-1,-1
181,647,1625770184049,-1,-1,-1
182,655,1625770185051,-1,-1,-1
183,663,1625770185052,-1,-1,-1
184,679,1625770186051,-1,-1,-1
185,663,1625770187089,-1,-1,-1
186,767,1625770187089,-1,-1,-1
187,631,1625770188042,-1,-1,-1
188,911,1625770190051,-1,-1,-1
189,639,1625770193041,-1,-1,-1
190,631,1625770193041,-1,-1,-1
191,639,1625770194048,-1,-1,-1
192,615,1625770196041,-1,-1,-1
193,623,1625770196041,-1,-1,-1
194,663,1625770197042,-1,-1,-1
195,695,1625770198088,-1,-1,-1
196,679,1625770198088,-1,-1,-1
197,695,1625770199049,-1,-1,-1
198,695,1625770200048,-1,-1,-1
199,663,1625770201041,-1,-1,-1
200,639,1625770201041,-1,-1,-1
201,687,1625770202045,-1,-1,-1
202,711,1625770203046,-1,-1,-1
203,727,1625770203046,-1,-1,-1
204,687,1625770204050,-1,-1,-1
205,663,1625770205047,-1,-1,-1
206,663,1625770205047,-1,-1,-1
207,639,1625770206043,-1,-1,-1
208,663,1625770207049,-1,-1,-1
209,655,1625770207049,-1,-1,-1
210,663,1625770208044,-1,-1,-1
211,599,1625770210046,-1,-1,-1
212,599,1625770210046,-1,-1,-1
213,607,1625770211049,-1,-1,-1
214,639,1625770212048,-1,-1,-1
215,711,1625770212048,-1,-1,-1
216,743,1625770213045,-1,-1,-1
217,815,1625770214046,-1,-1,-1
218,735,1625770215083,-1,-1,-1
219,751,1625770215083,-1,-1,-1
220,727,1625770216041,-1,-1,-1
221,711,1625770217048,-1,-1,-1
222,903,1625770219089,-1,-1,-1
223,887,1625770220045,-1,-1,-1
224,727,1625770223042,-1,-1,-1
225,583,1625770223042,-1,-1,-1
226,815,1625770224084,-1,-1,-1
227,663,1625770225041,-1,-1,-1
228,719,1625770233048,-1,-1,-1
229,631,1625770237049,-1,-1,-1
230,639,1625770237049,-1,-1,-1
231,671,1625770238048,-1,-1,-1
232,655,1625770239044,-1,-1,-1
233,655,1625770239044,-1,-1,-1
234,615,1625770240044,-1,-1,-1
235,679,1625770241042,-1,-1,-1
236,687,1625770241042,-1,-1,-1
237,655,1625770242046,-1,-1,-1
238,655,1625770243048,-1,-1,-1
239,639,1625770246043,-1,-1,-1
240,639,1625770247044,-1,-1,-1
241,655,1625770247044,-1,-1,-1
242,647,1625770248088,-1,-1,-1
243,647,1625770248088,-1,-1,-1
244,631,1625770249047,-1,-1,-1
245,639,1625770250041,-1,-1,-1
246,655,1625770250042,-1,-1,-1
247,671,1625770251081,-1,-1,-1
248,671,1625770252049,-1,-1,-1
249,687,1625770252049,-1,-1,-1
250,727,1625770253061,-1,-1,-1
251,735,1625770254048,-1,-1,-1
252,719,1625770255047,-1,-1,-1
253,679,1625770255047,-1,-1,-1
254,679,1625770256046,-1,-1,-1
255,655,1625770257046,-1,-1,-1
256,655,1625770257046,-1,-1,-1
257,663,1625770258051,-1,-1,-1
258,663,1625770259046,-1,-1,-1
259,663,1625770259046,-1,-1,-1
260,655,1625770260048,-1,-1,-1
261,679,1625770261051,-1,-1,-1
262,695,1625770261051,-1,-1,-1
263,679,1625770262045,-1,-1,-1
264,711,1625770263046,-1,-1,-1
265,727,1625770263046,-1,-1,-1
266,711,1625770264087,-1,-1,-1
267,671,1625770265048,-1,-1,-1
268,687,1625770266044,-1,-1,-1
269,671,1625770266044,-1,-1,-1
270,623,1625770267044,-1,-1,-1
271,639,1625770267044,-1,-1,-1
272,631,1625770268047,-1,-1,-1
273,639,1625770269048,-1,-1,-1
274,631,1625770269048,-1,-1,-1
275,615,1625770270043,-1,-1,-1
276,607,1625770271045,-1,-1,-1
277,607,1625770271045,-1,-1,-1
278,599,1625770272049,-1,-1,-1
279,599,1625770272049,-1,-1,-1
280,583,1625770273043,-1,-1,-1
281,591,1625770274041,-1,-1,-1
282,599,1625770274041,-1,-1,-1
283,615,1625770275046,-1,-1,-1
284,639,1625770275046,-1,-1,-1
285,639,1625770276045,-1,-1,-1
286,647,1625770277049,-1,-1,-1
287,711,1625770281085,-1,-1,-1
288,727,1625770282048,-1,-1,-1
289,711,1625770282048,-1,-1,-1
290,695,1625770283089,-1,-1,-1
291,703,1625770284047,-1,-1,-1
292,663,1625770285042,-1,-1,-1
293,679,1625770285042,-1,-1,-1
294,647,1625770286045,-1,-1,-1
295,639,1625770286045,-1,-1,-1
296,647,1625770287068,-1,-1,-1
297,655,1625770288046,-1,-1,-1
298,671,1625770288047,-1,-1,-1
299,639,1625770289048,-1,-1,-1
300,687,1625770290049,-1,-1,-1
301,687,1625770290049,-1,-1,-1
302,687,1625770291048,-1,-1,-1
303,695,1625770292047,-1,-1,-1
304,655,1625770293045,-1,-1,-1
305,687,1625770293045,-1,-1,-1
306,695,1625770294046,-1,-1,-1
307,687,1625770295049,-1,-1,-1
308,671,1625770295049,-1,-1,-1
309,687,1625770296043,-1,-1,-1
310,663,1625770297094,-1,-1,-1
311,631,1625770297094,-1,-1,-1
312,679,1625770298042,-1,-1,-1
313,583,1625770299108,-1,-1,-1
314,599,1625770301042,-1,-1,-1
315,695,1625770301042,-1,-1,-1
316,655,1625770302008,-1,-1,-1
317,567,1625770302008,-1,-1,-1
318,807,1625770303008,-1,-1,-1
319,647,1625770307007,-1,-1,-1
320,607,1625770307007,-1,-1,-1
321,631,1625770308003,-1,-1,-1
322,639,1625770309001,-1,-1,-1
323,671,1625770309001,-1,-1,-1
324,711,1625770310002,-1,-1,-1
325,751,1625770311007,-1,-1,-1
326,767,1625770311007,-1,-1,-1
327,727,1625770312006,-1,-1,-1
328,735,1625770313006,-1,-1,-1
329,767,1625770314003,-1,-1,-1
330,679,1625770316045,-1,-1,-1
331,607,1625770318002,-1,-1,-1
332,711,1625770319002,-1,-1,-1
333,727,1625770320003,-1,-1,-1
334,775,1625770321004,-1,-1,-1
335,775,1625770321004,-1,-1,-1
336,775,1625770322001,-1,-1,-1
337,727,1625770323000,-1,-1,-1
338,727,1625770324046,-1,-1,-1
339,727,1625770324046,-1,-1,-1
340,735,1625770325005,-1,-1,-1
341,727,1625770326003,-1,-1,-1
342,727,1625770327006,-1,-1,-1
343,687,1625770327007,-1,-1,-1
344,695,1625770330005,-1,-1,-1
345,703,1625770333046,-1,-1,-1
346,647,1625770334003,-1,-1,-1
347,727,1625770334003,-1,-1,-1
348,663,1625770335008,-1,-1,-1
349,799,1625770336001,-1,-1,-1
350,831,1625770337009,-1,-1,-1
351,791,1625770337009,-1,-1,-1
352,799,1625770338008,-1,-1,-1
353,767,1625770339022,-1,-1,-1
354,719,1625770340002,-1,-1,-1
355,767,1625770341005,-1,-1,-1
356,703,1625770341006,-1,-1,-1
357,703,1625770342002,-1,-1,-1
358,695,1625770343007,-1,-1,-1
359,703,1625770343007,-1,-1,-1
360,679,1625770344005,-1,-1,-1
361,679,1625770345007,-1,-1,-1
362,687,1625770347003,-1,-1,-1
363,679,1625770347003,-1,-1,-1
364,671,1625770348007,-1,-1,-1
365,647,1625770349042,-1,-1,-1
366,647,1625770349042,-1,-1,-1
367,735,1625770350033,-1,-1,-1
368,695,1625770351012,-1,-1,-1
369,655,1625770352002,-1,-1,-1
370,647,1625770352002,-1,-1,-1
371,631,1625770353013,-1,-1,-1
372,639,1625770353013,-1,-1,-1
373,599,1625770354002,-1,-1,-1
374,599,1625770355007,-1,-1,-1
375,623,1625770355007,-1,-1,-1
376,591,1625770356045,-1,-1,-1
377,623,1625770357005,-1,-1,-1
378,719,1625770357005,-1,-1,-1
379,551,1625770358007,-1,-1,-1
380,535,1625770358007,-1,-1,-1
381,647,1625770359007,-1,-1,-1
382,599,1625770360001,-1,-1,-1
383,631,1625770360001,-1,-1,-1
384,607,1625770361007,-1,-1,-1
385,647,1625770361007,-1,-1,-1
386,639,1625770362007,-1,-1,-1
387,599,1625770363001,-1,-1,-1
388,623,1625770363001,-1,-1,-1
389,607,1625770364055,-1,-1,-1
390,631,1625770365002,-1,-1,-1
391,639,1625770365002,-1,-1,-1
392,623,1625770366047,-1,-1,-1
393,631,1625770366047,-1,-1,-1
394,623,1625770367028,-1,-1,-1
395,607,1625770368004,-1,-1,-1
396,615,1625770368004,-1,-1,-1
397,607,1625770369000,-1,-1,-1
398,615,1625770370006,-1,-1,-1
399,591,1625770370006,-1,-1,-1
400,607,1625770371001,-1,-1,-1
401,607,1625770371001,-1,-1,-1
402,607,1625770372032,-1,-1,-1
403,615,1625770373008,-1,-1,-1
404,623,1625770373008,-1,-1,-1
405,599,1625770374007,-1,-1,-1
406,631,1625770374008,-1,-1,-1
407,647,1625770375001,-1,-1,-1
408,623,1625770376006,-1,-1,-1
409,631,1625770376006,-1,-1,-1
410,631,1625770377085,-1,-1,-1
411,631,1625770378006,-1,-1,-1
412,663,1625770378006,-1,-1,-1
413,719,1625770379002,-1,-1,-1
414,831,1625770381006,-1,-1,-1
415,791,1625770381006,-1,-1,-1
416,759,1625770382045,-1,-1,-1
417,711,1625770383006,-1,-1,-1
418,775,1625770384007,-1,-1,-1
419,711,1625770384007,-1,-1,-1
420,695,1625770385022,-1,-1,-1
421,655,1625770386000,-1,-1,-1
422,655,1625770386000,-1,-1,-1
423,655,1625770387006,-1,-1,-1
424,639,1625770388048,-1,-1,-1
425,631,1625770388048,-1,-1,-1
426,607,1625770389008,-1,-1,-1
427,631,1625770390005,-1,-1,-1
428,647,1625770390005,-1,-1,-1
429,695,1625770391006,-1,-1,-1
430,751,1625770392000,-1,-1,-1
431,767,1625770392000,-1,-1,-1
432,695,1625770393005,-1,-1,-1
433,703,1625770394008,-1,-1,-1
434,623,1625770394008,-1,-1,-1
435,663,1625770395008,-1,-1,-1
436,663,1625770396008,-1,-1,-1
437,607,1625770396008,-1,-1,-1
438,631,1625770397000,-1,-1,-1
439,623,1625770398002,-1,-1,-1
440,623,1625770398002,-1,-1,-1
441,623,1625770399121,-1,-1,-1
442,631,1625770400006,-1,-1,-1
443,631,1625770400006,-1,-1,-1
444,655,1625770401007,-1,-1,-1
445,655,1625770402004,-1,-1,-1
446,647,1625770402004,-1,-1,-1
447,655,1625770403006,-1,-1,-1
448,639,1625770403006,-1,-1,-1
449,695,1625770404001,-1,-1,-1
450,719,1625770405003,-1,-1,-1
451,751,1625770406039,-1,-1,-1
452,711,1625770406039,-1,-1,-1
453,719,1625770407003,-1,-1,-1
454,727,1625770408009,-1,-1,-1
455,671,1625770408009,-1,-1,-1
456,703,1625770409004,-1,-1,-1
457,671,1625770410001,-1,-1,-1
458,703,1625770411001,-1,-1,-1
459,671,1625770411001,-1,-1,-1
460,703,1625770412008,-1,-1,-1
461,679,1625770413002,-1,-1,-1
462,703,1625770413002,-1,-1,-1
463,703,1625770414009,-1,-1,-1
464,695,1625770415062,-1,-1,-1
465,687,1625770415062,-1,-1,-1
466,671,1625770416002,-1,-1,-1
467,679,1625770417002,-1,-1,-1
468,719,1625770417002,-1,-1,-1
469,663,1625770418001,-1,-1,-1
470,663,1625770419007,-1,-1,-1
471,687,1625770419007,-1,-1,-1
472,719,1625770420047,-1,-1,-1
473,735,1625770421001,-1,-1,-1
474,743,1625770422008,-1,-1,-1
475,783,1625770422008,-1,-1,-1
476,783,1625770423006,-1,-1,-1
477,751,1625770424007,-1,-1,-1
478,719,1625770425047,-1,-1,-1
479,735,1625770425047,-1,-1,-1
480,727,1625770426006,-1,-1,-1
481,711,1625770427008,-1,-1,-1
482,695,1625770428001,-1,-1,-1
483,695,1625770428001,-1,-1,-1
484,639,1625770430008,-1,-1,-1
485,655,1625770431001,-1,-1,-1
486,647,1625770432096,-1,-1,-1
487,663,1625770432096,-1,-1,-1
488,679,1625770433004,-1,-1,-1
489,671,1625770434006,-1,-1,-1
490,679,1625770434006,-1,-1,-1
491,703,1625770435008,-1,-1,-1
492,687,1625770436006,-1,-1,-1
493,695,1625770436007,-1,-1,-1
494,687,1625770437007,-1,-1,-1
495,711,1625770438002,-1,-1,-1
496,687,1625770438002,-1,-1,-1
497,687,1625770439008,-1,-1,-1
498,703,1625770440001,-1,-1,-1
499,695,1625770441021,-1,-1,-1
500,663,1625770441021,-1,-1,-1
501,671,1625770442008,-1,-1,-1
502,703,1625770443081,-1,-1,-1
503,679,1625770443081,-1,-1,-1
504,679,1625770444001,-1,-1,-1
505,679,1625770445005,-1,-1,-1
506,687,1625770445005,-1,-1,-1
507,687,1625770446001,-1,-1,-1
508,679,1625770447004,-1,-1,-1
509,679,1625770447004,-1,-1,-1
510,679,1625770448043,-1,-1,-1
511,719,1625770449000,-1,-1,-1
512,647,1625770449000,-1,-1,-1
513,655,1625770451007,-1,-1,-1
514,631,1625770452042,-1,-1,-1
515,647,1625770453005,-1,-1,-1
516,687,1625770453005,-1,-1,-1
517,671,1625770454007,-1,-1,-1
518,671,1625770455009,-1,-1,-1
519,679,1625770455009,-1,-1,-1
520,671,1625770456007,-1,-1,-1
521,647,1625770457008,-1,-1,-1
522,631,1625770457008,-1,-1,-1
523,671,1625770458004,-1,-1,-1
524,695,1625770459006,-1,-1,-1
525,703,1625770459006,-1,-1,-1
526,671,1625770460000,-1,-1,-1
527,583,1625770461004,-1,-1,-1
528,703,1625770461004,-1,-1,-1
529,671,1625770462005,-1,-1,-1
530,647,1625770463001,-1,-1,-1
531,655,1625770463001,-1,-1,-1
532,615,1625770464045,-1,-1,-1
533,631,1625770465007,-1,-1,-1
534,615,1625770465007,-1,-1,-1
535,607,1625770466007,-1,-1,-1
536,615,1625770466007,-1,-1,-1
537,631,1625770467002,-1,-1,-1
538,599,1625770468006,-1,-1,-1
539,631,1625770468006,-1,-1,-1
540,623,1625770469007,-1,-1,-1
541,703,1625770470006,-1,-1,-1
542,623,1625770470006,-1,-1,-1
543,663,1625770471001,-1,-1,-1
544,663,1625770472005,-1,-1,-1
545,711,1625770472005,-1,-1,-1
546,679,1625770473066,-1,-1,-1
547,679,1625770474006,-1,-1,-1
548,639,1625770474006,-1,-1,-1
549,703,1625770476003,-1,-1,-1
550,687,1625770477002,-1,-1,-1
551,655,1625770478087,-1,-1,-1
552,599,1625770480001,-1,-1,-1
553,647,1625770480001,-1,-1,-1
554,631,1625770481045,-1,-1,-1
555,599,1625770481045,-1,-1,-1
556,607,1625770482001,-1,-1,-1
557,615,1625770483001,-1,-1,-1
558,615,1625770483001,-1,-1,-1
559,631,1625770484049,-1,-1,-1
560,631,1625770485008,-1,-1,-1
561,623,1625770485009,-1,-1,-1
562,639,1625770486018,-1,-1,-1
563,655,1625770486018,-1,-1,-1
564,631,1625770487005,-1,-1,-1
565,647,1625770488042,-1,-1,-1
566,655,1625770488042,-1,-1,-1
567,655,1625770489002,-1,-1,-1
568,679,1625770490001,-1,-1,-1
569,679,1625770490001,-1,-1,-1
570,679,1625770491003,-1,-1,-1
571,679,1625770492006,-1,-1,-1
572,695,1625770492006,-1,-1,-1
573,687,1625770493001,-1,-1,-1
574,671,1625770494005,-1,-1,-1
575,687,1625770495001,-1,-1,-1
576,703,1625770495001,-1,-1,-1
577,727,1625770496047,-1,-1,-1
578,727,1625770497048,-1,-1,-1
579,719,1625770497048,-1,-1,-1
580,735,1625770498007,-1,-1,-1
581,735,1625770499006,-1,-1,-1
582,727,1625770500002,-1,-1,-1
583,719,1625770500002,-1,-1,-1
584,671,1625770501006,-1,-1,-1
585,631,1625770502003,-1,-1,-1
586,631,1625770502003,-1,-1,-1
587,703,1625770503001,-1,-1,-1
588,639,1625770504007,-1,-1,-1
589,647,1625770504007,-1,-1,-1
590,639,1625770505008,-1,-1,-1
591,647,1625770506001,-1,-1,-1
592,639,1625770506001,-1,-1,-1
593,655,1625770507002,-1,-1,-1
594,663,1625770507002,-1,-1,-1
595,647,1625770508006,-1,-1,-1
596,679,1625770509006,-1,-1,-1
597,655,1625770509006,-1,-1,-1
598,679,1625770510007,-1,-1,-1
599,615,1625770511080,-1,-1,-1
600,671,1625770511080,-1,-1,-1
601,759,1625770512001,-1,-1,-1
602,639,1625770513006,-1,-1,-1
603,743,1625770514051,-1,-1,-1
604,727,1625770514051,-1,-1,-1
605,711,1625770515007,-1,-1,-1
606,719,1625770516041,-1,-1,-1
607,703,1625770516041,-1,-1,-1
608,711,1625770517000,-1,-1,-1
609,727,1625770518001,-1,-1,-1
610,679,1625770518999,-1,-1,-1
611,743,1625770518999,-1,-1,-1
612,671,1625770520008,-1,-1,-1
613,687,1625770521006,-1,-1,-1
614,679,1625770521006,-1,-1,-1
615,687,1625770522003,-1,-1,-1
616,671,1625770523001,-1,-1,-1
617,671,1625770523001,-1,-1,-1
618,679,1625770524001,-1,-1,-1
619,671,1625770525008,-1,-1,-1
620,663,1625770525008,-1,-1,-1
621,655,1625770526002,-1,-1,-1
622,655,1625770527040,-1,-1,-1
623,687,1625770527040,-1,-1,-1
624,655,1625770528003,-1,-1,-1
625,671,1625770529000,-1,-1,-1
626,679,1625770529000,-1,-1,-1
627,671,1625770530054,-1,-1,-1
628,703,1625770531001,-1,-1,-1
629,671,1625770531001,-1,-1,-1
630,711,1625770532006,-1,-1,-1
631,711,1625770533002,-1,-1,-1
632,679,1625770534000,-1,-1,-1
633,671,1625770534000,-1,-1,-1
634,695,1625770535040,-1,-1,-1
635,695,1625770536001,-1,-1,-1
636,663,1625770536001,-1,-1,-1
637,687,1625770537000,-1,-1,-1
638,679,1625770538010,-1,-1,-1
639,663,1625770538010,-1,-1,-1
640,671,1625770539002,-1,-1,-1
641,679,1625770540007,-1,-1,-1
642,679,1625770540007,-1,-1,-1
643,671,1625770541004,-1,-1,-1
644,687,1625770542001,-1,-1,-1
645,687,1625770542001,-1,-1,-1
646,655,1625770543000,-1,-1,-1
647,655,1625770544001,-1,-1,-1
648,743,1625770546058,-1,-1,-1
649,703,1625770547041,-1,-1,-1
650,671,1625770547041,-1,-1,-1
651,711,1625770548042,-1,-1,-1
652,687,1625770549080,-1,-1,-1
653,671,1625770549081,-1,-1,-1
654,679,1625770550003,-1,-1,-1
655,679,1625770551006,-1,-1,-1
656,663,1625770551006,-1,-1,-1
657,663,1625770552001,-1,-1,-1
658,655,1625770553004,-1,-1,-1
659,647,1625770553004,-1,-1,-1
660,599,1625770554002,-1,-1,-1
661,695,1625770556001,-1,-1,-1
662,663,1625770557006,-1,-1,-1
663,655,1625770557007,-1,-1,-1
664,647,1625770558005,-1,-1,-1
665,687,1625770560081,-1,-1,-1
666,679,1625770561001,-1,-1,-1
667,655,1625770561001,-1,-1,-1
668,711,1625770562001,-1,-1,-1
669,711,1625770563080,-1,-1,-1
670,711,1625770563080,-1,-1,-1
671,679,1625770564007,-1,-1,-1
672,687,1625770565007,-1,-1,-1
673,735,1625770565007,-1,-1,-1
674,703,1625770566005,-1,-1,-1
675,751,1625770567007,-1,-1,-1
676,735,1625770568003,-1,-1,-1
677,767,1625770568003,-1,-1,-1
678,711,1625770569009,-1,-1,-1
679,679,1625770570002,-1,-1,-1
680,679,1625770571001,-1,-1,-1
681,655,1625770571001,-1,-1,-1
682,655,1625770572001,-1,-1,-1
683,655,1625770572001,-1,-1,-1
684,671,1625770573005,-1,-1,-1
685,695,1625770574040,-1,-1,-1
686,679,1625770575009,-1,-1,-1
687,719,1625770575009,-1,-1,-1
688,719,1625770576006,-1,-1,-1
689,719,1625770577012,-1,-1,-1
690,767,1625770577012,-1,-1,-1
691,759,1625770578001,-1,-1,-1
692,719,1625770578999,-1,-1,-1
693,719,1625770580040,-1,-1,-1
694,679,1625770580040,-1,-1,-1
695,711,1625770581001,-1,-1,-1
696,727,1625770582001,-1,-1,-1
697,751,1625770583005,-1,-1,-1
698,783,1625770583005,-1,-1,-1
699,775,1625770584000,-1,-1,-1
700,759,1625770585005,-1,-1,-1
701,743,1625770586005,-1,-1,-1
702,703,1625770586005,-1,-1,-1
703,711,1625770587006,-1,-1,-1
704,671,1625770588003,-1,-1,-1
705,687,1625770588003,-1,-1,-1
706,671,1625770589004,-1,-1,-1
707,655,1625770590007,-1,-1,-1
708,671,1625770590007,-1,-1,-1
709,679,1625770591005,-1,-1,-1
710,703,1625770592001,-1,-1,-1
711,703,1625770592001,-1,-1,-1
712,775,1625770593007,-1,-1,-1
713,879,1625770594006,-1,-1,-1
714,855,1625770595009,-1,-1,-1
715,831,1625770596040,-1,-1,-1
716,807,1625770597006,-1,-1,-1
717,791,1625770597006,-1,-1,-1
718,767,1625770598001,-1,-1,-1
719,751,1625770599001,-1,-1,-1
720,735,1625770600002,-1,-1,-1
721,727,1625770600002,-1,-1,-1
722,711,1625770601002,-1,-1,-1
723,695,1625770602006,-1,-1,-1
724,687,1625770602006,-1,-1,-1
725,663,1625770603007,-1,-1,-1
726,679,1625770604005,-1,-1,-1
727,671,1625770604005,-1,-1,-1
728,671,1625770605005,-1,-1,-1
729,671,1625770606007,-1,-1,-1
730,695,1625770607006,-1,-1,-1
731,703,1625770607006,-1,-1,-1
732,703,1625770608006,-1,-1,-1
733,695,1625770609003,-1,-1,-1
734,719,1625770609003,-1,-1,-1
735,719,1625770610006,-1,-1,-1
736,727,1625770610999,-1,-1,-1
737,727,1625770612047,-1,-1,-1
738,743,1625770612048,-1,-1,-1
739,735,1625770613042,-1,-1,-1
740,735,1625770614006,-1,-1,-1
741,759,1625770615005,-1,-1,-1
742,759,1625770615005,-1,-1,-1
743,727,1625770616005,-1,-1,-1
744,735,1625770617000,-1,-1,-1
745,751,1625770617000,-1,-1,-1
746,759,1625770618006,-1,-1,-1
747,735,1625770619006,-1,-1,-1
748,727,1625770620006,-1,-1,-1
749,711,1625770620006,-1,-1,-1
750,695,1625770621006,-1,-1,-1
751,727,1625770622001,-1,-1,-1
752,727,1625770623000,-1,-1,-1
753,727,1625770623000,-1,-1,-1
754,703,1625770624001,-1,-1,-1
755,671,1625770627000,-1,-1,-1
756,663,1625770628001,-1,-1,-1
757,583,1625770629048,-1,-1,-1
758,583,1625770629048,-1,-1,-1
759,807,1625770635006,-1,-1,-1
760,759,1625770636005,-1,-1,-1
761,711,1625770637005,-1,-1,-1
762,703,1625770637005,-1,-1,-1
763,695,1625770638005,-1,-1,-1
764,687,1625770639085,-1,-1,-1
765,679,1625770640003,-1,-1,-1
766,703,1625770640003,-1,-1,-1
767,743,1625770641008,-1,-1,-1
768,711,1625770642002,-1,-1,-1
769,719,1625770642002,-1,-1,-1
770,711,1625770643005,-1,-1,-1
771,711,1625770644044,-1,-1,-1
772,703,1625770645006,-1,-1,-1
773,719,1625770645006,-1,-1,-1
774,743,1625770646000,-1,-1,-1
775,711,1625770647010,-1,-1,-1
776,743,1625770647010,-1,-1,-1
777,743,1625770648000,-1,-1,-1
778,735,1625770649000,-1,-1,-1
779,735,1625770650000,-1,-1,-1
780,727,1625770650000,-1,-1,-1
781,743,1625770651002,-1,-1,-1
782,687,1625770652001,-1,-1,-1
783,679,1625770653002,-1,-1,-1
784,695,1625770653002,-1,-1,-1
785,695,1625770654006,-1,-1,-1
786,727,1625770654999,-1,-1,-1
787,735,1625770654999,-1,-1,-1
788,743,1625770656001,-1,-1,-1
789,727,1625770657002,-1,-1,-1
790,719,1625770658004,-1,-1,-1
791,727,1625770658004,-1,-1,-1
792,727,1625770659006,-1,-1,-1
793,711,1625770659999,-1,-1,-1
794,735,1625770659999,-1,-1,-1
795,703,1625770661006,-1,-1,-1
796,735,1625770662047,-1,-1,-1
797,687,1625770663006,-1,-1,-1
798,727,1625770663006,-1,-1,-1
799,711,1625770664004,-1,-1,-1
800,703,1625770665001,-1,-1,-1
801,711,1625770665001,-1,-1,-1
802,775,1625770666006,-1,-1,-1
803,703,1625770667005,-1,-1,-1
804,727,1625770668001,-1,-1,-1
805,751,1625770668001,-1,-1,-1
806,735,1625770669004,-1,-1,-1
807,727,1625770670005,-1,-1,-1
808,727,1625770671007,-1,-1,-1
809,719,1625770671007,-1,-1,-1
810,711,1625770671999,-1,-1,-1
811,735,1625770673003,-1,-1,-1
812,719,1625770674006,-1,-1,-1
813,719,1625770674006,-1,-1,-1
814,711,1625770675006,-1,-1,-1
815,711,1625770676083,-1,-1,-1
816,719,1625770676083,-1,-1,-1
817,719,1625770677001,-1,-1,-1
818,719,1625770678007,-1,-1,-1
819,703,1625770679006,-1,-1,-1
820,663,1625770679007,-1,-1,-1
821,823,1625770680001,-1,-1,-1
822,631,1625770683022,-1,-1,-1
823,799,1625770687006,-1,-1,-1
824,679,1625770690005,-1,-1,-1
825,687,1625770691052,-1,-1,-1
826,695,1625770691052,-1,-1,-1
827,655,1625770692001,-1,-1,-1
828,647,1625770693007,-1,-1,-1
829,743,1625770695040,-1,-1,-1
830,655,1625770696004,-1,-1,-1
831,687,1625770696004,-1,-1,-1
832,759,1625770697000,-1,-1,-1
833,751,1625770698001,-1,-1,-1
834,735,1625770699006,-1,-1,-1
835,767,1625770699006,-1,-1,-1
836,743,1625770700006,-1,-1,-1
837,799,1625770701004,-1,-1,-1
838,767,1625770702040,-1,-1,-1
839,775,1625770702040,-1,-1,-1
840,767,1625770703001,-1,-1,-1
841,751,1625770704003,-1,-1,-1
842,743,1625770705003,-1,-1,-1
843,743,1625770705003,-1,-1,-1
844,703,1625770706001,-1,-1,-1
845,719,1625770707001,-1,-1,-1
846,687,1625770707001,-1,-1,-1
847,679,1625770708081,-1,-1,-1
848,687,1625770709002,-1,-1,-1
849,735,1625770710007,-1,-1,-1
850,823,1625770710007,-1,-1,-1
851,791,1625770713001,-1,-1,-1
852,663,1625770718009,-1,-1,-1
853,719,1625770719007,-1,-1,-1
854,735,1625770719007,-1,-1,-1
855,751,1625770720005,-1,-1,-1
856,647,1625770721007,-1,-1,-1
857,695,1625770721007,-1,-1,-1
858,679,1625770722013,-1,-1,-1
859,711,1625770723001,-1,-1,-1
860,719,1625770723001,-1,-1,-1
861,727,1625770724006,-1,-1,-1
862,711,1625770725007,-1,-1,-1
863,679,1625770726010,-1,-1,-1
864,687,1625770726010,-1,-1,-1
865,551,1625770727002,-1,-1,-1
866,799,1625770728101,-1,-1,-1
867,687,1625770728101,-1,-1,-1
868,599,1625770729001,-1,-1,-1
869,831,1625770730004,-1,-1,-1
870,727,1625770730004,-1,-1,-1
871,711,1625770731005,-1,-1,-1
872,679,1625770732005,-1,-1,-1
873,751,1625770733007,-1,-1,-1
874,679,1625770733007,-1,-1,-1
875,711,1625770734018,-1,-1,-1
876,751,1625770735006,-1,-1,-1
877,663,1625770735006,-1,-1,-1
878,695,1625770736006,-1,-1,-1
879,671,1625770737005,-1,-1,-1
880,703,1625770737005,-1,-1,-1
881,791,1625770738007,-1,-1,-1
882,735,1625770739005,-1,-1,-1
883,783,1625770740047,-1,-1,-1
884,655,1625770740047,-1,-1,-1
885,767,1625770741000,-1,-1,-1
886,727,1625770742005,-1,-1,-1
887,623,1625770743001,-1,-1,-1
888,663,1625770747001,-1,-1,-1
889,671,1625770748004,-1,-1,-1
890,703,1625770749006,-1,-1,-1
891,655,1625770749007,-1,-1,-1
892,751,1625770750001,-1,-1,-1
893,735,1625770751025,-1,-1,-1
894,767,1625770753000,-1,-1,-1
895,647,1625770754006,-1,-1,-1
896,743,1625770755003,-1,-1,-1
897,727,1625770755003,-1,-1,-1
898,695,1625770756000,-1,-1,-1
899,943,1625770757002,-1,-1,-1
900,927,1625770758001,-1,-1,-1
901,847,1625770759005,-1,-1,-1
902,671,1625770759005,-1,-1,-1
903,679,1625770761047,-1,-1,-1
904,575,1625770763002,-1,-1,-1
905,679,1625770764002,-1,-1,-1
906,663,1625770765007,-1,-1,-1
907,711,1625770770004,-1,-1,-1
908,671,1625770771002,-1,-1,-1
909,655,1625770771002,-1,-1,-1
910,655,1625770772046,-1,-1,-1
911,671,1625770773001,-1,-1,-1
912,655,1625770773001,-1,-1,-1
913,687,1625770774006,-1,-1,-1
914,679,1625770775007,-1,-1,-1
915,679,1625770776007,-1,-1,-1
916,663,1625770776007,-1,-1,-1
917,679,1625770777046,-1,-1,-1
918,671,1625770778006,-1,-1,-1
919,679,1625770778007,-1,-1,-1
920,679,1625770779006,-1,-1,-1
921,703,1625770780006,-1,-1,-1
922,671,1625770780006,-1,-1,-1
923,687,1625770781007,-1,-1,-1
924,687,1625770782005,-1,-1,-1
925,695,1625770782005,-1,-1,-1
926,679,1625770783006,-1,-1,-1
927,687,1625770784002,-1,-1,-1
928,703,1625770784002,-1,-1,-1
929,703,1625770784999,-1,-1,-1
930,687,1625770786001,-1,-1,-1
931,703,1625770786001,-1,-1,-1
932,711,1625770786999,-1,-1,-1
933,687,1625770788004,-1,-1,-1
934,703,1625770789007,-1,-1,-1
935,703,1625770789007,-1,-1,-1
936,679,1625770790004,-1,-1,-1
937,687,1625770791005,-1,-1,-1
938,679,1625770791005,-1,-1,-1
939,695,1625770792005,-1,-1,-1
940,703,1625770793008,-1,-1,-1
941,695,1625770793008,-1,-1,-1
942,687,1625770794046,-1,-1,-1
943,695,1625770795005,-1,-1,-1
944,695,1625770796006,-1,-1,-1
945,679,1625770796006,-1,-1,-1
946,679,1625770797001,-1,-1,-1
947,679,1625770798000,-1,-1,-1
948,687,1625770798001,-1,-1,-1
949,679,1625770799000,-1,-1,-1
950,679,1625770800006,-1,-1,-1
951,687,1625770800007,-1,-1,-1
952,695,1625770801007,-1,-1,-1
953,703,1625770802008,-1,-1,-1
954,695,1625770802008,-1,-1,-1
955,695,1625770802999,-1,-1,-1
956,679,1625770804045,-1,-1,-1
957,687,1625770804046,-1,-1,-1
958,679,1625770805002,-1,-1,-1
959,671,1625770806006,-1,-1,-1
960,655,1625770806006,-1,-1,-1
961,679,1625770807002,-1,-1,-1
962,679,1625770808056,-1,-1,-1
963,671,1625770809003,-1,-1,-1
964,679,1625770809003,-1,-1,-1
965,703,1625770810040,-1,-1,-1
966,679,1625770811043,-1,-1,-1
967,695,1625770811043,-1,-1,-1
968,703,1625770812004,-1,-1,-1
969,695,1625770813000,-1,-1,-1
970,671,1625770813000,-1,-1,-1
971,679,1625770814002,-1,-1,-1
972,679,1625770816045,-1,-1,-1
973,703,1625770817001,-1,-1,-1
974,711,1625770818000,-1,-1,-1
975,727,1625770818000,-1,-1,-1
976,735,1625770819004,-1,-1,-1
977,735,1625770820000,-1,-1,-1
978,695,1625770820000,-1,-1,-1
979,727,1625770821002,-1,-1,-1
980,719,1625770822002,-1,-1,-1
981,679,1625770823001,-1,-1,-1
982,671,1625770823001,-1,-1,-1
983,687,1625770824005,-1,-1,-1
984,711,1625770825081,-1,-1,-1
985,759,1625770825081,-1,-1,-1
986,807,1625770826006,-1,-1,-1
987,783,1625770827080,-1,-1,-1
988,743,1625770827999,-1,-1,-1
989,735,1625770829004,-1,-1,-1
990,711,1625770829004,-1,-1,-1
991,671,1625770830005,-1,-1,-1
992,695,1625770831003,-1,-1,-1
993,679,1625770831003,-1,-1,-1
994,655,1625770832000,-1,-1,-1
995,663,1625770833000,-1,-1,-1
996,663,1625770833000,-1,-1,-1
997,679,1625770834003,-1,-1,-1
998,695,1625770835006,-1,-1,-1
999,703,1625770835006,-1,-1,-1
1000,687,1625770836103,-1,-1,-1
1001,647,1625770837006,-1,-1,-1
1002,647,1625770837006,-1,-1,-1
1003,735,1625770838001,-1,-1,-1
1004,607,1625770842006,-1,-1,-1
1005,647,1625770846005,-1,-1,-1
1006,647,1625770847015,-1,-1,-1
1007,703,1625770848000,-1,-1,-1
1008,711,1625770849003,-1,-1,-1
1009,783,1625770849003,-1,-1,-1
1010,783,1625770850004,-1,-1,-1
1011,767,1625770851007,-1,-1,-1
1012,735,1625770852006,-1,-1,-1
1013,735,1625770852006,-1,-1,-1
1014,719,1625770853001,-1,-1,-1
1015,695,1625770854006,-1,-1,-1
1016,695,1625770854006,-1,-1,-1
1017,655,1625770855002,-1,-1,-1
1018,671,1625770856003,-1,-1,-1
1019,679,1625770856003,-1,-1,-1
1020,671,1625770857003,-1,-1,-1
1021,679,1625770858046,-1,-1,-1
1022,695,1625770858046,-1,-1,-1
1023,703,1625770859005,-1,-1,-1
1024,695,1625770860003,-1,-1,-1
1025,703,1625770861006,-1,-1,-1
1026,703,1625770865007,-1,-1,-1
1027,751,1625770866006,-1,-1,-1
1028,759,1625770867005,-1,-1,-1
1029,743,1625770867005,-1,-1,-1
1030,783,1625770868047,-1,-1,-1
1031,695,1625770869006,-1,-1,-1
1032,775,1625770870007,-1,-1,-1
1033,727,1625770870007,-1,-1,-1
1034,631,1625770871005,-1,-1,-1
1035,799,1625770872088,-1,-1,-1
1036,703,1625770872088,-1,-1,-1
1037,703,1625770873006,-1,-1,-1
1038,751,1625770874003,-1,-1,-1
1039,711,1625770875006,-1,-1,-1
1040,791,1625770875006,-1,-1,-1
1041,775,1625770876043,-1,-1,-1
1042,679,1625770878007,-1,-1,-1
1043,775,1625770879000,-1,-1,-1
1044,719,1625770880041,-1,-1,-1
1045,743,1625770881002,-1,-1,-1
1046,719,1625770881002,-1,-1,-1
1047,743,1625770882000,-1,-1,-1
1048,719,1625770883020,-1,-1,-1
1049,759,1625770883020,-1,-1,-1
1050,735,1625770884000,-1,-1,-1
1051,687,1625770885006,-1,-1,-1
1052,703,1625770886125,-1,-1,-1
1053,719,1625770886125,-1,-1,-1
1054,751,1625770887005,-1,-1,-1
1055,719,1625770888005,-1,-1,-1
1056,727,1625770889000,-1,-1,-1
1057,743,1625770889000,-1,-1,-1
1058,727,1625770890005,-1,-1,-1
1059,703,1625770891001,-1,-1,-1
1060,727,1625770891001,-1,-1,-1
1061,703,1625770892002,-1,-1,-1
1062,727,1625770893005,-1,-1,-1
1063,735,1625770894026,-1,-1,-1
1064,687,1625770894026,-1,-1,-1
1065,687,1625770895006,-1,-1,-1
1066,695,1625770896000,-1,-1,-1
1067,711,1625770896000,-1,-1,-1
1068,743,1625770897005,-1,-1,-1
1069,735,1625770898002,-1,-1,-1
1070,695,1625770899080,-1,-1,-1
1071,727,1625770899080,-1,-1,-1
1072,719,1625770900045,-1,-1,-1
1073,719,1625770901084,-1,-1,-1
1074,663,1625770901084,-1,-1,-1
1075,719,1625770902006,-1,-1,-1
1076,663,1625770903000,-1,-1,-1
1077,631,1625770903000,-1,-1,-1
1078,599,1625770904001,-1,-1,-1
1079,815,1625770905006,-1,-1,-1
1080,743,1625770906007,-1,-1,-1
1081,687,1625770906007,-1,-1,-1
1082,719,1625770907006,-1,-1,-1
1083,743,1625770908000,-1,-1,-1
1084,727,1625770908000,-1,-1,-1
1085,743,1625770909047,-1,-1,-1
1086,743,1625770909998,-1,-1,-1
1087,727,1625770911000,-1,-1,-1
1088,767,1625770911000,-1,-1,-1
1089,687,1625770912002,-1,-1,-1
1090,703,1625770913003,-1,-1,-1
1091,631,1625770913003,-1,-1,-1
1092,735,1625770915999,-1,-1,-1
1093,639,1625770915999,-1,-1,-1
1094,679,1625770917005,-1,-1,-1
1095,727,1625770918003,-1,-1,-1
1096,631,1625770918003,-1,-1,-1
1097,703,1625770919005,-1,-1,-1
1098,727,1625770919999,-1,-1,-1
1099,727,1625770919999,-1,-1,-1
1100,719,1625770921005,-1,-1,-1
1101,783,1625770921999,-1,-1,-1
1102,687,1625770924005,-1,-1,-1
1103,559,1625770925046,-1,-1,-1
1104,871,1625770925046,-1,-1,-1
1105,687,1625770926005,-1,-1,-1
1106,759,1625770927006,-1,-1,-1
1107,751,1625770928048,-1,-1,-1
1108,927,1625770930005,-1,-1,-1
1109,719,1625770930005,-1,-1,-1
1110,695,1625770931047,-1,-1,-1
1111,687,1625770932046,-1,-1,-1
1112,703,1625770933003,-1,-1,-1
1113,671,1625770933003,-1,-1,-1
1114,687,1625770934006,-1,-1,-1
1115,727,1625770935007,-1,-1,-1
1116,743,1625770937007,-1,-1,-1
1117,759,1625770937965,-1,-1,-1
1118,727,1625770937965,-1,-1,-1
1119,735,1625770939039,-1,-1,-1
1120,735,1625770939963,-1,-1,-1
1121,791,1625770941003,-1,-1,-1
1122,719,1625770941003,-1,-1,-1
1123,775,1625770941967,-1,-1,-1
1124,719,1625770942969,-1,-1,-1
1125,703,1625770942969,-1,-1,-1
1126,703,1625770943961,-1,-1,-1
1127,791,1625770944960,-1,-1,-1
1128,615,1625770945964,-1,-1,-1
1129,695,1625770947966,-1,-1,-1
1130,695,1625770947966,-1,-1,-1
1131,719,1625770948960,-1,-1,-1
1132,647,1625770949962,-1,-1,-1
1133,679,1625770949962,-1,-1,-1
1134,679,1625770950968,-1,-1,-1
1135,647,1625770952004,-1,-1,-1
1136,727,1625770952004,-1,-1,-1
1137,703,1625770952965,-1,-1,-1
1138,711,1625770953960,-1,-1,-1
1139,703,1625770954960,-1,-1,-1
1140,671,1625770954960,-1,-1,-1
1141,759,1625770955965,-1,-1,-1
1142,687,1625770956965,-1,-1,-1
1143,695,1625770956965,-1,-1,-1
1144,759,1625770957963,-1,-1,-1
1145,711,1625770958960,-1,-1,-1
1146,687,1625770959959,-1,-1,-1
1147,735,1625770959959,-1,-1,-1
1148,703,1625770961088,-1,-1,-1
1149,727,1625770961963,-1,-1,-1
1150,719,1625770961963,-1,-1,-1
1151,727,1625770962966,-1,-1,-1
1152,711,1625770963962,-1,-1,-1
1153,727,1625770964961,-1,-1,-1
1154,711,1625770964961,-1,-1,-1
1155,799,1625770965961,-1,-1,-1
1156,623,1625770966963,-1,-1,-1
1157,759,1625770966963,-1,-1,-1
1158,655,1625770970963,-1,-1,-1
1159,719,1625770973005,-1,-1,-1
1160,719,1625770974021,-1,-1,-1
1161,703,1625770974966,-1,-1,-1
1162,743,1625770975966,-1,-1,-1
1163,679,1625770975966,-1,-1,-1
1164,751,1625770976964,-1,-1,-1
1165,743,1625770977960,-1,-1,-1
1166,695,1625770977960,-1,-1,-1
1167,743,1625770979045,-1,-1,-1
1168,727,1625770979966,-1,-1,-1
1169,751,1625770980960,-1,-1,-1
1170,663,1625770980960,-1,-1,-1
1171,703,1625770981965,-1,-1,-1
1172,695,1625770982965,-1,-1,-1
1173,751,1625770982965,-1,-1,-1
1174,711,1625770983960,-1,-1,-1
1175,679,1625770984966,-1,-1,-1
1176,679,1625770984966,-1,-1,-1
1177,783,1625770985964,-1,-1,-1
1178,695,1625770986963,-1,-1,-1
1179,719,1625770987965,-1,-1,-1
1180,735,1625770992966,-1,-1,-1
1181,727,1625770992966,-1,-1,-1
1182,719,1625770993999,-1,-1,-1
1183,703,1625770994961,-1,-1,-1
1184,687,1625770994961,-1,-1,-1
1185,679,1625770996001,-1,-1,-1
1186,679,1625770996960,-1,-1,-1
1187,679,1625770996960,-1,-1,-1
1188,663,1625770997959,-1,-1,-1
1189,671,1625770998964,-1,-1,-1
1190,631,1625770998964,-1,-1,-1
1191,679,1625770999966,-1,-1,-1
1192,655,1625771000966,-1,-1,-1
1193,703,1625771001962,-1,-1,-1
1194,759,1625771001962,-1,-1,-1
1195,655,1625771002963,-1,-1,-1
1196,719,1625771003962,-1,-1,-1
1197,519,1625771006966,-1,-1,-1
1198,687,1625771008958,-1,-1,-1
1199,695,1625771010000,-1,-1,-1
1200,719,1625771010962,-1,-1,-1
1201,751,1625771011965,-1,-1,-1
1202,751,1625771011965,-1,-1,-1
1203,687,1625771014959,-1,-1,-1
1204,927,1625771014960,-1,-1,-1
1205,591,1625771021959,-1,-1,-1
1206,775,1625771022961,-1,-1,-1
1207,711,1625771023959,-1,-1,-1
1208,727,1625771023959,-1,-1,-1
1209,615,1625771024967,-1,-1,-1
1210,799,1625771025958,-1,-1,-1
1211,663,1625771027000,-1,-1,-1
1212,655,1625771027000,-1,-1,-1
1213,719,1625771027958,-1,-1,-1
1214,663,1625771028960,-1,-1,-1
1215,631,1625771028960,-1,-1,-1
1216,631,1625771029967,-1,-1,-1
1217,703,1625771030962,-1,-1,-1
1218,671,1625771030962,-1,-1,-1
1219,671,1625771031966,-1,-1,-1
1220,639,1625771032958,-1,-1,-1
1221,663,1625771032958,-1,-1,-1
1222,655,1625771034016,-1,-1,-1
1223,671,1625771034965,-1,-1,-1
1224,639,1625771034965,-1,-1,-1
1225,671,1625771035963,-1,-1,-1
1226,679,1625771037004,-1,-1,-1
1227,679,1625771037004,-1,-1,-1
1228,647,1625771037964,-1,-1,-1
1229,695,1625771038962,-1,-1,-1
1230,719,1625771038962,-1,-1,-1
1231,735,1625771039964,-1,-1,-1
1232,735,1625771040966,-1,-1,-1
1233,727,1625771040966,-1,-1,-1
1234,695,1625771042043,-1,-1,-1
1235,695,1625771043005,-1,-1,-1
1236,679,1625771043963,-1,-1,-1
1237,767,1625771047966,-1,-1,-1
1238,879,1625771048962,-1,-1,-1
1239,855,1625771051960,-1,-1,-1
1240,863,1625771052978,-1,-1,-1
1241,855,1625771053960,-1,-1,-1
1242,719,1625771053960,-1,-1,-1
1243,743,1625771054965,-1,-1,-1
1244,759,1625771055967,-1,-1,-1
1245,767,1625771056958,-1,-1,-1
1246,751,1625771056958,-1,-1,-1
1247,791,1625771057977,-1,-1,-1
1248,759,1625771058960,-1,-1,-1
1249,791,1625771060046,-1,-1,-1
1250,783,1625771060046,-1,-1,-1
1251,775,1625771060958,-1,-1,-1
1252,783,1625771061960,-1,-1,-1
1253,791,1625771062958,-1,-1,-1
1254,743,1625771063959,-1,-1,-1
1255,775,1625771063959,-1,-1,-1
1256,759,1625771064958,-1,-1,-1
1257,759,1625771065961,-1,-1,-1
1258,775,1625771067038,-1,-1,-1
1259,775,1625771067038,-1,-1,-1
1260,815,1625771067966,-1,-1,-1
1261,919,1625771069001,-1,-1,-1
1262,967,1625771070041,-1,-1,-1
1263,831,1625771070958,-1,-1,-1
1264,663,1625771076958,-1,-1,-1
1265,887,1625771077962,-1,-1,-1
1266,679,1625771078961,-1,-1,-1
1267,719,1625771078961,-1,-1,-1
1268,751,1625771079966,-1,-1,-1
1269,759,1625771081041,-1,-1,-1
1270,671,1625771081960,-1,-1,-1
1271,983,1625771083964,-1,-1,-1
1272,967,1625771084966,-1,-1,-1
1273,943,1625771085963,-1,-1,-1
1274,879,1625771086961,-1,-1,-1
1275,767,1625771087967,-1,-1,-1
1276,751,1625771087967,-1,-1,-1
1277,719,1625771088958,-1,-1,-1
1278,679,1625771089966,-1,-1,-1
1279,687,1625771090965,-1,-1,-1
1280,687,1625771090965,-1,-1,-1
1281,647,1625771091965,-1,-1,-1
1282,671,1625771092999,-1,-1,-1
1283,679,1625771092999,-1,-1,-1
1284,687,1625771093960,-1,-1,-1
1285,695,1625771094967,-1,-1,-1
1286,703,1625771094967,-1,-1,-1
1287,719,1625771095966,-1,-1,-1
1288,711,1625771096964,-1,-1,-1
1289,719,1625771096965,-1,-1,-1
1290,703,1625771097982,-1,-1,-1
1291,751,1625771098964,-1,-1,-1
1292,751,1625771099962,-1,-1,-1
1293,727,1625771099962,-1,-1,-1
1294,751,1625771101005,-1,-1,-1
1295,679,1625771101961,-1,-1,-1
1296,687,1625771102964,-1,-1,-1
1297,687,1625771102964,-1,-1,-1
1298,679,1625771103966,-1,-1,-1
1299,687,1625771104965,-1,-1,-1
1300,727,1625771104965,-1,-1,-1
1301,695,1625771105961,-1,-1,-1
1302,695,1625771106986,-1,-1,-1
1303,711,1625771106986,-1,-1,-1
1304,711,1625771107966,-1,-1,-1
1305,743,1625771109004,-1,-1,-1
1306,703,1625771109965,-1,-1,-1
1307,703,1625771109965,-1,-1,-1
1308,687,1625771110965,-1,-1,-1
1309,703,1625771111964,-1,-1,-1
1310,711,1625771111964,-1,-1,-1
1311,719,1625771112959,-1,-1,-1
1312,719,1625771113964,-1,-1,-1
1313,695,1625771114959,-1,-1,-1
1314,703,1625771114959,-1,-1,-1
1315,735,1625771115959,-1,-1,-1
1316,703,1625771117016,-1,-1,-1
1317,719,1625771117016,-1,-1,-1
1318,711,1625771117964,-1,-1,-1
1319,735,1625771118959,-1,-1,-1
1320,719,1625771119960,-1,-1,-1
1321,735,1625771119960,-1,-1,-1
1322,767,1625771120958,-1,-1,-1
1323,823,1625771121963,-1,-1,-1
1324,799,1625771122964,-1,-1,-1
1325,823,1625771123963,-1,-1,-1
1326,807,1625771123963,-1,-1,-1
1327,791,1625771124958,-1,-1,-1
1328,783,1625771125999,-1,-1,-1
1329,775,1625771126965,-1,-1,-1
1330,743,1625771126965,-1,-1,-1
1331,735,1625771128002,-1,-1,-1
1332,751,1625771128963,-1,-1,-1
1333,767,1625771129963,-1,-1,-1
1334,767,1625771129963,-1,-1,-1
1335,711,1625771130966,-1,-1,-1
1336,655,1625771131960,-1,-1,-1
1337,695,1625771133005,-1,-1,-1
1338,727,1625771133005,-1,-1,-1
1339,775,1625771133964,-1,-1,-1
1340,815,1625771134965,-1,-1,-1
1341,751,1625771135963,-1,-1,-1
1342,711,1625771135963,-1,-1,-1
1343,703,1625771136958,-1,-1,-1
1344,703,1625771137959,-1,-1,-1
1345,671,1625771137959,-1,-1,-1
1346,679,1625771138964,-1,-1,-1
1347,671,1625771139964,-1,-1,-1
1348,687,1625771139964,-1,-1,-1
1349,679,1625771140965,-1,-1,-1
1350,695,1625771142004,-1,-1,-1
1351,703,1625771142963,-1,-1,-1
1352,727,1625771142963,-1,-1,-1
1353,711,1625771144013,-1,-1,-1
1354,727,1625771144966,-1,-1,-1
1355,711,1625771144966,-1,-1,-1
1356,703,1625771145960,-1,-1,-1
1357,687,1625771146964,-1,-1,-1
1358,687,1625771146964,-1,-1,-1
1359,695,1625771147961,-1,-1,-1
1360,695,1625771148963,-1,-1,-1
1361,687,1625771149958,-1,-1,-1
1362,703,1625771149958,-1,-1,-1
1363,759,1625771150958,-1,-1,-1
1364,831,1625771151966,-1,-1,-1
1365,759,1625771152964,-1,-1,-1
1366,823,1625771152964,-1,-1,-1
1367,815,1625771153965,-1,-1,-1
1368,807,1625771154963,-1,-1,-1
1369,735,1625771155959,-1,-1,-1
1370,719,1625771156969,-1,-1,-1
1371,711,1625771156969,-1,-1,-1
1372,759,1625771157965,-1,-1,-1
1373,735,1625771158965,-1,-1,-1
1374,703,1625771158965,-1,-1,-1
1375,687,1625771159976,-1,-1,-1
1376,663,1625771160964,-1,-1,-1
1377,631,1625771160964,-1,-1,-1
1378,615,1625771161964,-1,-1,-1
1379,775,1625771163959,-1,-1,-1
1380,807,1625771165002,-1,-1,-1
1381,695,1625771168960,-1,-1,-1
1382,703,1625771169964,-1,-1,-1
1383,711,1625771171004,-1,-1,-1
1384,695,1625771171958,-1,-1,-1
1385,727,1625771171958,-1,-1,-1
1386,735,1625771172959,-1,-1,-1
1387,751,1625771173959,-1,-1,-1
1388,727,1625771173959,-1,-1,-1
1389,719,1625771175005,-1,-1,-1
1390,759,1625771175958,-1,-1,-1
1391,743,1625771177001,-1,-1,-1
1392,735,1625771177001,-1,-1,-1
1393,727,1625771177958,-1,-1,-1
1394,775,1625771178959,-1,-1,-1
1395,743,1625771179959,-1,-1,-1
1396,727,1625771179959,-1,-1,-1
1397,743,1625771180959,-1,-1,-1
1398,759,1625771181963,-1,-1,-1
1399,735,1625771182974,-1,-1,-1
1400,735,1625771182974,-1,-1,-1
1401,735,1625771183958,-1,-1,-1
1402,711,1625771184959,-1,-1,-1
1403,711,1625771185965,-1,-1,-1
1404,711,1625771185965,-1,-1,-1
1405,727,1625771186964,-1,-1,-1
1406,743,1625771187964,-1,-1,-1
1407,759,1625771187964,-1,-1,-1
1408,767,1625771188965,-1,-1,-1
1409,759,1625771189963,-1,-1,-1
1410,751,1625771190959,-1,-1,-1
1411,751,1625771190959,-1,-1,-1
1412,743,1625771191965,-1,-1,-1
1413,735,1625771192963,-1,-1,-1
1414,727,1625771193959,-1,-1,-1
1415,735,1625771193959,-1,-1,-1
1416,727,1625771194967,-1,-1,-1
1417,703,1625771196004,-1,-1,-1
1418,711,1625771197001,-1,-1,-1
1419,719,1625771197001,-1,-1,-1
1420,711,1625771197965,-1,-1,-1
1421,703,1625771198965,-1,-1,-1
1422,719,1625771198966,-1,-1,-1
1423,719,1625771199959,-1,-1,-1
1424,727,1625771200959,-1,-1,-1
1425,735,1625771201959,-1,-1,-1
1426,727,1625771201959,-1,-1,-1
1427,719,1625771202963,-1,-1,-1
1428,735,1625771203963,-1,-1,-1
1429,735,1625771204967,-1,-1,-1
1430,711,1625771204967,-1,-1,-1
1431,719,1625771205959,-1,-1,-1
1432,719,1625771206960,-1,-1,-1
1433,727,1625771206960,-1,-1,-1
1434,695,1625771208005,-1,-1,-1
1435,735,1625771208963,-1,-1,-1
1436,711,1625771209964,-1,-1,-1
1437,703,1625771209964,-1,-1,-1
1438,695,1625771210958,-1,-1,-1
1439,735,1625771211965,-1,-1,-1
1440,703,1625771211965,-1,-1,-1
1441,703,1625771212964,-1,-1,-1
1442,711,1625771213958,-1,-1,-1
1443,695,1625771214960,-1,-1,-1
1444,711,1625771214960,-1,-1,-1
1445,703,1625771215959,-1,-1,-1
1446,711,1625771216966,-1,-1,-1
1447,719,1625771216966,-1,-1,-1
1448,711,1625771217965,-1,-1,-1
1449,703,1625771218960,-1,-1,-1
1450,703,1625771218960,-1,-1,-1
1451,719,1625771219965,-1,-1,-1
1452,735,1625771220964,-1,-1,-1
1453,703,1625771221964,-1,-1,-1
1454,727,1625771221964,-1,-1,-1
1455,727,1625771222966,-1,-1,-1
1456,727,1625771224003,-1,-1,-1
1457,727,1625771224958,-1,-1,-1
1458,727,1625771224958,-1,-1,-1
1459,711,1625771225959,-1,-1,-1
1460,719,1625771226963,-1,-1,-1
1461,727,1625771226963,-1,-1,-1
1462,751,1625771227965,-1,-1,-1
1463,695,1625771229016,-1,-1,-1
1464,743,1625771229959,-1,-1,-1
1465,719,1625771229959,-1,-1,-1
1466,751,1625771230963,-1,-1,-1
1467,751,1625771231963,-1,-1,-1
1468,743,1625771232959,-1,-1,-1
1469,775,1625771232959,-1,-1,-1
1470,727,1625771233960,-1,-1,-1
1471,751,1625771234961,-1,-1,-1
1472,711,1625771236962,-1,-1,-1
1473,743,1625771237960,-1,-1,-1
1474,719,1625771238963,-1,-1,-1
1475,735,1625771238963,-1,-1,-1
1476,663,1625771245963,-1,-1,-1
1477,687,1625771246966,-1,-1,-1
1478,695,1625771247966,-1,-1,-1
1479,703,1625771247966,-1,-1,-1
1480,719,1625771248961,-1,-1,-1
1481,735,1625771249964,-1,-1,-1
1482,719,1625771250964,-1,-1,-1
1483,719,1625771250965,-1,-1,-1
1484,711,1625771251958,-1,-1,-1
1485,727,1625771252963,-1,-1,-1
1486,711,1625771252963,-1,-1,-1
1487,719,1625771253962,-1,-1,-1
1488,727,1625771254958,-1,-1,-1
1489,727,1625771255965,-1,-1,-1
1490,711,1625771255966,-1,-1,-1
1491,687,1625771256999,-1,-1,-1
1492,695,1625771257965,-1,-1,-1
1493,703,1625771257965,-1,-1,-1
1494,695,1625771258964,-1,-1,-1
1495,695,1625771259965,-1,-1,-1
1496,711,1625771259965,-1,-1,-1
1497,695,1625771260999,-1,-1,-1
1498,695,1625771261963,-1,-1,-1
1499,695,1625771262957,-1,-1,-1
1500,687,1625771262957,-1,-1,-1
1501,695,1625771263961,-1,-1,-1
1502,695,1625771264961,-1,-1,-1
1503,703,1625771264961,-1,-1,-1
1504,695,1625771265958,-1,-1,-1
1505,679,1625771266961,-1,-1,-1
1506,759,1625771266961,-1,-1,-1
1507,727,1625771267963,-1,-1,-1
1508,695,1625771268965,-1,-1,-1
1509,743,1625771269963,-1,-1,-1
1510,719,1625771269963,-1,-1,-1
1511,735,1625771270962,-1,-1,-1
1512,719,1625771271965,-1,-1,-1
1513,719,1625771272964,-1,-1,-1
1514,727,1625771272964,-1,-1,-1
1515,735,1625771273998,-1,-1,-1
1516,711,1625771274963,-1,-1,-1
1517,743,1625771274963,-1,-1,-1
1518,735,1625771275965,-1,-1,-1
1519,711,1625771276964,-1,-1,-1
1520,719,1625771278004,-1,-1,-1
1521,727,1625771278004,-1,-1,-1
1522,695,1625771278966,-1,-1,-1
1523,719,1625771279959,-1,-1,-1
1524,703,1625771279959,-1,-1,-1
1525,695,1625771281044,-1,-1,-1
1526,663,1625771281964,-1,-1,-1
1527,695,1625771282965,-1,-1,-1
1528,695,1625771282965,-1,-1,-1
1529,687,1625771283963,-1,-1,-1
1530,695,1625771284958,-1,-1,-1
1531,703,1625771284959,-1,-1,-1
1532,735,1625771285958,-1,-1,-1
1533,703,1625771286961,-1,-1,-1
1534,743,1625771287959,-1,-1,-1
1535,719,1625771287959,-1,-1,-1
1536,719,1625771288958,-1,-1,-1
1537,727,1625771289999,-1,-1,-1
1538,735,1625771289999,-1,-1,-1
1539,727,1625771290960,-1,-1,-1
1540,727,1625771291962,-1,-1,-1
1541,719,1625771293000,-1,-1,-1
1542,727,1625771293000,-1,-1,-1
1543,687,1625771293959,-1,-1,-1
1544,703,1625771294958,-1,-1,-1
1545,703,1625771294958,-1,-1,-1
1546,703,1625771295963,-1,-1,-1
1547,679,1625771296963,-1,-1,-1
1548,671,1625771296963,-1,-1,-1
1549,695,1625771297961,-1,-1,-1
1550,719,1625771298963,-1,-1,-1
1551,727,1625771299964,-1,-1,-1
1552,719,1625771299964,-1,-1,-1
1553,751,1625771300966,-1,-1,-1
1554,759,1625771301964,-1,-1,-1
1555,743,1625771302961,-1,-1,-1
1556,759,1625771302961,-1,-1,-1
1557,735,1625771303964,-1,-1,-1
1558,735,1625771304964,-1,-1,-1
1559,727,1625771305958,-1,-1,-1
1560,631,1625771307959,-1,-1,-1
1561,695,1625771308964,-1,-1,-1
1562,719,1625771309963,-1,-1,-1
1563,767,1625771310965,-1,-1,-1
1564,815,1625771310965,-1,-1,-1
1565,799,1625771311959,-1,-1,-1
1566,783,1625771312965,-1,-1,-1
1567,751,1625771313963,-1,-1,-1
1568,735,1625771313963,-1,-1,-1
1569,719,1625771314965,-1,-1,-1
1570,687,1625771315965,-1,-1,-1
1571,703,1625771316963,-1,-1,-1
1572,687,1625771316963,-1,-1,-1
1573,695,1625771317965,-1,-1,-1
1574,679,1625771318959,-1,-1,-1
1575,679,1625771318959,-1,-1,-1
1576,671,1625771319965,-1,-1,-1
1577,687,1625771320958,-1,-1,-1
1578,719,1625771320958,-1,-1,-1
1579,719,1625771321983,-1,-1,-1
1580,719,1625771323005,-1,-1,-1
1581,703,1625771323006,-1,-1,-1
1582,703,1625771323963,-1,-1,-1
1583,719,1625771325005,-1,-1,-1
1584,695,1625771325957,-1,-1,-1
1585,663,1625771325957,-1,-1,-1
1586,703,1625771326962,-1,-1,-1
1587,695,1625771327969,-1,-1,-1
1588,687,1625771327969,-1,-1,-1
1589,695,1625771328965,-1,-1,-1
1590,695,1625771329960,-1,-1,-1
1591,711,1625771329960,-1,-1,-1
1592,711,1625771330962,-1,-1,-1
1593,735,1625771331965,-1,-1,-1
1594,735,1625771332964,-1,-1,-1
1595,727,1625771332964,-1,-1,-1
1596,751,1625771333965,-1,-1,-1
1597,775,1625771334959,-1,-1,-1
1598,679,1625771335958,-1,-1,-1
1599,695,1625771337962,-1,-1,-1
1600,719,1625771337962,-1,-1,-1
1601,663,1625771338962,-1,-1,-1
1602,743,1625771340003,-1,-1,-1
1603,679,1625771345959,-1,-1,-1
1604,695,1625771346979,-1,-1,-1
1605,735,1625771347958,-1,-1,-1
1606,679,1625771347958,-1,-1,-1
1607,663,1625771348958,-1,-1,-1
1608,671,1625771349967,-1,-1,-1
1609,687,1625771349967,-1,-1,-1
1610,679,1625771350964,-1,-1,-1
1611,735,1625771351959,-1,-1,-1
1612,711,1625771352965,-1,-1,-1
1613,767,1625771352965,-1,-1,-1
1614,727,1625771353961,-1,-1,-1
1615,615,1625771354959,-1,-1,-1
1616,687,1625771357005,-1,-1,-1
1617,727,1625771357981,-1,-1,-1
1618,751,1625771358965,-1,-1,-1
1619,823,1625771358965,-1,-1,-1
1620,831,1625771359965,-1,-1,-1
1621,831,1625771360964,-1,-1,-1
1622,663,1625771364960,-1,-1,-1
1623,775,1625771369022,-1,-1,-1
1624,799,1625771369966,-1,-1,-1
1625,775,1625771372998,-1,-1,-1
1626,775,1625771373958,-1,-1,-1
1627,783,1625771373958,-1,-1,-1
1628,783,1625771374963,-1,-1,-1
1629,791,1625771375963,-1,-1,-1
1630,791,1625771376961,-1,-1,-1
1631,687,1625771377960,-1,-1,-1
1632,775,1625771381964,-1,-1,-1
1633,823,1625771381964,-1,-1,-1
1634,687,1625771386963,-1,-1,-1
1635,711,1625771387964,-1,-1,-1
1636,751,1625771387964,-1,-1,-1
1637,751,1625771389002,-1,-1,-1
1638,735,1625771389958,-1,-1,-1
1639,783,1625771390958,-1,-1,-1
1640,799,1625771390958,-1,-1,-1
1641,671,1625771391959,-1,-1,-1
1642,735,1625771392962,-1,-1,-1
1643,751,1625771393957,-1,-1,-1
1644,839,1625771393957,-1,-1,-1
1645,887,1625771394961,-1,-1,-1
1646,847,1625771395958,-1,-1,-1
1647,815,1625771396959,-1,-1,-1
1648,759,1625771397959,-1,-1,-1
1649,743,1625771397959,-1,-1,-1
1650,703,1625771398998,-1,-1,-1
1651,703,1625771399962,-1,-1,-1
1652,671,1625771400958,-1,-1,-1
1653,671,1625771400958,-1,-1,-1
1654,687,1625771401963,-1,-1,-1
1655,679,1625771402965,-1,-1,-1
1656,679,1625771402965,-1,-1,-1
1657,663,1625771403959,-1,-1,-1
1658,639,1625771404961,-1,-1,-1
1659,639,1625771404961,-1,-1,-1
1660,623,1625771405959,-1,-1,-1
1661,623,1625771405959,-1,-1,-1
1662,727,1625771406978,-1,-1,-1
1663,711,1625771411964,-1,-1,-1
1664,711,1625771418958,-1,-1,-1
1665,727,1625771419960,-1,-1,-1
1666,687,1625771422003,-1,-1,-1
1667,639,1625771423967,-1,-1,-1
1668,615,1625771424965,-1,-1,-1
1669,871,1625771428005,-1,-1,-1
1670,919,1625771430965,-1,-1,-1
1671,823,1625771431958,-1,-1,-1
1672,807,1625771432958,-1,-1,-1
1673,807,1625771438005,-1,-1,-1
1674,815,1625771438958,-1,-1,-1
1675,863,1625771439958,-1,-1,-1
1676,671,1625771440959,-1,-1,-1
1677,783,1625771440960,-1,-1,-1
1678,703,1625771441963,-1,-1,-1
1679,727,1625771442964,-1,-1,-1
1680,631,1625771442964,-1,-1,-1
1681,791,1625771443958,-1,-1,-1
1682,727,1625771445962,-1,-1,-1
1683,751,1625771446965,-1,-1,-1
1684,799,1625771447965,-1,-1,-1
1685,863,1625771448958,-1,-1,-1
1686,847,1625771449961,-1,-1,-1
1687,887,1625771450964,-1,-1,-1
1688,839,1625771450964,-1,-1,-1
1689,823,1625771451964,-1,-1,-1
1690,791,1625771453003,-1,-1,-1
1691,767,1625771453964,-1,-1,-1
1692,759,1625771453964,-1,-1,-1
1693,775,1625771454998,-1,-1,-1
1694,799,1625771455959,-1,-1,-1
1695,775,1625771456959,-1,-1,-1
1696,783,1625771457962,-1,-1,-1
1697,783,1625771457962,-1,-1,-1
1698,767,1625771458962,-1,-1,-1
1699,751,1625771459963,-1,-1,-1
1700,767,1625771460982,-1,-1,-1
1701,775,1625771460982,-1,-1,-1
1702,775,1625771461959,-1,-1,-1
1703,815,1625771462965,-1,-1,-1
1704,743,1625771464027,-1,-1,-1
1705,735,1625771464963,-1,-1,-1
1706,719,1625771464964,-1,-1,-1
1707,711,1625771465959,-1,-1,-1
1708,695,1625771466964,-1,-1,-1
1709,695,1625771466964,-1,-1,-1
1710,695,1625771467965,-1,-1,-1
1711,703,1625771468963,-1,-1,-1
1712,711,1625771468963,-1,-1,-1
1713,759,1625771469962,-1,-1,-1
1714,775,1625771471001,-1,-1,-1
1715,767,1625771471958,-1,-1,-1
1716,479,1625771478964,-1,-1,-1
1717,839,1625771479959,-1,-1,-1
1718,727,1625771495998,-1,-1,-1
1719,583,1625771497964,-1,-1,-1
1720,647,1625771499800,-1,-1,-1
1721,679,1625771500364,-1,-1,-1
1722,719,1625771509839,-1,-1,-1
1723,687,1625771509936,-1,-1,-1
1724,607,1625771509936,-1,-1,-1
1725,647,1625771510038,-1,-1,-1
1726,695,1625771648006,-1,-1,-1
1727,791,1625771649064,-1,-1,-1
1728,735,1625771649956,-1,-1,-1
1729,735,1625771649956,-1,-1,-1
1730,679,1625771651016,-1,-1,-1
1731,711,1625771651933,-1,-1,-1
1732,719,1625771654932,-1,-1,-1
1733,623,1625771655940,-1,-1,-1
1734,631,1625771656933,-1,-1,-1
1735,663,1625771656933,-1,-1,-1
1736,751,1625771657932,-1,-1,-1
1737,519,1625771662932,-1,-1,-1
1738,479,1625771663931,-1,-1,-1
1739,679,1625771663931,-1,-1,-1
1740,615,1625771664936,-1,-1,-1
1741,639,1625771672933,-1,-1,-1
1742,559,1625771673941,-1,-1,-1
1743,559,1625771675940,-1,-1,-1
1744,415,1625771675940,-1,-1,-1
1745,479,1625771675940,-1,-1,-1
1746,559,1625771676935,-1,-1,-1
1747,439,1625771678931,-1,-1,-1
1748,743,1625771681936,-1,-1,-1
1749,631,1625771686978,-1,-1,-1
1750,607,1625771686979,-1,-1,-1
1751,703,1625771690940,-1,-1,-1
1752,727,1625771692940,-1,-1,-1
1753,679,1625771695937,-1,-1,-1
1754,615,1625771699979,-1,-1,-1
1755,631,1625771700939,-1,-1,-1
1756,623,1625771700939,-1,-1,-1
1757,871,1625771706938,-1,-1,-1
1758,863,1625771706938,-1,-1,-1
1759,807,1625771707935,-1,-1,-1
1760,759,1625771708932,-1,-1,-1
1761,735,1625771709935,-1,-1,-1
1762,703,1625771715931,-1,-1,-1
1763,871,1625771716938,-1,-1,-1
1764,831,1625771717931,-1,-1,-1
1765,919,1625771718938,-1,-1,-1
1766,687,1625771719971,-1,-1,-1
1767,911,1625771719971,-1,-1,-1
1768,663,1625771720934,-1,-1,-1
1769,799,1625771721939,-1,-1,-1
1770,815,1625771722934,-1,-1,-1
1771,815,1625771725938,-1,-1,-1
1772,751,1625771726938,-1,-1,-1
1773,743,1625771727938,-1,-1,-1
1774,719,1625771728931,-1,-1,-1
1775,783,1625771728931,-1,-1,-1
1776,935,1625771729933,-1,-1,-1
1777,879,1625771730933,-1,-1,-1
1778,767,1625771731973,-1,-1,-1
1779,847,1625771732932,-1,-1,-1
1780,647,1625771733935,-1,-1,-1
1781,815,1625771733935,-1,-1,-1
1782,615,1625771734935,-1,-1,-1
1783,815,1625771737012,-1,-1,-1
1784,775,1625771741935,-1,-1,-1
1785,767,1625771741935,-1,-1,-1
1786,767,1625771742937,-1,-1,-1
1787,783,1625771743936,-1,-1,-1
1788,815,1625771747982,-1,-1,-1
1789,727,1625771751938,-1,-1,-1
1790,743,1625771752977,-1,-1,-1
1791,767,1625771753989,-1,-1,-1
1792,767,1625771754939,-1,-1,-1
1793,783,1625771755938,-1,-1,-1
1794,783,1625771755938,-1,-1,-1
1795,759,1625771757013,-1,-1,-1
1796,759,1625771757940,-1,-1,-1
1797,767,1625771758933,-1,-1,-1
1798,767,1625771758933,-1,-1,-1
1799,767,1625771759936,-1,-1,-1
1800,791,1625771760942,-1,-1,-1
1801,775,1625771761932,-1,-1,-1
1802,759,1625771761932,-1,-1,-1
1803,775,1625771762937,-1,-1,-1
1804,775,1625771763978,-1,-1,-1
1805,751,1625771764937,-1,-1,-1
1806,759,1625771765940,-1,-1,-1
1807,775,1625771765940,-1,-1,-1
1808,735,1625771766937,-1,-1,-1
1809,767,1625771767932,-1,-1,-1
1810,775,1625771768978,-1,-1,-1
1811,751,1625771768978,-1,-1,-1
1812,767,1625771769933,-1,-1,-1
1813,767,1625771770933,-1,-1,-1
1814,743,1625771771938,-1,-1,-1
1815,759,1625771771938,-1,-1,-1
1816,759,1625771772939,-1,-1,-1
1817,743,1625771773938,-1,-1,-1
1818,727,1625771774938,-1,-1,-1
1819,751,1625771774938,-1,-1,-1
1820,791,1625771775932,-1,-1,-1
1821,727,1625771776932,-1,-1,-1
1822,735,1625771777932,-1,-1,-1
1823,767,1625771777932,-1,-1,-1
1824,759,1625771778945,-1,-1,-1
1825,839,1625771779932,-1,-1,-1
1826,727,1625771780932,-1,-1,-1
1827,783,1625771781932,-1,-1,-1
1828,735,1625771781932,-1,-1,-1
1829,719,1625771782936,-1,-1,-1
1830,751,1625771783931,-1,-1,-1
1831,791,1625771784931,-1,-1,-1
1832,823,1625771784931,-1,-1,-1
1833,823,1625771785972,-1,-1,-1
1834,783,1625771786932,-1,-1,-1
1835,551,1625771787972,-1,-1,-1
1836,1023,1625771788939,-1,-1,-1
1837,751,1625771788939,-1,-1,-1
1838,807,1625771791932,-1,-1,-1
1839,727,1625771791932,-1,-1,-1
1840,743,1625771793012,-1,-1,-1
1841,743,1625771793935,-1,-1,-1
1842,783,1625771794936,-1,-1,-1
1843,775,1625771794936,-1,-1,-1
1844,751,1625771795972,-1,-1,-1
1845,751,1625771796940,-1,-1,-1
1846,711,1625771797931,-1,-1,-1
1847,735,1625771797931,-1,-1,-1
1848,679,1625771798938,-1,-1,-1
1849,743,1625771801972,-1,-1,-1
1850,807,1625771802938,-1,-1,-1
1851,807,1625771802938,-1,-1,-1
1852,871,1625771803936,-1,-1,-1
1853,847,1625771804932,-1,-1,-1
1854,767,1625771805935,-1,-1,-1
1855,751,1625771806938,-1,-1,-1
1856,727,1625771806938,-1,-1,-1
1857,719,1625771807938,-1,-1,-1
1858,727,1625771808955,-1,-1,-1
1859,767,1625771809939,-1,-1,-1
1860,543,1625771809939,-1,-1,-1
1861,879,1625771810931,-1,-1,-1
1862,767,1625771811951,-1,-1,-1
1863,703,1625771812932,-1,-1,-1
1864,743,1625771812932,-1,-1,-1
1865,679,1625771819938,-1,-1,-1
1866,727,1625771824934,-1,-1,-1
1867,727,1625771825934,-1,-1,-1
1868,719,1625771826938,-1,-1,-1
1869,727,1625771826938,-1,-1,-1
1870,719,1625771827977,-1,-1,-1
1871,711,1625771828932,-1,-1,-1
1872,703,1625771828932,-1,-1,-1
1873,695,1625771829932,-1,-1,-1
1874,695,1625771830936,-1,-1,-1
1875,695,1625771830936,-1,-1,-1
1876,695,1625771831931,-1,-1,-1
1877,687,1625771832939,-1,-1,-1
1878,679,1625771834017,-1,-1,-1
1879,711,1625771834017,-1,-1,-1
1880,727,1625771834979,-1,-1,-1
1881,775,1625771835938,-1,-1,-1
1882,783,1625771836932,-1,-1,-1
1883,775,1625771836932,-1,-1,-1
1884,783,1625771837932,-1,-1,-1
1885,735,1625771838931,-1,-1,-1
1886,727,1625771839936,-1,-1,-1
1887,727,1625771839936,-1,-1,-1
1888,703,1625771840937,-1,-1,-1
1889,679,1625771841937,-1,-1,-1
1890,687,1625771841937,-1,-1,-1
1891,687,1625771843930,-1,-1,-1
1892,703,1625771844936,-1,-1,-1
1893,703,1625771845939,-1,-1,-1
1894,711,1625771846971,-1,-1,-1
1895,719,1625771846971,-1,-1,-1
1896,719,1625771847932,-1,-1,-1
1897,703,1625771848932,-1,-1,-1
1898,719,1625771848932,-1,-1,-1
1899,695,1625771849939,-1,-1,-1
1900,679,1625771850937,-1,-1,-1
1901,719,1625771850937,-1,-1,-1
1902,679,1625771851981,-1,-1,-1
1903,679,1625771852931,-1,-1,-1
1904,679,1625771853931,-1,-1,-1
1905,703,1625771853931,-1,-1,-1
1906,719,1625771854979,-1,-1,-1
1907,695,1625771855938,-1,-1,-1
1908,711,1625771855938,-1,-1,-1
1909,703,1625771856936,-1,-1,-1
1910,695,1625771858011,-1,-1,-1
1911,703,1625771858011,-1,-1,-1
1912,687,1625771858936,-1,-1,-1
1913,671,1625771859976,-1,-1,-1
1914,703,1625771860936,-1,-1,-1
1915,679,1625771860936,-1,-1,-1
1916,687,1625771861939,-1,-1,-1
1917,695,1625771862940,-1,-1,-1
1918,703,1625771862940,-1,-1,-1
1919,695,1625771863938,-1,-1,-1
1920,695,1625771864932,-1,-1,-1
1921,703,1625771864932,-1,-1,-1
1922,711,1625771865933,-1,-1,-1
1923,695,1625771866938,-1,-1,-1
1924,695,1625771866938,-1,-1,-1
1925,687,1625771867972,-1,-1,-1
1926,703,1625771868937,-1,-1,-1
1927,695,1625771869932,-1,-1,-1
1928,695,1625771869932,-1,-1,-1
1929,743,1625771870939,-1,-1,-1
1930,719,1625771871938,-1,-1,-1
1931,751,1625771871938,-1,-1,-1
1932,759,1625771872938,-1,-1,-1
1933,751,1625771873937,-1,-1,-1
1934,751,1625771874937,-1,-1,-1
1935,767,1625771875936,-1,-1,-1
1936,775,1625771875936,-1,-1,-1
1937,727,1625771876936,-1,-1,-1
1938,735,1625771877936,-1,-1,-1
1939,727,1625771877936,-1,-1,-1
1940,711,1625771878938,-1,-1,-1
1941,663,1625771879934,-1,-1,-1
1942,735,1625771881931,-1,-1,-1
1943,703,1625771884976,-1,-1,-1
1944,703,1625771886016,-1,-1,-1
1945,703,1625771886016,-1,-1,-1
1946,719,1625771886937,-1,-1,-1
1947,719,1625771887931,-1,-1,-1
1948,631,1625771889938,-1,-1,-1
1949,631,1625771889938,-1,-1,-1
1950,615,1625771890937,-1,-1,-1
1951,631,1625771891972,-1,-1,-1
1952,639,1625771891972,-1,-1,-1
1953,647,1625771892938,-1,-1,-1
1954,679,1625771893934,-1,-1,-1
1955,727,1625771893934,-1,-1,-1
1956,743,1625771894937,-1,-1,-1
1957,775,1625771895936,-1,-1,-1
1958,703,1625771904937,-1,-1,-1
1959,791,1625771904937,-1,-1,-1
1960,783,1625771905931,-1,-1,-1
1961,799,1625771906896,-1,-1,-1
1962,775,1625771907895,-1,-1,-1
1963,535,1625771907895,-1,-1,-1
1964,751,1625771909897,-1,-1,-1
1965,767,1625771914893,-1,-1,-1
1966,775,1625771915935,-1,-1,-1
1967,783,1625771915935,-1,-1,-1
1968,719,1625771916897,-1,-1,-1
1969,871,1625771917895,-1,-1,-1
1970,823,1625771918892,-1,-1,-1
1971,1031,1625771921953,-1,-1,-1
1972,991,1625771922935,-1,-1,-1
1973,775,1625771924939,-1,-1,-1
1974,727,1625771925938,-1,-1,-1
1975,671,1625771928937,-1,-1,-1
1976,655,1625771928937,-1,-1,-1
1977,679,1625771929933,-1,-1,-1
1978,679,1625771930894,-1,-1,-1
1979,695,1625771930894,-1,-1,-1
1980,735,1625771931897,-1,-1,-1
1981,751,1625771933890,-1,-1,-1
1982,679,1625771935896,-1,-1,-1
1983,695,1625771936936,-1,-1,-1
1984,751,1625771937892,-1,-1,-1
1985,807,1625771938910,-1,-1,-1
1986,735,1625771938910,-1,-1,-1
1987,831,1625771939897,-1,-1,-1
1988,775,1625771940896,-1,-1,-1
1989,519,1625771940896,-1,-1,-1
1990,871,1625771943891,-1,-1,-1
1991,927,1625771944890,-1,-1,-1
1992,975,1625771945890,-1,-1,-1
1993,535,1625771946919,-1,-1,-1
1994,807,1625771946919,-1,-1,-1
1995,727,1625771947891,-1,-1,-1
1996,751,1625771948892,-1,-1,-1
1997,759,1625771949935,-1,-1,-1
1998,759,1625771949935,-1,-1,-1
1999,751,1625771955898,-1,-1,-1
2000,807,1625771956891,-1,-1,-1
2001,799,1625771957897,-1,-1,-1
2002,895,1625771958898,-1,-1,-1
2003,703,1625771958898,-1,-1,-1
2004,791,1625771959898,-1,-1,-1
2005,807,1625771960893,-1,-1,-1
2006,775,1625771962898,-1,-1,-1
2007,767,1625771963892,-1,-1,-1
2008,839,1625771964945,-1,-1,-1
2009,703,1625771968898,-1,-1,-1
2010,727,1625771968898,-1,-1,-1
2011,767,1625771969933,-1,-1,-1
2012,759,1625771970898,-1,-1,-1
2013,767,1625771972015,-1,-1,-1
2014,751,1625771972015,-1,-1,-1
2015,759,1625771972901,-1,-1,-1
2016,783,1625771973892,-1,-1,-1
2017,735,1625771974897,-1,-1,-1
2018,687,1625771974897,-1,-1,-1
2019,695,1625771975895,-1,-1,-1
2020,695,1625771976897,-1,-1,-1
2021,767,1625771977896,-1,-1,-1
2022,759,1625771977896,-1,-1,-1
2023,727,1625771978890,-1,-1,-1
2024,695,1625771979897,-1,-1,-1
2025,695,1625771979897,-1,-1,-1
2026,679,1625771980897,-1,-1,-1
2027,727,1625771981932,-1,-1,-1
2028,767,1625771982892,-1,-1,-1
2029,799,1625771982892,-1,-1,-1
2030,807,1625771983891,-1,-1,-1
2031,743,1625771984893,-1,-1,-1
2032,775,1625771985939,-1,-1,-1
2033,711,1625771985939,-1,-1,-1
2034,687,1625771986891,-1,-1,-1
2035,695,1625771987897,-1,-1,-1
2036,687,1625771988896,-1,-1,-1
2037,639,1625771988896,-1,-1,-1
2038,631,1625771989939,-1,-1,-1
2039,639,1625771989939,-1,-1,-1
2040,663,1625771990891,-1,-1,-1
2041,719,1625771991897,-1,-1,-1
2042,823,1625771992895,-1,-1,-1
2043,903,1625771995892,-1,-1,-1
2044,783,1625771996933,-1,-1,-1
2045,711,1625771997893,-1,-1,-1
2046,735,1625771998891,-1,-1,-1
2047,607,1625771998891,-1,-1,-1
2048,815,1625772002930,-1,-1,-1
2049,823,1625772003894,-1,-1,-1
2050,951,1625772004891,-1,-1,-1
2051,879,1625772006911,-1,-1,-1
2052,847,1625772007892,-1,-1,-1
2053,839,1625772008896,-1,-1,-1
2054,815,1625772009977,-1,-1,-1
2055,791,1625772010891,-1,-1,-1
2056,719,1625772010891,-1,-1,-1
2057,719,1625772011896,-1,-1,-1
2058,647,1625772012895,-1,-1,-1
2059,663,1625772012895,-1,-1,-1
2060,631,1625772013892,-1,-1,-1
2061,655,1625772014891,-1,-1,-1
2062,751,1625772016895,-1,-1,-1
2063,767,1625772017899,-1,-1,-1
2064,735,1625772018936,-1,-1,-1
2065,735,1625772019895,-1,-1,-1
2066,767,1625772019895,-1,-1,-1
2067,759,1625772020896,-1,-1,-1
2068,751,1625772021891,-1,-1,-1
2069,719,1625772022897,-1,-1,-1
2070,759,1625772022897,-1,-1,-1
2071,807,1625772023898,-1,-1,-1
2072,863,1625772024890,-1,-1,-1
2073,815,1625772025890,-1,-1,-1
2074,751,1625772026896,-1,-1,-1
2075,711,1625772026896,-1,-1,-1
2076,695,1625772027890,-1,-1,-1
2077,695,1625772028936,-1,-1,-1
2078,711,1625772029891,-1,-1,-1
2079,727,1625772029891,-1,-1,-1
2080,759,1625772030890,-1,-1,-1
2081,839,1625772031897,-1,-1,-1
2082,951,1625772032892,-1,-1,-1
2083,935,1625772033890,-1,-1,-1
2084,911,1625772034893,-1,-1,-1
2085,871,1625772035891,-1,-1,-1
2086,807,1625772035891,-1,-1,-1
2087,791,1625772036897,-1,-1,-1
2088,751,1625772037917,-1,-1,-1
2089,711,1625772038890,-1,-1,-1
2090,743,1625772038890,-1,-1,-1
2091,719,1625772039896,-1,-1,-1
2092,743,1625772040898,-1,-1,-1
2093,719,1625772041891,-1,-1,-1
2094,807,1625772041891,-1,-1,-1
2095,863,1625772042893,-1,-1,-1
2096,831,1625772043897,-1,-1,-1
2097,879,1625772044898,-1,-1,-1
2098,839,1625772045898,-1,-1,-1
2099,799,1625772046895,-1,-1,-1
2100,823,1625772046895,-1,-1,-1
2101,783,1625772047890,-1,-1,-1
2102,799,1625772048895,-1,-1,-1
2103,711,1625772050897,-1,-1,-1
2104,783,1625772051975,-1,-1,-1
2105,783,1625772052891,-1,-1,-1
2106,783,1625772053890,-1,-1,-1
2107,783,1625772053890,-1,-1,-1
2108,663,1625772057982,-1,-1,-1
2109,639,1625772057982,-1,-1,-1
2110,639,1625772058891,-1,-1,-1
2111,647,1625772059895,-1,-1,-1
2112,639,1625772059895,-1,-1,-1
2113,655,1625772060931,-1,-1,-1
2114,607,1625772061897,-1,-1,-1
2115,615,1625772061898,-1,-1,-1
2116,655,1625772062906,-1,-1,-1
2117,655,1625772063891,-1,-1,-1
2118,695,1625772063891,-1,-1,-1
2119,783,1625772064896,-1,-1,-1
2120,863,1625772068892,-1,-1,-1
2121,839,1625772069896,-1,-1,-1
2122,815,1625772070897,-1,-1,-1
2123,743,1625772070897,-1,-1,-1
2124,743,1625772071897,-1,-1,-1
2125,711,1625772072896,-1,-1,-1
2126,735,1625772073892,-1,-1,-1
2127,735,1625772073892,-1,-1,-1
2128,743,1625772074893,-1,-1,-1
2129,759,1625772075892,-1,-1,-1
2130,751,1625772076892,-1,-1,-1
2131,759,1625772076892,-1,-1,-1
2132,767,1625772077892,-1,-1,-1
2133,759,1625772078891,-1,-1,-1
2134,783,1625772079937,-1,-1,-1
2135,743,1625772081891,-1,-1,-1
2136,759,1625772085896,-1,-1,-1
2137,783,1625772086898,-1,-1,-1
2138,775,1625772086898,-1,-1,-1
2139,751,1625772087931,-1,-1,-1
2140,751,1625772088891,-1,-1,-1
2141,783,1625772089896,-1,-1,-1
2142,759,1625772089896,-1,-1,-1
2143,767,1625772090975,-1,-1,-1
2144,759,1625772091897,-1,-1,-1
2145,767,1625772092937,-1,-1,-1
2146,743,1625772092937,-1,-1,-1
2147,727,1625772093893,-1,-1,-1
2148,743,1625772094897,-1,-1,-1
2149,703,1625772095891,-1,-1,-1
2150,743,1625772095891,-1,-1,-1
2151,703,1625772096897,-1,-1,-1
2152,703,1625772097891,-1,-1,-1
2153,695,1625772097891,-1,-1,-1
2154,695,1625772098894,-1,-1,-1
2155,727,1625772099898,-1,-1,-1
2156,775,1625772100931,-1,-1,-1
2157,743,1625772100931,-1,-1,-1
2158,759,1625772101895,-1,-1,-1
2159,767,1625772102897,-1,-1,-1
2160,751,1625772103891,-1,-1,-1
2161,759,1625772103891,-1,-1,-1
2162,743,1625772104896,-1,-1,-1
2163,743,1625772105892,-1,-1,-1
2164,727,1625772106896,-1,-1,-1
2165,727,1625772106896,-1,-1,-1
2166,727,1625772107890,-1,-1,-1
2167,711,1625772108896,-1,-1,-1
2168,711,1625772109930,-1,-1,-1
2169,735,1625772109930,-1,-1,-1
2170,711,1625772110890,-1,-1,-1
2171,703,1625772111891,-1,-1,-1
2172,671,1625772111891,-1,-1,-1
2173,695,1625772112891,-1,-1,-1
2174,679,1625772113890,-1,-1,-1
2175,719,1625772113890,-1,-1,-1
2176,751,1625772114890,-1,-1,-1
2177,735,1625772115891,-1,-1,-1
2178,759,1625772116895,-1,-1,-1
2179,767,1625772116895,-1,-1,-1
2180,751,1625772117935,-1,-1,-1
2181,759,1625772118891,-1,-1,-1
2182,775,1625772119892,-1,-1,-1
2183,727,1625772119893,-1,-1,-1
2184,759,1625772120894,-1,-1,-1
2185,735,1625772121896,-1,-1,-1
2186,743,1625772122897,-1,-1,-1
2187,727,1625772122897,-1,-1,-1
2188,727,1625772123894,-1,-1,-1
2189,743,1625772124933,-1,-1,-1
2190,743,1625772125899,-1,-1,-1
2191,767,1625772125899,-1,-1,-1
2192,743,1625772126898,-1,-1,-1
2193,735,1625772127895,-1,-1,-1
2194,735,1625772128898,-1,-1,-1
2195,719,1625772128898,-1,-1,-1
2196,687,1625772129897,-1,-1,-1
2197,735,1625772131895,-1,-1,-1
2198,671,1625772132892,-1,-1,-1
2199,719,1625772134012,-1,-1,-1
2200,671,1625772134012,-1,-1,-1
2201,863,1625772134895,-1,-1,-1
2202,703,1625772135897,-1,-1,-1
2203,727,1625772136897,-1,-1,-1
2204,735,1625772136898,-1,-1,-1
2205,767,1625772137896,-1,-1,-1
2206,759,1625772138890,-1,-1,-1
2207,727,1625772139897,-1,-1,-1
2208,703,1625772139897,-1,-1,-1
2209,735,1625772140891,-1,-1,-1
2210,687,1625772141891,-1,-1,-1
2211,711,1625772141891,-1,-1,-1
2212,751,1625772142894,-1,-1,-1
2213,735,1625772143932,-1,-1,-1
2214,703,1625772144898,-1,-1,-1
2215,743,1625772144898,-1,-1,-1
2216,687,1625772145893,-1,-1,-1
2217,751,1625772146893,-1,-1,-1
2218,735,1625772147890,-1,-1,-1
2219,727,1625772147890,-1,-1,-1
2220,759,1625772148892,-1,-1,-1
2221,735,1625772149890,-1,-1,-1
2222,775,1625772150930,-1,-1,-1
2223,743,1625772150930,-1,-1,-1
2224,775,1625772151901,-1,-1,-1
2225,791,1625772152891,-1,-1,-1
2226,743,1625772153892,-1,-1,-1
2227,783,1625772153892,-1,-1,-1
2228,735,1625772154891,-1,-1,-1
2229,711,1625772155892,-1,-1,-1
2230,767,1625772156930,-1,-1,-1
2231,695,1625772156930,-1,-1,-1
2232,735,1625772157893,-1,-1,-1
2233,727,1625772158890,-1,-1,-1
2234,719,1625772160890,-1,-1,-1
2235,719,1625772161894,-1,-1,-1
2236,695,1625772161894,-1,-1,-1
2237,687,1625772162891,-1,-1,-1
2238,711,1625772163893,-1,-1,-1
2239,679,1625772163893,-1,-1,-1
2240,687,1625772164895,-1,-1,-1
2241,671,1625772165890,-1,-1,-1
2242,695,1625772166937,-1,-1,-1
2243,703,1625772166937,-1,-1,-1
2244,711,1625772167891,-1,-1,-1
2245,695,1625772168892,-1,-1,-1
2246,703,1625772168892,-1,-1,-1
2247,719,1625772169894,-1,-1,-1
2248,727,1625772170891,-1,-1,-1
2249,743,1625772171890,-1,-1,-1
2250,783,1625772171890,-1,-1,-1
2251,791,1625772172891,-1,-1,-1
2252,775,1625772173897,-1,-1,-1
2253,815,1625772174895,-1,-1,-1
2254,751,1625772174895,-1,-1,-1
2255,815,1625772175896,-1,-1,-1
2256,767,1625772176890,-1,-1,-1
2257,1007,1625772177890,-1,-1,-1
2258,759,1625772179890,-1,-1,-1
2259,631,1625772180891,-1,-1,-1
2260,599,1625772180891,-1,-1,-1
2261,855,1625772181892,-1,-1,-1
2262,759,1625772183931,-1,-1,-1
2263,687,1625772186893,-1,-1,-1
2264,719,1625772188932,-1,-1,-1
2265,743,1625772190895,-1,-1,-1
2266,751,1625772191890,-1,-1,-1
2267,743,1625772192932,-1,-1,-1
2268,767,1625772192932,-1,-1,-1
2269,799,1625772193896,-1,-1,-1
2270,775,1625772194914,-1,-1,-1
2271,807,1625772195889,-1,-1,-1
2272,783,1625772196895,-1,-1,-1
2273,759,1625772196895,-1,-1,-1
2274,759,1625772197908,-1,-1,-1
2275,743,1625772198897,-1,-1,-1
2276,727,1625772199929,-1,-1,-1
2277,719,1625772199929,-1,-1,-1
2278,711,1625772200889,-1,-1,-1
2279,647,1625772202893,-1,-1,-1
2280,903,1625772203890,-1,-1,-1
2281,927,1625772204893,-1,-1,-1
2282,863,1625772205889,-1,-1,-1
2283,751,1625772208892,-1,-1,-1
2284,751,1625772209890,-1,-1,-1
2285,727,1625772209890,-1,-1,-1
2286,703,1625772210891,-1,-1,-1
2287,759,1625772211893,-1,-1,-1
2288,735,1625772211893,-1,-1,-1
2289,759,1625772215893,-1,-1,-1
2290,783,1625772216931,-1,-1,-1
2291,735,1625772217891,-1,-1,-1
2292,679,1625772217891,-1,-1,-1
2293,671,1625772218890,-1,-1,-1
2294,735,1625772219892,-1,-1,-1
2295,711,1625772219892,-1,-1,-1
2296,623,1625772220930,-1,-1,-1
2297,759,1625772221890,-1,-1,-1
2298,855,1625772222891,-1,-1,-1
2299,687,1625772222891,-1,-1,-1
2300,711,1625772223931,-1,-1,-1
2301,727,1625772224893,-1,-1,-1
2302,663,1625772224893,-1,-1,-1
2303,743,1625772225897,-1,-1,-1
2304,695,1625772226890,-1,-1,-1
2305,663,1625772227895,-1,-1,-1
2306,671,1625772227895,-1,-1,-1
2307,711,1625772228894,-1,-1,-1
2308,695,1625772229896,-1,-1,-1
2309,687,1625772229896,-1,-1,-1
2310,719,1625772230891,-1,-1,-1
2311,727,1625772231896,-1,-1,-1
2312,735,1625772231896,-1,-1,-1
2313,759,1625772232936,-1,-1,-1
2314,471,1625772233971,-1,-1,-1
2315,679,1625772234896,-1,-1,-1
2316,695,1625772235892,-1,-1,-1
2317,735,1625772236892,-1,-1,-1
2318,599,1625772238938,-1,-1,-1
2319,767,1625772240897,-1,-1,-1
2320,911,1625772241896,-1,-1,-1
