,RR,Timestamp,SensorContact,errorEstimate,blockerBit
0,754,1622642745516,-1,-1,-1
1,777,1622642746467,-1,-1,-1
2,777,1622642746467,-1,-1,-1
3,785,1622642747442,-1,-1,-1
4,808,1622642748460,-1,-1,-1
5,800,1622642749477,-1,-1,-1
6,808,1622642750450,-1,-1,-1
7,808,1622642751467,-1,-1,-1
8,815,1622642751467,-1,-1,-1
9,800,1622642752455,-1,-1,-1
10,792,1622642753467,-1,-1,-1
11,792,1622642754481,-1,-1,-1
12,800,1622642755460,-1,-1,-1
13,808,1622642755460,-1,-1,-1
14,792,1622642756478,-1,-1,-1
15,792,1622642757455,-1,-1,-1
16,800,1622642758474,-1,-1,-1
17,800,1622642759491,-1,-1,-1
18,792,1622642760467,-1,-1,-1
19,800,1622642760467,-1,-1,-1
20,831,1622642761502,-1,-1,-1
21,762,1622642784517,-1,-1,-1
22,701,1622642784517,-1,-1,-1
23,701,1622642784517,-1,-1,-1
24,869,1622642784517,-1,-1,-1
25,785,1622642785564,-1,-1,-1
26,785,1622642785564,-1,-1,-1
27,808,1622642786545,-1,-1,-1
28,785,1622642787523,-1,-1,-1
29,792,1622642788504,-1,-1,-1
30,815,1622642789517,-1,-1,-1
31,815,1622642789517,-1,-1,-1
32,876,1622642790533,-1,-1,-1
33,777,1622642796520,-1,-1,-1
34,792,1622642797532,-1,-1,-1
35,670,1622642812546,-1,-1,-1
36,876,1622642812546,-1,-1,-1
37,762,1622642812546,-1,-1,-1
38,831,1622642812546,-1,-1,-1
39,808,1622642813559,-1,-1,-1
40,854,1622642814550,-1,-1,-1
41,792,1622642814550,-1,-1,-1
42,815,1622642815556,-1,-1,-1
43,747,1622642816572,-1,-1,-1
44,808,1622642817558,-1,-1,-1
45,815,1622642818567,-1,-1,-1
46,800,1622642819551,-1,-1,-1
47,800,1622642819552,-1,-1,-1
48,831,1622642820565,-1,-1,-1
49,808,1622642821579,-1,-1,-1
50,800,1622642822563,-1,-1,-1
51,808,1622642823577,-1,-1,-1
52,815,1622642824560,-1,-1,-1
53,831,1622642824560,-1,-1,-1
54,815,1622642825569,-1,-1,-1
55,777,1622642826592,-1,-1,-1
56,724,1622642827570,-1,-1,-1
57,876,1622642828579,-1,-1,-1
58,800,1622642828579,-1,-1,-1
59,831,1622642829563,-1,-1,-1
60,831,1622642833584,-1,-1,-1
61,800,1622642833584,-1,-1,-1
62,831,1622642833584,-1,-1,-1
63,701,1622642833584,-1,-1,-1
64,686,1622642834562,-1,-1,-1
65,991,1622642835574,-1,-1,-1
66,800,1622642836563,-1,-1,-1
67,770,1622642837575,-1,-1,-1
68,815,1622642837575,-1,-1,-1
69,777,1622642838555,-1,-1,-1
70,892,1622642839570,-1,-1,-1
71,693,1622642840585,-1,-1,-1
72,800,1622642841568,-1,-1,-1
73,792,1622642842583,-1,-1,-1
74,785,1622642842583,-1,-1,-1
75,800,1622642843561,-1,-1,-1
76,762,1622642844575,-1,-1,-1
77,838,1622642845592,-1,-1,-1
78,762,1622642846573,-1,-1,-1
79,785,1622642850602,-1,-1,-1
80,800,1622642850602,-1,-1,-1
81,808,1622642850602,-1,-1,-1
82,815,1622642850602,-1,-1,-1
83,747,1622642851577,-1,-1,-1
84,854,1622642851577,-1,-1,-1
85,800,1622642852591,-1,-1,-1
86,754,1622642853570,-1,-1,-1
87,831,1622642859594,-1,-1,-1
88,747,1622642859594,-1,-1,-1
89,747,1622642859595,-1,-1,-1
90,777,1622642859595,-1,-1,-1
91,770,1622642860603,-1,-1,-1
92,838,1622642861588,-1,-1,-1
93,808,1622642862640,-1,-1,-1
94,762,1622642863585,-1,-1,-1
95,846,1622642863585,-1,-1,-1
96,838,1622642864598,-1,-1,-1
97,792,1622642872604,-1,-1,-1
98,831,1622642872604,-1,-1,-1
99,831,1622642872604,-1,-1,-1
100,823,1622642872604,-1,-1,-1
101,777,1622642873590,-1,-1,-1
102,838,1622642873590,-1,-1,-1
103,800,1622642874609,-1,-1,-1
104,823,1622642875623,-1,-1,-1
105,808,1622642876595,-1,-1,-1
106,831,1622642877611,-1,-1,-1
107,808,1622642878601,-1,-1,-1
108,838,1622642878601,-1,-1,-1
109,808,1622642879611,-1,-1,-1
110,815,1622642880627,-1,-1,-1
111,815,1622642881602,-1,-1,-1
112,625,1622642882624,-1,-1,-1
113,953,1622642883603,-1,-1,-1
114,770,1622642888609,-1,-1,-1
115,770,1622642888609,-1,-1,-1
116,792,1622642888609,-1,-1,-1
117,823,1622642888609,-1,-1,-1
118,815,1622642899627,-1,-1,-1
119,785,1622642899627,-1,-1,-1
120,785,1622642899627,-1,-1,-1
121,831,1622642899627,-1,-1,-1
122,792,1622642900614,-1,-1,-1
123,815,1622642901629,-1,-1,-1
124,815,1622642902643,-1,-1,-1
125,808,1622642903626,-1,-1,-1
126,792,1622642903626,-1,-1,-1
127,785,1622642904638,-1,-1,-1
128,770,1622642905619,-1,-1,-1
129,808,1622642906634,-1,-1,-1
130,777,1622642907616,-1,-1,-1
131,770,1622642908629,-1,-1,-1
132,808,1622642908629,-1,-1,-1
133,808,1622642909679,-1,-1,-1
134,838,1622642910629,-1,-1,-1
135,884,1622642911637,-1,-1,-1
136,800,1622642917623,-1,-1,-1
137,762,1622642917623,-1,-1,-1
138,831,1622642917623,-1,-1,-1
139,785,1622642917623,-1,-1,-1
140,815,1622642918631,-1,-1,-1
141,815,1622642918631,-1,-1,-1
142,823,1622642919648,-1,-1,-1
143,831,1622642920636,-1,-1,-1
144,823,1622642921655,-1,-1,-1
145,823,1622642922627,-1,-1,-1
146,838,1622642923641,-1,-1,-1
147,808,1622642923641,-1,-1,-1
148,838,1622642924662,-1,-1,-1
149,815,1622642925641,-1,-1,-1
150,815,1622642926657,-1,-1,-1
151,808,1622642927637,-1,-1,-1
152,808,1622642928650,-1,-1,-1
153,808,1622642928650,-1,-1,-1
154,792,1622642929665,-1,-1,-1
155,831,1622642930648,-1,-1,-1
156,823,1622642931658,-1,-1,-1
157,831,1622642932639,-1,-1,-1
158,823,1622642933656,-1,-1,-1
159,815,1622642934667,-1,-1,-1
160,815,1622642934667,-1,-1,-1
161,823,1622642935648,-1,-1,-1
162,831,1622642936663,-1,-1,-1
163,800,1622642937640,-1,-1,-1
164,792,1622642938660,-1,-1,-1
165,815,1622642939640,-1,-1,-1
166,800,1622642939640,-1,-1,-1
167,808,1622642940654,-1,-1,-1
168,792,1622642941669,-1,-1,-1
169,815,1622642942685,-1,-1,-1
170,808,1622642943664,-1,-1,-1
171,838,1622642944638,-1,-1,-1
172,823,1622642944638,-1,-1,-1
173,831,1622642945660,-1,-1,-1
174,808,1622642946680,-1,-1,-1
175,838,1622642947657,-1,-1,-1
176,792,1622642948671,-1,-1,-1
177,899,1622642949649,-1,-1,-1
178,724,1622642957698,-1,-1,-1
179,800,1622642957698,-1,-1,-1
180,747,1622642957699,-1,-1,-1
181,785,1622642957699,-1,-1,-1
182,823,1622642957699,-1,-1,-1
183,800,1622642958679,-1,-1,-1
184,792,1622642959653,-1,-1,-1
185,823,1622642960668,-1,-1,-1
186,823,1622642961657,-1,-1,-1
187,792,1622642961657,-1,-1,-1
188,800,1622642962669,-1,-1,-1
189,785,1622642963653,-1,-1,-1
190,800,1622642964665,-1,-1,-1
191,808,1622642965679,-1,-1,-1
192,800,1622642966658,-1,-1,-1
193,831,1622642966658,-1,-1,-1
194,808,1622642967674,-1,-1,-1
195,792,1622642968652,-1,-1,-1
196,831,1622642969670,-1,-1,-1
197,762,1622642970690,-1,-1,-1
198,785,1622642971666,-1,-1,-1
199,808,1622642971666,-1,-1,-1
200,800,1622642987695,-1,-1,-1
201,747,1622642987695,-1,-1,-1
202,770,1622642987695,-1,-1,-1
203,800,1622642987695,-1,-1,-1
204,792,1622642987695,-1,-1,-1
205,831,1622642988677,-1,-1,-1
206,777,1622642989691,-1,-1,-1
207,808,1622642990705,-1,-1,-1
208,708,1622642991689,-1,-1,-1
209,770,1622642996693,-1,-1,-1
210,800,1622642996693,-1,-1,-1
211,785,1622642996693,-1,-1,-1
212,808,1622642996693,-1,-1,-1
213,846,1622642997709,-1,-1,-1
214,854,1622643001691,-1,-1,-1
215,777,1622643001691,-1,-1,-1
216,785,1622643001691,-1,-1,-1
217,808,1622643001691,-1,-1,-1
218,640,1622643002704,-1,-1,-1
219,579,1622643004744,-1,-1,-1
220,564,1622643005687,-1,-1,-1
221,792,1622643006701,-1,-1,-1
222,792,1622643007715,-1,-1,-1
223,846,1622643008698,-1,-1,-1
224,640,1622643015695,-1,-1,-1
225,976,1622643015695,-1,-1,-1
226,800,1622643015696,-1,-1,-1
227,800,1622643015696,-1,-1,-1
228,815,1622643015696,-1,-1,-1
229,770,1622643016713,-1,-1,-1
230,876,1622643017691,-1,-1,-1
231,785,1622643018706,-1,-1,-1
232,831,1622643019723,-1,-1,-1
233,815,1622643020704,-1,-1,-1
234,708,1622643020704,-1,-1,-1
235,930,1622643021713,-1,-1,-1
236,815,1622643022698,-1,-1,-1
237,861,1622643023714,-1,-1,-1
238,754,1622643024730,-1,-1,-1
239,800,1622643025706,-1,-1,-1
240,831,1622643025706,-1,-1,-1
241,823,1622643026724,-1,-1,-1
242,800,1622643030714,-1,-1,-1
243,800,1622643030714,-1,-1,-1
244,800,1622643030714,-1,-1,-1
245,823,1622643030714,-1,-1,-1
246,792,1622643031728,-1,-1,-1
247,792,1622643032741,-1,-1,-1
248,777,1622643033729,-1,-1,-1
249,777,1622643033729,-1,-1,-1
250,815,1622643034739,-1,-1,-1
251,823,1622643035716,-1,-1,-1
252,831,1622643036730,-1,-1,-1
253,838,1622643037748,-1,-1,-1
254,831,1622643038729,-1,-1,-1
255,838,1622643038729,-1,-1,-1
256,838,1622643039743,-1,-1,-1
257,762,1622643040723,-1,-1,-1
258,846,1622643041737,-1,-1,-1
259,800,1622643042754,-1,-1,-1
260,800,1622643043727,-1,-1,-1
261,800,1622643043727,-1,-1,-1
262,800,1622643044742,-1,-1,-1
263,792,1622643045729,-1,-1,-1
264,815,1622643046741,-1,-1,-1
265,808,1622643047758,-1,-1,-1
266,823,1622643048738,-1,-1,-1
267,823,1622643048738,-1,-1,-1
268,815,1622643049756,-1,-1,-1
269,831,1622643050733,-1,-1,-1
270,831,1622643051783,-1,-1,-1
271,831,1622643052762,-1,-1,-1
272,838,1622643053743,-1,-1,-1
273,831,1622643054759,-1,-1,-1
274,823,1622643054759,-1,-1,-1
275,838,1622643055736,-1,-1,-1
276,838,1622643056755,-1,-1,-1
277,831,1622643057771,-1,-1,-1
278,823,1622643058747,-1,-1,-1
279,823,1622643059764,-1,-1,-1
280,831,1622643059764,-1,-1,-1
281,831,1622643060742,-1,-1,-1
282,823,1622643061759,-1,-1,-1
283,815,1622643062773,-1,-1,-1
284,831,1622643063753,-1,-1,-1
285,846,1622643064771,-1,-1,-1
286,785,1622643068756,-1,-1,-1
287,762,1622643082796,-1,-1,-1
288,716,1622643082796,-1,-1,-1
289,815,1622643082796,-1,-1,-1
290,800,1622643082796,-1,-1,-1
291,823,1622643083775,-1,-1,-1
292,823,1622643084783,-1,-1,-1
293,831,1622643084783,-1,-1,-1
294,815,1622643085762,-1,-1,-1
295,823,1622643086779,-1,-1,-1
296,823,1622643087794,-1,-1,-1
297,823,1622643088778,-1,-1,-1
298,815,1622643089795,-1,-1,-1
299,800,1622643089795,-1,-1,-1
300,815,1622643090775,-1,-1,-1
301,815,1622643091790,-1,-1,-1
302,815,1622643092804,-1,-1,-1
303,823,1622643093785,-1,-1,-1
304,808,1622643094802,-1,-1,-1
305,815,1622643094802,-1,-1,-1
306,831,1622643095780,-1,-1,-1
307,861,1622643096796,-1,-1,-1
308,777,1622643097772,-1,-1,-1
309,800,1622643098828,-1,-1,-1
310,815,1622643099841,-1,-1,-1
311,716,1622643099841,-1,-1,-1
312,899,1622643100788,-1,-1,-1
313,815,1622643101801,-1,-1,-1
314,785,1622643102782,-1,-1,-1
315,747,1622643103795,-1,-1,-1
316,831,1622643103796,-1,-1,-1
317,808,1622643104811,-1,-1,-1
318,792,1622643105791,-1,-1,-1
319,800,1622643106805,-1,-1,-1
320,876,1622643107783,-1,-1,-1
321,800,1622643108801,-1,-1,-1
322,808,1622643109814,-1,-1,-1
323,815,1622643109815,-1,-1,-1
324,823,1622643110798,-1,-1,-1
325,823,1622643111810,-1,-1,-1
326,686,1622643112792,-1,-1,-1
327,991,1622643124832,-1,-1,-1
328,792,1622643124832,-1,-1,-1
329,846,1622643124832,-1,-1,-1
330,846,1622643124832,-1,-1,-1
331,808,1622643124832,-1,-1,-1
332,831,1622643125809,-1,-1,-1
333,831,1622643126824,-1,-1,-1
334,823,1622643127835,-1,-1,-1
335,854,1622643128822,-1,-1,-1
336,594,1622643129837,-1,-1,-1
337,1014,1622643129837,-1,-1,-1
338,884,1622643130816,-1,-1,-1
339,846,1622643148846,-1,-1,-1
340,770,1622643148846,-1,-1,-1
341,762,1622643148846,-1,-1,-1
342,823,1622643148846,-1,-1,-1
343,747,1622643148846,-1,-1,-1
344,762,1622643149823,-1,-1,-1
345,739,1622643150838,-1,-1,-1
346,808,1622643151853,-1,-1,-1
347,747,1622643152867,-1,-1,-1
348,869,1622643152867,-1,-1,-1
349,747,1622643153848,-1,-1,-1
350,861,1622643154862,-1,-1,-1
351,823,1622643158850,-1,-1,-1
352,808,1622643158850,-1,-1,-1
353,846,1622643158850,-1,-1,-1
354,800,1622643158850,-1,-1,-1
355,655,1622643159903,-1,-1,-1
356,999,1622643160885,-1,-1,-1
357,815,1622643160885,-1,-1,-1
358,800,1622643161867,-1,-1,-1
359,846,1622643162879,-1,-1,-1
360,854,1622643163861,-1,-1,-1
361,800,1622643164871,-1,-1,-1
362,800,1622643165845,-1,-1,-1
363,777,1622643165845,-1,-1,-1
364,792,1622643166869,-1,-1,-1
365,800,1622643167881,-1,-1,-1
366,792,1622643168855,-1,-1,-1
367,831,1622643169878,-1,-1,-1
368,648,1622643170853,-1,-1,-1
369,953,1622643170853,-1,-1,-1
370,754,1622643171871,-1,-1,-1
371,777,1622643172892,-1,-1,-1
372,785,1622643173869,-1,-1,-1
373,808,1622643174886,-1,-1,-1
374,831,1622643174886,-1,-1,-1
375,846,1622643175862,-1,-1,-1
376,861,1622643176879,-1,-1,-1
377,876,1622643177857,-1,-1,-1
378,869,1622643178875,-1,-1,-1
379,876,1622643179922,-1,-1,-1
380,861,1622643180868,-1,-1,-1
381,876,1622643181881,-1,-1,-1
382,838,1622643182861,-1,-1,-1
383,861,1622643182861,-1,-1,-1
384,831,1622643184893,-1,-1,-1
385,846,1622643185873,-1,-1,-1
386,754,1622643186886,-1,-1,-1
387,884,1622643187872,-1,-1,-1
388,823,1622643188881,-1,-1,-1
389,678,1622643188881,-1,-1,-1
390,930,1622643189901,-1,-1,-1
391,770,1622643190877,-1,-1,-1
392,869,1622643191889,-1,-1,-1
393,663,1622643192874,-1,-1,-1
394,968,1622643193891,-1,-1,-1
395,777,1622643193891,-1,-1,-1
396,800,1622643194904,-1,-1,-1
397,762,1622643195884,-1,-1,-1
398,808,1622643196897,-1,-1,-1
399,823,1622643197874,-1,-1,-1
400,861,1622643198894,-1,-1,-1
401,876,1622643198894,-1,-1,-1
402,907,1622643199907,-1,-1,-1
403,907,1622643200892,-1,-1,-1
404,907,1622643205895,-1,-1,-1
405,922,1622643205895,-1,-1,-1
406,754,1622643205895,-1,-1,-1
407,1037,1622643205895,-1,-1,-1
408,861,1622643206907,-1,-1,-1
409,655,1622643207924,-1,-1,-1
410,1014,1622643208905,-1,-1,-1
411,876,1622643208905,-1,-1,-1
412,846,1622643209914,-1,-1,-1
413,823,1622643210896,-1,-1,-1
414,846,1622643211913,-1,-1,-1
415,815,1622643212894,-1,-1,-1
416,792,1622643213908,-1,-1,-1
417,838,1622643213908,-1,-1,-1
418,785,1622643214922,-1,-1,-1
419,876,1622643215909,-1,-1,-1
420,762,1622643216916,-1,-1,-1
421,785,1622643217902,-1,-1,-1
422,884,1622643218913,-1,-1,-1
423,823,1622643222905,-1,-1,-1
424,846,1622643223918,-1,-1,-1
425,808,1622643223918,-1,-1,-1
426,846,1622643224897,-1,-1,-1
427,831,1622643225914,-1,-1,-1
428,861,1622643226929,-1,-1,-1
429,854,1622643227909,-1,-1,-1
430,846,1622643228926,-1,-1,-1
431,838,1622643229904,-1,-1,-1
432,854,1622643229904,-1,-1,-1
433,838,1622643230921,-1,-1,-1
434,838,1622643231931,-1,-1,-1
435,815,1622643232912,-1,-1,-1
436,831,1622643233927,-1,-1,-1
437,823,1622643234909,-1,-1,-1
438,831,1622643235924,-1,-1,-1
439,831,1622643235924,-1,-1,-1
440,831,1622643236901,-1,-1,-1
441,823,1622643237917,-1,-1,-1
442,846,1622643244918,-1,-1,-1
443,785,1622643244918,-1,-1,-1
444,815,1622643244918,-1,-1,-1
445,648,1622643244918,-1,-1,-1
446,922,1622643245934,-1,-1,-1
447,800,1622643246947,-1,-1,-1
448,785,1622643247934,-1,-1,-1
449,815,1622643248944,-1,-1,-1
450,792,1622643249934,-1,-1,-1
451,884,1622643250939,-1,-1,-1
452,792,1622643250939,-1,-1,-1
453,854,1622643251954,-1,-1,-1
454,785,1622643252928,-1,-1,-1
455,678,1622643269943,-1,-1,-1
456,800,1622643269943,-1,-1,-1
457,792,1622643269943,-1,-1,-1
458,792,1622643269943,-1,-1,-1
459,800,1622643270960,-1,-1,-1
460,785,1622643271938,-1,-1,-1
461,800,1622643272954,-1,-1,-1
462,800,1622643272954,-1,-1,-1
463,808,1622643273967,-1,-1,-1
464,815,1622643274949,-1,-1,-1
465,800,1622643275965,-1,-1,-1
466,785,1622643276944,-1,-1,-1
467,808,1622643276944,-1,-1,-1
468,792,1622643277961,-1,-1,-1
469,785,1622643278975,-1,-1,-1
470,770,1622643279953,-1,-1,-1
471,785,1622643279953,-1,-1,-1
472,785,1622643280968,-1,-1,-1
473,800,1622643281987,-1,-1,-1
474,800,1622643282970,-1,-1,-1
475,808,1622643283982,-1,-1,-1
476,815,1622643284959,-1,-1,-1
477,815,1622643284959,-1,-1,-1
478,823,1622643285972,-1,-1,-1
479,823,1622643286987,-1,-1,-1
480,869,1622643287974,-1,-1,-1
481,617,1622643288982,-1,-1,-1
482,724,1622643290981,-1,-1,-1
483,884,1622643291992,-1,-1,-1
484,785,1622643292973,-1,-1,-1
485,823,1622643293991,-1,-1,-1
486,808,1622643293991,-1,-1,-1
487,808,1622643295003,-1,-1,-1
488,823,1622643295984,-1,-1,-1
489,808,1622643297000,-1,-1,-1
490,808,1622643297982,-1,-1,-1
491,792,1622643298991,-1,-1,-1
492,838,1622643298991,-1,-1,-1
493,808,1622643299974,-1,-1,-1
494,808,1622643300987,-1,-1,-1
495,823,1622643302005,-1,-1,-1
496,800,1622643302984,-1,-1,-1
497,815,1622643303998,-1,-1,-1
498,724,1622643303998,-1,-1,-1
499,892,1622643304976,-1,-1,-1
500,800,1622643305992,-1,-1,-1
501,808,1622643307009,-1,-1,-1
502,808,1622643307989,-1,-1,-1
503,800,1622643309000,-1,-1,-1
504,777,1622643309000,-1,-1,-1
505,831,1622643309986,-1,-1,-1
506,800,1622643318002,-1,-1,-1
507,770,1622643318002,-1,-1,-1
508,846,1622643318002,-1,-1,-1
509,815,1622643318002,-1,-1,-1
510,670,1622643318002,-1,-1,-1
511,945,1622643319015,-1,-1,-1
512,800,1622643319993,-1,-1,-1
513,808,1622643321007,-1,-1,-1
514,785,1622643321991,-1,-1,-1
515,785,1622643323005,-1,-1,-1
516,785,1622643323005,-1,-1,-1
517,777,1622643324017,-1,-1,-1
518,785,1622643324998,-1,-1,-1
519,770,1622643329026,-1,-1,-1
520,770,1622643329026,-1,-1,-1
521,823,1622643329026,-1,-1,-1
522,785,1622643329026,-1,-1,-1
523,739,1622643330001,-1,-1,-1
524,1044,1622643337040,-1,-1,-1
525,792,1622643337040,-1,-1,-1
526,808,1622643337040,-1,-1,-1
527,800,1622643337040,-1,-1,-1
528,808,1622643344038,-1,-1,-1
529,785,1622643344038,-1,-1,-1
530,838,1622643344038,-1,-1,-1
531,792,1622643344038,-1,-1,-1
532,831,1622643354053,-1,-1,-1
533,777,1622643354053,-1,-1,-1
534,785,1622643354053,-1,-1,-1
535,800,1622643354053,-1,-1,-1
536,747,1622643354053,-1,-1,-1
537,831,1622643362031,-1,-1,-1
538,770,1622643362031,-1,-1,-1
539,785,1622643362031,-1,-1,-1
540,770,1622643362031,-1,-1,-1
541,777,1622643362031,-1,-1,-1
542,792,1622643363047,-1,-1,-1
543,823,1622643364060,-1,-1,-1
544,854,1622643365042,-1,-1,-1
545,823,1622643366057,-1,-1,-1
546,846,1622643367037,-1,-1,-1
547,838,1622643367037,-1,-1,-1
548,815,1622643368049,-1,-1,-1
549,846,1622643369029,-1,-1,-1
550,815,1622643370042,-1,-1,-1
551,815,1622643371061,-1,-1,-1
552,724,1622643372037,-1,-1,-1
553,960,1622643372037,-1,-1,-1
554,815,1622643373054,-1,-1,-1
555,808,1622643374036,-1,-1,-1
556,800,1622643375052,-1,-1,-1
557,800,1622643376067,-1,-1,-1
558,800,1622643377048,-1,-1,-1
559,808,1622643377048,-1,-1,-1
560,815,1622643378099,-1,-1,-1
561,869,1622643379041,-1,-1,-1
562,823,1622643383068,-1,-1,-1
563,815,1622643383068,-1,-1,-1
564,800,1622643383068,-1,-1,-1
565,861,1622643383068,-1,-1,-1
566,670,1622643384042,-1,-1,-1
567,976,1622643385065,-1,-1,-1
568,823,1622643386083,-1,-1,-1
569,808,1622643387058,-1,-1,-1
570,815,1622643388077,-1,-1,-1
571,846,1622643388077,-1,-1,-1
572,792,1622643392064,-1,-1,-1
573,792,1622643392064,-1,-1,-1
574,831,1622643392064,-1,-1,-1
575,792,1622643392064,-1,-1,-1
576,846,1622643393081,-1,-1,-1
577,800,1622643397069,-1,-1,-1
578,762,1622643397069,-1,-1,-1
579,861,1622643397069,-1,-1,-1
580,777,1622643397069,-1,-1,-1
581,800,1622643398082,-1,-1,-1
582,808,1622643399066,-1,-1,-1
583,724,1622643400077,-1,-1,-1
584,983,1622643401055,-1,-1,-1
585,823,1622643402077,-1,-1,-1
586,838,1622643402077,-1,-1,-1
587,854,1622643403088,-1,-1,-1
588,854,1622643404103,-1,-1,-1
589,747,1622643405083,-1,-1,-1
590,991,1622643406095,-1,-1,-1
591,770,1622643411103,-1,-1,-1
592,770,1622643411103,-1,-1,-1
593,785,1622643411103,-1,-1,-1
594,792,1622643411103,-1,-1,-1
595,770,1622643412085,-1,-1,-1
596,785,1622643431124,-1,-1,-1
597,785,1622643431124,-1,-1,-1
598,754,1622643431124,-1,-1,-1
599,838,1622643431124,-1,-1,-1
600,747,1622643432105,-1,-1,-1
601,808,1622643433120,-1,-1,-1
602,808,1622643433120,-1,-1,-1
603,739,1622643434102,-1,-1,-1
604,861,1622643435116,-1,-1,-1
605,770,1622643436130,-1,-1,-1
606,800,1622643437103,-1,-1,-1
607,800,1622643438125,-1,-1,-1
608,823,1622643438125,-1,-1,-1
609,823,1622643442117,-1,-1,-1
610,800,1622643442117,-1,-1,-1
611,792,1622643442117,-1,-1,-1
612,800,1622643442117,-1,-1,-1
613,808,1622643443130,-1,-1,-1
614,831,1622643444108,-1,-1,-1
615,815,1622643445126,-1,-1,-1
616,800,1622643446144,-1,-1,-1
617,800,1622643447120,-1,-1,-1
618,777,1622643447121,-1,-1,-1
619,823,1622643448132,-1,-1,-1
620,785,1622643449115,-1,-1,-1
621,808,1622643450131,-1,-1,-1
622,792,1622643451149,-1,-1,-1
623,739,1622643451149,-1,-1,-1
624,815,1622643457133,-1,-1,-1
625,762,1622643457133,-1,-1,-1
626,754,1622643457133,-1,-1,-1
627,815,1622643457133,-1,-1,-1
628,777,1622643458148,-1,-1,-1
629,777,1622643459126,-1,-1,-1
630,815,1622643460141,-1,-1,-1
631,823,1622643460141,-1,-1,-1
632,770,1622643461120,-1,-1,-1
633,724,1622643462131,-1,-1,-1
634,770,1622643470155,-1,-1,-1
635,770,1622643470155,-1,-1,-1
636,770,1622643470155,-1,-1,-1
637,732,1622643470155,-1,-1,-1
638,808,1622643471126,-1,-1,-1
639,732,1622643472184,-1,-1,-1
640,876,1622643473162,-1,-1,-1
641,770,1622643490175,-1,-1,-1
642,732,1622643490175,-1,-1,-1
643,899,1622643490175,-1,-1,-1
644,831,1622643490175,-1,-1,-1
645,884,1622643491154,-1,-1,-1
646,785,1622643496157,-1,-1,-1
647,800,1622643496157,-1,-1,-1
648,815,1622643496157,-1,-1,-1
649,815,1622643496157,-1,-1,-1
650,800,1622643497174,-1,-1,-1
651,831,1622643497174,-1,-1,-1
652,800,1622643498154,-1,-1,-1
653,777,1622643516182,-1,-1,-1
654,785,1622643516182,-1,-1,-1
655,625,1622643516182,-1,-1,-1
656,854,1622643516182,-1,-1,-1
657,724,1622643517192,-1,-1,-1
658,869,1622643543202,-1,-1,-1
659,846,1622643544212,-1,-1,-1
660,831,1622643545192,-1,-1,-1
661,876,1622643546210,-1,-1,-1
662,854,1622643547223,-1,-1,-1
663,846,1622643548205,-1,-1,-1
664,869,1622643552229,-1,-1,-1
665,823,1622643552229,-1,-1,-1
666,815,1622643552229,-1,-1,-1
667,808,1622643552229,-1,-1,-1
668,808,1622643553210,-1,-1,-1
669,732,1622643554226,-1,-1,-1
670,892,1622643555207,-1,-1,-1
671,808,1622643555207,-1,-1,-1
672,823,1622643556225,-1,-1,-1
673,831,1622643557236,-1,-1,-1
674,838,1622643558216,-1,-1,-1
675,823,1622643562239,-1,-1,-1
676,838,1622643562239,-1,-1,-1
677,724,1622643562239,-1,-1,-1
678,968,1622643562239,-1,-1,-1
679,808,1622643563224,-1,-1,-1
680,770,1622643564234,-1,-1,-1
681,838,1622643565213,-1,-1,-1
682,808,1622643566232,-1,-1,-1
683,808,1622643566232,-1,-1,-1
684,831,1622643567245,-1,-1,-1
685,838,1622643568226,-1,-1,-1
686,831,1622643569243,-1,-1,-1
687,831,1622643570259,-1,-1,-1
688,846,1622643571236,-1,-1,-1
689,854,1622643572250,-1,-1,-1
690,846,1622643572250,-1,-1,-1
691,854,1622643573232,-1,-1,-1
692,831,1622643574246,-1,-1,-1
693,831,1622643575226,-1,-1,-1
694,831,1622643576242,-1,-1,-1
695,815,1622643577258,-1,-1,-1
696,800,1622643578235,-1,-1,-1
697,808,1622643578235,-1,-1,-1
698,815,1622643579249,-1,-1,-1
699,823,1622643580231,-1,-1,-1
700,815,1622643581281,-1,-1,-1
701,815,1622643582268,-1,-1,-1
702,792,1622643593253,-1,-1,-1
703,762,1622643593253,-1,-1,-1
704,854,1622643593253,-1,-1,-1
705,808,1622643593253,-1,-1,-1
706,808,1622643594270,-1,-1,-1
707,800,1622643594270,-1,-1,-1
708,892,1622643595249,-1,-1,-1
709,495,1622643596263,-1,-1,-1
710,815,1622643600250,-1,-1,-1
711,808,1622643600250,-1,-1,-1
712,854,1622643600250,-1,-1,-1
713,869,1622643600250,-1,-1,-1
714,892,1622643601266,-1,-1,-1
715,777,1622643602243,-1,-1,-1
716,915,1622643607246,-1,-1,-1
717,930,1622643607246,-1,-1,-1
718,892,1622643607246,-1,-1,-1
719,915,1622643607246,-1,-1,-1
720,899,1622643608268,-1,-1,-1
721,884,1622643609285,-1,-1,-1
722,907,1622643610265,-1,-1,-1
723,899,1622643611277,-1,-1,-1
724,899,1622643612261,-1,-1,-1
725,861,1622643612261,-1,-1,-1
726,854,1622643613274,-1,-1,-1
727,831,1622643614289,-1,-1,-1
728,815,1622643615260,-1,-1,-1
729,838,1622643616278,-1,-1,-1
730,823,1622643617292,-1,-1,-1
731,792,1622643617293,-1,-1,-1
732,823,1622643622309,-1,-1,-1
733,815,1622643622309,-1,-1,-1
734,838,1622643622309,-1,-1,-1
735,823,1622643622309,-1,-1,-1
736,831,1622643623287,-1,-1,-1
737,846,1622643641308,-1,-1,-1
738,838,1622643641309,-1,-1,-1
739,846,1622643641309,-1,-1,-1
740,892,1622643641309,-1,-1,-1
741,831,1622643646314,-1,-1,-1
742,808,1622643646314,-1,-1,-1
743,831,1622643646314,-1,-1,-1
744,1395,1622643646314,-1,-1,-1
745,1121,1622643647302,-1,-1,-1
746,777,1622643647302,-1,-1,-1
747,846,1622643648306,-1,-1,-1
748,831,1622643649290,-1,-1,-1
749,800,1622643650305,-1,-1,-1
750,808,1622643657303,-1,-1,-1
751,792,1622643657303,-1,-1,-1
752,808,1622643657303,-1,-1,-1
753,808,1622643657303,-1,-1,-1
754,808,1622643658317,-1,-1,-1
755,785,1622643659334,-1,-1,-1
756,808,1622643660314,-1,-1,-1
757,762,1622643660314,-1,-1,-1
758,831,1622643661333,-1,-1,-1
759,777,1622643662312,-1,-1,-1
760,854,1622643663328,-1,-1,-1
761,823,1622643664340,-1,-1,-1
762,831,1622643665319,-1,-1,-1
763,754,1622643666336,-1,-1,-1
764,907,1622643666336,-1,-1,-1
765,770,1622643667314,-1,-1,-1
766,876,1622643668331,-1,-1,-1
767,739,1622643677327,-1,-1,-1
768,777,1622643677327,-1,-1,-1
769,800,1622643677327,-1,-1,-1
770,899,1622643677327,-1,-1,-1
771,838,1622643689335,-1,-1,-1
772,747,1622643689335,-1,-1,-1
773,701,1622643689335,-1,-1,-1
774,823,1622643689335,-1,-1,-1
775,800,1622643690385,-1,-1,-1
776,815,1622643690385,-1,-1,-1
777,808,1622643691363,-1,-1,-1
778,640,1622643692342,-1,-1,-1
779,510,1622643696367,-1,-1,-1
780,739,1622643705367,-1,-1,-1
781,815,1622643705367,-1,-1,-1
782,815,1622643705367,-1,-1,-1
783,808,1622643705367,-1,-1,-1
784,808,1622643706378,-1,-1,-1
785,831,1622643707357,-1,-1,-1
786,823,1622643708373,-1,-1,-1
787,724,1622643708374,-1,-1,-1
788,678,1622643714349,-1,-1,-1
789,800,1622643714349,-1,-1,-1
790,815,1622643715370,-1,-1,-1
791,823,1622643716384,-1,-1,-1
792,792,1622643717369,-1,-1,-1
793,823,1622643718382,-1,-1,-1
794,838,1622643719363,-1,-1,-1
795,831,1622643719363,-1,-1,-1
796,823,1622643720377,-1,-1,-1
797,762,1622643721388,-1,-1,-1
798,922,1622643722371,-1,-1,-1
799,800,1622643723385,-1,-1,-1
800,770,1622643724369,-1,-1,-1
801,838,1622643725382,-1,-1,-1
802,815,1622643725382,-1,-1,-1
803,800,1622643726397,-1,-1,-1
804,762,1622643727384,-1,-1,-1
805,892,1622643728390,-1,-1,-1
806,792,1622643729374,-1,-1,-1
807,823,1622643730390,-1,-1,-1
808,846,1622643730391,-1,-1,-1
809,770,1622643731368,-1,-1,-1
810,846,1622643732381,-1,-1,-1
811,922,1622643733399,-1,-1,-1
812,785,1622643734380,-1,-1,-1
813,823,1622643735396,-1,-1,-1
814,869,1622643736371,-1,-1,-1
815,823,1622643736371,-1,-1,-1
816,815,1622643737423,-1,-1,-1
817,915,1622643738407,-1,-1,-1
818,708,1622643742394,-1,-1,-1
819,1075,1622643742394,-1,-1,-1
820,838,1622643742394,-1,-1,-1
821,854,1622643742394,-1,-1,-1
822,869,1622643743409,-1,-1,-1
823,854,1622643744389,-1,-1,-1
824,861,1622643745404,-1,-1,-1
825,854,1622643746384,-1,-1,-1
826,747,1622643752406,-1,-1,-1
827,846,1622643752406,-1,-1,-1
828,831,1622643752406,-1,-1,-1
829,823,1622643752406,-1,-1,-1
830,838,1622643753416,-1,-1,-1
831,777,1622643754401,-1,-1,-1
832,815,1622643760415,-1,-1,-1
833,823,1622643760415,-1,-1,-1
834,823,1622643760415,-1,-1,-1
835,846,1622643760415,-1,-1,-1
836,869,1622643761398,-1,-1,-1
837,831,1622643773405,-1,-1,-1
838,899,1622643773406,-1,-1,-1
839,792,1622643773406,-1,-1,-1
840,777,1622643773406,-1,-1,-1
841,777,1622643780439,-1,-1,-1
842,800,1622643780439,-1,-1,-1
843,777,1622643780439,-1,-1,-1
844,815,1622643780439,-1,-1,-1
845,815,1622643781421,-1,-1,-1
846,732,1622643782434,-1,-1,-1
847,937,1622643783414,-1,-1,-1
848,876,1622643784464,-1,-1,-1
849,831,1622643785450,-1,-1,-1
850,808,1622643785450,-1,-1,-1
851,854,1622643786423,-1,-1,-1
852,831,1622643787439,-1,-1,-1
853,1517,1622643789435,-1,-1,-1
854,1464,1622643792442,-1,-1,-1
855,815,1622643793468,-1,-1,-1
856,861,1622643794442,-1,-1,-1
857,854,1622643795456,-1,-1,-1
858,854,1622643795456,-1,-1,-1
859,838,1622643796437,-1,-1,-1
860,831,1622643806445,-1,-1,-1
861,838,1622643806446,-1,-1,-1
862,800,1622643806446,-1,-1,-1
863,861,1622643806446,-1,-1,-1
864,846,1622643807459,-1,-1,-1
865,846,1622643808474,-1,-1,-1
866,846,1622643809457,-1,-1,-1
867,777,1622643820485,-1,-1,-1
868,701,1622643820485,-1,-1,-1
869,854,1622643820485,-1,-1,-1
870,815,1622643820485,-1,-1,-1
871,831,1622643820485,-1,-1,-1
872,869,1622643821461,-1,-1,-1
873,876,1622643822473,-1,-1,-1
874,892,1622643823492,-1,-1,-1
875,861,1622643824476,-1,-1,-1
876,617,1622643825486,-1,-1,-1
877,838,1622643840492,-1,-1,-1
878,770,1622643840492,-1,-1,-1
879,876,1622643840492,-1,-1,-1
880,800,1622643840492,-1,-1,-1
881,831,1622643841482,-1,-1,-1
882,785,1622643842500,-1,-1,-1
883,808,1622643850504,-1,-1,-1
884,831,1622643850504,-1,-1,-1
885,846,1622643850504,-1,-1,-1
886,831,1622643850504,-1,-1,-1
887,770,1622643851493,-1,-1,-1
888,831,1622643852504,-1,-1,-1
889,716,1622643853522,-1,-1,-1
890,892,1622643853522,-1,-1,-1
891,808,1622643859507,-1,-1,-1
892,648,1622643859507,-1,-1,-1
893,953,1622643859507,-1,-1,-1
894,838,1622643859507,-1,-1,-1
895,815,1622643859507,-1,-1,-1
896,770,1622643860522,-1,-1,-1
897,869,1622643861499,-1,-1,-1
898,823,1622643862517,-1,-1,-1
899,838,1622643863531,-1,-1,-1
900,838,1622643864511,-1,-1,-1
901,823,1622643864511,-1,-1,-1
902,838,1622643865530,-1,-1,-1
903,693,1622643870532,-1,-1,-1
904,1029,1622643870532,-1,-1,-1
905,800,1622643870532,-1,-1,-1
906,754,1622643870532,-1,-1,-1
907,708,1622643880542,-1,-1,-1
908,770,1622643880542,-1,-1,-1
909,846,1622643880542,-1,-1,-1
910,800,1622643880542,-1,-1,-1
911,823,1622643888551,-1,-1,-1
912,739,1622643888551,-1,-1,-1
913,854,1622643888551,-1,-1,-1
914,792,1622643888551,-1,-1,-1
915,808,1622643888551,-1,-1,-1
916,831,1622643889540,-1,-1,-1
917,831,1622643890555,-1,-1,-1
918,800,1622643891528,-1,-1,-1
919,831,1622643892581,-1,-1,-1
920,823,1622643893558,-1,-1,-1
921,854,1622643894544,-1,-1,-1
922,823,1622643894544,-1,-1,-1
923,823,1622643895562,-1,-1,-1
924,846,1622643896535,-1,-1,-1
925,808,1622643897552,-1,-1,-1
926,838,1622643898530,-1,-1,-1
927,823,1622643899547,-1,-1,-1
928,808,1622643899547,-1,-1,-1
929,899,1622643900565,-1,-1,-1
930,747,1622643914565,-1,-1,-1
931,1059,1622643914565,-1,-1,-1
932,785,1622643914565,-1,-1,-1
933,846,1622643914565,-1,-1,-1
934,876,1622643915577,-1,-1,-1
935,617,1622643916559,-1,-1,-1
936,945,1622643920586,-1,-1,-1
937,854,1622643920587,-1,-1,-1
938,846,1622643920587,-1,-1,-1
939,464,1622643920587,-1,-1,-1
940,876,1622643924576,-1,-1,-1
941,800,1622643924576,-1,-1,-1
942,854,1622643924576,-1,-1,-1
943,861,1622643924576,-1,-1,-1
944,785,1622643924576,-1,-1,-1
945,899,1622643925589,-1,-1,-1
946,846,1622643926567,-1,-1,-1
947,777,1622643927587,-1,-1,-1
948,838,1622643942599,-1,-1,-1
949,785,1622643942599,-1,-1,-1
950,869,1622643942599,-1,-1,-1
951,785,1622643942599,-1,-1,-1
952,846,1622643943575,-1,-1,-1
953,831,1622643944593,-1,-1,-1
954,823,1622643945575,-1,-1,-1
955,846,1622643946592,-1,-1,-1
956,823,1622643946592,-1,-1,-1
957,770,1622643947597,-1,-1,-1
958,915,1622643948583,-1,-1,-1
959,792,1622643949599,-1,-1,-1
960,838,1622643950579,-1,-1,-1
961,800,1622643951594,-1,-1,-1
962,876,1622643952607,-1,-1,-1
963,541,1622643952607,-1,-1,-1
964,869,1622643959610,-1,-1,-1
965,823,1622643959610,-1,-1,-1
966,792,1622643959610,-1,-1,-1
967,815,1622643959610,-1,-1,-1
968,854,1622643960592,-1,-1,-1
969,815,1622643963608,-1,-1,-1
970,785,1622643963608,-1,-1,-1
971,808,1622643969613,-1,-1,-1
972,777,1622643970593,-1,-1,-1
973,823,1622643971608,-1,-1,-1
974,792,1622643972624,-1,-1,-1
975,792,1622643973613,-1,-1,-1
976,808,1622643973613,-1,-1,-1
977,792,1622643974627,-1,-1,-1
978,800,1622643975607,-1,-1,-1
979,792,1622643976621,-1,-1,-1
980,800,1622643977634,-1,-1,-1
981,808,1622643977634,-1,-1,-1
982,800,1622643978616,-1,-1,-1
983,808,1622643979629,-1,-1,-1
984,815,1622643980610,-1,-1,-1
985,854,1622643981630,-1,-1,-1
986,808,1622643985617,-1,-1,-1
987,792,1622643985617,-1,-1,-1
988,762,1622643985617,-1,-1,-1
989,632,1622643985617,-1,-1,-1
990,999,1622643986632,-1,-1,-1
991,785,1622643986632,-1,-1,-1
992,823,1622643987646,-1,-1,-1
993,831,1622643988628,-1,-1,-1
994,854,1622643989641,-1,-1,-1
995,831,1622643990623,-1,-1,-1
996,815,1622644001682,-1,-1,-1
997,854,1622644001683,-1,-1,-1
998,823,1622644001683,-1,-1,-1
999,854,1622644001683,-1,-1,-1
1000,541,1622644007632,-1,-1,-1
1001,922,1622644007632,-1,-1,-1
1002,808,1622644007632,-1,-1,-1
1003,823,1622644007632,-1,-1,-1
1004,808,1622644008649,-1,-1,-1
1005,808,1622644009661,-1,-1,-1
1006,808,1622644010642,-1,-1,-1
1007,823,1622644011658,-1,-1,-1
1008,808,1622644012634,-1,-1,-1
1009,838,1622644012634,-1,-1,-1
1010,823,1622644013648,-1,-1,-1
1011,823,1622644014661,-1,-1,-1
1012,823,1622644015646,-1,-1,-1
1013,808,1622644016661,-1,-1,-1
1014,831,1622644017642,-1,-1,-1
1015,831,1622644018658,-1,-1,-1
1016,838,1622644018658,-1,-1,-1
1017,846,1622644019677,-1,-1,-1
1018,861,1622644020654,-1,-1,-1
1019,823,1622644021670,-1,-1,-1
1020,831,1622644022685,-1,-1,-1
1021,846,1622644023666,-1,-1,-1
1022,831,1622644024678,-1,-1,-1
1023,808,1622644024678,-1,-1,-1
1024,854,1622644025658,-1,-1,-1
1025,800,1622644026672,-1,-1,-1
1026,846,1622644027652,-1,-1,-1
1027,838,1622644028670,-1,-1,-1
1028,808,1622644029683,-1,-1,-1
1029,808,1622644029683,-1,-1,-1
1030,854,1622644030659,-1,-1,-1
1031,831,1622644031711,-1,-1,-1
1032,846,1622644032693,-1,-1,-1
1033,831,1622644033672,-1,-1,-1
1034,815,1622644034685,-1,-1,-1
1035,907,1622644034685,-1,-1,-1
1036,846,1622644035670,-1,-1,-1
1037,854,1622644036684,-1,-1,-1
1038,892,1622644037690,-1,-1,-1
1039,762,1622644038673,-1,-1,-1
1040,861,1622644039693,-1,-1,-1
1041,846,1622644040672,-1,-1,-1
1042,800,1622644040672,-1,-1,-1
1043,831,1622644041684,-1,-1,-1
1044,823,1622644042703,-1,-1,-1
1045,861,1622644043682,-1,-1,-1
1046,846,1622644044703,-1,-1,-1
1047,846,1622644045677,-1,-1,-1
1048,869,1622644046693,-1,-1,-1
1049,831,1622644047706,-1,-1,-1
1050,899,1622644047707,-1,-1,-1
1051,823,1622644054706,-1,-1,-1
1052,800,1622644054706,-1,-1,-1
1053,777,1622644054706,-1,-1,-1
1054,899,1622644054706,-1,-1,-1
1055,815,1622644061712,-1,-1,-1
1056,777,1622644061712,-1,-1,-1
1057,762,1622644061713,-1,-1,-1
1058,800,1622644061713,-1,-1,-1
1059,701,1622644062687,-1,-1,-1
1060,777,1622644063732,-1,-1,-1
1061,732,1622644064717,-1,-1,-1
1062,739,1622644064717,-1,-1,-1
1063,762,1622644065695,-1,-1,-1
1064,800,1622644066712,-1,-1,-1
1065,831,1622644070706,-1,-1,-1
1066,732,1622644070706,-1,-1,-1
1067,876,1622644070706,-1,-1,-1
1068,785,1622644070706,-1,-1,-1
1069,785,1622644071720,-1,-1,-1
1070,808,1622644072700,-1,-1,-1
1071,770,1622644073713,-1,-1,-1
1072,838,1622644073713,-1,-1,-1
1073,770,1622644074726,-1,-1,-1
1074,838,1622644075712,-1,-1,-1
1075,815,1622644076722,-1,-1,-1
1076,823,1622644077703,-1,-1,-1
1077,785,1622644078719,-1,-1,-1
1078,808,1622644078719,-1,-1,-1
1079,800,1622644079735,-1,-1,-1
1080,815,1622644080712,-1,-1,-1
1081,800,1622644081728,-1,-1,-1
1082,686,1622644097722,-1,-1,-1
1083,792,1622644097722,-1,-1,-1
1084,770,1622644097722,-1,-1,-1
1085,800,1622644097722,-1,-1,-1
1086,831,1622644103748,-1,-1,-1
1087,792,1622644103748,-1,-1,-1
1088,785,1622644103749,-1,-1,-1
1089,800,1622644103749,-1,-1,-1
1090,800,1622644104759,-1,-1,-1
1091,800,1622644105733,-1,-1,-1
1092,800,1622644106756,-1,-1,-1
1093,823,1622644107736,-1,-1,-1
1094,808,1622644107737,-1,-1,-1
1095,800,1622644108749,-1,-1,-1
1096,800,1622644109798,-1,-1,-1
1097,747,1622644110779,-1,-1,-1
1098,770,1622644111759,-1,-1,-1
1099,708,1622644111759,-1,-1,-1
1100,732,1622644112741,-1,-1,-1
1101,708,1622644113757,-1,-1,-1
1102,686,1622644113757,-1,-1,-1
1103,678,1622644114768,-1,-1,-1
1104,655,1622644115750,-1,-1,-1
1105,686,1622644116764,-1,-1,-1
1106,678,1622644116764,-1,-1,-1
1107,716,1622644117746,-1,-1,-1
1108,724,1622644118761,-1,-1,-1
1109,732,1622644118761,-1,-1,-1
1110,747,1622644119740,-1,-1,-1
1111,762,1622644120756,-1,-1,-1
1112,785,1622644121767,-1,-1,-1
1113,739,1622644122750,-1,-1,-1
1114,762,1622644122750,-1,-1,-1
1115,785,1622644123765,-1,-1,-1
1116,754,1622644124746,-1,-1,-1
1117,777,1622644125761,-1,-1,-1
1118,770,1622644125761,-1,-1,-1
1119,777,1622644126781,-1,-1,-1
1120,747,1622644127757,-1,-1,-1
1121,747,1622644128771,-1,-1,-1
1122,792,1622644129753,-1,-1,-1
1123,808,1622644136744,-1,-1,-1
1124,785,1622644136744,-1,-1,-1
1125,762,1622644136744,-1,-1,-1
1126,815,1622644136744,-1,-1,-1
1127,739,1622644137768,-1,-1,-1
1128,861,1622644137768,-1,-1,-1
1129,800,1622644138782,-1,-1,-1
1130,785,1622644139757,-1,-1,-1
1131,724,1622644146796,-1,-1,-1
1132,716,1622644146796,-1,-1,-1
1133,739,1622644146796,-1,-1,-1
1134,777,1622644146796,-1,-1,-1
1135,777,1622644147777,-1,-1,-1
1136,808,1622644148793,-1,-1,-1
1137,831,1622644149771,-1,-1,-1
1138,846,1622644149771,-1,-1,-1
1139,846,1622644150784,-1,-1,-1
1140,831,1622644151802,-1,-1,-1
1141,838,1622644152784,-1,-1,-1
1142,831,1622644153797,-1,-1,-1
1143,785,1622644158802,-1,-1,-1
1144,777,1622644158802,-1,-1,-1
1145,785,1622644159817,-1,-1,-1
1146,800,1622644160797,-1,-1,-1
1147,785,1622644161813,-1,-1,-1
1148,815,1622644162790,-1,-1,-1
1149,815,1622644162790,-1,-1,-1
1150,831,1622644163806,-1,-1,-1
1151,815,1622644164819,-1,-1,-1
1152,831,1622644165801,-1,-1,-1
1153,838,1622644166815,-1,-1,-1
1154,823,1622644167799,-1,-1,-1
1155,831,1622644168813,-1,-1,-1
1156,823,1622644168813,-1,-1,-1
1157,800,1622644169826,-1,-1,-1
1158,823,1622644170809,-1,-1,-1
1159,831,1622644171857,-1,-1,-1
1160,838,1622644172802,-1,-1,-1
1161,792,1622644173819,-1,-1,-1
1162,800,1622644173819,-1,-1,-1
1163,815,1622644174831,-1,-1,-1
1164,815,1622644175816,-1,-1,-1
1165,808,1622644176828,-1,-1,-1
1166,815,1622644177809,-1,-1,-1
1167,770,1622644178823,-1,-1,-1
1168,899,1622644178823,-1,-1,-1
1169,838,1622644179836,-1,-1,-1
1170,854,1622644180818,-1,-1,-1
1171,854,1622644181830,-1,-1,-1
1172,846,1622644182806,-1,-1,-1
1173,815,1622644183822,-1,-1,-1
1174,800,1622644184836,-1,-1,-1
1175,792,1622644184836,-1,-1,-1
1176,823,1622644185826,-1,-1,-1
1177,800,1622644186838,-1,-1,-1
1178,823,1622644187819,-1,-1,-1
1179,808,1622644188831,-1,-1,-1
1180,800,1622644189849,-1,-1,-1
1181,815,1622644189849,-1,-1,-1
1182,800,1622644190830,-1,-1,-1
1183,838,1622644191847,-1,-1,-1
1184,815,1622644192822,-1,-1,-1
1185,800,1622644193842,-1,-1,-1
1186,823,1622644194854,-1,-1,-1
1187,823,1622644194854,-1,-1,-1
1188,815,1622644195834,-1,-1,-1
1189,831,1622644196851,-1,-1,-1
1190,831,1622644197826,-1,-1,-1
1191,831,1622644198845,-1,-1,-1
1192,831,1622644199821,-1,-1,-1
1193,838,1622644199821,-1,-1,-1
1194,838,1622644200839,-1,-1,-1
1195,831,1622644201853,-1,-1,-1
1196,785,1622644202831,-1,-1,-1
1197,785,1622644203847,-1,-1,-1
1198,754,1622644205847,-1,-1,-1
1199,846,1622644205847,-1,-1,-1
1200,846,1622644206860,-1,-1,-1
1201,846,1622644207841,-1,-1,-1
1202,861,1622644208852,-1,-1,-1
1203,869,1622644209832,-1,-1,-1
1204,854,1622644210848,-1,-1,-1
1205,861,1622644211826,-1,-1,-1
1206,854,1622644211826,-1,-1,-1
1207,838,1622644212844,-1,-1,-1
1208,823,1622644213857,-1,-1,-1
1209,739,1622644219879,-1,-1,-1
1210,777,1622644220856,-1,-1,-1
1211,892,1622644221841,-1,-1,-1
1212,815,1622644222848,-1,-1,-1
1213,846,1622644223866,-1,-1,-1
1214,831,1622644223866,-1,-1,-1
1215,846,1622644224848,-1,-1,-1
1216,815,1622644225867,-1,-1,-1
1217,846,1622644226874,-1,-1,-1
1218,869,1622644227860,-1,-1,-1
1219,808,1622644235876,-1,-1,-1
1220,785,1622644235876,-1,-1,-1
1221,815,1622644235876,-1,-1,-1
1222,823,1622644235876,-1,-1,-1
1223,777,1622644236891,-1,-1,-1
1224,777,1622644237867,-1,-1,-1
1225,777,1622644238885,-1,-1,-1
1226,762,1622644243894,-1,-1,-1
1227,838,1622644244873,-1,-1,-1
1228,823,1622644245887,-1,-1,-1
1229,846,1622644245887,-1,-1,-1
1230,838,1622644246863,-1,-1,-1
1231,838,1622644247878,-1,-1,-1
1232,808,1622644248899,-1,-1,-1
1233,823,1622644249875,-1,-1,-1
1234,800,1622644250894,-1,-1,-1
1235,800,1622644251870,-1,-1,-1
1236,732,1622644251870,-1,-1,-1
1237,838,1622644257892,-1,-1,-1
1238,686,1622644257892,-1,-1,-1
1239,884,1622644257892,-1,-1,-1
1240,823,1622644257892,-1,-1,-1
1241,869,1622644258902,-1,-1,-1
1242,678,1622644260897,-1,-1,-1
1243,655,1622644262893,-1,-1,-1
1244,785,1622644263908,-1,-1,-1
1245,792,1622644264889,-1,-1,-1
1246,808,1622644264889,-1,-1,-1
1247,815,1622644265933,-1,-1,-1
1248,800,1622644266916,-1,-1,-1
1249,915,1622644267900,-1,-1,-1
1250,854,1622644268916,-1,-1,-1
1251,861,1622644269897,-1,-1,-1
1252,876,1622644270909,-1,-1,-1
1253,869,1622644271891,-1,-1,-1
1254,846,1622644272903,-1,-1,-1
1255,861,1622644276928,-1,-1,-1
1256,861,1622644276928,-1,-1,-1
1257,854,1622644276928,-1,-1,-1
1258,861,1622644276928,-1,-1,-1
1259,838,1622644277909,-1,-1,-1
1260,823,1622644277909,-1,-1,-1
1261,815,1622644278923,-1,-1,-1
1262,838,1622644279907,-1,-1,-1
1263,823,1622644280957,-1,-1,-1
1264,678,1622644281934,-1,-1,-1
1265,991,1622644282916,-1,-1,-1
1266,815,1622644283928,-1,-1,-1
1267,831,1622644283928,-1,-1,-1
1268,808,1622644284913,-1,-1,-1
1269,846,1622644285924,-1,-1,-1
1270,800,1622644286903,-1,-1,-1
1271,846,1622644287922,-1,-1,-1
1272,777,1622644288933,-1,-1,-1
1273,869,1622644288933,-1,-1,-1
1274,732,1622644306919,-1,-1,-1
1275,739,1622644306919,-1,-1,-1
1276,739,1622644306919,-1,-1,-1
1277,762,1622644306919,-1,-1,-1
1278,724,1622644307935,-1,-1,-1
1279,792,1622644308917,-1,-1,-1
1280,770,1622644309934,-1,-1,-1
1281,770,1622644310948,-1,-1,-1
1282,770,1622644310949,-1,-1,-1
1283,762,1622644311929,-1,-1,-1
1284,777,1622644312946,-1,-1,-1
1285,762,1622644313961,-1,-1,-1
1286,732,1622644314940,-1,-1,-1
1287,785,1622644315953,-1,-1,-1
1288,747,1622644322950,-1,-1,-1
1289,823,1622644322950,-1,-1,-1
1290,792,1622644322950,-1,-1,-1
1291,762,1622644322950,-1,-1,-1
1292,815,1622644330970,-1,-1,-1
1293,846,1622644330970,-1,-1,-1
1294,792,1622644330970,-1,-1,-1
1295,785,1622644330970,-1,-1,-1
1296,838,1622644338952,-1,-1,-1
1297,869,1622644338952,-1,-1,-1
1298,770,1622644338952,-1,-1,-1
1299,800,1622644338952,-1,-1,-1
1300,884,1622644339965,-1,-1,-1
1301,800,1622644340945,-1,-1,-1
1302,884,1622644347979,-1,-1,-1
1303,732,1622644347979,-1,-1,-1
1304,762,1622644347979,-1,-1,-1
1305,915,1622644347979,-1,-1,-1
1306,899,1622644352984,-1,-1,-1
1307,708,1622644352984,-1,-1,-1
1308,937,1622644352984,-1,-1,-1
1309,861,1622644352984,-1,-1,-1
1310,854,1622644353968,-1,-1,-1
1311,770,1622644353968,-1,-1,-1
1312,785,1622644354975,-1,-1,-1
1313,876,1622644355960,-1,-1,-1
1314,854,1622644356977,-1,-1,-1
1315,846,1622644357988,-1,-1,-1
1316,937,1622644361991,-1,-1,-1
1317,854,1622644361991,-1,-1,-1
1318,861,1622644361991,-1,-1,-1
1319,854,1622644361991,-1,-1,-1
1320,846,1622644362996,-1,-1,-1
1321,854,1622644363977,-1,-1,-1
1322,854,1622644364989,-1,-1,-1
1323,838,1622644365971,-1,-1,-1
1324,846,1622644366989,-1,-1,-1
1325,831,1622644366989,-1,-1,-1
1326,823,1622644368001,-1,-1,-1
1327,838,1622644368982,-1,-1,-1
1328,831,1622644369997,-1,-1,-1
1329,808,1622644370977,-1,-1,-1
1330,815,1622644371991,-1,-1,-1
1331,823,1622644371991,-1,-1,-1
1332,739,1622644373005,-1,-1,-1
1333,861,1622644378994,-1,-1,-1
1334,770,1622644378994,-1,-1,-1
1335,869,1622644378994,-1,-1,-1
1336,838,1622644378994,-1,-1,-1
1337,915,1622644383022,-1,-1,-1
1338,808,1622644383022,-1,-1,-1
1339,838,1622644383022,-1,-1,-1
1340,815,1622644383022,-1,-1,-1
1341,815,1622644383993,-1,-1,-1
1342,770,1622644385016,-1,-1,-1
1343,869,1622644385991,-1,-1,-1
1344,770,1622644387005,-1,-1,-1
1345,846,1622644387982,-1,-1,-1
1346,770,1622644387982,-1,-1,-1
1347,846,1622644389003,-1,-1,-1
1348,823,1622644390015,-1,-1,-1
1349,831,1622644390993,-1,-1,-1
1350,815,1622644392008,-1,-1,-1
1351,861,1622644392987,-1,-1,-1
1352,770,1622644394005,-1,-1,-1
1353,808,1622644394005,-1,-1,-1
1354,854,1622644395018,-1,-1,-1
1355,831,1622644399011,-1,-1,-1
1356,648,1622644399011,-1,-1,-1
1357,953,1622644399011,-1,-1,-1
1358,831,1622644399011,-1,-1,-1
1359,838,1622644400026,-1,-1,-1
1360,846,1622644401043,-1,-1,-1
1361,876,1622644402022,-1,-1,-1
1362,770,1622644402999,-1,-1,-1
1363,876,1622644404016,-1,-1,-1
1364,823,1622644404995,-1,-1,-1
1365,815,1622644404995,-1,-1,-1
1366,831,1622644406011,-1,-1,-1
1367,770,1622644407028,-1,-1,-1
1368,838,1622644408041,-1,-1,-1
1369,846,1622644409022,-1,-1,-1
1370,876,1622644409022,-1,-1,-1
1371,846,1622644410036,-1,-1,-1
1372,892,1622644411015,-1,-1,-1
1373,869,1622644412031,-1,-1,-1
1374,876,1622644413045,-1,-1,-1
1375,869,1622644414025,-1,-1,-1
1376,854,1622644415037,-1,-1,-1
1377,876,1622644416020,-1,-1,-1
1378,861,1622644416020,-1,-1,-1
1379,861,1622644417039,-1,-1,-1
1380,846,1622644418051,-1,-1,-1
1381,838,1622644419028,-1,-1,-1
1382,854,1622644420047,-1,-1,-1
1383,846,1622644421026,-1,-1,-1
1384,846,1622644422076,-1,-1,-1
1385,846,1622644423056,-1,-1,-1
1386,854,1622644423056,-1,-1,-1
1387,838,1622644424036,-1,-1,-1
1388,968,1622644438039,-1,-1,-1
1389,854,1622644438039,-1,-1,-1
1390,808,1622644438039,-1,-1,-1
1391,838,1622644438039,-1,-1,-1
1392,876,1622644439052,-1,-1,-1
1393,907,1622644440069,-1,-1,-1
1394,792,1622644441048,-1,-1,-1
1395,884,1622644442071,-1,-1,-1
1396,831,1622644442071,-1,-1,-1
1397,869,1622644443042,-1,-1,-1
1398,869,1622644444058,-1,-1,-1
1399,854,1622644445075,-1,-1,-1
1400,892,1622644446055,-1,-1,-1
1401,823,1622644447072,-1,-1,-1
1402,922,1622644448047,-1,-1,-1
1403,892,1622644449068,-1,-1,-1
1404,838,1622644450082,-1,-1,-1
1405,899,1622644451062,-1,-1,-1
1406,854,1622644451062,-1,-1,-1
1407,823,1622644452070,-1,-1,-1
1408,884,1622644453050,-1,-1,-1
1409,899,1622644454073,-1,-1,-1
1410,892,1622644455085,-1,-1,-1
1411,831,1622644456070,-1,-1,-1
1412,823,1622644463065,-1,-1,-1
1413,831,1622644463065,-1,-1,-1
1414,838,1622644463065,-1,-1,-1
1415,846,1622644463065,-1,-1,-1
1416,831,1622644464081,-1,-1,-1
1417,861,1622644465101,-1,-1,-1
1418,846,1622644466075,-1,-1,-1
1419,831,1622644467090,-1,-1,-1
1420,861,1622644468070,-1,-1,-1
1421,831,1622644469082,-1,-1,-1
1422,823,1622644469082,-1,-1,-1
1423,815,1622644470104,-1,-1,-1
1424,792,1622644471080,-1,-1,-1
1425,823,1622644472133,-1,-1,-1
1426,838,1622644473077,-1,-1,-1
1427,815,1622644474090,-1,-1,-1
1428,831,1622644475105,-1,-1,-1
1429,831,1622644475105,-1,-1,-1
1430,854,1622644476084,-1,-1,-1
1431,831,1622644477100,-1,-1,-1
1432,846,1622644478081,-1,-1,-1
1433,861,1622644479097,-1,-1,-1
1434,846,1622644480111,-1,-1,-1
1435,838,1622644481091,-1,-1,-1
1436,831,1622644481091,-1,-1,-1
1437,808,1622644482104,-1,-1,-1
1438,815,1622644483085,-1,-1,-1
1439,815,1622644484138,-1,-1,-1
1440,823,1622644485116,-1,-1,-1
1441,846,1622644486101,-1,-1,-1
1442,861,1622644487110,-1,-1,-1
1443,823,1622644487110,-1,-1,-1
1444,884,1622644488093,-1,-1,-1
1445,846,1622644489105,-1,-1,-1
1446,876,1622644490120,-1,-1,-1
1447,838,1622644491101,-1,-1,-1
1448,1303,1622644492116,-1,-1,-1
1449,831,1622644497120,-1,-1,-1
1450,861,1622644497120,-1,-1,-1
1451,876,1622644497120,-1,-1,-1
1452,854,1622644497120,-1,-1,-1
1453,854,1622644498101,-1,-1,-1
1454,861,1622644499116,-1,-1,-1
1455,861,1622644500132,-1,-1,-1
1456,854,1622644501110,-1,-1,-1
1457,846,1622644502129,-1,-1,-1
1458,869,1622644502130,-1,-1,-1
1459,823,1622644503142,-1,-1,-1
1460,846,1622644504119,-1,-1,-1
1461,846,1622644505139,-1,-1,-1
1462,831,1622644506117,-1,-1,-1
1463,838,1622644507126,-1,-1,-1
1464,861,1622644508111,-1,-1,-1
1465,838,1622644508112,-1,-1,-1
1466,838,1622644509130,-1,-1,-1
1467,846,1622644510143,-1,-1,-1
1468,869,1622644511121,-1,-1,-1
1469,861,1622644512179,-1,-1,-1
1470,861,1622644513117,-1,-1,-1
1471,861,1622644514133,-1,-1,-1
1472,854,1622644515184,-1,-1,-1
1473,846,1622644515184,-1,-1,-1
1474,861,1622644516126,-1,-1,-1
1475,838,1622644517137,-1,-1,-1
1476,823,1622644518121,-1,-1,-1
1477,846,1622644519136,-1,-1,-1
1478,831,1622644520116,-1,-1,-1
1479,838,1622644521130,-1,-1,-1
1480,838,1622644521130,-1,-1,-1
1481,846,1622644522148,-1,-1,-1
1482,823,1622644523135,-1,-1,-1
1483,861,1622644524142,-1,-1,-1
1484,815,1622644525123,-1,-1,-1
1485,815,1622644526142,-1,-1,-1
1486,854,1622644527152,-1,-1,-1
1487,808,1622644527152,-1,-1,-1
1488,831,1622644528132,-1,-1,-1
1489,823,1622644529149,-1,-1,-1
1490,815,1622644530164,-1,-1,-1
1491,815,1622644531181,-1,-1,-1
1492,831,1622644531181,-1,-1,-1
1493,838,1622644532157,-1,-1,-1
1494,823,1622644533137,-1,-1,-1
1495,800,1622644534152,-1,-1,-1
1496,792,1622644535172,-1,-1,-1
1497,785,1622644536147,-1,-1,-1
1498,815,1622644536147,-1,-1,-1
1499,792,1622644537157,-1,-1,-1
1500,815,1622644538145,-1,-1,-1
1501,846,1622644539161,-1,-1,-1
1502,838,1622644540175,-1,-1,-1
1503,846,1622644541152,-1,-1,-1
1504,869,1622644541152,-1,-1,-1
1505,670,1622644542165,-1,-1,-1
1506,1075,1622644543187,-1,-1,-1
1507,701,1622644553159,-1,-1,-1
1508,777,1622644553159,-1,-1,-1
1509,754,1622644553159,-1,-1,-1
1510,831,1622644553159,-1,-1,-1
1511,747,1622644554182,-1,-1,-1
1512,792,1622644558159,-1,-1,-1
1513,808,1622644558159,-1,-1,-1
1514,808,1622644558159,-1,-1,-1
1515,854,1622644558159,-1,-1,-1
1516,762,1622644563173,-1,-1,-1
1517,854,1622644563173,-1,-1,-1
1518,854,1622644563173,-1,-1,-1
1519,838,1622644563173,-1,-1,-1
1520,892,1622644564189,-1,-1,-1
1521,861,1622644565199,-1,-1,-1
1522,876,1622644566178,-1,-1,-1
1523,869,1622644567191,-1,-1,-1
1524,869,1622644568173,-1,-1,-1
1525,846,1622644568173,-1,-1,-1
1526,854,1622644569190,-1,-1,-1
1527,838,1622644570208,-1,-1,-1
1528,838,1622644571184,-1,-1,-1
1529,732,1622644572198,-1,-1,-1
1530,976,1622644573181,-1,-1,-1
1531,815,1622644578221,-1,-1,-1
1532,808,1622644578221,-1,-1,-1
1533,792,1622644578221,-1,-1,-1
1534,831,1622644578221,-1,-1,-1
1535,815,1622644579201,-1,-1,-1
1536,854,1622644579201,-1,-1,-1
1537,838,1622644580216,-1,-1,-1
1538,831,1622644581195,-1,-1,-1
1539,846,1622644582215,-1,-1,-1
1540,815,1622644583192,-1,-1,-1
1541,831,1622644584216,-1,-1,-1
1542,831,1622644585225,-1,-1,-1
1543,831,1622644585225,-1,-1,-1
1544,808,1622644586204,-1,-1,-1
1545,815,1622644587215,-1,-1,-1
1546,808,1622644588197,-1,-1,-1
1547,800,1622644589212,-1,-1,-1
1548,846,1622644590224,-1,-1,-1
1549,815,1622644590224,-1,-1,-1
1550,861,1622644591211,-1,-1,-1
1551,838,1622644592290,-1,-1,-1
1552,617,1622644593206,-1,-1,-1
1553,800,1622644597227,-1,-1,-1
1554,861,1622644597227,-1,-1,-1
1555,831,1622644597227,-1,-1,-1
1556,846,1622644597227,-1,-1,-1
1557,815,1622644598209,-1,-1,-1
1558,854,1622644599220,-1,-1,-1
1559,846,1622644600197,-1,-1,-1
1560,861,1622644601213,-1,-1,-1
1561,823,1622644602232,-1,-1,-1
1562,823,1622644602232,-1,-1,-1
1563,846,1622644603218,-1,-1,-1
1564,808,1622644604226,-1,-1,-1
1565,831,1622644605214,-1,-1,-1
1566,800,1622644606219,-1,-1,-1
1567,785,1622644607241,-1,-1,-1
1568,770,1622644607241,-1,-1,-1
1569,770,1622644608217,-1,-1,-1
1570,754,1622644609233,-1,-1,-1
1571,770,1622644610216,-1,-1,-1
1572,808,1622644611226,-1,-1,-1
1573,808,1622644611226,-1,-1,-1
1574,823,1622644612243,-1,-1,-1
1575,838,1622644613221,-1,-1,-1
1576,861,1622644614238,-1,-1,-1
1577,854,1622644615254,-1,-1,-1
1578,869,1622644616228,-1,-1,-1
1579,846,1622644617246,-1,-1,-1
1580,846,1622644618227,-1,-1,-1
1581,861,1622644618227,-1,-1,-1
1582,838,1622644619249,-1,-1,-1
1583,838,1622644620256,-1,-1,-1
1584,838,1622644621237,-1,-1,-1
1585,815,1622644622250,-1,-1,-1
1586,846,1622644623235,-1,-1,-1
1587,846,1622644624250,-1,-1,-1
1588,815,1622644624250,-1,-1,-1
1589,838,1622644625228,-1,-1,-1
1590,831,1622644626244,-1,-1,-1
1591,823,1622644627255,-1,-1,-1
1592,823,1622644628239,-1,-1,-1
1593,815,1622644629251,-1,-1,-1
1594,823,1622644629251,-1,-1,-1
1595,808,1622644630235,-1,-1,-1
1596,808,1622644631249,-1,-1,-1
1597,800,1622644632259,-1,-1,-1
1598,838,1622644633248,-1,-1,-1
1599,815,1622644634260,-1,-1,-1
1600,815,1622644634260,-1,-1,-1
1601,808,1622644635241,-1,-1,-1
1602,792,1622644636250,-1,-1,-1
1603,785,1622644637267,-1,-1,-1
1604,846,1622644638252,-1,-1,-1
1605,831,1622644639301,-1,-1,-1
1606,815,1622644639301,-1,-1,-1
1607,831,1622644640281,-1,-1,-1
1608,838,1622644641260,-1,-1,-1
1609,838,1622644642237,-1,-1,-1
1610,831,1622644643247,-1,-1,-1
1611,838,1622644644266,-1,-1,-1
1612,846,1622644645250,-1,-1,-1
1613,838,1622644645251,-1,-1,-1
1614,838,1622644646260,-1,-1,-1
1615,815,1622644647251,-1,-1,-1
1616,815,1622644648257,-1,-1,-1
1617,846,1622644649276,-1,-1,-1
1618,823,1622644650252,-1,-1,-1
1619,846,1622644651271,-1,-1,-1
1620,846,1622644651271,-1,-1,-1
1621,869,1622644652283,-1,-1,-1
1622,823,1622644653261,-1,-1,-1
1623,869,1622644654277,-1,-1,-1
1624,823,1622644655256,-1,-1,-1
1625,838,1622644656273,-1,-1,-1
1626,831,1622644656273,-1,-1,-1
1627,800,1622644657287,-1,-1,-1
1628,815,1622644658268,-1,-1,-1
1629,808,1622644659284,-1,-1,-1
1630,800,1622644660261,-1,-1,-1
1631,823,1622644661280,-1,-1,-1
1632,815,1622644661280,-1,-1,-1
1633,808,1622644662295,-1,-1,-1
1634,785,1622644663277,-1,-1,-1
1635,831,1622644664290,-1,-1,-1
1636,823,1622644665310,-1,-1,-1
1637,815,1622644666285,-1,-1,-1
1638,823,1622644666285,-1,-1,-1
1639,838,1622644667299,-1,-1,-1
1640,823,1622644668279,-1,-1,-1
1641,831,1622644669296,-1,-1,-1
1642,815,1622644670313,-1,-1,-1
1643,823,1622644671291,-1,-1,-1
1644,831,1622644671291,-1,-1,-1
1645,838,1622644672303,-1,-1,-1
1646,831,1622644673289,-1,-1,-1
1647,808,1622644674300,-1,-1,-1
1648,823,1622644675278,-1,-1,-1
1649,823,1622644676296,-1,-1,-1
1650,831,1622644677310,-1,-1,-1
1651,823,1622644677310,-1,-1,-1
1652,831,1622644678290,-1,-1,-1
1653,800,1622644679335,-1,-1,-1
1654,831,1622644680284,-1,-1,-1
1655,800,1622644681296,-1,-1,-1
1656,800,1622644682276,-1,-1,-1
1657,800,1622644682276,-1,-1,-1
1658,792,1622644683294,-1,-1,-1
1659,823,1622644684307,-1,-1,-1
1660,777,1622644685286,-1,-1,-1
1661,815,1622644686304,-1,-1,-1
1662,831,1622644687320,-1,-1,-1
1663,815,1622644687320,-1,-1,-1
1664,808,1622644688300,-1,-1,-1
1665,792,1622644689316,-1,-1,-1
1666,785,1622644690296,-1,-1,-1
1667,800,1622644691311,-1,-1,-1
1668,792,1622644691311,-1,-1,-1
1669,785,1622644692292,-1,-1,-1
1670,777,1622644693307,-1,-1,-1
1671,770,1622644694318,-1,-1,-1
1672,800,1622644695299,-1,-1,-1
1673,754,1622644695299,-1,-1,-1
1674,815,1622644696318,-1,-1,-1
1675,777,1622644697297,-1,-1,-1
1676,785,1622644698312,-1,-1,-1
1677,831,1622644699289,-1,-1,-1
1678,792,1622644700305,-1,-1,-1
1679,800,1622644700305,-1,-1,-1
1680,785,1622644701358,-1,-1,-1
1681,777,1622644702299,-1,-1,-1
1682,792,1622644703317,-1,-1,-1
1683,754,1622644704294,-1,-1,-1
1684,792,1622644704294,-1,-1,-1
1685,800,1622644705308,-1,-1,-1
1686,915,1622644706324,-1,-1,-1
1687,800,1622644723334,-1,-1,-1
1688,838,1622644723334,-1,-1,-1
1689,869,1622644723334,-1,-1,-1
1690,846,1622644723335,-1,-1,-1
1691,884,1622644724313,-1,-1,-1
1692,716,1622644724313,-1,-1,-1
1693,991,1622644725329,-1,-1,-1
1694,861,1622644730332,-1,-1,-1
1695,815,1622644730332,-1,-1,-1
1696,854,1622644730332,-1,-1,-1
1697,861,1622644730332,-1,-1,-1
1698,838,1622644731353,-1,-1,-1
1699,884,1622644732336,-1,-1,-1
1700,831,1622644733349,-1,-1,-1
1701,892,1622644734362,-1,-1,-1
1702,831,1622644735344,-1,-1,-1
1703,670,1622644736362,-1,-1,-1
1704,831,1622644740349,-1,-1,-1
1705,823,1622644740349,-1,-1,-1
1706,846,1622644740349,-1,-1,-1
1707,861,1622644740349,-1,-1,-1
1708,854,1622644741325,-1,-1,-1
1709,846,1622644742344,-1,-1,-1
1710,854,1622644743360,-1,-1,-1
1711,861,1622644744335,-1,-1,-1
1712,846,1622644744335,-1,-1,-1
1713,823,1622644745357,-1,-1,-1
1714,838,1622644746330,-1,-1,-1
1715,838,1622644747350,-1,-1,-1
1716,815,1622644748399,-1,-1,-1
1717,800,1622644749343,-1,-1,-1
1718,800,1622644749343,-1,-1,-1
1719,777,1622644750361,-1,-1,-1
1720,831,1622644751336,-1,-1,-1
1721,823,1622644752352,-1,-1,-1
1722,854,1622644753371,-1,-1,-1
1723,861,1622644754347,-1,-1,-1
1724,823,1622644755363,-1,-1,-1
1725,922,1622644756344,-1,-1,-1
1726,838,1622644756344,-1,-1,-1
1727,838,1622644768342,-1,-1,-1
1728,548,1622644768343,-1,-1,-1
1729,892,1622644768343,-1,-1,-1
1730,854,1622644768343,-1,-1,-1
1731,724,1622644769365,-1,-1,-1
1732,701,1622644769365,-1,-1,-1
1733,800,1622644770378,-1,-1,-1
1734,739,1622644771357,-1,-1,-1
1735,747,1622644772366,-1,-1,-1
1736,716,1622644776397,-1,-1,-1
1737,838,1622644776397,-1,-1,-1
1738,777,1622644776397,-1,-1,-1
1739,800,1622644776397,-1,-1,-1
1740,785,1622644776397,-1,-1,-1
1741,823,1622644777380,-1,-1,-1
1742,800,1622644778397,-1,-1,-1
1743,854,1622644779375,-1,-1,-1
1744,831,1622644780390,-1,-1,-1
1745,838,1622644780390,-1,-1,-1
1746,854,1622644781405,-1,-1,-1
1747,808,1622644782383,-1,-1,-1
1748,838,1622644783396,-1,-1,-1
1749,808,1622644784379,-1,-1,-1
1750,823,1622644785394,-1,-1,-1
1751,792,1622644785394,-1,-1,-1
1752,808,1622644786407,-1,-1,-1
1753,808,1622644787391,-1,-1,-1
1754,808,1622644788404,-1,-1,-1
1755,823,1622644789387,-1,-1,-1
1756,861,1622644790399,-1,-1,-1
1757,854,1622644791381,-1,-1,-1
1758,869,1622644791381,-1,-1,-1
1759,861,1622644792396,-1,-1,-1
1760,854,1622644793405,-1,-1,-1
1761,838,1622644794394,-1,-1,-1
1762,861,1622644795438,-1,-1,-1
1763,648,1622644796423,-1,-1,-1
1764,976,1622644804398,-1,-1,-1
1765,762,1622644804399,-1,-1,-1
1766,922,1622644804399,-1,-1,-1
1767,838,1622644804399,-1,-1,-1
1768,876,1622644805414,-1,-1,-1
1769,846,1622644806397,-1,-1,-1
1770,831,1622644807407,-1,-1,-1
1771,846,1622644808426,-1,-1,-1
1772,831,1622644809402,-1,-1,-1
1773,846,1622644810412,-1,-1,-1
1774,831,1622644811398,-1,-1,-1
1775,838,1622644811398,-1,-1,-1
1776,922,1622644812415,-1,-1,-1
1777,892,1622644817421,-1,-1,-1
1778,815,1622644817421,-1,-1,-1
1779,892,1622644817421,-1,-1,-1
1780,876,1622644817421,-1,-1,-1
1781,800,1622644818436,-1,-1,-1
1782,892,1622644819420,-1,-1,-1
1783,670,1622644819420,-1,-1,-1
1784,915,1622644820434,-1,-1,-1
1785,892,1622644823440,-1,-1,-1
1786,861,1622644824423,-1,-1,-1
1787,815,1622644825440,-1,-1,-1
1788,831,1622644826416,-1,-1,-1
1789,777,1622644827431,-1,-1,-1
1790,762,1622644828444,-1,-1,-1
1791,831,1622644828444,-1,-1,-1
1792,831,1622644829430,-1,-1,-1
1793,854,1622644830441,-1,-1,-1
1794,838,1622644831428,-1,-1,-1
1795,876,1622644832434,-1,-1,-1
1796,892,1622644833415,-1,-1,-1
1797,876,1622644834431,-1,-1,-1
1798,861,1622644835445,-1,-1,-1
1799,861,1622644835445,-1,-1,-1
1800,854,1622644836424,-1,-1,-1
1801,838,1622644837441,-1,-1,-1
1802,854,1622644838422,-1,-1,-1
1803,854,1622644839434,-1,-1,-1
1804,854,1622644840452,-1,-1,-1
1805,854,1622644841430,-1,-1,-1
1806,854,1622644842449,-1,-1,-1
1807,831,1622644842450,-1,-1,-1
1808,854,1622644843463,-1,-1,-1
1809,831,1622644844439,-1,-1,-1
1810,854,1622644845456,-1,-1,-1
1811,838,1622644846439,-1,-1,-1
1812,846,1622644847451,-1,-1,-1
1813,854,1622644848428,-1,-1,-1
1814,854,1622644848428,-1,-1,-1
1815,846,1622644849444,-1,-1,-1
1816,854,1622644850461,-1,-1,-1
1817,861,1622644851433,-1,-1,-1
1818,854,1622644852451,-1,-1,-1
1819,838,1622644853432,-1,-1,-1
1820,869,1622644854453,-1,-1,-1
1821,815,1622644862467,-1,-1,-1
1822,838,1622644862467,-1,-1,-1
1823,785,1622644862467,-1,-1,-1
1824,838,1622644862467,-1,-1,-1
1825,846,1622644863481,-1,-1,-1
1826,808,1622644864459,-1,-1,-1
1827,899,1622644865476,-1,-1,-1
1828,716,1622644866458,-1,-1,-1
1829,930,1622644867470,-1,-1,-1
1830,869,1622644871460,-1,-1,-1
1831,854,1622644871460,-1,-1,-1
1832,869,1622644871460,-1,-1,-1
1833,869,1622644871460,-1,-1,-1
1834,876,1622644872478,-1,-1,-1
1835,838,1622644873458,-1,-1,-1
1836,869,1622644874470,-1,-1,-1
1837,815,1622644875486,-1,-1,-1
1838,838,1622644875486,-1,-1,-1
1839,846,1622644876469,-1,-1,-1
1840,808,1622644877481,-1,-1,-1
1841,831,1622644878460,-1,-1,-1
1842,792,1622644879477,-1,-1,-1
1843,838,1622644880493,-1,-1,-1
1844,815,1622644880493,-1,-1,-1
1845,831,1622644881471,-1,-1,-1
1846,815,1622644882489,-1,-1,-1
1847,831,1622644883467,-1,-1,-1
1848,777,1622644884479,-1,-1,-1
1849,846,1622644885461,-1,-1,-1
1850,808,1622644886473,-1,-1,-1
1851,808,1622644886473,-1,-1,-1
1852,831,1622644887495,-1,-1,-1
1853,808,1622644888470,-1,-1,-1
1854,800,1622644889488,-1,-1,-1
1855,823,1622644890504,-1,-1,-1
1856,831,1622644891475,-1,-1,-1
1857,838,1622644891475,-1,-1,-1
1858,823,1622644892496,-1,-1,-1
1859,815,1622644893472,-1,-1,-1
1860,838,1622644894489,-1,-1,-1
1861,838,1622644895469,-1,-1,-1
1862,846,1622644896484,-1,-1,-1
1863,792,1622644897498,-1,-1,-1
1864,922,1622644897498,-1,-1,-1
1865,823,1622644898478,-1,-1,-1
1866,808,1622644899495,-1,-1,-1
1867,869,1622644900514,-1,-1,-1
1868,854,1622644901494,-1,-1,-1
1869,846,1622644901494,-1,-1,-1
1870,846,1622644902508,-1,-1,-1
1871,854,1622644903491,-1,-1,-1
1872,846,1622644904540,-1,-1,-1
1873,884,1622644905517,-1,-1,-1
1874,861,1622644906499,-1,-1,-1
1875,846,1622644907512,-1,-1,-1
1876,846,1622644908492,-1,-1,-1
1877,823,1622644908492,-1,-1,-1
1878,800,1622644909510,-1,-1,-1
1879,846,1622644910490,-1,-1,-1
1880,808,1622644911502,-1,-1,-1
1881,854,1622644912517,-1,-1,-1
1882,808,1622644913495,-1,-1,-1
1883,838,1622644914511,-1,-1,-1
1884,815,1622644914511,-1,-1,-1
1885,716,1622644915493,-1,-1,-1
1886,1090,1622644922492,-1,-1,-1
1887,785,1622644922492,-1,-1,-1
1888,785,1622644922492,-1,-1,-1
1889,831,1622644922492,-1,-1,-1
1890,815,1622644923509,-1,-1,-1
1891,854,1622644924526,-1,-1,-1
1892,831,1622644925509,-1,-1,-1
1893,808,1622644929530,-1,-1,-1
1894,854,1622644929530,-1,-1,-1
1895,838,1622644929531,-1,-1,-1
1896,861,1622644929531,-1,-1,-1
1897,861,1622644930505,-1,-1,-1
1898,884,1622644931525,-1,-1,-1
1899,876,1622644932503,-1,-1,-1
1900,884,1622644932503,-1,-1,-1
1901,892,1622644933520,-1,-1,-1
1902,869,1622644934538,-1,-1,-1
1903,846,1622644935514,-1,-1,-1
1904,869,1622644936522,-1,-1,-1
1905,869,1622644937537,-1,-1,-1
1906,854,1622644938525,-1,-1,-1
1907,831,1622644939538,-1,-1,-1
1908,838,1622644939538,-1,-1,-1
1909,846,1622644940517,-1,-1,-1
1910,594,1622644941532,-1,-1,-1
1911,777,1622644945521,-1,-1,-1
1912,854,1622644945521,-1,-1,-1
1913,823,1622644945521,-1,-1,-1
1914,838,1622644945521,-1,-1,-1
1915,876,1622644946539,-1,-1,-1
1916,854,1622644947519,-1,-1,-1
1917,831,1622644948535,-1,-1,-1
1918,869,1622644949549,-1,-1,-1
1919,846,1622644950533,-1,-1,-1
1920,823,1622644951578,-1,-1,-1
1921,846,1622644952558,-1,-1,-1
1922,831,1622644952558,-1,-1,-1
1923,838,1622644953537,-1,-1,-1
1924,838,1622644954557,-1,-1,-1
1925,800,1622644955536,-1,-1,-1
1926,892,1622644956548,-1,-1,-1
1927,854,1622644957530,-1,-1,-1
1928,777,1622644958546,-1,-1,-1
1929,846,1622644958546,-1,-1,-1
1930,762,1622644959558,-1,-1,-1
1931,785,1622644960540,-1,-1,-1
1932,800,1622644961555,-1,-1,-1
1933,808,1622644962538,-1,-1,-1
1934,846,1622644962538,-1,-1,-1
1935,831,1622644963549,-1,-1,-1
1936,861,1622644964562,-1,-1,-1
1937,854,1622644965543,-1,-1,-1
1938,869,1622644966560,-1,-1,-1
1939,846,1622644967539,-1,-1,-1
1940,876,1622644968552,-1,-1,-1
1941,831,1622644969569,-1,-1,-1
1942,831,1622644970583,-1,-1,-1
1943,808,1622644971572,-1,-1,-1
1944,823,1622644972547,-1,-1,-1
1945,808,1622644973560,-1,-1,-1
1946,785,1622644974576,-1,-1,-1
1947,808,1622644974576,-1,-1,-1
1948,785,1622644975549,-1,-1,-1
1949,815,1622644976575,-1,-1,-1
1950,808,1622644977549,-1,-1,-1
1951,846,1622644978559,-1,-1,-1
1952,854,1622644979578,-1,-1,-1
1953,869,1622644979578,-1,-1,-1
1954,861,1622644980563,-1,-1,-1
1955,876,1622644981573,-1,-1,-1
1956,892,1622644982554,-1,-1,-1
1957,869,1622644987561,-1,-1,-1
1958,861,1622644987561,-1,-1,-1
1959,838,1622644987561,-1,-1,-1
1960,869,1622644987561,-1,-1,-1
1961,869,1622644987561,-1,-1,-1
1962,846,1622644988576,-1,-1,-1
1963,838,1622644989590,-1,-1,-1
1964,869,1622644990575,-1,-1,-1
1965,846,1622644991587,-1,-1,-1
1966,854,1622644992566,-1,-1,-1
1967,808,1622644993579,-1,-1,-1
1968,861,1622644994597,-1,-1,-1
1969,854,1622644994597,-1,-1,-1
1970,854,1622644995579,-1,-1,-1
1971,869,1622644996591,-1,-1,-1
1972,854,1622644997574,-1,-1,-1
1973,838,1622644998623,-1,-1,-1
1974,831,1622644999603,-1,-1,-1
1975,846,1622645000580,-1,-1,-1
1976,846,1622645000580,-1,-1,-1
1977,861,1622645001597,-1,-1,-1
1978,854,1622645002575,-1,-1,-1
1979,854,1622645003590,-1,-1,-1
1980,861,1622645004609,-1,-1,-1
1981,861,1622645005584,-1,-1,-1
1982,831,1622645006603,-1,-1,-1
1983,831,1622645007581,-1,-1,-1
1984,838,1622645007581,-1,-1,-1
1985,823,1622645008597,-1,-1,-1
1986,823,1622645009613,-1,-1,-1
1987,815,1622645010593,-1,-1,-1
1988,838,1622645011599,-1,-1,-1
1989,823,1622645012588,-1,-1,-1
1990,815,1622645013639,-1,-1,-1
1991,815,1622645013639,-1,-1,-1
1992,823,1622645014616,-1,-1,-1
1993,792,1622645015597,-1,-1,-1
1994,815,1622645016614,-1,-1,-1
1995,792,1622645017591,-1,-1,-1
1996,838,1622645018610,-1,-1,-1
1997,808,1622645018610,-1,-1,-1
1998,785,1622645019621,-1,-1,-1
1999,823,1622645020598,-1,-1,-1
2000,792,1622645021614,-1,-1,-1
2001,838,1622645022594,-1,-1,-1
2002,815,1622645022594,-1,-1,-1
2003,823,1622645023613,-1,-1,-1
2004,808,1622645024628,-1,-1,-1
2005,823,1622645025616,-1,-1,-1
2006,823,1622645026620,-1,-1,-1
2007,823,1622645026620,-1,-1,-1
2008,815,1622645027603,-1,-1,-1
2009,815,1622645028620,-1,-1,-1
2010,823,1622645029632,-1,-1,-1
2011,815,1622645030609,-1,-1,-1
2012,823,1622645031627,-1,-1,-1
2013,808,1622645031627,-1,-1,-1
2014,823,1622645032609,-1,-1,-1
2015,815,1622645033621,-1,-1,-1
2016,823,1622645034640,-1,-1,-1
2017,831,1622645035618,-1,-1,-1
2018,815,1622645036636,-1,-1,-1
2019,815,1622645037646,-1,-1,-1
2020,876,1622645037646,-1,-1,-1
2021,838,1622645038628,-1,-1,-1
2022,823,1622645039641,-1,-1,-1
2023,792,1622645040620,-1,-1,-1
2024,831,1622645041640,-1,-1,-1
2025,831,1622645042615,-1,-1,-1
2026,823,1622645042615,-1,-1,-1
2027,823,1622645043634,-1,-1,-1
2028,792,1622645044649,-1,-1,-1
2029,792,1622645045628,-1,-1,-1
2030,861,1622645046643,-1,-1,-1
2031,800,1622645047622,-1,-1,-1
2032,831,1622645047622,-1,-1,-1
2033,792,1622645048637,-1,-1,-1
2034,823,1622645049657,-1,-1,-1
2035,823,1622645050633,-1,-1,-1
2036,823,1622645051647,-1,-1,-1
2037,838,1622645052627,-1,-1,-1
2038,854,1622645053642,-1,-1,-1
2039,838,1622645053642,-1,-1,-1
2040,838,1622645054661,-1,-1,-1
2041,876,1622645055640,-1,-1,-1
2042,854,1622645056655,-1,-1,-1
2043,808,1622645062632,-1,-1,-1
2044,792,1622645062632,-1,-1,-1
2045,777,1622645062632,-1,-1,-1
2046,800,1622645062632,-1,-1,-1
2047,792,1622645063646,-1,-1,-1
2048,808,1622645064634,-1,-1,-1
2049,808,1622645064634,-1,-1,-1
2050,823,1622645065647,-1,-1,-1
2051,823,1622645066658,-1,-1,-1
2052,823,1622645067639,-1,-1,-1
2053,808,1622645068656,-1,-1,-1
2054,808,1622645069638,-1,-1,-1
2055,792,1622645069638,-1,-1,-1
2056,823,1622645070651,-1,-1,-1
2057,808,1622645071669,-1,-1,-1
2058,846,1622645072650,-1,-1,-1
2059,823,1622645073663,-1,-1,-1
2060,846,1622645074645,-1,-1,-1
2061,892,1622645075658,-1,-1,-1
2062,915,1622645076676,-1,-1,-1
2063,930,1622645076676,-1,-1,-1
2064,915,1622645077654,-1,-1,-1
2065,670,1622645078670,-1,-1,-1
2066,846,1622645083675,-1,-1,-1
2067,884,1622645083675,-1,-1,-1
2068,808,1622645083675,-1,-1,-1
2069,831,1622645083675,-1,-1,-1
2070,823,1622645084656,-1,-1,-1
2071,815,1622645084656,-1,-1,-1
2072,831,1622645085663,-1,-1,-1
2073,808,1622645086683,-1,-1,-1
2074,823,1622645087666,-1,-1,-1
2075,831,1622645088678,-1,-1,-1
2076,815,1622645089659,-1,-1,-1
2077,815,1622645089659,-1,-1,-1
2078,823,1622645090679,-1,-1,-1
2079,815,1622645091693,-1,-1,-1
2080,808,1622645092672,-1,-1,-1
2081,792,1622645093684,-1,-1,-1
2082,785,1622645094666,-1,-1,-1
2083,792,1622645094666,-1,-1,-1
2084,800,1622645095681,-1,-1,-1
2085,823,1622645096695,-1,-1,-1
2086,823,1622645097675,-1,-1,-1
2087,815,1622645098692,-1,-1,-1
2088,808,1622645099675,-1,-1,-1
2089,792,1622645099675,-1,-1,-1
2090,808,1622645100684,-1,-1,-1
2091,823,1622645101664,-1,-1,-1
2092,808,1622645102677,-1,-1,-1
2093,800,1622645103691,-1,-1,-1
2094,800,1622645104673,-1,-1,-1
2095,815,1622645104673,-1,-1,-1
2096,831,1622645105687,-1,-1,-1
2097,823,1622645106673,-1,-1,-1
2098,823,1622645107720,-1,-1,-1
2099,808,1622645108702,-1,-1,-1
2100,838,1622645109680,-1,-1,-1
2101,823,1622645109680,-1,-1,-1
2102,823,1622645110694,-1,-1,-1
2103,854,1622645111675,-1,-1,-1
2104,815,1622645112690,-1,-1,-1
2105,876,1622645113707,-1,-1,-1
2106,838,1622645114689,-1,-1,-1
2107,823,1622645115700,-1,-1,-1
2108,861,1622645115700,-1,-1,-1
2109,823,1622645116678,-1,-1,-1
2110,846,1622645117695,-1,-1,-1
2111,808,1622645118673,-1,-1,-1
2112,838,1622645119689,-1,-1,-1
2113,823,1622645120703,-1,-1,-1
2114,838,1622645121687,-1,-1,-1
2115,808,1622645121687,-1,-1,-1
2116,831,1622645122704,-1,-1,-1
2117,831,1622645123680,-1,-1,-1
2118,815,1622645124696,-1,-1,-1
2119,800,1622645125710,-1,-1,-1
2120,815,1622645126693,-1,-1,-1
2121,815,1622645126693,-1,-1,-1
2122,831,1622645127705,-1,-1,-1
2123,831,1622645128721,-1,-1,-1
2124,846,1622645129703,-1,-1,-1
2125,823,1622645130716,-1,-1,-1
2126,823,1622645131693,-1,-1,-1
2127,823,1622645132710,-1,-1,-1
2128,846,1622645132710,-1,-1,-1
2129,815,1622645133724,-1,-1,-1
2130,831,1622645134705,-1,-1,-1
2131,777,1622645135721,-1,-1,-1
2132,854,1622645136702,-1,-1,-1
2133,777,1622645137711,-1,-1,-1
2134,792,1622645137711,-1,-1,-1
2135,800,1622645138729,-1,-1,-1
2136,777,1622645139713,-1,-1,-1
2137,762,1622645140728,-1,-1,-1
2138,785,1622645141705,-1,-1,-1
2139,792,1622645141705,-1,-1,-1
2140,792,1622645142719,-1,-1,-1
2141,785,1622645143703,-1,-1,-1
2142,815,1622645144710,-1,-1,-1
2143,823,1622645145729,-1,-1,-1
2144,800,1622645146708,-1,-1,-1
2145,823,1622645146708,-1,-1,-1
2146,823,1622645147725,-1,-1,-1
2147,838,1622645148707,-1,-1,-1
2148,846,1622645149718,-1,-1,-1
2149,770,1622645150707,-1,-1,-1
2150,823,1622645151717,-1,-1,-1
2151,800,1622645151717,-1,-1,-1
2152,777,1622645152729,-1,-1,-1
2153,815,1622645153749,-1,-1,-1
2154,823,1622645154764,-1,-1,-1
2155,838,1622645154764,-1,-1,-1
2156,548,1622645155744,-1,-1,-1
2157,808,1622645159733,-1,-1,-1
2158,815,1622645159733,-1,-1,-1
2159,823,1622645159733,-1,-1,-1
2160,846,1622645159733,-1,-1,-1
2161,823,1622645160739,-1,-1,-1
2162,800,1622645161725,-1,-1,-1
2163,892,1622645162745,-1,-1,-1
2164,854,1622645163757,-1,-1,-1
2165,838,1622645170753,-1,-1,-1
2166,800,1622645170753,-1,-1,-1
2167,815,1622645170753,-1,-1,-1
2168,800,1622645170753,-1,-1,-1
2169,815,1622645171741,-1,-1,-1
2170,792,1622645172749,-1,-1,-1
2171,838,1622645173765,-1,-1,-1
2172,792,1622645174745,-1,-1,-1
2173,831,1622645175799,-1,-1,-1
2174,777,1622645175799,-1,-1,-1
2175,701,1622645176744,-1,-1,-1
2176,922,1622645177757,-1,-1,-1
2177,808,1622645178771,-1,-1,-1
2178,785,1622645179752,-1,-1,-1
2179,800,1622645180765,-1,-1,-1
2180,823,1622645180765,-1,-1,-1
2181,739,1622645181749,-1,-1,-1
2182,846,1622645182761,-1,-1,-1
2183,792,1622645183744,-1,-1,-1
2184,846,1622645184760,-1,-1,-1
2185,831,1622645188742,-1,-1,-1
2186,785,1622645188742,-1,-1,-1
2187,808,1622645188742,-1,-1,-1
2188,884,1622645188742,-1,-1,-1
2189,800,1622645189758,-1,-1,-1
2190,899,1622645190775,-1,-1,-1
2191,686,1622645190775,-1,-1,-1
2192,960,1622645191758,-1,-1,-1
2193,846,1622645192770,-1,-1,-1
2194,831,1622645193752,-1,-1,-1
2195,854,1622645194768,-1,-1,-1
2196,854,1622645195751,-1,-1,-1
2197,838,1622645196762,-1,-1,-1
2198,854,1622645196762,-1,-1,-1
2199,846,1622645197778,-1,-1,-1
2200,846,1622645198758,-1,-1,-1
2201,808,1622645199772,-1,-1,-1
2202,861,1622645200753,-1,-1,-1
2203,831,1622645201763,-1,-1,-1
2204,876,1622645202786,-1,-1,-1
2205,800,1622645202786,-1,-1,-1
2206,838,1622645203762,-1,-1,-1
2207,815,1622645204777,-1,-1,-1
2208,823,1622645205762,-1,-1,-1
2209,800,1622645206770,-1,-1,-1
2210,792,1622645207788,-1,-1,-1
2211,815,1622645207788,-1,-1,-1
2212,815,1622645208766,-1,-1,-1
2213,838,1622645209785,-1,-1,-1
2214,808,1622645210762,-1,-1,-1
2215,823,1622645211780,-1,-1,-1
2216,808,1622645212798,-1,-1,-1
2217,861,1622645213770,-1,-1,-1
2218,808,1622645213770,-1,-1,-1
2219,815,1622645214788,-1,-1,-1
2220,815,1622645215770,-1,-1,-1
2221,747,1622645216821,-1,-1,-1
2222,861,1622645217802,-1,-1,-1
2223,831,1622645218779,-1,-1,-1
2224,785,1622645218779,-1,-1,-1
2225,785,1622645219795,-1,-1,-1
2226,785,1622645220778,-1,-1,-1
2227,770,1622645221791,-1,-1,-1
2228,815,1622645222806,-1,-1,-1
2229,770,1622645222806,-1,-1,-1
2230,846,1622645223786,-1,-1,-1
2231,800,1622645224796,-1,-1,-1
2232,556,1622645225781,-1,-1,-1
2233,823,1622645229797,-1,-1,-1
2234,770,1622645229797,-1,-1,-1
2235,785,1622645229797,-1,-1,-1
2236,770,1622645229797,-1,-1,-1
2237,792,1622645230784,-1,-1,-1
2238,846,1622645237819,-1,-1,-1
2239,792,1622645237819,-1,-1,-1
2240,716,1622645237819,-1,-1,-1
2241,869,1622645237819,-1,-1,-1
2242,594,1622645238798,-1,-1,-1
2243,968,1622645239815,-1,-1,-1
2244,770,1622645240793,-1,-1,-1
2245,800,1622645240793,-1,-1,-1
2246,823,1622645241816,-1,-1,-1
2247,800,1622645242824,-1,-1,-1
2248,739,1622645246819,-1,-1,-1
2249,876,1622645246819,-1,-1,-1
2250,815,1622645246819,-1,-1,-1
2251,739,1622645246819,-1,-1,-1
2252,724,1622645250800,-1,-1,-1
2253,869,1622645251819,-1,-1,-1
2254,846,1622645252834,-1,-1,-1
2255,808,1622645257838,-1,-1,-1
2256,815,1622645257838,-1,-1,-1
2257,831,1622645257838,-1,-1,-1
2258,815,1622645257838,-1,-1,-1
2259,815,1622645258819,-1,-1,-1
2260,823,1622645259836,-1,-1,-1
2261,831,1622645260818,-1,-1,-1
2262,808,1622645261834,-1,-1,-1
2263,831,1622645261834,-1,-1,-1
2264,808,1622645262851,-1,-1,-1
2265,815,1622645263862,-1,-1,-1
2266,831,1622645264839,-1,-1,-1
2267,792,1622645265822,-1,-1,-1
2268,846,1622645266833,-1,-1,-1
2269,838,1622645266833,-1,-1,-1
2270,800,1622645267853,-1,-1,-1
2271,747,1622645268834,-1,-1,-1
2272,907,1622645269846,-1,-1,-1
2273,823,1622645270819,-1,-1,-1
2274,838,1622645271834,-1,-1,-1
2275,808,1622645272848,-1,-1,-1
2276,838,1622645272848,-1,-1,-1
2277,838,1622645273833,-1,-1,-1
2278,831,1622645274851,-1,-1,-1
2279,846,1622645275868,-1,-1,-1
2280,823,1622645276846,-1,-1,-1
2281,876,1622645276846,-1,-1,-1
2282,800,1622645277897,-1,-1,-1
2283,831,1622645278842,-1,-1,-1
2284,739,1622645279858,-1,-1,-1
2285,915,1622645280872,-1,-1,-1
2286,800,1622645281853,-1,-1,-1
2287,800,1622645281853,-1,-1,-1
2288,808,1622645282865,-1,-1,-1
2289,831,1622645283849,-1,-1,-1
2290,838,1622645284861,-1,-1,-1
2291,785,1622645285879,-1,-1,-1
2292,831,1622645286856,-1,-1,-1
2293,838,1622645287873,-1,-1,-1
2294,823,1622645287873,-1,-1,-1
2295,854,1622645288854,-1,-1,-1
2296,846,1622645289870,-1,-1,-1
2297,861,1622645290847,-1,-1,-1
2298,831,1622645291861,-1,-1,-1
2299,846,1622645292876,-1,-1,-1
2300,854,1622645293855,-1,-1,-1
2301,838,1622645293855,-1,-1,-1
2302,846,1622645294872,-1,-1,-1
2303,823,1622645295854,-1,-1,-1
2304,846,1622645306876,-1,-1,-1
2305,846,1622645306876,-1,-1,-1
2306,861,1622645306876,-1,-1,-1
2307,876,1622645306876,-1,-1,-1
2308,876,1622645307891,-1,-1,-1
2309,876,1622645308871,-1,-1,-1
2310,884,1622645309889,-1,-1,-1
2311,884,1622645310901,-1,-1,-1
2312,861,1622645311881,-1,-1,-1
2313,876,1622645312897,-1,-1,-1
2314,869,1622645313873,-1,-1,-1
2315,846,1622645313873,-1,-1,-1
2316,869,1622645314887,-1,-1,-1
2317,854,1622645315873,-1,-1,-1
2318,854,1622645316893,-1,-1,-1
2319,854,1622645317904,-1,-1,-1
2320,831,1622645318882,-1,-1,-1
2321,854,1622645319897,-1,-1,-1
2322,785,1622645319897,-1,-1,-1
2323,854,1622645320876,-1,-1,-1
2324,838,1622645321896,-1,-1,-1
2325,876,1622645322907,-1,-1,-1
2326,854,1622645323886,-1,-1,-1
2327,876,1622645324933,-1,-1,-1
2328,854,1622645325919,-1,-1,-1
2329,899,1622645326898,-1,-1,-1
2330,831,1622645326898,-1,-1,-1
2331,846,1622645327874,-1,-1,-1
2332,846,1622645328893,-1,-1,-1
2333,831,1622645329905,-1,-1,-1
2334,846,1622645330893,-1,-1,-1
2335,854,1622645331902,-1,-1,-1
2336,838,1622645332882,-1,-1,-1
2337,838,1622645333896,-1,-1,-1
2338,884,1622645333896,-1,-1,-1
2339,846,1622645334914,-1,-1,-1
2340,869,1622645335893,-1,-1,-1
2341,876,1622645336908,-1,-1,-1
2342,869,1622645337888,-1,-1,-1
2343,846,1622645338902,-1,-1,-1
2344,884,1622645339921,-1,-1,-1
2345,884,1622645340899,-1,-1,-1
2346,823,1622645352938,-1,-1,-1
2347,716,1622645352938,-1,-1,-1
2348,892,1622645352938,-1,-1,-1
2349,861,1622645352939,-1,-1,-1
2350,846,1622645355908,-1,-1,-1
2351,823,1622645356925,-1,-1,-1
2352,876,1622645357936,-1,-1,-1
2353,838,1622645358922,-1,-1,-1
2354,762,1622645358922,-1,-1,-1
2355,854,1622645359936,-1,-1,-1
2356,831,1622645360924,-1,-1,-1
2357,854,1622645361932,-1,-1,-1
2358,777,1622645362915,-1,-1,-1
2359,838,1622645363928,-1,-1,-1
2360,800,1622645363928,-1,-1,-1
2361,846,1622645364943,-1,-1,-1
2362,800,1622645365922,-1,-1,-1
2363,815,1622645366935,-1,-1,-1
2364,854,1622645367920,-1,-1,-1
2365,792,1622645368930,-1,-1,-1
2366,861,1622645369947,-1,-1,-1
2367,846,1622645369947,-1,-1,-1
2368,831,1622645370928,-1,-1,-1
2369,823,1622645371978,-1,-1,-1
2370,846,1622645372957,-1,-1,-1
2371,785,1622645373936,-1,-1,-1
2372,838,1622645374950,-1,-1,-1
2373,831,1622645375932,-1,-1,-1
2374,808,1622645375932,-1,-1,-1
2375,876,1622645376947,-1,-1,-1
2376,846,1622645377927,-1,-1,-1
2377,808,1622645393958,-1,-1,-1
2378,808,1622645393958,-1,-1,-1
2379,899,1622645393958,-1,-1,-1
2380,502,1622645393958,-1,-1,-1
2381,785,1622645407959,-1,-1,-1
2382,869,1622645407959,-1,-1,-1
2383,808,1622645407959,-1,-1,-1
2384,854,1622645407959,-1,-1,-1
2385,800,1622645408973,-1,-1,-1
2386,838,1622645409955,-1,-1,-1
2387,838,1622645410969,-1,-1,-1
2388,808,1622645410969,-1,-1,-1
2389,831,1622645411983,-1,-1,-1
2390,838,1622645412963,-1,-1,-1
2391,815,1622645413980,-1,-1,-1
2392,854,1622645414992,-1,-1,-1
2393,808,1622645415973,-1,-1,-1
2394,823,1622645416988,-1,-1,-1
2395,792,1622645416988,-1,-1,-1
2396,808,1622645417969,-1,-1,-1
2397,922,1622645418982,-1,-1,-1
2398,823,1622645427978,-1,-1,-1
2399,846,1622645427978,-1,-1,-1
2400,861,1622645427978,-1,-1,-1
2401,846,1622645427978,-1,-1,-1
2402,892,1622645428999,-1,-1,-1
2403,854,1622645428999,-1,-1,-1
2404,876,1622645429980,-1,-1,-1
2405,861,1622645430988,-1,-1,-1
2406,861,1622645432002,-1,-1,-1
2407,915,1622645432987,-1,-1,-1
2408,716,1622645434030,-1,-1,-1
2409,922,1622645435012,-1,-1,-1
2410,838,1622645435995,-1,-1,-1
2411,846,1622645435995,-1,-1,-1
2412,831,1622645437010,-1,-1,-1
2413,815,1622645437989,-1,-1,-1
2414,861,1622645439006,-1,-1,-1
2415,838,1622645440014,-1,-1,-1
2416,876,1622645440997,-1,-1,-1
2417,869,1622645442010,-1,-1,-1
2418,777,1622645442010,-1,-1,-1
2419,732,1622645444988,-1,-1,-1
2420,808,1622645454997,-1,-1,-1
2421,884,1622645454997,-1,-1,-1
2422,747,1622645454997,-1,-1,-1
2423,823,1622645454997,-1,-1,-1
2424,930,1622645456012,-1,-1,-1
2425,808,1622645456993,-1,-1,-1
2426,876,1622645458007,-1,-1,-1
2427,785,1622645459022,-1,-1,-1
2428,831,1622645460006,-1,-1,-1
2429,754,1622645460006,-1,-1,-1
2430,892,1622645461020,-1,-1,-1
2431,785,1622645461994,-1,-1,-1
2432,815,1622645463016,-1,-1,-1
2433,831,1622645464027,-1,-1,-1
2434,808,1622645465009,-1,-1,-1
2435,831,1622645465009,-1,-1,-1
2436,800,1622645466022,-1,-1,-1
2437,838,1622645467034,-1,-1,-1
2438,861,1622645468021,-1,-1,-1
2439,846,1622645469039,-1,-1,-1
2440,876,1622645470017,-1,-1,-1
2441,785,1622645471029,-1,-1,-1
2442,831,1622645475015,-1,-1,-1
2443,777,1622645475015,-1,-1,-1
2444,854,1622645475015,-1,-1,-1
2445,777,1622645475015,-1,-1,-1
2446,823,1622645476034,-1,-1,-1
2447,770,1622645476034,-1,-1,-1
2448,846,1622645477012,-1,-1,-1
2449,785,1622645478026,-1,-1,-1
2450,792,1622645479009,-1,-1,-1
2451,823,1622645480021,-1,-1,-1
2452,846,1622645481077,-1,-1,-1
2453,815,1622645481077,-1,-1,-1
2454,1029,1622645486040,-1,-1,-1
2455,777,1622645486040,-1,-1,-1
2456,838,1622645486040,-1,-1,-1
2457,785,1622645486040,-1,-1,-1
2458,724,1622645489017,-1,-1,-1
2459,854,1622645490031,-1,-1,-1
2460,854,1622645491051,-1,-1,-1
2461,831,1622645491051,-1,-1,-1
2462,846,1622645492026,-1,-1,-1
2463,815,1622645493044,-1,-1,-1
2464,846,1622645494060,-1,-1,-1
2465,838,1622645495039,-1,-1,-1
2466,792,1622645496053,-1,-1,-1
2467,785,1622645496053,-1,-1,-1
2468,792,1622645497033,-1,-1,-1
2469,815,1622645498047,-1,-1,-1
2470,663,1622645499064,-1,-1,-1
2471,876,1622645500042,-1,-1,-1
2472,792,1622645500042,-1,-1,-1
2473,777,1622645501059,-1,-1,-1
2474,792,1622645502040,-1,-1,-1
2475,815,1622645503054,-1,-1,-1
2476,747,1622645504069,-1,-1,-1
2477,861,1622645505046,-1,-1,-1
2478,838,1622645505046,-1,-1,-1
2479,800,1622645506064,-1,-1,-1
2480,808,1622645507044,-1,-1,-1
2481,777,1622645508061,-1,-1,-1
2482,823,1622645509076,-1,-1,-1
2483,800,1622645510059,-1,-1,-1
2484,762,1622645510059,-1,-1,-1
2485,808,1622645511071,-1,-1,-1
2486,800,1622645512054,-1,-1,-1
2487,792,1622645513066,-1,-1,-1
2488,854,1622645514046,-1,-1,-1
2489,808,1622645515065,-1,-1,-1
2490,846,1622645515065,-1,-1,-1
2491,762,1622645516075,-1,-1,-1
2492,876,1622645517059,-1,-1,-1
2493,747,1622645518073,-1,-1,-1
2494,884,1622645519054,-1,-1,-1
2495,823,1622645520061,-1,-1,-1
2496,823,1622645520061,-1,-1,-1
2497,800,1622645521081,-1,-1,-1
2498,815,1622645522098,-1,-1,-1
2499,907,1622645523074,-1,-1,-1
2500,823,1622645533086,-1,-1,-1
2501,838,1622645533086,-1,-1,-1
2502,800,1622645533086,-1,-1,-1
2503,831,1622645533086,-1,-1,-1
2504,815,1622645534102,-1,-1,-1
2505,823,1622645535085,-1,-1,-1
2506,815,1622645536101,-1,-1,-1
2507,815,1622645537110,-1,-1,-1
2508,831,1622645538092,-1,-1,-1
2509,854,1622645538092,-1,-1,-1
2510,800,1622645539107,-1,-1,-1
2511,846,1622645540090,-1,-1,-1
2512,808,1622645541101,-1,-1,-1
2513,846,1622645542082,-1,-1,-1
2514,846,1622645543136,-1,-1,-1
2515,800,1622645544113,-1,-1,-1
2516,838,1622645544113,-1,-1,-1
2517,831,1622645545097,-1,-1,-1
2518,846,1622645546107,-1,-1,-1
2519,770,1622645547090,-1,-1,-1
2520,815,1622645548102,-1,-1,-1
2521,800,1622645549116,-1,-1,-1
2522,815,1622645549117,-1,-1,-1
2523,823,1622645550100,-1,-1,-1
2524,823,1622645551112,-1,-1,-1
2525,815,1622645552096,-1,-1,-1
2526,716,1622645553107,-1,-1,-1
2527,930,1622645554123,-1,-1,-1
2528,747,1622645554123,-1,-1,-1
2529,831,1622645555103,-1,-1,-1
2530,831,1622645556119,-1,-1,-1
2531,792,1622645557096,-1,-1,-1
2532,800,1622645558113,-1,-1,-1
2533,831,1622645559131,-1,-1,-1
2534,846,1622645559131,-1,-1,-1
2535,815,1622645560106,-1,-1,-1
2536,892,1622645561127,-1,-1,-1
2537,625,1622645565114,-1,-1,-1
2538,1006,1622645566128,-1,-1,-1
2539,831,1622645567107,-1,-1,-1
2540,732,1622645568127,-1,-1,-1
2541,861,1622645569140,-1,-1,-1
2542,808,1622645569140,-1,-1,-1
2543,808,1622645570117,-1,-1,-1
2544,800,1622645571141,-1,-1,-1
2545,800,1622645572112,-1,-1,-1
2546,815,1622645573132,-1,-1,-1
2547,808,1622645574142,-1,-1,-1
2548,823,1622645574142,-1,-1,-1
2549,823,1622645575123,-1,-1,-1
2550,846,1622645576140,-1,-1,-1
2551,831,1622645577120,-1,-1,-1
2552,854,1622645578136,-1,-1,-1
2553,831,1622645579151,-1,-1,-1
2554,808,1622645580129,-1,-1,-1
2555,808,1622645580129,-1,-1,-1
2556,815,1622645581144,-1,-1,-1
2557,808,1622645582123,-1,-1,-1
2558,792,1622645583138,-1,-1,-1
2559,815,1622645584153,-1,-1,-1
2560,823,1622645585137,-1,-1,-1
2561,800,1622645585137,-1,-1,-1
2562,770,1622645586150,-1,-1,-1
2563,846,1622645587132,-1,-1,-1
2564,800,1622645588146,-1,-1,-1
2565,800,1622645589119,-1,-1,-1
2566,770,1622645589119,-1,-1,-1
2567,808,1622645590172,-1,-1,-1
2568,777,1622645591155,-1,-1,-1
2569,777,1622645592136,-1,-1,-1
2570,815,1622645593144,-1,-1,-1
2571,739,1622645593144,-1,-1,-1
2572,815,1622645594128,-1,-1,-1
2573,785,1622645595145,-1,-1,-1
2574,785,1622645596161,-1,-1,-1
2575,770,1622645597140,-1,-1,-1
2576,777,1622645598154,-1,-1,-1
2577,747,1622645598154,-1,-1,-1
2578,792,1622645599132,-1,-1,-1
2579,792,1622645600145,-1,-1,-1
2580,815,1622645601131,-1,-1,-1
2581,732,1622645602145,-1,-1,-1
2582,777,1622645607149,-1,-1,-1
2583,754,1622645607149,-1,-1,-1
2584,792,1622645607149,-1,-1,-1
2585,808,1622645607149,-1,-1,-1
2586,815,1622645608171,-1,-1,-1
2587,808,1622645609145,-1,-1,-1
2588,792,1622645610157,-1,-1,-1
2589,831,1622645610157,-1,-1,-1
2590,854,1622645611177,-1,-1,-1
2591,792,1622645612156,-1,-1,-1
2592,831,1622645613170,-1,-1,-1
2593,792,1622645614150,-1,-1,-1
2594,808,1622645615167,-1,-1,-1
2595,823,1622645615167,-1,-1,-1
2596,792,1622645616183,-1,-1,-1
2597,831,1622645617165,-1,-1,-1
2598,770,1622645618176,-1,-1,-1
2599,823,1622645619149,-1,-1,-1
2600,1235,1622645620172,-1,-1,-1
2601,785,1622645624158,-1,-1,-1
2602,762,1622645624158,-1,-1,-1
2603,869,1622645624158,-1,-1,-1
2604,785,1622645624158,-1,-1,-1
2605,808,1622645625179,-1,-1,-1
2606,831,1622645626193,-1,-1,-1
2607,854,1622645627170,-1,-1,-1
2608,701,1622645628184,-1,-1,-1
2609,815,1622645630184,-1,-1,-1
2610,792,1622645631164,-1,-1,-1
2611,823,1622645632179,-1,-1,-1
2612,823,1622645633192,-1,-1,-1
2613,815,1622645634171,-1,-1,-1
2614,785,1622645635186,-1,-1,-1
2615,831,1622645635187,-1,-1,-1
2616,747,1622645636168,-1,-1,-1
2617,823,1622645637220,-1,-1,-1
2618,777,1622645638196,-1,-1,-1
2619,861,1622645639177,-1,-1,-1
2620,815,1622645640191,-1,-1,-1
2621,854,1622645640191,-1,-1,-1
2622,831,1622645641175,-1,-1,-1
2623,831,1622645642191,-1,-1,-1
2624,785,1622645648207,-1,-1,-1
2625,854,1622645648207,-1,-1,-1
2626,754,1622645648207,-1,-1,-1
2627,884,1622645648207,-1,-1,-1
2628,815,1622645649181,-1,-1,-1
2629,846,1622645650205,-1,-1,-1
2630,777,1622645655209,-1,-1,-1
2631,808,1622645655209,-1,-1,-1
2632,838,1622645655209,-1,-1,-1
2633,792,1622645655209,-1,-1,-1
2634,815,1622645655209,-1,-1,-1
2635,823,1622645656255,-1,-1,-1
2636,800,1622645657206,-1,-1,-1
2637,815,1622645658220,-1,-1,-1
2638,815,1622645659203,-1,-1,-1
2639,823,1622645660215,-1,-1,-1
2640,831,1622645660215,-1,-1,-1
2641,800,1622645661226,-1,-1,-1
2642,800,1622645662211,-1,-1,-1
2643,800,1622645663219,-1,-1,-1
2644,838,1622645664202,-1,-1,-1
2645,792,1622645665220,-1,-1,-1
2646,846,1622645665220,-1,-1,-1
2647,823,1622645666236,-1,-1,-1
2648,815,1622645667216,-1,-1,-1
2649,869,1622645668228,-1,-1,-1
2650,800,1622645669207,-1,-1,-1
2651,846,1622645670222,-1,-1,-1
2652,861,1622645671243,-1,-1,-1
2653,815,1622645671243,-1,-1,-1
2654,846,1622645679212,-1,-1,-1
2655,770,1622645679212,-1,-1,-1
2656,854,1622645679212,-1,-1,-1
2657,823,1622645679212,-1,-1,-1
2658,785,1622645680236,-1,-1,-1
2659,800,1622645681214,-1,-1,-1
2660,861,1622645682229,-1,-1,-1
2661,831,1622645682229,-1,-1,-1
2662,854,1622645683207,-1,-1,-1
2663,808,1622645684257,-1,-1,-1
2664,808,1622645685239,-1,-1,-1
2665,892,1622645686218,-1,-1,-1
2666,808,1622645687232,-1,-1,-1
2667,808,1622645688214,-1,-1,-1
2668,861,1622645688214,-1,-1,-1
2669,823,1622645689229,-1,-1,-1
2670,831,1622645690212,-1,-1,-1
2671,869,1622645691223,-1,-1,-1
2672,831,1622645692241,-1,-1,-1
2673,823,1622645693212,-1,-1,-1
2674,854,1622645694229,-1,-1,-1
2675,800,1622645694229,-1,-1,-1
2676,861,1622645695247,-1,-1,-1
2677,808,1622645696232,-1,-1,-1
2678,884,1622645697245,-1,-1,-1
2679,831,1622645698224,-1,-1,-1
2680,815,1622645699244,-1,-1,-1
2681,815,1622645700253,-1,-1,-1
2682,823,1622645700253,-1,-1,-1
2683,785,1622645701237,-1,-1,-1
2684,815,1622645702255,-1,-1,-1
2685,754,1622645703234,-1,-1,-1
2686,854,1622645704246,-1,-1,-1
2687,785,1622645704246,-1,-1,-1
2688,861,1622645705257,-1,-1,-1
2689,815,1622645706240,-1,-1,-1
2690,838,1622645707255,-1,-1,-1
2691,800,1622645717264,-1,-1,-1
2692,792,1622645717265,-1,-1,-1
2693,792,1622645717265,-1,-1,-1
2694,869,1622645717265,-1,-1,-1
2695,815,1622645718248,-1,-1,-1
2696,831,1622645719261,-1,-1,-1
2697,991,1622645720278,-1,-1,-1
2698,838,1622645725244,-1,-1,-1
2699,815,1622645725244,-1,-1,-1
2700,823,1622645725244,-1,-1,-1
2701,800,1622645725244,-1,-1,-1
2702,815,1622645726262,-1,-1,-1
2703,815,1622645727279,-1,-1,-1
2704,747,1622645728256,-1,-1,-1
2705,869,1622645729274,-1,-1,-1
2706,800,1622645730249,-1,-1,-1
2707,808,1622645730249,-1,-1,-1
2708,808,1622645731270,-1,-1,-1
2709,846,1622645734279,-1,-1,-1
2710,861,1622645735293,-1,-1,-1
2711,861,1622645736265,-1,-1,-1
2712,838,1622645737283,-1,-1,-1
2713,838,1622645737283,-1,-1,-1
2714,815,1622645738264,-1,-1,-1
2715,823,1622645739283,-1,-1,-1
2716,854,1622645740295,-1,-1,-1
2717,815,1622645741278,-1,-1,-1
2718,915,1622645742290,-1,-1,-1
2719,854,1622645743306,-1,-1,-1
2720,854,1622645743306,-1,-1,-1
2721,831,1622645744286,-1,-1,-1
2722,831,1622645745334,-1,-1,-1
2723,899,1622645748277,-1,-1,-1
2724,823,1622645749289,-1,-1,-1
2725,876,1622645749289,-1,-1,-1
2726,823,1622645750308,-1,-1,-1
2727,892,1622645751288,-1,-1,-1
2728,854,1622645752304,-1,-1,-1
2729,854,1622645753282,-1,-1,-1
2730,846,1622645754297,-1,-1,-1
2731,823,1622645755313,-1,-1,-1
2732,831,1622645756295,-1,-1,-1
2733,854,1622645756295,-1,-1,-1
2734,823,1622645757307,-1,-1,-1
2735,846,1622645758286,-1,-1,-1
2736,846,1622645759303,-1,-1,-1
2737,838,1622645760317,-1,-1,-1
2738,838,1622645761297,-1,-1,-1
2739,831,1622645762312,-1,-1,-1
2740,854,1622645762312,-1,-1,-1
2741,846,1622645763291,-1,-1,-1
2742,838,1622645764308,-1,-1,-1
2743,854,1622645765321,-1,-1,-1
2744,815,1622645766299,-1,-1,-1
2745,800,1622645767317,-1,-1,-1
2746,846,1622645768290,-1,-1,-1
2747,823,1622645768290,-1,-1,-1
2748,846,1622645769305,-1,-1,-1
2749,831,1622645770325,-1,-1,-1
2750,823,1622645771308,-1,-1,-1
2751,861,1622645772323,-1,-1,-1
2752,876,1622645773333,-1,-1,-1
2753,869,1622645773333,-1,-1,-1
2754,1479,1622645775324,-1,-1,-1
2755,846,1622645781313,-1,-1,-1
2756,884,1622645781313,-1,-1,-1
2757,846,1622645781313,-1,-1,-1
2758,884,1622645781313,-1,-1,-1
2759,838,1622645782327,-1,-1,-1
2760,892,1622645783341,-1,-1,-1
2761,876,1622645784329,-1,-1,-1
2762,937,1622645785335,-1,-1,-1
2763,770,1622645799342,-1,-1,-1
2764,846,1622645799342,-1,-1,-1
2765,869,1622645799342,-1,-1,-1
2766,815,1622645799342,-1,-1,-1
2767,838,1622645800358,-1,-1,-1
2768,838,1622645801341,-1,-1,-1
2769,869,1622645802356,-1,-1,-1
2770,846,1622645803335,-1,-1,-1
2771,876,1622645804347,-1,-1,-1
2772,861,1622645805328,-1,-1,-1
2773,846,1622645806343,-1,-1,-1
2774,892,1622645806343,-1,-1,-1
2775,724,1622645807394,-1,-1,-1
2776,800,1622645812365,-1,-1,-1
2777,831,1622645812365,-1,-1,-1
2778,808,1622645812365,-1,-1,-1
2779,861,1622645812365,-1,-1,-1
2780,724,1622645812365,-1,-1,-1
2781,922,1622645813344,-1,-1,-1
2782,823,1622645814360,-1,-1,-1
2783,846,1622645815337,-1,-1,-1
2784,838,1622645816353,-1,-1,-1
2785,861,1622645817369,-1,-1,-1
2786,831,1622645818347,-1,-1,-1
2787,823,1622645818347,-1,-1,-1
2788,869,1622645819365,-1,-1,-1
2789,831,1622645830354,-1,-1,-1
2790,854,1622645830354,-1,-1,-1
2791,876,1622645830354,-1,-1,-1
2792,876,1622645830354,-1,-1,-1
2793,854,1622645831367,-1,-1,-1
2794,869,1622645832382,-1,-1,-1
2795,854,1622645833367,-1,-1,-1
2796,854,1622645833367,-1,-1,-1
2797,861,1622645834380,-1,-1,-1
2798,838,1622645835361,-1,-1,-1
2799,838,1622645836381,-1,-1,-1
2800,876,1622645837390,-1,-1,-1
2801,838,1622645843375,-1,-1,-1
2802,808,1622645843375,-1,-1,-1
2803,808,1622645843375,-1,-1,-1
2804,823,1622645843375,-1,-1,-1
2805,854,1622645844388,-1,-1,-1
2806,579,1622645844388,-1,-1,-1
2807,1105,1622645852407,-1,-1,-1
2808,777,1622645852407,-1,-1,-1
2809,907,1622645852407,-1,-1,-1
2810,770,1622645852407,-1,-1,-1
2811,861,1622645853387,-1,-1,-1
2812,1753,1622645855381,-1,-1,-1
2813,838,1622645856399,-1,-1,-1
2814,815,1622645857402,-1,-1,-1
2815,792,1622645858392,-1,-1,-1
2816,686,1622645882401,-1,-1,-1
2817,747,1622645882401,-1,-1,-1
2818,686,1622645882401,-1,-1,-1
2819,754,1622645882401,-1,-1,-1
2820,739,1622645883415,-1,-1,-1
2821,777,1622645883415,-1,-1,-1
