,RR,Timestamp,SensorContact,errorEstimate,blockerBit
0,663,1623343393046,-1,-1,-1
1,623,1623343393046,-1,-1,-1
2,671,1623343393046,-1,-1,-1
3,647,1623343393046,-1,-1,-1
4,615,1623343393046,-1,-1,-1
5,567,1623343393046,-1,-1,-1
6,671,1623343393047,-1,-1,-1
7,607,1623343393047,-1,-1,-1
8,607,1623343393047,-1,-1,-1
9,695,1623343393538,-1,-1,-1
10,695,1623343393538,-1,-1,-1
11,711,1623343393538,-1,-1,-1
12,663,1623343394033,-1,-1,-1
13,655,1623343394033,-1,-1,-1
14,695,1623343395036,-1,-1,-1
15,687,1623343396034,-1,-1,-1
16,655,1623343396034,-1,-1,-1
17,655,1623343397039,-1,-1,-1
18,639,1623343398044,-1,-1,-1
19,623,1623343398044,-1,-1,-1
20,631,1623343406042,-1,-1,-1
21,567,1623343407040,-1,-1,-1
22,895,1623343408042,-1,-1,-1
23,695,1623343408042,-1,-1,-1
24,647,1623343409040,-1,-1,-1
25,639,1623343410040,-1,-1,-1
26,623,1623343410040,-1,-1,-1
27,623,1623343411041,-1,-1,-1
28,631,1623343412039,-1,-1,-1
29,607,1623343412039,-1,-1,-1
30,607,1623343413039,-1,-1,-1
31,655,1623343413040,-1,-1,-1
32,639,1623343414042,-1,-1,-1
33,631,1623343415040,-1,-1,-1
34,663,1623343415040,-1,-1,-1
35,663,1623343416041,-1,-1,-1
36,479,1623343417042,-1,-1,-1
37,655,1623343418042,-1,-1,-1
38,479,1623343419080,-1,-1,-1
39,823,1623343419080,-1,-1,-1
40,727,1623343420041,-1,-1,-1
41,879,1623343421045,-1,-1,-1
42,767,1623343424044,-1,-1,-1
43,647,1623343425044,-1,-1,-1
44,631,1623343427042,-1,-1,-1
45,631,1623343428041,-1,-1,-1
46,671,1623343428041,-1,-1,-1
47,719,1623343429044,-1,-1,-1
48,799,1623343430040,-1,-1,-1
49,807,1623343431044,-1,-1,-1
50,823,1623343431044,-1,-1,-1
51,799,1623343432044,-1,-1,-1
52,791,1623343433040,-1,-1,-1
53,727,1623343434042,-1,-1,-1
54,679,1623343434043,-1,-1,-1
55,687,1623343435084,-1,-1,-1
56,687,1623343436042,-1,-1,-1
57,759,1623343437044,-1,-1,-1
58,759,1623343437044,-1,-1,-1
59,719,1623343438041,-1,-1,-1
60,751,1623343439039,-1,-1,-1
61,823,1623343440044,-1,-1,-1
62,703,1623343440044,-1,-1,-1
63,735,1623343441046,-1,-1,-1
64,727,1623343442042,-1,-1,-1
65,743,1623343443043,-1,-1,-1
66,671,1623343443043,-1,-1,-1
67,727,1623343444047,-1,-1,-1
68,671,1623343445042,-1,-1,-1
69,647,1623343445042,-1,-1,-1
70,655,1623343446042,-1,-1,-1
71,671,1623343447043,-1,-1,-1
72,687,1623343447043,-1,-1,-1
73,623,1623343448042,-1,-1,-1
74,647,1623343449044,-1,-1,-1
75,751,1623343449044,-1,-1,-1
76,471,1623343450044,-1,-1,-1
77,687,1623343451042,-1,-1,-1
78,799,1623343452080,-1,-1,-1
79,735,1623343453041,-1,-1,-1
80,711,1623343454127,-1,-1,-1
81,735,1623343454127,-1,-1,-1
82,687,1623343455041,-1,-1,-1
83,695,1623343456052,-1,-1,-1
84,695,1623343457043,-1,-1,-1
85,703,1623343457043,-1,-1,-1
86,663,1623343458041,-1,-1,-1
87,655,1623343459044,-1,-1,-1
88,711,1623343459044,-1,-1,-1
89,639,1623343460042,-1,-1,-1
90,639,1623343461042,-1,-1,-1
91,679,1623343461043,-1,-1,-1
92,671,1623343462042,-1,-1,-1
93,631,1623343463044,-1,-1,-1
94,655,1623343463044,-1,-1,-1
95,703,1623343464043,-1,-1,-1
96,695,1623343465051,-1,-1,-1
97,679,1623343465051,-1,-1,-1
98,703,1623343466042,-1,-1,-1
99,767,1623343467082,-1,-1,-1
100,695,1623343467082,-1,-1,-1
101,735,1623343468084,-1,-1,-1
102,799,1623343469043,-1,-1,-1
103,751,1623343470091,-1,-1,-1
104,671,1623343470091,-1,-1,-1
105,751,1623343471044,-1,-1,-1
106,751,1623343472044,-1,-1,-1
107,671,1623343473043,-1,-1,-1
108,703,1623343473044,-1,-1,-1
109,759,1623343474042,-1,-1,-1
110,679,1623343475047,-1,-1,-1
111,679,1623343475047,-1,-1,-1
112,735,1623343476043,-1,-1,-1
113,663,1623343477048,-1,-1,-1
114,671,1623343477048,-1,-1,-1
115,703,1623343478044,-1,-1,-1
116,671,1623343479044,-1,-1,-1
117,639,1623343480043,-1,-1,-1
118,695,1623343480043,-1,-1,-1
119,695,1623343481052,-1,-1,-1
120,663,1623343482043,-1,-1,-1
121,655,1623343482043,-1,-1,-1
122,719,1623343483042,-1,-1,-1
123,719,1623343484083,-1,-1,-1
124,663,1623343484083,-1,-1,-1
125,671,1623343485084,-1,-1,-1
126,711,1623343486055,-1,-1,-1
127,711,1623343486056,-1,-1,-1
128,663,1623343487046,-1,-1,-1
129,719,1623343488046,-1,-1,-1
130,719,1623343489042,-1,-1,-1
131,623,1623343489042,-1,-1,-1
132,703,1623343490043,-1,-1,-1
133,719,1623343491043,-1,-1,-1
134,663,1623343491044,-1,-1,-1
135,679,1623343492084,-1,-1,-1
136,511,1623343492084,-1,-1,-1
137,863,1623343493044,-1,-1,-1
138,591,1623343494044,-1,-1,-1
139,711,1623343495043,-1,-1,-1
140,639,1623343495043,-1,-1,-1
141,615,1623343496043,-1,-1,-1
142,607,1623343496043,-1,-1,-1
143,615,1623343497045,-1,-1,-1
144,751,1623343498042,-1,-1,-1
145,735,1623343499124,-1,-1,-1
146,743,1623343501084,-1,-1,-1
147,735,1623343502043,-1,-1,-1
148,735,1623343502043,-1,-1,-1
149,679,1623343503042,-1,-1,-1
150,687,1623343504044,-1,-1,-1
151,711,1623343504044,-1,-1,-1
152,631,1623343505045,-1,-1,-1
153,663,1623343506044,-1,-1,-1
154,679,1623343506044,-1,-1,-1
155,639,1623343507084,-1,-1,-1
156,655,1623343508042,-1,-1,-1
157,703,1623343508042,-1,-1,-1
158,639,1623343509041,-1,-1,-1
159,703,1623343510042,-1,-1,-1
160,719,1623343510042,-1,-1,-1
161,751,1623343511046,-1,-1,-1
162,671,1623343512042,-1,-1,-1
163,671,1623343513047,-1,-1,-1
164,695,1623343513047,-1,-1,-1
165,687,1623343514042,-1,-1,-1
166,663,1623343515044,-1,-1,-1
167,639,1623343515044,-1,-1,-1
168,711,1623343516043,-1,-1,-1
169,623,1623343517044,-1,-1,-1
170,631,1623343517045,-1,-1,-1
171,663,1623343518083,-1,-1,-1
172,735,1623343519043,-1,-1,-1
173,647,1623343519043,-1,-1,-1
174,687,1623343520044,-1,-1,-1
175,703,1623343521041,-1,-1,-1
176,695,1623343521042,-1,-1,-1
177,695,1623343522043,-1,-1,-1
178,719,1623343523042,-1,-1,-1
179,679,1623343523042,-1,-1,-1
180,671,1623343524044,-1,-1,-1
181,711,1623343525044,-1,-1,-1
182,615,1623343525044,-1,-1,-1
183,719,1623343526042,-1,-1,-1
184,663,1623343527041,-1,-1,-1
185,575,1623343527042,-1,-1,-1
186,671,1623343528047,-1,-1,-1
187,695,1623343529041,-1,-1,-1
188,671,1623343529041,-1,-1,-1
189,655,1623343530047,-1,-1,-1
190,615,1623343531083,-1,-1,-1
191,679,1623343531083,-1,-1,-1
192,663,1623343532043,-1,-1,-1
193,679,1623343533054,-1,-1,-1
194,671,1623343533054,-1,-1,-1
195,679,1623343534124,-1,-1,-1
196,639,1623343535043,-1,-1,-1
197,639,1623343537124,-1,-1,-1
198,639,1623343537124,-1,-1,-1
199,639,1623343538044,-1,-1,-1
200,655,1623343539044,-1,-1,-1
201,655,1623343541048,-1,-1,-1
202,719,1623343541048,-1,-1,-1
203,847,1623343544043,-1,-1,-1
204,815,1623343545043,-1,-1,-1
205,567,1623343545043,-1,-1,-1
206,719,1623343547042,-1,-1,-1
207,687,1623343548091,-1,-1,-1
208,719,1623343548091,-1,-1,-1
209,655,1623343549044,-1,-1,-1
210,551,1623343550041,-1,-1,-1
211,807,1623343550042,-1,-1,-1
212,663,1623343551164,-1,-1,-1
213,631,1623343552046,-1,-1,-1
214,711,1623343552047,-1,-1,-1
215,719,1623343553042,-1,-1,-1
216,711,1623343554046,-1,-1,-1
217,687,1623343555042,-1,-1,-1
218,767,1623343555042,-1,-1,-1
219,679,1623343556043,-1,-1,-1
220,639,1623343557042,-1,-1,-1
221,751,1623343557042,-1,-1,-1
222,663,1623343558046,-1,-1,-1
223,767,1623343559046,-1,-1,-1
224,727,1623343560043,-1,-1,-1
225,703,1623343560043,-1,-1,-1
226,727,1623343561042,-1,-1,-1
227,727,1623343562041,-1,-1,-1
228,695,1623343562042,-1,-1,-1
229,735,1623343563084,-1,-1,-1
230,695,1623343564046,-1,-1,-1
231,655,1623343564047,-1,-1,-1
232,671,1623343565044,-1,-1,-1
233,695,1623343566042,-1,-1,-1
234,671,1623343567122,-1,-1,-1
235,663,1623343567122,-1,-1,-1
236,679,1623343568045,-1,-1,-1
237,679,1623343569042,-1,-1,-1
238,639,1623343569043,-1,-1,-1
239,775,1623343571042,-1,-1,-1
240,727,1623343572044,-1,-1,-1
241,759,1623343573042,-1,-1,-1
242,871,1623343574083,-1,-1,-1
243,775,1623343574083,-1,-1,-1
244,807,1623343575042,-1,-1,-1
245,783,1623343576050,-1,-1,-1
246,775,1623343577044,-1,-1,-1
247,751,1623343577044,-1,-1,-1
248,743,1623343578041,-1,-1,-1
249,671,1623343579044,-1,-1,-1
250,711,1623343580042,-1,-1,-1
251,711,1623343580042,-1,-1,-1
252,695,1623343581049,-1,-1,-1
253,695,1623343582041,-1,-1,-1
254,647,1623343582041,-1,-1,-1
255,751,1623343583043,-1,-1,-1
256,671,1623343584083,-1,-1,-1
257,695,1623343584083,-1,-1,-1
258,719,1623343585044,-1,-1,-1
259,839,1623343587002,-1,-1,-1
260,719,1623343588002,-1,-1,-1
261,679,1623343589003,-1,-1,-1
262,671,1623343589003,-1,-1,-1
263,687,1623343592003,-1,-1,-1
264,719,1623343592003,-1,-1,-1
265,711,1623343594001,-1,-1,-1
266,679,1623343595003,-1,-1,-1
267,703,1623343596002,-1,-1,-1
268,719,1623343597002,-1,-1,-1
269,663,1623343597002,-1,-1,-1
270,679,1623343598003,-1,-1,-1
271,735,1623343599003,-1,-1,-1
272,631,1623343599003,-1,-1,-1
273,703,1623343600004,-1,-1,-1
274,703,1623343601002,-1,-1,-1
275,647,1623343601002,-1,-1,-1
276,655,1623343602002,-1,-1,-1
277,703,1623343603047,-1,-1,-1
278,703,1623343603047,-1,-1,-1
279,655,1623343604041,-1,-1,-1
280,711,1623343605001,-1,-1,-1
281,743,1623343605001,-1,-1,-1
282,679,1623343606003,-1,-1,-1
283,727,1623343607003,-1,-1,-1
284,751,1623343608005,-1,-1,-1
285,695,1623343608005,-1,-1,-1
286,703,1623343609006,-1,-1,-1
287,671,1623343610004,-1,-1,-1
288,887,1623343612001,-1,-1,-1
289,639,1623343612001,-1,-1,-1
290,679,1623343613003,-1,-1,-1
291,711,1623343614004,-1,-1,-1
292,719,1623343614004,-1,-1,-1
293,775,1623343615002,-1,-1,-1
294,711,1623343616013,-1,-1,-1
295,695,1623343617001,-1,-1,-1
296,687,1623343619040,-1,-1,-1
297,615,1623343619040,-1,-1,-1
298,671,1623343620004,-1,-1,-1
299,639,1623343621000,-1,-1,-1
300,639,1623343621000,-1,-1,-1
301,631,1623343623005,-1,-1,-1
302,615,1623343624002,-1,-1,-1
303,615,1623343624002,-1,-1,-1
304,615,1623343629003,-1,-1,-1
305,647,1623343629003,-1,-1,-1
306,655,1623343630005,-1,-1,-1
307,759,1623343631005,-1,-1,-1
308,719,1623343631006,-1,-1,-1
309,767,1623343632004,-1,-1,-1
310,791,1623343633002,-1,-1,-1
311,703,1623343634084,-1,-1,-1
312,743,1623343634084,-1,-1,-1
313,711,1623343635005,-1,-1,-1
314,695,1623343636042,-1,-1,-1
315,647,1623343636042,-1,-1,-1
316,695,1623343637001,-1,-1,-1
317,703,1623343638001,-1,-1,-1
318,647,1623343639002,-1,-1,-1
319,663,1623343639002,-1,-1,-1
320,711,1623343640002,-1,-1,-1
321,679,1623343641003,-1,-1,-1
322,655,1623343641003,-1,-1,-1
323,703,1623343642002,-1,-1,-1
324,743,1623343643003,-1,-1,-1
325,719,1623343643003,-1,-1,-1
326,687,1623343644003,-1,-1,-1
327,735,1623343645001,-1,-1,-1
328,759,1623343646004,-1,-1,-1
329,695,1623343646005,-1,-1,-1
330,687,1623343647002,-1,-1,-1
331,743,1623343648001,-1,-1,-1
332,703,1623343648001,-1,-1,-1
333,679,1623343649002,-1,-1,-1
334,735,1623343650003,-1,-1,-1
335,687,1623343651002,-1,-1,-1
336,759,1623343651002,-1,-1,-1
337,495,1623343652041,-1,-1,-1
338,863,1623343653003,-1,-1,-1
339,695,1623343653004,-1,-1,-1
340,655,1623343654001,-1,-1,-1
341,743,1623343655003,-1,-1,-1
342,687,1623343655004,-1,-1,-1
343,695,1623343656042,-1,-1,-1
344,719,1623343657002,-1,-1,-1
345,719,1623343658002,-1,-1,-1
346,671,1623343658002,-1,-1,-1
347,735,1623343659082,-1,-1,-1
348,751,1623343660001,-1,-1,-1
349,711,1623343660001,-1,-1,-1
350,639,1623343661005,-1,-1,-1
351,807,1623343662003,-1,-1,-1
352,719,1623343663001,-1,-1,-1
353,695,1623343665001,-1,-1,-1
354,647,1623343665002,-1,-1,-1
355,663,1623343666083,-1,-1,-1
356,711,1623343667004,-1,-1,-1
357,695,1623343667004,-1,-1,-1
358,679,1623343668044,-1,-1,-1
359,719,1623343669044,-1,-1,-1
360,759,1623343670002,-1,-1,-1
361,679,1623343670002,-1,-1,-1
362,711,1623343672005,-1,-1,-1
363,703,1623343673044,-1,-1,-1
364,663,1623343675001,-1,-1,-1
365,695,1623343676005,-1,-1,-1
366,695,1623343677004,-1,-1,-1
367,695,1623343677004,-1,-1,-1
368,647,1623343678001,-1,-1,-1
369,639,1623343679003,-1,-1,-1
370,767,1623343679003,-1,-1,-1
371,687,1623343680004,-1,-1,-1
372,687,1623343681004,-1,-1,-1
373,751,1623343682002,-1,-1,-1
374,671,1623343682002,-1,-1,-1
375,671,1623343683001,-1,-1,-1
376,743,1623343684122,-1,-1,-1
377,687,1623343684122,-1,-1,-1
378,655,1623343685041,-1,-1,-1
379,703,1623343686006,-1,-1,-1
380,751,1623343686006,-1,-1,-1
381,663,1623343687001,-1,-1,-1
382,687,1623343689002,-1,-1,-1
383,671,1623343690004,-1,-1,-1
384,783,1623343691003,-1,-1,-1
385,695,1623343691003,-1,-1,-1
386,695,1623343692002,-1,-1,-1
387,727,1623343693002,-1,-1,-1
388,727,1623343693002,-1,-1,-1
389,703,1623343694002,-1,-1,-1
390,639,1623343695042,-1,-1,-1
391,743,1623343696006,-1,-1,-1
392,671,1623343696006,-1,-1,-1
393,639,1623343697002,-1,-1,-1
394,735,1623343698003,-1,-1,-1
395,671,1623343698004,-1,-1,-1
396,671,1623343699003,-1,-1,-1
397,711,1623343700042,-1,-1,-1
398,735,1623343700042,-1,-1,-1
399,623,1623343701002,-1,-1,-1
400,751,1623343702001,-1,-1,-1
401,735,1623343703042,-1,-1,-1
402,695,1623343703043,-1,-1,-1
403,647,1623343704004,-1,-1,-1
404,663,1623343706002,-1,-1,-1
405,663,1623343707004,-1,-1,-1
406,687,1623343707004,-1,-1,-1
407,623,1623343718043,-1,-1,-1
408,575,1623343719001,-1,-1,-1
409,671,1623343720004,-1,-1,-1
410,583,1623343720004,-1,-1,-1
411,615,1623343721004,-1,-1,-1
412,671,1623343723007,-1,-1,-1
413,639,1623343724001,-1,-1,-1
414,743,1623343724001,-1,-1,-1
415,727,1623343725003,-1,-1,-1
416,655,1623343726001,-1,-1,-1
417,759,1623343726001,-1,-1,-1
418,807,1623343727002,-1,-1,-1
419,663,1623343728001,-1,-1,-1
420,719,1623343729005,-1,-1,-1
421,759,1623343729005,-1,-1,-1
422,671,1623343733001,-1,-1,-1
423,671,1623343734005,-1,-1,-1
424,791,1623343734005,-1,-1,-1
425,751,1623343735001,-1,-1,-1
426,735,1623343736008,-1,-1,-1
427,775,1623343737001,-1,-1,-1
428,775,1623343737001,-1,-1,-1
429,695,1623343738003,-1,-1,-1
430,767,1623343739001,-1,-1,-1
431,719,1623343740002,-1,-1,-1
432,687,1623343740002,-1,-1,-1
433,687,1623343741001,-1,-1,-1
434,719,1623343742002,-1,-1,-1
435,671,1623343742002,-1,-1,-1
436,671,1623343743001,-1,-1,-1
437,679,1623343744003,-1,-1,-1
438,711,1623343744003,-1,-1,-1
439,663,1623343745041,-1,-1,-1
440,687,1623343746003,-1,-1,-1
441,727,1623343746003,-1,-1,-1
442,703,1623343747001,-1,-1,-1
443,735,1623343748000,-1,-1,-1
444,751,1623343749001,-1,-1,-1
445,751,1623343749002,-1,-1,-1
446,735,1623343750001,-1,-1,-1
447,743,1623343751041,-1,-1,-1
448,751,1623343752001,-1,-1,-1
449,695,1623343752002,-1,-1,-1
450,711,1623343753001,-1,-1,-1
451,735,1623343754002,-1,-1,-1
452,703,1623343754003,-1,-1,-1
453,671,1623343755000,-1,-1,-1
454,719,1623343756043,-1,-1,-1
455,719,1623343757002,-1,-1,-1
456,687,1623343757002,-1,-1,-1
457,679,1623343758004,-1,-1,-1
458,751,1623343759001,-1,-1,-1
459,711,1623343759002,-1,-1,-1
460,687,1623343760002,-1,-1,-1
461,735,1623343761000,-1,-1,-1
462,727,1623343762000,-1,-1,-1
463,703,1623343762000,-1,-1,-1
464,703,1623343763003,-1,-1,-1
465,759,1623343764041,-1,-1,-1
466,695,1623343764041,-1,-1,-1
467,703,1623343765083,-1,-1,-1
468,743,1623343766007,-1,-1,-1
469,695,1623343767043,-1,-1,-1
470,679,1623343767043,-1,-1,-1
471,719,1623343768000,-1,-1,-1
472,671,1623343769001,-1,-1,-1
473,687,1623343769001,-1,-1,-1
474,703,1623343770001,-1,-1,-1
475,703,1623343771006,-1,-1,-1
476,663,1623343771006,-1,-1,-1
477,687,1623343772001,-1,-1,-1
478,719,1623343773043,-1,-1,-1
479,679,1623343773043,-1,-1,-1
480,663,1623343774002,-1,-1,-1
481,695,1623343775003,-1,-1,-1
482,703,1623343776002,-1,-1,-1
483,647,1623343776002,-1,-1,-1
484,663,1623343777001,-1,-1,-1
485,719,1623343778003,-1,-1,-1
486,687,1623343778003,-1,-1,-1
487,663,1623343779005,-1,-1,-1
488,663,1623343780002,-1,-1,-1
489,703,1623343780004,-1,-1,-1
490,687,1623343781081,-1,-1,-1
491,663,1623343782000,-1,-1,-1
492,687,1623343782000,-1,-1,-1
493,711,1623343783002,-1,-1,-1
494,671,1623343784043,-1,-1,-1
495,671,1623343784044,-1,-1,-1
496,687,1623343785003,-1,-1,-1
497,695,1623343786001,-1,-1,-1
498,663,1623343786001,-1,-1,-1
499,671,1623343787001,-1,-1,-1
500,703,1623343788001,-1,-1,-1
501,679,1623343788001,-1,-1,-1
502,655,1623343789003,-1,-1,-1
503,687,1623343790005,-1,-1,-1
504,695,1623343791003,-1,-1,-1
505,679,1623343791003,-1,-1,-1
506,639,1623343792001,-1,-1,-1
507,711,1623343793004,-1,-1,-1
508,647,1623343793004,-1,-1,-1
509,711,1623343794001,-1,-1,-1
510,703,1623343795081,-1,-1,-1
511,615,1623343801002,-1,-1,-1
512,607,1623343802002,-1,-1,-1
513,615,1623343803081,-1,-1,-1
514,623,1623343803081,-1,-1,-1
515,607,1623343804001,-1,-1,-1
516,623,1623343805001,-1,-1,-1
517,607,1623343805001,-1,-1,-1
518,607,1623343806004,-1,-1,-1
519,615,1623343806004,-1,-1,-1
520,623,1623343807000,-1,-1,-1
521,647,1623343808003,-1,-1,-1
522,647,1623343808003,-1,-1,-1
523,679,1623343809001,-1,-1,-1
524,687,1623343810002,-1,-1,-1
525,679,1623343810002,-1,-1,-1
526,703,1623343811008,-1,-1,-1
527,703,1623343812004,-1,-1,-1
528,711,1623343812005,-1,-1,-1
529,799,1623343813004,-1,-1,-1
530,871,1623343814001,-1,-1,-1
531,839,1623343815003,-1,-1,-1
532,775,1623343816006,-1,-1,-1
533,767,1623343817083,-1,-1,-1
534,767,1623343817083,-1,-1,-1
535,759,1623343818001,-1,-1,-1
536,775,1623343819002,-1,-1,-1
537,743,1623343820000,-1,-1,-1
538,711,1623343820000,-1,-1,-1
539,743,1623343821003,-1,-1,-1
540,719,1623343822006,-1,-1,-1
541,711,1623343822006,-1,-1,-1
542,727,1623343823042,-1,-1,-1
543,687,1623343824001,-1,-1,-1
544,703,1623343825001,-1,-1,-1
545,695,1623343825001,-1,-1,-1
546,687,1623343826003,-1,-1,-1
547,727,1623343827001,-1,-1,-1
548,759,1623343827001,-1,-1,-1
549,767,1623343828042,-1,-1,-1
550,743,1623343829001,-1,-1,-1
551,759,1623343830000,-1,-1,-1
552,775,1623343830001,-1,-1,-1
553,759,1623343831002,-1,-1,-1
554,743,1623343832001,-1,-1,-1
555,751,1623343833041,-1,-1,-1
556,727,1623343833041,-1,-1,-1
557,727,1623343834004,-1,-1,-1
558,719,1623343835001,-1,-1,-1
559,703,1623343836002,-1,-1,-1
560,703,1623343836002,-1,-1,-1
561,703,1623343837001,-1,-1,-1
562,695,1623343838002,-1,-1,-1
563,695,1623343838002,-1,-1,-1
564,695,1623343839040,-1,-1,-1
565,703,1623343840000,-1,-1,-1
566,703,1623343841002,-1,-1,-1
567,703,1623343841002,-1,-1,-1
568,711,1623343842001,-1,-1,-1
569,719,1623343843000,-1,-1,-1
570,695,1623343843000,-1,-1,-1
571,727,1623343844004,-1,-1,-1
572,743,1623343845001,-1,-1,-1
573,735,1623343846004,-1,-1,-1
574,711,1623343846004,-1,-1,-1
575,727,1623343847080,-1,-1,-1
576,735,1623343848001,-1,-1,-1
577,711,1623343848001,-1,-1,-1
578,711,1623343849081,-1,-1,-1
579,703,1623343850042,-1,-1,-1
580,719,1623343851002,-1,-1,-1
581,719,1623343851002,-1,-1,-1
582,727,1623343852001,-1,-1,-1
583,735,1623343853043,-1,-1,-1
584,711,1623343853043,-1,-1,-1
585,711,1623343854002,-1,-1,-1
586,703,1623343855003,-1,-1,-1
587,687,1623343856001,-1,-1,-1
588,679,1623343856001,-1,-1,-1
589,695,1623343857003,-1,-1,-1
590,687,1623343858003,-1,-1,-1
591,679,1623343858003,-1,-1,-1
592,687,1623343859001,-1,-1,-1
593,679,1623343860043,-1,-1,-1
594,687,1623343860043,-1,-1,-1
595,671,1623343861001,-1,-1,-1
596,719,1623343862002,-1,-1,-1
597,759,1623343863003,-1,-1,-1
598,775,1623343863003,-1,-1,-1
599,791,1623343864001,-1,-1,-1
600,799,1623343865041,-1,-1,-1
601,759,1623343866043,-1,-1,-1
602,735,1623343866043,-1,-1,-1
603,735,1623343867003,-1,-1,-1
604,735,1623343868002,-1,-1,-1
605,711,1623343869003,-1,-1,-1
606,711,1623343869003,-1,-1,-1
607,695,1623343870042,-1,-1,-1
608,687,1623343871001,-1,-1,-1
609,687,1623343871001,-1,-1,-1
610,679,1623343872002,-1,-1,-1
611,679,1623343873083,-1,-1,-1
612,695,1623343873083,-1,-1,-1
613,679,1623343874003,-1,-1,-1
614,695,1623343875043,-1,-1,-1
615,687,1623343875043,-1,-1,-1
616,695,1623343876002,-1,-1,-1
617,687,1623343877000,-1,-1,-1
618,687,1623343878001,-1,-1,-1
619,687,1623343878001,-1,-1,-1
620,703,1623343879001,-1,-1,-1
621,687,1623343880003,-1,-1,-1
622,679,1623343880003,-1,-1,-1
623,695,1623343881001,-1,-1,-1
624,727,1623343882001,-1,-1,-1
625,727,1623343882001,-1,-1,-1
626,719,1623343883123,-1,-1,-1
627,727,1623343884000,-1,-1,-1
628,759,1623343885002,-1,-1,-1
629,735,1623343885002,-1,-1,-1
630,767,1623343886000,-1,-1,-1
631,767,1623343887004,-1,-1,-1
632,751,1623343888124,-1,-1,-1
633,735,1623343888124,-1,-1,-1
634,719,1623343888998,-1,-1,-1
635,719,1623343890002,-1,-1,-1
636,727,1623343891001,-1,-1,-1
637,703,1623343891001,-1,-1,-1
638,695,1623343892041,-1,-1,-1
639,703,1623343893000,-1,-1,-1
640,695,1623343893001,-1,-1,-1
641,679,1623343894003,-1,-1,-1
642,687,1623343895001,-1,-1,-1
643,687,1623343895001,-1,-1,-1
644,679,1623343896001,-1,-1,-1
645,671,1623343897001,-1,-1,-1
646,727,1623343898002,-1,-1,-1
647,687,1623343898002,-1,-1,-1
648,687,1623343899042,-1,-1,-1
649,679,1623343900002,-1,-1,-1
650,751,1623343900002,-1,-1,-1
651,471,1623343901001,-1,-1,-1
652,679,1623343902004,-1,-1,-1
653,663,1623343903004,-1,-1,-1
654,679,1623343904003,-1,-1,-1
655,695,1623343905002,-1,-1,-1
656,695,1623343905002,-1,-1,-1
657,711,1623343906006,-1,-1,-1
658,695,1623343907038,-1,-1,-1
659,711,1623343907038,-1,-1,-1
660,719,1623343908004,-1,-1,-1
661,711,1623343909044,-1,-1,-1
662,703,1623343909044,-1,-1,-1
663,703,1623343910004,-1,-1,-1
664,703,1623343911001,-1,-1,-1
665,679,1623343912005,-1,-1,-1
666,687,1623343912006,-1,-1,-1
667,695,1623343913003,-1,-1,-1
668,671,1623343914001,-1,-1,-1
669,679,1623343914001,-1,-1,-1
670,695,1623343915004,-1,-1,-1
671,703,1623343916041,-1,-1,-1
672,719,1623343916042,-1,-1,-1
673,711,1623343917001,-1,-1,-1
674,727,1623343918010,-1,-1,-1
675,743,1623343919002,-1,-1,-1
676,727,1623343919002,-1,-1,-1
677,711,1623343920001,-1,-1,-1
678,735,1623343921006,-1,-1,-1
679,719,1623343922004,-1,-1,-1
680,695,1623343922004,-1,-1,-1
681,711,1623343923001,-1,-1,-1
682,703,1623343924041,-1,-1,-1
683,711,1623343924042,-1,-1,-1
684,711,1623343925003,-1,-1,-1
685,703,1623343926005,-1,-1,-1
686,703,1623343926005,-1,-1,-1
687,703,1623343927007,-1,-1,-1
688,703,1623343928001,-1,-1,-1
689,703,1623343929082,-1,-1,-1
690,679,1623343929082,-1,-1,-1
691,687,1623343930001,-1,-1,-1
692,687,1623343931002,-1,-1,-1
693,679,1623343931002,-1,-1,-1
694,687,1623343932120,-1,-1,-1
695,687,1623343933004,-1,-1,-1
696,711,1623343933004,-1,-1,-1
697,695,1623343934001,-1,-1,-1
698,703,1623343935002,-1,-1,-1
699,735,1623343936001,-1,-1,-1
700,727,1623343936002,-1,-1,-1
701,719,1623343937002,-1,-1,-1
702,719,1623343938001,-1,-1,-1
703,719,1623343938001,-1,-1,-1
704,719,1623343939002,-1,-1,-1
705,711,1623343940002,-1,-1,-1
706,703,1623343941002,-1,-1,-1
707,703,1623343941002,-1,-1,-1
708,695,1623343942001,-1,-1,-1
709,695,1623343943001,-1,-1,-1
710,695,1623343943001,-1,-1,-1
711,687,1623343944000,-1,-1,-1
712,711,1623343945001,-1,-1,-1
713,703,1623343945005,-1,-1,-1
714,703,1623343946002,-1,-1,-1
715,711,1623343947003,-1,-1,-1
716,703,1623343948004,-1,-1,-1
717,687,1623343948004,-1,-1,-1
718,687,1623343949000,-1,-1,-1
719,695,1623343950001,-1,-1,-1
720,687,1623343950001,-1,-1,-1
721,703,1623343951009,-1,-1,-1
722,719,1623343952001,-1,-1,-1
723,735,1623343952001,-1,-1,-1
724,727,1623343953001,-1,-1,-1
725,735,1623343954000,-1,-1,-1
726,735,1623343955003,-1,-1,-1
727,727,1623343955003,-1,-1,-1
728,719,1623343956043,-1,-1,-1
729,711,1623343957001,-1,-1,-1
730,703,1623343958001,-1,-1,-1
731,703,1623343958001,-1,-1,-1
732,695,1623343959002,-1,-1,-1
733,687,1623343960001,-1,-1,-1
734,695,1623343960001,-1,-1,-1
735,695,1623343961001,-1,-1,-1
736,695,1623343962001,-1,-1,-1
737,679,1623343962001,-1,-1,-1
738,703,1623343963042,-1,-1,-1
739,711,1623343964008,-1,-1,-1
740,703,1623343965052,-1,-1,-1
741,711,1623343965052,-1,-1,-1
742,719,1623343966000,-1,-1,-1
743,711,1623343967002,-1,-1,-1
744,711,1623343967002,-1,-1,-1
745,703,1623343968001,-1,-1,-1
746,695,1623343969001,-1,-1,-1
747,679,1623343969001,-1,-1,-1
748,695,1623343970003,-1,-1,-1
749,679,1623343971003,-1,-1,-1
750,679,1623343972000,-1,-1,-1
751,687,1623343972001,-1,-1,-1
752,695,1623343973001,-1,-1,-1
753,695,1623343974001,-1,-1,-1
754,703,1623343974001,-1,-1,-1
755,727,1623343975001,-1,-1,-1
756,703,1623343976000,-1,-1,-1
757,703,1623343976000,-1,-1,-1
758,719,1623343977004,-1,-1,-1
759,719,1623343978003,-1,-1,-1
760,703,1623343979000,-1,-1,-1
761,703,1623343979000,-1,-1,-1
762,695,1623343980000,-1,-1,-1
763,695,1623343981044,-1,-1,-1
764,703,1623343981044,-1,-1,-1
765,695,1623343982004,-1,-1,-1
766,695,1623343983000,-1,-1,-1
767,703,1623343983000,-1,-1,-1
768,711,1623343984040,-1,-1,-1
769,719,1623343985001,-1,-1,-1
770,703,1623343986041,-1,-1,-1
771,711,1623343986041,-1,-1,-1
772,711,1623343987006,-1,-1,-1
773,703,1623343988042,-1,-1,-1
774,695,1623343988042,-1,-1,-1
775,687,1623343989041,-1,-1,-1
776,663,1623343990001,-1,-1,-1
777,663,1623343990001,-1,-1,-1
778,647,1623343991005,-1,-1,-1
779,639,1623343991999,-1,-1,-1
780,639,1623343992000,-1,-1,-1
781,639,1623343993004,-1,-1,-1
782,671,1623343994001,-1,-1,-1
783,655,1623343994002,-1,-1,-1
784,663,1623343995000,-1,-1,-1
785,671,1623343996000,-1,-1,-1
786,671,1623343996001,-1,-1,-1
787,687,1623343997000,-1,-1,-1
788,703,1623343998042,-1,-1,-1
789,719,1623343998042,-1,-1,-1
790,727,1623343999001,-1,-1,-1
791,727,1623344000001,-1,-1,-1
792,719,1623344000999,-1,-1,-1
793,703,1623344000999,-1,-1,-1
794,695,1623344002001,-1,-1,-1
795,679,1623344003040,-1,-1,-1
796,695,1623344003040,-1,-1,-1
797,679,1623344004000,-1,-1,-1
798,671,1623344005002,-1,-1,-1
799,687,1623344005002,-1,-1,-1
800,711,1623344006001,-1,-1,-1
801,727,1623344007004,-1,-1,-1
802,703,1623344007999,-1,-1,-1
803,735,1623344007999,-1,-1,-1
804,751,1623344009001,-1,-1,-1
805,727,1623344009999,-1,-1,-1
806,719,1623344011081,-1,-1,-1
807,735,1623344011081,-1,-1,-1
808,735,1623344012000,-1,-1,-1
809,719,1623344013000,-1,-1,-1
810,719,1623344013000,-1,-1,-1
811,719,1623344014044,-1,-1,-1
812,703,1623344015001,-1,-1,-1
813,695,1623344016003,-1,-1,-1
814,695,1623344016003,-1,-1,-1
815,687,1623344016999,-1,-1,-1
816,671,1623344018004,-1,-1,-1
817,687,1623344018004,-1,-1,-1
818,703,1623344019038,-1,-1,-1
819,687,1623344020041,-1,-1,-1
820,695,1623344020041,-1,-1,-1
821,711,1623344021001,-1,-1,-1
822,719,1623344022002,-1,-1,-1
823,703,1623344022999,-1,-1,-1
824,711,1623344022999,-1,-1,-1
825,711,1623344024000,-1,-1,-1
826,695,1623344025004,-1,-1,-1
827,679,1623344025004,-1,-1,-1
828,671,1623344026000,-1,-1,-1
829,679,1623344027039,-1,-1,-1
830,679,1623344027039,-1,-1,-1
831,671,1623344027999,-1,-1,-1
832,695,1623344029000,-1,-1,-1
833,719,1623344029000,-1,-1,-1
834,711,1623344030002,-1,-1,-1
835,719,1623344031044,-1,-1,-1
836,735,1623344032003,-1,-1,-1
837,727,1623344032003,-1,-1,-1
838,719,1623344032999,-1,-1,-1
839,727,1623344034001,-1,-1,-1
840,703,1623344034998,-1,-1,-1
841,695,1623344034998,-1,-1,-1
842,695,1623344036001,-1,-1,-1
843,671,1623344037002,-1,-1,-1
844,663,1623344037002,-1,-1,-1
845,671,1623344038000,-1,-1,-1
846,663,1623344039002,-1,-1,-1
847,647,1623344039003,-1,-1,-1
848,663,1623344040007,-1,-1,-1
849,679,1623344041003,-1,-1,-1
850,687,1623344041003,-1,-1,-1
851,679,1623344042000,-1,-1,-1
852,695,1623344043001,-1,-1,-1
853,719,1623344043001,-1,-1,-1
854,703,1623344044001,-1,-1,-1
855,703,1623344045003,-1,-1,-1
856,695,1623344045003,-1,-1,-1
857,679,1623344048039,-1,-1,-1
858,695,1623344048039,-1,-1,-1
859,679,1623344049001,-1,-1,-1
860,671,1623344050001,-1,-1,-1
861,687,1623344050001,-1,-1,-1
862,679,1623344051041,-1,-1,-1
863,679,1623344052040,-1,-1,-1
864,687,1623344052040,-1,-1,-1
865,695,1623344052999,-1,-1,-1
866,703,1623344053999,-1,-1,-1
867,703,1623344053999,-1,-1,-1
868,719,1623344055001,-1,-1,-1
869,703,1623344056009,-1,-1,-1
870,687,1623344057000,-1,-1,-1
871,679,1623344057000,-1,-1,-1
872,679,1623344058000,-1,-1,-1
873,671,1623344059003,-1,-1,-1
874,663,1623344059003,-1,-1,-1
875,679,1623344060000,-1,-1,-1
876,695,1623344061001,-1,-1,-1
877,695,1623344061001,-1,-1,-1
878,695,1623344061999,-1,-1,-1
879,727,1623344062999,-1,-1,-1
880,743,1623344062999,-1,-1,-1
881,719,1623344064040,-1,-1,-1
882,719,1623344065043,-1,-1,-1
883,719,1623344066000,-1,-1,-1
884,703,1623344066001,-1,-1,-1
885,695,1623344067001,-1,-1,-1
886,711,1623344068078,-1,-1,-1
887,695,1623344068078,-1,-1,-1
888,687,1623344069008,-1,-1,-1
889,687,1623344069999,-1,-1,-1
890,695,1623344070999,-1,-1,-1
891,679,1623344070999,-1,-1,-1
892,663,1623344071999,-1,-1,-1
893,687,1623344073080,-1,-1,-1
894,695,1623344073080,-1,-1,-1
895,703,1623344074001,-1,-1,-1
896,703,1623344075001,-1,-1,-1
897,703,1623344075001,-1,-1,-1
898,687,1623344076000,-1,-1,-1
899,695,1623344077010,-1,-1,-1
900,687,1623344077010,-1,-1,-1
901,695,1623344077999,-1,-1,-1
902,679,1623344079001,-1,-1,-1
903,679,1623344079001,-1,-1,-1
904,695,1623344080041,-1,-1,-1
905,695,1623344081001,-1,-1,-1
906,687,1623344082002,-1,-1,-1
907,679,1623344082002,-1,-1,-1
908,687,1623344082999,-1,-1,-1
909,679,1623344084041,-1,-1,-1
910,671,1623344084041,-1,-1,-1
911,679,1623344085001,-1,-1,-1
912,703,1623344086000,-1,-1,-1
913,703,1623344086000,-1,-1,-1
914,695,1623344086999,-1,-1,-1
915,687,1623344088001,-1,-1,-1
916,711,1623344088001,-1,-1,-1
917,711,1623344089001,-1,-1,-1
918,703,1623344090001,-1,-1,-1
919,703,1623344091001,-1,-1,-1
920,711,1623344091001,-1,-1,-1
921,727,1623344092000,-1,-1,-1
922,711,1623344093002,-1,-1,-1
923,719,1623344093002,-1,-1,-1
924,743,1623344094000,-1,-1,-1
925,711,1623344095001,-1,-1,-1
926,719,1623344096002,-1,-1,-1
927,719,1623344096002,-1,-1,-1
928,727,1623344097039,-1,-1,-1
929,711,1623344098000,-1,-1,-1
930,703,1623344098000,-1,-1,-1
931,711,1623344099001,-1,-1,-1
932,687,1623344099999,-1,-1,-1
933,695,1623344101000,-1,-1,-1
934,687,1623344101000,-1,-1,-1
935,703,1623344102000,-1,-1,-1
936,695,1623344103001,-1,-1,-1
937,687,1623344103002,-1,-1,-1
938,703,1623344104000,-1,-1,-1
939,719,1623344104998,-1,-1,-1
940,711,1623344104998,-1,-1,-1
941,711,1623344106002,-1,-1,-1
942,727,1623344107001,-1,-1,-1
943,719,1623344108000,-1,-1,-1
944,695,1623344108000,-1,-1,-1
945,695,1623344109001,-1,-1,-1
946,711,1623344110000,-1,-1,-1
947,711,1623344110000,-1,-1,-1
948,719,1623344111040,-1,-1,-1
949,703,1623344111999,-1,-1,-1
950,727,1623344113042,-1,-1,-1
951,727,1623344113042,-1,-1,-1
952,711,1623344114041,-1,-1,-1
953,711,1623344115000,-1,-1,-1
954,727,1623344116039,-1,-1,-1
955,703,1623344116039,-1,-1,-1
956,703,1623344117000,-1,-1,-1
957,703,1623344118001,-1,-1,-1
958,695,1623344118001,-1,-1,-1
959,679,1623344119000,-1,-1,-1
960,687,1623344120000,-1,-1,-1
961,695,1623344120000,-1,-1,-1
962,679,1623344121002,-1,-1,-1
963,671,1623344122003,-1,-1,-1
964,679,1623344122003,-1,-1,-1
965,695,1623344122999,-1,-1,-1
966,711,1623344124001,-1,-1,-1
967,703,1623344124999,-1,-1,-1
968,719,1623344124999,-1,-1,-1
969,743,1623344126000,-1,-1,-1
970,735,1623344127001,-1,-1,-1
971,719,1623344127001,-1,-1,-1
972,719,1623344128000,-1,-1,-1
973,727,1623344129003,-1,-1,-1
974,711,1623344130038,-1,-1,-1
975,703,1623344130038,-1,-1,-1
976,695,1623344131041,-1,-1,-1
977,679,1623344131999,-1,-1,-1
978,671,1623344131999,-1,-1,-1
979,663,1623344132999,-1,-1,-1
980,655,1623344133999,-1,-1,-1
981,655,1623344133999,-1,-1,-1
982,671,1623344135000,-1,-1,-1
983,671,1623344136001,-1,-1,-1
984,687,1623344136001,-1,-1,-1
985,671,1623344137001,-1,-1,-1
986,671,1623344138001,-1,-1,-1
987,687,1623344138001,-1,-1,-1
988,727,1623344138998,-1,-1,-1
989,751,1623344140000,-1,-1,-1
990,743,1623344141002,-1,-1,-1
991,743,1623344141003,-1,-1,-1
992,767,1623344142000,-1,-1,-1
993,767,1623344143122,-1,-1,-1
994,759,1623344143998,-1,-1,-1
995,743,1623344143999,-1,-1,-1
996,751,1623344145000,-1,-1,-1
997,719,1623344146040,-1,-1,-1
998,711,1623344147001,-1,-1,-1
999,703,1623344147001,-1,-1,-1
1000,703,1623344148040,-1,-1,-1
1001,687,1623344149002,-1,-1,-1
1002,687,1623344149002,-1,-1,-1
1003,695,1623344150004,-1,-1,-1
1004,711,1623344151036,-1,-1,-1
1005,695,1623344151036,-1,-1,-1
1006,711,1623344152004,-1,-1,-1
1007,735,1623344153000,-1,-1,-1
1008,743,1623344154009,-1,-1,-1
1009,719,1623344154009,-1,-1,-1
1010,719,1623344155001,-1,-1,-1
1011,727,1623344155999,-1,-1,-1
1012,687,1623344156999,-1,-1,-1
1013,743,1623344156999,-1,-1,-1
1014,695,1623344158009,-1,-1,-1
1015,695,1623344159962,-1,-1,-1
1016,679,1623344160959,-1,-1,-1
1017,663,1623344160959,-1,-1,-1
1018,663,1623344161962,-1,-1,-1
1019,687,1623344162961,-1,-1,-1
1020,623,1623344162961,-1,-1,-1
1021,663,1623344163961,-1,-1,-1
1022,655,1623344165001,-1,-1,-1
1023,655,1623344165001,-1,-1,-1
1024,647,1623344165959,-1,-1,-1
1025,663,1623344166959,-1,-1,-1
1026,639,1623344166959,-1,-1,-1
1027,663,1623344167960,-1,-1,-1
1028,655,1623344169040,-1,-1,-1
1029,663,1623344169040,-1,-1,-1
1030,695,1623344169960,-1,-1,-1
1031,719,1623344170961,-1,-1,-1
1032,711,1623344170961,-1,-1,-1
1033,711,1623344172040,-1,-1,-1
1034,703,1623344172958,-1,-1,-1
1035,759,1623344173961,-1,-1,-1
1036,711,1623344173962,-1,-1,-1
1037,719,1623344174960,-1,-1,-1
1038,727,1623344176000,-1,-1,-1
1039,703,1623344176000,-1,-1,-1
1040,695,1623344176960,-1,-1,-1
1041,687,1623344177960,-1,-1,-1
1042,687,1623344177960,-1,-1,-1
1043,679,1623344178959,-1,-1,-1
1044,663,1623344179960,-1,-1,-1
1045,671,1623344179960,-1,-1,-1
1046,687,1623344180963,-1,-1,-1
1047,679,1623344182003,-1,-1,-1
1048,695,1623344182962,-1,-1,-1
1049,703,1623344182962,-1,-1,-1
1050,711,1623344183961,-1,-1,-1
1051,727,1623344184961,-1,-1,-1
1052,743,1623344184961,-1,-1,-1
1053,743,1623344186040,-1,-1,-1
1054,719,1623344186961,-1,-1,-1
1055,727,1623344187959,-1,-1,-1
1056,735,1623344187959,-1,-1,-1
1057,751,1623344188999,-1,-1,-1
1058,727,1623344189958,-1,-1,-1
1059,727,1623344190960,-1,-1,-1
1060,711,1623344190960,-1,-1,-1
1061,679,1623344191959,-1,-1,-1
1062,743,1623344192959,-1,-1,-1
1063,687,1623344192959,-1,-1,-1
1064,695,1623344193960,-1,-1,-1
1065,719,1623344194960,-1,-1,-1
1066,711,1623344195960,-1,-1,-1
1067,679,1623344195960,-1,-1,-1
1068,695,1623344196959,-1,-1,-1
1069,671,1623344197999,-1,-1,-1
1070,663,1623344197999,-1,-1,-1
1071,711,1623344198959,-1,-1,-1
1072,687,1623344199959,-1,-1,-1
1073,703,1623344199959,-1,-1,-1
1074,719,1623344200959,-1,-1,-1
1075,711,1623344201961,-1,-1,-1
1076,751,1623344202960,-1,-1,-1
1077,759,1623344202960,-1,-1,-1
1078,767,1623344203961,-1,-1,-1
1079,743,1623344204962,-1,-1,-1
1080,703,1623344205959,-1,-1,-1
1081,663,1623344205959,-1,-1,-1
1082,663,1623344206960,-1,-1,-1
1083,663,1623344207959,-1,-1,-1
1084,639,1623344207959,-1,-1,-1
1085,687,1623344208959,-1,-1,-1
1086,687,1623344209964,-1,-1,-1
1087,663,1623344209965,-1,-1,-1
1088,671,1623344210958,-1,-1,-1
1089,695,1623344211961,-1,-1,-1
1090,703,1623344211961,-1,-1,-1
1091,711,1623344212960,-1,-1,-1
1092,759,1623344213961,-1,-1,-1
1093,751,1623344213961,-1,-1,-1
1094,743,1623344215080,-1,-1,-1
1095,711,1623344215958,-1,-1,-1
1096,759,1623344216959,-1,-1,-1
1097,711,1623344216959,-1,-1,-1
1098,719,1623344217959,-1,-1,-1
1099,703,1623344218961,-1,-1,-1
1100,671,1623344219998,-1,-1,-1
1101,663,1623344219998,-1,-1,-1
1102,655,1623344221001,-1,-1,-1
1103,679,1623344221959,-1,-1,-1
1104,727,1623344221959,-1,-1,-1
1105,927,1623344222963,-1,-1,-1
1106,815,1623344223959,-1,-1,-1
1107,775,1623344224963,-1,-1,-1
1108,759,1623344225960,-1,-1,-1
1109,735,1623344225960,-1,-1,-1
1110,735,1623344226958,-1,-1,-1
1111,727,1623344227959,-1,-1,-1
1112,703,1623344227959,-1,-1,-1
1113,695,1623344228961,-1,-1,-1
1114,703,1623344229960,-1,-1,-1
1115,671,1623344229960,-1,-1,-1
1116,663,1623344231000,-1,-1,-1
1117,655,1623344231960,-1,-1,-1
1118,671,1623344231961,-1,-1,-1
1119,639,1623344232958,-1,-1,-1
1120,647,1623344233959,-1,-1,-1
1121,639,1623344233959,-1,-1,-1
1122,663,1623344234959,-1,-1,-1
1123,631,1623344235959,-1,-1,-1
1124,599,1623344235959,-1,-1,-1
1125,599,1623344236958,-1,-1,-1
1126,599,1623344237958,-1,-1,-1
1127,663,1623344237958,-1,-1,-1
1128,703,1623344238959,-1,-1,-1
1129,735,1623344239959,-1,-1,-1
1130,775,1623344239959,-1,-1,-1
1131,807,1623344240958,-1,-1,-1
1132,807,1623344241957,-1,-1,-1
1133,823,1623344242962,-1,-1,-1
1134,807,1623344243964,-1,-1,-1
1135,839,1623344243964,-1,-1,-1
1136,767,1623344244961,-1,-1,-1
1137,783,1623344245959,-1,-1,-1
1138,695,1623344246960,-1,-1,-1
1139,727,1623344246960,-1,-1,-1
1140,671,1623344247959,-1,-1,-1
1141,711,1623344248958,-1,-1,-1
1142,743,1623344249959,-1,-1,-1
1143,727,1623344249959,-1,-1,-1
1144,711,1623344250959,-1,-1,-1
1145,703,1623344251959,-1,-1,-1
1146,711,1623344251959,-1,-1,-1
1147,695,1623344253000,-1,-1,-1
1148,679,1623344253962,-1,-1,-1
1149,671,1623344253962,-1,-1,-1
1150,671,1623344254959,-1,-1,-1
1151,679,1623344255959,-1,-1,-1
1152,671,1623344256963,-1,-1,-1
1153,655,1623344256963,-1,-1,-1
1154,671,1623344257960,-1,-1,-1
1155,695,1623344258958,-1,-1,-1
1156,711,1623344258958,-1,-1,-1
1157,727,1623344259958,-1,-1,-1
1158,743,1623344260958,-1,-1,-1
1159,799,1623344261963,-1,-1,-1
1160,767,1623344261963,-1,-1,-1
1161,727,1623344262959,-1,-1,-1
1162,703,1623344264037,-1,-1,-1
1163,695,1623344264038,-1,-1,-1
1164,679,1623344264960,-1,-1,-1
1165,767,1623344266003,-1,-1,-1
1166,799,1623344266959,-1,-1,-1
1167,847,1623344267961,-1,-1,-1
1168,783,1623344267961,-1,-1,-1
1169,807,1623344268958,-1,-1,-1
1170,831,1623344269959,-1,-1,-1
1171,879,1623344270958,-1,-1,-1
1172,799,1623344271959,-1,-1,-1
1173,751,1623344271959,-1,-1,-1
1174,727,1623344272960,-1,-1,-1
1175,735,1623344273960,-1,-1,-1
1176,719,1623344274961,-1,-1,-1
1177,727,1623344274961,-1,-1,-1
1178,711,1623344275958,-1,-1,-1
1179,743,1623344276960,-1,-1,-1
1180,711,1623344276960,-1,-1,-1
1181,703,1623344278081,-1,-1,-1
1182,719,1623344278960,-1,-1,-1
1183,703,1623344279962,-1,-1,-1
1184,735,1623344279962,-1,-1,-1
1185,759,1623344280958,-1,-1,-1
1186,711,1623344281959,-1,-1,-1
1187,703,1623344281959,-1,-1,-1
1188,703,1623344282999,-1,-1,-1
1189,711,1623344283998,-1,-1,-1
1190,775,1623344284999,-1,-1,-1
1191,807,1623344284999,-1,-1,-1
1192,775,1623344286000,-1,-1,-1
1193,751,1623344286958,-1,-1,-1
1194,711,1623344287959,-1,-1,-1
1195,695,1623344287959,-1,-1,-1
1196,687,1623344288962,-1,-1,-1
1197,679,1623344289959,-1,-1,-1
1198,679,1623344289959,-1,-1,-1
1199,671,1623344290958,-1,-1,-1
1200,679,1623344291958,-1,-1,-1
1201,695,1623344292963,-1,-1,-1
1202,711,1623344292963,-1,-1,-1
1203,711,1623344293960,-1,-1,-1
1204,719,1623344294960,-1,-1,-1
1205,719,1623344294960,-1,-1,-1
1206,703,1623344295959,-1,-1,-1
1207,703,1623344297003,-1,-1,-1
1208,695,1623344297003,-1,-1,-1
1209,711,1623344297957,-1,-1,-1
1210,727,1623344299078,-1,-1,-1
1211,735,1623344299999,-1,-1,-1
1212,735,1623344299999,-1,-1,-1
1213,711,1623344300959,-1,-1,-1
1214,735,1623344301959,-1,-1,-1
1215,783,1623344302961,-1,-1,-1
1216,799,1623344302961,-1,-1,-1
1217,815,1623344303961,-1,-1,-1
1218,799,1623344304961,-1,-1,-1
1219,759,1623344305960,-1,-1,-1
1220,759,1623344306960,-1,-1,-1
1221,743,1623344306960,-1,-1,-1
1222,711,1623344307959,-1,-1,-1
1223,719,1623344308962,-1,-1,-1
1224,679,1623344308962,-1,-1,-1
1225,671,1623344309958,-1,-1,-1
1226,695,1623344311959,-1,-1,-1
1227,695,1623344312999,-1,-1,-1
1228,751,1623344313958,-1,-1,-1
1229,751,1623344313958,-1,-1,-1
1230,775,1623344314959,-1,-1,-1
1231,775,1623344315959,-1,-1,-1
1232,783,1623344317004,-1,-1,-1
1233,775,1623344317004,-1,-1,-1
1234,767,1623344317961,-1,-1,-1
1235,703,1623344318958,-1,-1,-1
1236,751,1623344320038,-1,-1,-1
1237,703,1623344320039,-1,-1,-1
1238,695,1623344320959,-1,-1,-1
1239,687,1623344321959,-1,-1,-1
1240,703,1623344321959,-1,-1,-1
1241,695,1623344322959,-1,-1,-1
1242,687,1623344323998,-1,-1,-1
1243,711,1623344325001,-1,-1,-1
1244,711,1623344325001,-1,-1,-1
1245,727,1623344325958,-1,-1,-1
1246,727,1623344326960,-1,-1,-1
1247,735,1623344326960,-1,-1,-1
1248,727,1623344327959,-1,-1,-1
1249,735,1623344328959,-1,-1,-1
1250,719,1623344329959,-1,-1,-1
1251,727,1623344329959,-1,-1,-1
1252,719,1623344330960,-1,-1,-1
1253,735,1623344331957,-1,-1,-1
1254,727,1623344333003,-1,-1,-1
1255,719,1623344333003,-1,-1,-1
1256,719,1623344333961,-1,-1,-1
1257,679,1623344334961,-1,-1,-1
1258,703,1623344334961,-1,-1,-1
1259,639,1623344336965,-1,-1,-1
1260,639,1623344338001,-1,-1,-1
1261,615,1623344338956,-1,-1,-1
1262,655,1623344338956,-1,-1,-1
1263,631,1623344339957,-1,-1,-1
1264,679,1623344340956,-1,-1,-1
1265,823,1623344340956,-1,-1,-1
1266,839,1623344341956,-1,-1,-1
1267,743,1623344342954,-1,-1,-1
1268,727,1623344343957,-1,-1,-1
1269,687,1623344343957,-1,-1,-1
1270,695,1623344344957,-1,-1,-1
1271,679,1623344346044,-1,-1,-1
1272,687,1623344346044,-1,-1,-1
1273,687,1623344346962,-1,-1,-1
1274,719,1623344347960,-1,-1,-1
1275,719,1623344348998,-1,-1,-1
1276,823,1623344348998,-1,-1,-1
1277,575,1623344349960,-1,-1,-1
1278,863,1623344350958,-1,-1,-1
1279,791,1623344353957,-1,-1,-1
1280,863,1623344354958,-1,-1,-1
1281,783,1623344354958,-1,-1,-1
1282,663,1623344356959,-1,-1,-1
1283,663,1623344357961,-1,-1,-1
1284,703,1623344358961,-1,-1,-1
1285,623,1623344358961,-1,-1,-1
1286,583,1623344359958,-1,-1,-1
1287,751,1623344360959,-1,-1,-1
1288,647,1623344360959,-1,-1,-1
1289,671,1623344361960,-1,-1,-1
1290,663,1623344363008,-1,-1,-1
1291,663,1623344363008,-1,-1,-1
1292,679,1623344363959,-1,-1,-1
1293,655,1623344364956,-1,-1,-1
1294,663,1623344364956,-1,-1,-1
1295,703,1623344365962,-1,-1,-1
1296,839,1623344366961,-1,-1,-1
1297,831,1623344367957,-1,-1,-1
1298,791,1623344368958,-1,-1,-1
1299,791,1623344368958,-1,-1,-1
1300,831,1623344369955,-1,-1,-1
1301,807,1623344370961,-1,-1,-1
1302,783,1623344371956,-1,-1,-1
1303,791,1623344372997,-1,-1,-1
1304,743,1623344372997,-1,-1,-1
1305,735,1623344373955,-1,-1,-1
1306,679,1623344374957,-1,-1,-1
1307,655,1623344374957,-1,-1,-1
1308,719,1623344376004,-1,-1,-1
1309,703,1623344376956,-1,-1,-1
1310,711,1623344377957,-1,-1,-1
1311,711,1623344377957,-1,-1,-1
1312,735,1623344378997,-1,-1,-1
1313,719,1623344379958,-1,-1,-1
1314,719,1623344379959,-1,-1,-1
1315,767,1623344380996,-1,-1,-1
1316,759,1623344381955,-1,-1,-1
1317,743,1623344382955,-1,-1,-1
1318,695,1623344382955,-1,-1,-1
1319,727,1623344383957,-1,-1,-1
1320,711,1623344384955,-1,-1,-1
1321,703,1623344385956,-1,-1,-1
1322,735,1623344385956,-1,-1,-1
1323,695,1623344386953,-1,-1,-1
1324,671,1623344387959,-1,-1,-1
1325,759,1623344387959,-1,-1,-1
1326,687,1623344389959,-1,-1,-1
1327,807,1623344391956,-1,-1,-1
1328,687,1623344392954,-1,-1,-1
1329,687,1623344394959,-1,-1,-1
1330,631,1623344394959,-1,-1,-1
1331,591,1623344396959,-1,-1,-1
1332,615,1623344397958,-1,-1,-1
1333,647,1623344398962,-1,-1,-1
1334,623,1623344398963,-1,-1,-1
1335,623,1623344399954,-1,-1,-1
1336,671,1623344399954,-1,-1,-1
1337,631,1623344400955,-1,-1,-1
1338,623,1623344401959,-1,-1,-1
1339,607,1623344401959,-1,-1,-1
1340,607,1623344402959,-1,-1,-1
1341,615,1623344403959,-1,-1,-1
1342,615,1623344403959,-1,-1,-1
1343,623,1623344404959,-1,-1,-1
1344,623,1623344404959,-1,-1,-1
1345,639,1623344406000,-1,-1,-1
1346,655,1623344406955,-1,-1,-1
1347,663,1623344406955,-1,-1,-1
1348,679,1623344407956,-1,-1,-1
1349,671,1623344409041,-1,-1,-1
1350,679,1623344409041,-1,-1,-1
1351,679,1623344409958,-1,-1,-1
1352,687,1623344411001,-1,-1,-1
1353,679,1623344411001,-1,-1,-1
1354,695,1623344412001,-1,-1,-1
1355,663,1623344412999,-1,-1,-1
1356,679,1623344413954,-1,-1,-1
1357,719,1623344413954,-1,-1,-1
1358,735,1623344414954,-1,-1,-1
1359,751,1623344415954,-1,-1,-1
1360,759,1623344415954,-1,-1,-1
1361,759,1623344417035,-1,-1,-1
1362,759,1623344417954,-1,-1,-1
1363,711,1623344418962,-1,-1,-1
1364,719,1623344418962,-1,-1,-1
1365,695,1623344419953,-1,-1,-1
1366,703,1623344420955,-1,-1,-1
1367,703,1623344421957,-1,-1,-1
1368,679,1623344421957,-1,-1,-1
1369,719,1623344422956,-1,-1,-1
1370,695,1623344423954,-1,-1,-1
1371,687,1623344423954,-1,-1,-1
1372,687,1623344424998,-1,-1,-1
1373,679,1623344425956,-1,-1,-1
1374,671,1623344425956,-1,-1,-1
1375,735,1623344426956,-1,-1,-1
1376,735,1623344427996,-1,-1,-1
1377,719,1623344428996,-1,-1,-1
1378,719,1623344428996,-1,-1,-1
1379,695,1623344429956,-1,-1,-1
1380,703,1623344431003,-1,-1,-1
1381,751,1623344431005,-1,-1,-1
1382,735,1623344431964,-1,-1,-1
1383,783,1623344433955,-1,-1,-1
1384,663,1623344434957,-1,-1,-1
1385,647,1623344437956,-1,-1,-1
1386,679,1623344437956,-1,-1,-1
1387,695,1623344438956,-1,-1,-1
1388,719,1623344439958,-1,-1,-1
1389,735,1623344440956,-1,-1,-1
1390,711,1623344440956,-1,-1,-1
1391,695,1623344442038,-1,-1,-1
1392,679,1623344442956,-1,-1,-1
1393,663,1623344442956,-1,-1,-1
1394,655,1623344443959,-1,-1,-1
1395,647,1623344444998,-1,-1,-1
1396,631,1623344444998,-1,-1,-1
1397,623,1623344445956,-1,-1,-1
1398,623,1623344445956,-1,-1,-1
1399,615,1623344446955,-1,-1,-1
1400,615,1623344447957,-1,-1,-1
1401,607,1623344447957,-1,-1,-1
1402,615,1623344448957,-1,-1,-1
1403,615,1623344449955,-1,-1,-1
1404,631,1623344449955,-1,-1,-1
1405,663,1623344450955,-1,-1,-1
1406,679,1623344451959,-1,-1,-1
1407,695,1623344451959,-1,-1,-1
1408,695,1623344452955,-1,-1,-1
1409,671,1623344453954,-1,-1,-1
1410,631,1623344453954,-1,-1,-1
1411,647,1623344454958,-1,-1,-1
1412,639,1623344455958,-1,-1,-1
1413,615,1623344455958,-1,-1,-1
1414,615,1623344456957,-1,-1,-1
1415,615,1623344456957,-1,-1,-1
1416,607,1623344457959,-1,-1,-1
1417,639,1623344458954,-1,-1,-1
1418,831,1623344458954,-1,-1,-1
1419,847,1623344459955,-1,-1,-1
1420,807,1623344460954,-1,-1,-1
1421,687,1623344462000,-1,-1,-1
1422,847,1623344462960,-1,-1,-1
1423,815,1623344462960,-1,-1,-1
1424,759,1623344463958,-1,-1,-1
1425,671,1623344465955,-1,-1,-1
1426,607,1623344466955,-1,-1,-1
1427,663,1623344467954,-1,-1,-1
1428,607,1623344467954,-1,-1,-1
1429,591,1623344468955,-1,-1,-1
1430,551,1623344468955,-1,-1,-1
1431,583,1623344471959,-1,-1,-1
1432,511,1623344473958,-1,-1,-1
1433,543,1623344473958,-1,-1,-1
1434,511,1623344476997,-1,-1,-1
1435,479,1623344482958,-1,-1,-1
1436,519,1623344486954,-1,-1,-1
1437,647,1623344487958,-1,-1,-1
1438,575,1623344491960,-1,-1,-1
1439,567,1623344492959,-1,-1,-1
1440,591,1623344500960,-1,-1,-1
1441,615,1623344501959,-1,-1,-1
1442,551,1623344503954,-1,-1,-1
1443,655,1623344517000,-1,-1,-1
1444,695,1623344528961,-1,-1,-1
1445,343,1623344530005,-1,-1,-1
1446,583,1623344531960,-1,-1,-1
1447,631,1623344532957,-1,-1,-1
1448,559,1623344532957,-1,-1,-1
1449,511,1623344533959,-1,-1,-1
1450,583,1623344533959,-1,-1,-1
1451,607,1623344534994,-1,-1,-1
1452,623,1623344534994,-1,-1,-1
1453,607,1623344541960,-1,-1,-1
1454,495,1623344544001,-1,-1,-1
1455,543,1623344544001,-1,-1,-1
1456,551,1623344549960,-1,-1,-1
1457,607,1623344549960,-1,-1,-1
1458,695,1623344566961,-1,-1,-1
1459,583,1623344566961,-1,-1,-1
1460,503,1623344585953,-1,-1,-1
1461,607,1623344586954,-1,-1,-1
1462,607,1623344597956,-1,-1,-1
1463,551,1623344599956,-1,-1,-1
1464,687,1623344939946,-1,-1,-1
1465,575,1623344941946,-1,-1,-1
1466,671,1623344942973,-1,-1,-1
1467,631,1623344944015,-1,-1,-1
1468,671,1623344944015,-1,-1,-1
1469,671,1623344944972,-1,-1,-1
1470,639,1623344945971,-1,-1,-1
1471,639,1623344945971,-1,-1,-1
1472,647,1623344946972,-1,-1,-1
1473,615,1623344947970,-1,-1,-1
1474,607,1623344947970,-1,-1,-1
1475,623,1623344948970,-1,-1,-1
1476,655,1623344948970,-1,-1,-1
1477,663,1623344949975,-1,-1,-1
1478,639,1623344950976,-1,-1,-1
1479,663,1623344950976,-1,-1,-1
1480,695,1623344951972,-1,-1,-1
1481,703,1623344952975,-1,-1,-1
1482,703,1623344952975,-1,-1,-1
1483,679,1623344953976,-1,-1,-1
1484,671,1623344955976,-1,-1,-1
1485,679,1623344956976,-1,-1,-1
1486,719,1623344957978,-1,-1,-1
1487,719,1623344957978,-1,-1,-1
1488,719,1623344958979,-1,-1,-1
1489,703,1623344959976,-1,-1,-1
1490,703,1623344959976,-1,-1,-1
1491,671,1623344960971,-1,-1,-1
1492,663,1623344961974,-1,-1,-1
1493,639,1623344961974,-1,-1,-1
1494,639,1623344963011,-1,-1,-1
1495,655,1623344963976,-1,-1,-1
1496,663,1623344963976,-1,-1,-1
1497,655,1623344964971,-1,-1,-1
1498,687,1623344965976,-1,-1,-1
1499,687,1623344965976,-1,-1,-1
1500,759,1623344967011,-1,-1,-1
1501,839,1623344968970,-1,-1,-1
1502,775,1623344969971,-1,-1,-1
1503,671,1623344971973,-1,-1,-1
1504,599,1623344971973,-1,-1,-1
1505,591,1623344978977,-1,-1,-1
1506,583,1623344979977,-1,-1,-1
1507,679,1623344981970,-1,-1,-1
1508,703,1623344982971,-1,-1,-1
1509,495,1623344984971,-1,-1,-1
1510,479,1623344986971,-1,-1,-1
1511,599,1623344987976,-1,-1,-1
1512,447,1623345006976,-1,-1,-1
1513,615,1623345014976,-1,-1,-1
1514,471,1623345017970,-1,-1,-1
1515,663,1623345018970,-1,-1,-1
1516,623,1623345019970,-1,-1,-1
1517,487,1623345019970,-1,-1,-1
1518,383,1623345021974,-1,-1,-1
1519,399,1623345022970,-1,-1,-1
1520,583,1623345035974,-1,-1,-1
1521,599,1623345037093,-1,-1,-1
1522,655,1623345037976,-1,-1,-1
1523,575,1623345037976,-1,-1,-1
1524,647,1623345038976,-1,-1,-1
1525,735,1623345039971,-1,-1,-1
1526,591,1623345039971,-1,-1,-1
1527,647,1623345040976,-1,-1,-1
1528,647,1623345041974,-1,-1,-1
1529,631,1623345041974,-1,-1,-1
1530,615,1623345043053,-1,-1,-1
1531,607,1623345043053,-1,-1,-1
1532,679,1623345044976,-1,-1,-1
1533,719,1623345062016,-1,-1,-1
1534,551,1623345062016,-1,-1,-1
1535,767,1623345062935,-1,-1,-1
1536,807,1623345063978,-1,-1,-1
1537,727,1623345063978,-1,-1,-1
1538,759,1623345066930,-1,-1,-1
1539,703,1623345074936,-1,-1,-1
1540,839,1623345074936,-1,-1,-1
1541,727,1623345081932,-1,-1,-1
1542,615,1623345085934,-1,-1,-1
1543,623,1623345086937,-1,-1,-1
1544,799,1623345086937,-1,-1,-1
1545,655,1623345087936,-1,-1,-1
1546,703,1623345088935,-1,-1,-1
1547,759,1623345089935,-1,-1,-1
1548,687,1623345089935,-1,-1,-1
1549,671,1623345090935,-1,-1,-1
1550,751,1623345091936,-1,-1,-1
1551,655,1623345091936,-1,-1,-1
1552,695,1623345092936,-1,-1,-1
1553,703,1623345093935,-1,-1,-1
1554,751,1623345093935,-1,-1,-1
1555,687,1623345095016,-1,-1,-1
1556,719,1623345095937,-1,-1,-1
1557,751,1623345096936,-1,-1,-1
1558,791,1623345096936,-1,-1,-1
1559,759,1623345097934,-1,-1,-1
1560,807,1623345098937,-1,-1,-1
1561,727,1623345100938,-1,-1,-1
1562,711,1623345101976,-1,-1,-1
1563,743,1623345102931,-1,-1,-1
1564,767,1623345102931,-1,-1,-1
1565,727,1623345103975,-1,-1,-1
1566,727,1623345104933,-1,-1,-1
1567,735,1623345105935,-1,-1,-1
1568,703,1623345105935,-1,-1,-1
1569,679,1623345106935,-1,-1,-1
1570,687,1623345107930,-1,-1,-1
1571,735,1623345107930,-1,-1,-1
1572,679,1623345108930,-1,-1,-1
1573,727,1623345111015,-1,-1,-1
1574,695,1623345111935,-1,-1,-1
1575,679,1623345112932,-1,-1,-1
1576,927,1623345122937,-1,-1,-1
1577,751,1623345123930,-1,-1,-1
1578,695,1623345123930,-1,-1,-1
1579,687,1623345126015,-1,-1,-1
1580,671,1623345127015,-1,-1,-1
1581,671,1623345127975,-1,-1,-1
1582,671,1623345127975,-1,-1,-1
1583,679,1623345128936,-1,-1,-1
1584,647,1623345130936,-1,-1,-1
1585,727,1623345131929,-1,-1,-1
1586,687,1623345131929,-1,-1,-1
1587,719,1623345132935,-1,-1,-1
1588,695,1623345133939,-1,-1,-1
1589,471,1623345133939,-1,-1,-1
1590,871,1623345134934,-1,-1,-1
1591,647,1623345135975,-1,-1,-1
1592,615,1623345137933,-1,-1,-1
1593,679,1623345138937,-1,-1,-1
1594,687,1623345138937,-1,-1,-1
1595,783,1623345139930,-1,-1,-1
1596,727,1623345140936,-1,-1,-1
1597,767,1623345140936,-1,-1,-1
1598,807,1623345141935,-1,-1,-1
1599,767,1623345142935,-1,-1,-1
1600,759,1623345143973,-1,-1,-1
1601,751,1623345145934,-1,-1,-1
1602,663,1623345146935,-1,-1,-1
1603,679,1623345146935,-1,-1,-1
1604,655,1623345147931,-1,-1,-1
1605,663,1623345149935,-1,-1,-1
1606,639,1623345151936,-1,-1,-1
1607,631,1623345152934,-1,-1,-1
1608,663,1623345152934,-1,-1,-1
1609,591,1623345153935,-1,-1,-1
1610,695,1623345154936,-1,-1,-1
1611,791,1623345154936,-1,-1,-1
1612,655,1623345160976,-1,-1,-1
1613,799,1623345161970,-1,-1,-1
1614,615,1623345161970,-1,-1,-1
1615,607,1623345167975,-1,-1,-1
1616,911,1623345170930,-1,-1,-1
1617,583,1623345177932,-1,-1,-1
1618,591,1623345178931,-1,-1,-1
1619,567,1623345179931,-1,-1,-1
1620,615,1623345183009,-1,-1,-1
1621,663,1623345183931,-1,-1,-1
1622,679,1623345184932,-1,-1,-1
1623,599,1623345184932,-1,-1,-1
1624,871,1623345187936,-1,-1,-1
1625,815,1623345188935,-1,-1,-1
1626,871,1623345189935,-1,-1,-1
1627,911,1623345190936,-1,-1,-1
1628,767,1623345191931,-1,-1,-1
1629,735,1623345192935,-1,-1,-1
1630,759,1623345193932,-1,-1,-1
1631,647,1623345193932,-1,-1,-1
1632,671,1623345194931,-1,-1,-1
1633,687,1623345195936,-1,-1,-1
1634,607,1623345195936,-1,-1,-1
1635,655,1623345196931,-1,-1,-1
1636,639,1623345196931,-1,-1,-1
1637,679,1623345197936,-1,-1,-1
1638,599,1623345198929,-1,-1,-1
1639,647,1623345198929,-1,-1,-1
1640,679,1623345199970,-1,-1,-1
1641,631,1623345200936,-1,-1,-1
1642,663,1623345200936,-1,-1,-1
1643,655,1623345201936,-1,-1,-1
1644,655,1623345203934,-1,-1,-1
1645,727,1623345204930,-1,-1,-1
1646,751,1623345205929,-1,-1,-1
1647,671,1623345205930,-1,-1,-1
1648,727,1623345206929,-1,-1,-1
1649,727,1623345207932,-1,-1,-1
1650,679,1623345207932,-1,-1,-1
1651,663,1623345208937,-1,-1,-1
1652,663,1623345209969,-1,-1,-1
1653,679,1623345209969,-1,-1,-1
1654,655,1623345210930,-1,-1,-1
1655,639,1623345211934,-1,-1,-1
1656,751,1623345211934,-1,-1,-1
1657,647,1623345212936,-1,-1,-1
