,RR,Timestamp,SensorContact,errorEstimate,blockerBit
0,607,1626872102105,-1,-1,-1
1,583,1626872102105,-1,-1,-1
2,575,1626872102105,-1,-1,-1
3,607,1626872102105,-1,-1,-1
4,615,1626872102105,-1,-1,-1
5,623,1626872102105,-1,-1,-1
6,591,1626872102105,-1,-1,-1
7,607,1626872102105,-1,-1,-1
8,583,1626872102105,-1,-1,-1
9,567,1626872102502,-1,-1,-1
10,575,1626872102502,-1,-1,-1
11,599,1626872102502,-1,-1,-1
12,559,1626872102502,-1,-1,-1
13,583,1626872109433,-1,-1,-1
14,767,1626872113430,-1,-1,-1
15,503,1626872120468,-1,-1,-1
16,751,1626872124427,-1,-1,-1
17,703,1626872127430,-1,-1,-1
18,623,1626872129428,-1,-1,-1
19,847,1626872130427,-1,-1,-1
20,471,1626872130427,-1,-1,-1
21,623,1626872134429,-1,-1,-1
22,455,1626872138434,-1,-1,-1
23,351,1626872139428,-1,-1,-1
24,623,1626872139428,-1,-1,-1
25,503,1626872144430,-1,-1,-1
26,519,1626872149428,-1,-1,-1
27,535,1626872150433,-1,-1,-1
28,423,1626872158427,-1,-1,-1
29,559,1626872158427,-1,-1,-1
30,551,1626872159430,-1,-1,-1
31,431,1626872159430,-1,-1,-1
32,559,1626872160427,-1,-1,-1
33,503,1626872160427,-1,-1,-1
34,519,1626872161427,-1,-1,-1
35,535,1626872161428,-1,-1,-1
36,343,1626872162428,-1,-1,-1
37,399,1626872163428,-1,-1,-1
38,479,1626872163428,-1,-1,-1
39,487,1626872165476,-1,-1,-1
40,607,1626872168547,-1,-1,-1
41,607,1626872169427,-1,-1,-1
42,383,1626872171427,-1,-1,-1
43,535,1626872176428,-1,-1,-1
44,567,1626872177427,-1,-1,-1
45,519,1626872186467,-1,-1,-1
46,559,1626872191427,-1,-1,-1
47,399,1626872193430,-1,-1,-1
48,567,1626872199427,-1,-1,-1
49,591,1626872200433,-1,-1,-1
50,599,1626872204429,-1,-1,-1
51,655,1626872206427,-1,-1,-1
52,647,1626872207429,-1,-1,-1
53,615,1626872208432,-1,-1,-1
54,647,1626872208432,-1,-1,-1
55,439,1626872210430,-1,-1,-1
56,647,1626872211427,-1,-1,-1
57,391,1626872211427,-1,-1,-1
58,503,1626872212427,-1,-1,-1
59,575,1626872214428,-1,-1,-1
60,695,1626872215432,-1,-1,-1
61,647,1626872216427,-1,-1,-1
62,679,1626872216427,-1,-1,-1
63,663,1626872217427,-1,-1,-1
64,655,1626872218469,-1,-1,-1
65,615,1626872221426,-1,-1,-1
66,503,1626872222429,-1,-1,-1
67,711,1626872222429,-1,-1,-1
68,655,1626872223426,-1,-1,-1
69,695,1626872224468,-1,-1,-1
70,703,1626872225427,-1,-1,-1
71,647,1626872225427,-1,-1,-1
72,647,1626872226429,-1,-1,-1
73,687,1626872226429,-1,-1,-1
74,711,1626872227429,-1,-1,-1
75,671,1626872228428,-1,-1,-1
76,647,1626872229428,-1,-1,-1
77,647,1626872229428,-1,-1,-1
78,647,1626872230507,-1,-1,-1
79,791,1626872231428,-1,-1,-1
80,639,1626872231428,-1,-1,-1
81,711,1626872232427,-1,-1,-1
82,607,1626872233426,-1,-1,-1
83,671,1626872233426,-1,-1,-1
84,743,1626872234426,-1,-1,-1
85,615,1626872235426,-1,-1,-1
86,599,1626872235426,-1,-1,-1
87,743,1626872236426,-1,-1,-1
88,567,1626872237430,-1,-1,-1
89,511,1626872237431,-1,-1,-1
90,751,1626872238428,-1,-1,-1
91,623,1626872238428,-1,-1,-1
92,623,1626872239427,-1,-1,-1
93,631,1626872240429,-1,-1,-1
94,647,1626872240429,-1,-1,-1
95,631,1626872241428,-1,-1,-1
96,647,1626872242427,-1,-1,-1
97,663,1626872242428,-1,-1,-1
98,647,1626872243427,-1,-1,-1
99,623,1626872244427,-1,-1,-1
100,647,1626872244427,-1,-1,-1
101,599,1626872245426,-1,-1,-1
102,615,1626872247426,-1,-1,-1
103,583,1626872248426,-1,-1,-1
104,591,1626872249425,-1,-1,-1
105,647,1626872250472,-1,-1,-1
106,631,1626872250472,-1,-1,-1
107,607,1626872251426,-1,-1,-1
108,631,1626872252466,-1,-1,-1
109,623,1626872252466,-1,-1,-1
110,623,1626872253426,-1,-1,-1
111,711,1626872254426,-1,-1,-1
112,647,1626872254426,-1,-1,-1
113,623,1626872255426,-1,-1,-1
114,559,1626872255426,-1,-1,-1
115,687,1626872256466,-1,-1,-1
116,519,1626872257427,-1,-1,-1
117,455,1626872257427,-1,-1,-1
118,631,1626872259425,-1,-1,-1
119,583,1626872259425,-1,-1,-1
120,639,1626872260427,-1,-1,-1
121,567,1626872263427,-1,-1,-1
122,559,1626872264426,-1,-1,-1
123,583,1626872264426,-1,-1,-1
124,607,1626872265426,-1,-1,-1
125,623,1626872266431,-1,-1,-1
126,575,1626872266431,-1,-1,-1
127,567,1626872268426,-1,-1,-1
128,687,1626872269427,-1,-1,-1
129,735,1626872270426,-1,-1,-1
130,735,1626872271433,-1,-1,-1
131,719,1626872271433,-1,-1,-1
132,751,1626872272467,-1,-1,-1
133,719,1626872273427,-1,-1,-1
134,711,1626872283428,-1,-1,-1
135,671,1626872284426,-1,-1,-1
136,639,1626872292466,-1,-1,-1
137,647,1626872293429,-1,-1,-1
138,671,1626872293429,-1,-1,-1
139,647,1626872294426,-1,-1,-1
140,591,1626872295426,-1,-1,-1
141,647,1626872295426,-1,-1,-1
142,631,1626872296426,-1,-1,-1
143,639,1626872296426,-1,-1,-1
144,615,1626872297426,-1,-1,-1
145,583,1626872299425,-1,-1,-1
146,623,1626872302426,-1,-1,-1
147,687,1626872306426,-1,-1,-1
148,631,1626872306426,-1,-1,-1
149,519,1626872307426,-1,-1,-1
150,623,1626872308426,-1,-1,-1
151,591,1626872308426,-1,-1,-1
152,607,1626872309426,-1,-1,-1
153,575,1626872315426,-1,-1,-1
154,663,1626872315426,-1,-1,-1
155,663,1626872322426,-1,-1,-1
156,519,1626872322426,-1,-1,-1
157,551,1626872323428,-1,-1,-1
158,767,1626872329473,-1,-1,-1
159,631,1626872330426,-1,-1,-1
160,735,1626872331427,-1,-1,-1
161,679,1626872331427,-1,-1,-1
162,655,1626872332426,-1,-1,-1
163,615,1626872333429,-1,-1,-1
164,727,1626872333429,-1,-1,-1
165,591,1626872335425,-1,-1,-1
166,599,1626872336427,-1,-1,-1
167,583,1626872336427,-1,-1,-1
168,647,1626872337426,-1,-1,-1
169,623,1626872338426,-1,-1,-1
170,711,1626872343425,-1,-1,-1
171,599,1626872344426,-1,-1,-1
172,711,1626872345425,-1,-1,-1
173,623,1626872345425,-1,-1,-1
174,591,1626872346466,-1,-1,-1
175,719,1626872347427,-1,-1,-1
176,695,1626872347427,-1,-1,-1
177,511,1626872348426,-1,-1,-1
178,599,1626872348426,-1,-1,-1
179,663,1626872349468,-1,-1,-1
180,655,1626872350427,-1,-1,-1
181,567,1626872353426,-1,-1,-1
182,631,1626872357426,-1,-1,-1
183,599,1626872358430,-1,-1,-1
184,495,1626872358430,-1,-1,-1
185,535,1626872363425,-1,-1,-1
186,559,1626872363425,-1,-1,-1
187,767,1626872364426,-1,-1,-1
188,591,1626872365425,-1,-1,-1
189,831,1626872367472,-1,-1,-1
190,711,1626872368425,-1,-1,-1
191,575,1626872370429,-1,-1,-1
192,663,1626872371432,-1,-1,-1
193,599,1626872371432,-1,-1,-1
194,679,1626872372425,-1,-1,-1
195,655,1626872373425,-1,-1,-1
196,607,1626872374426,-1,-1,-1
197,623,1626872375425,-1,-1,-1
198,631,1626872376426,-1,-1,-1
199,615,1626872376426,-1,-1,-1
200,631,1626872377429,-1,-1,-1
201,575,1626872378469,-1,-1,-1
202,631,1626872378469,-1,-1,-1
203,639,1626872379425,-1,-1,-1
204,663,1626872382426,-1,-1,-1
205,471,1626872389426,-1,-1,-1
206,551,1626872392426,-1,-1,-1
207,479,1626872392426,-1,-1,-1
208,599,1626872396425,-1,-1,-1
209,535,1626872398425,-1,-1,-1
210,775,1626872399426,-1,-1,-1
211,615,1626872399426,-1,-1,-1
212,719,1626872400466,-1,-1,-1
213,743,1626872401425,-1,-1,-1
214,687,1626872401425,-1,-1,-1
215,631,1626872406425,-1,-1,-1
216,791,1626872407425,-1,-1,-1
217,695,1626872408425,-1,-1,-1
218,479,1626872408425,-1,-1,-1
219,815,1626872409426,-1,-1,-1
220,671,1626872410467,-1,-1,-1
221,655,1626872416425,-1,-1,-1
222,583,1626872418426,-1,-1,-1
223,583,1626872424425,-1,-1,-1
224,623,1626872424425,-1,-1,-1
225,679,1626872425429,-1,-1,-1
226,623,1626872426466,-1,-1,-1
227,535,1626872426466,-1,-1,-1
228,647,1626872430425,-1,-1,-1
229,647,1626872430425,-1,-1,-1
230,567,1626872431425,-1,-1,-1
231,655,1626872433507,-1,-1,-1
232,663,1626872434431,-1,-1,-1
233,623,1626872435426,-1,-1,-1
234,719,1626872435426,-1,-1,-1
235,703,1626872436429,-1,-1,-1
236,623,1626872437426,-1,-1,-1
237,687,1626872438425,-1,-1,-1
238,599,1626872438425,-1,-1,-1
239,495,1626872439430,-1,-1,-1
240,791,1626872439430,-1,-1,-1
241,543,1626872440425,-1,-1,-1
242,543,1626872440426,-1,-1,-1
243,839,1626872441427,-1,-1,-1
244,639,1626872442469,-1,-1,-1
245,751,1626872443429,-1,-1,-1
246,631,1626872443429,-1,-1,-1
247,511,1626872444426,-1,-1,-1
248,431,1626872445426,-1,-1,-1
249,775,1626872447429,-1,-1,-1
250,607,1626872447429,-1,-1,-1
251,687,1626872451425,-1,-1,-1
252,735,1626872451425,-1,-1,-1
253,559,1626872453425,-1,-1,-1
254,551,1626872460425,-1,-1,-1
255,671,1626872462425,-1,-1,-1
256,767,1626872464431,-1,-1,-1
257,663,1626872465425,-1,-1,-1
258,639,1626872466465,-1,-1,-1
259,663,1626872466465,-1,-1,-1
260,695,1626872467425,-1,-1,-1
261,695,1626872468426,-1,-1,-1
262,655,1626872468426,-1,-1,-1
263,687,1626872469429,-1,-1,-1
264,615,1626872470425,-1,-1,-1
265,535,1626872470425,-1,-1,-1
266,703,1626872471426,-1,-1,-1
267,671,1626872471426,-1,-1,-1
268,599,1626872472426,-1,-1,-1
269,551,1626872473425,-1,-1,-1
270,559,1626872473425,-1,-1,-1
271,679,1626872478430,-1,-1,-1
272,679,1626872478430,-1,-1,-1
273,495,1626872479425,-1,-1,-1
274,559,1626872480426,-1,-1,-1
275,687,1626872481424,-1,-1,-1
276,599,1626872483426,-1,-1,-1
277,615,1626872483426,-1,-1,-1
278,615,1626872484425,-1,-1,-1
279,599,1626872485425,-1,-1,-1
280,487,1626872485425,-1,-1,-1
281,415,1626872485426,-1,-1,-1
282,807,1626872486427,-1,-1,-1
283,575,1626872487425,-1,-1,-1
284,783,1626872488429,-1,-1,-1
285,783,1626872489425,-1,-1,-1
286,615,1626872490425,-1,-1,-1
287,791,1626872491426,-1,-1,-1
288,791,1626872491426,-1,-1,-1
289,719,1626872492425,-1,-1,-1
290,591,1626872493425,-1,-1,-1
291,711,1626872493425,-1,-1,-1
292,583,1626872494424,-1,-1,-1
293,439,1626872496425,-1,-1,-1
294,655,1626872496425,-1,-1,-1
295,615,1626872497425,-1,-1,-1
296,663,1626872497425,-1,-1,-1
297,727,1626872498425,-1,-1,-1
298,727,1626872499467,-1,-1,-1
299,591,1626872500425,-1,-1,-1
300,807,1626872500425,-1,-1,-1
301,823,1626872501466,-1,-1,-1
302,623,1626872502425,-1,-1,-1
303,607,1626872502425,-1,-1,-1
304,727,1626872506466,-1,-1,-1
305,647,1626872512505,-1,-1,-1
306,575,1626872512505,-1,-1,-1
307,639,1626872513430,-1,-1,-1
308,639,1626872513430,-1,-1,-1
309,703,1626872514424,-1,-1,-1
310,647,1626872515425,-1,-1,-1
311,607,1626872517425,-1,-1,-1
312,831,1626872520432,-1,-1,-1
313,743,1626872521427,-1,-1,-1
314,591,1626872521427,-1,-1,-1
315,671,1626872522424,-1,-1,-1
316,671,1626872523471,-1,-1,-1
317,671,1626872523471,-1,-1,-1
318,647,1626872524430,-1,-1,-1
319,663,1626872525426,-1,-1,-1
320,623,1626872525426,-1,-1,-1
321,791,1626872529428,-1,-1,-1
322,511,1626872531424,-1,-1,-1
323,727,1626872535425,-1,-1,-1
324,439,1626872535425,-1,-1,-1
325,727,1626872536428,-1,-1,-1
326,647,1626872541425,-1,-1,-1
327,591,1626872541426,-1,-1,-1
328,631,1626872542425,-1,-1,-1
329,551,1626872543425,-1,-1,-1
330,575,1626872543425,-1,-1,-1
331,647,1626872546424,-1,-1,-1
332,495,1626872546424,-1,-1,-1
333,615,1626872547426,-1,-1,-1
334,663,1626872550425,-1,-1,-1
335,639,1626872550425,-1,-1,-1
336,615,1626872551425,-1,-1,-1
337,663,1626872552427,-1,-1,-1
338,535,1626872552427,-1,-1,-1
339,623,1626872553425,-1,-1,-1
340,671,1626872554425,-1,-1,-1
341,631,1626872557424,-1,-1,-1
342,711,1626872558424,-1,-1,-1
343,679,1626872560426,-1,-1,-1
344,783,1626872563425,-1,-1,-1
345,759,1626872563425,-1,-1,-1
346,727,1626872564425,-1,-1,-1
347,727,1626872565465,-1,-1,-1
348,663,1626872565465,-1,-1,-1
349,671,1626872566431,-1,-1,-1
350,671,1626872567426,-1,-1,-1
351,599,1626872567426,-1,-1,-1
352,639,1626872568424,-1,-1,-1
353,623,1626872569425,-1,-1,-1
354,631,1626872571425,-1,-1,-1
355,695,1626872571425,-1,-1,-1
356,583,1626872572425,-1,-1,-1
357,655,1626872574426,-1,-1,-1
358,655,1626872574426,-1,-1,-1
359,719,1626872575429,-1,-1,-1
360,655,1626872576425,-1,-1,-1
361,695,1626872577465,-1,-1,-1
362,655,1626872577465,-1,-1,-1
363,639,1626872578424,-1,-1,-1
364,631,1626872578424,-1,-1,-1
365,607,1626872579424,-1,-1,-1
366,591,1626872580435,-1,-1,-1
367,591,1626872580435,-1,-1,-1
368,583,1626872581464,-1,-1,-1
369,559,1626872581464,-1,-1,-1
370,615,1626872582424,-1,-1,-1
371,575,1626872583424,-1,-1,-1
372,567,1626872583425,-1,-1,-1
373,551,1626872584425,-1,-1,-1
374,615,1626872584425,-1,-1,-1
375,575,1626872585424,-1,-1,-1
376,583,1626872585424,-1,-1,-1
377,647,1626872586425,-1,-1,-1
378,631,1626872587425,-1,-1,-1
379,655,1626872587425,-1,-1,-1
380,655,1626872588426,-1,-1,-1
381,607,1626872589429,-1,-1,-1
382,599,1626872589430,-1,-1,-1
383,647,1626872590428,-1,-1,-1
384,591,1626872591425,-1,-1,-1
385,711,1626872591425,-1,-1,-1
386,863,1626872597424,-1,-1,-1
387,831,1626872598464,-1,-1,-1
388,807,1626872599424,-1,-1,-1
389,767,1626872599424,-1,-1,-1
390,727,1626872600426,-1,-1,-1
391,719,1626872601428,-1,-1,-1
392,671,1626872601429,-1,-1,-1
393,695,1626872602466,-1,-1,-1
394,687,1626872603424,-1,-1,-1
395,703,1626872604425,-1,-1,-1
396,679,1626872604425,-1,-1,-1
397,695,1626872605424,-1,-1,-1
398,687,1626872606424,-1,-1,-1
399,671,1626872606424,-1,-1,-1
400,671,1626872607424,-1,-1,-1
401,663,1626872608424,-1,-1,-1
402,687,1626872608424,-1,-1,-1
403,615,1626872609425,-1,-1,-1
404,639,1626872610425,-1,-1,-1
405,559,1626872614469,-1,-1,-1
406,591,1626872614469,-1,-1,-1
407,615,1626872615428,-1,-1,-1
408,623,1626872615428,-1,-1,-1
409,655,1626872616425,-1,-1,-1
410,679,1626872617424,-1,-1,-1
411,743,1626872617424,-1,-1,-1
412,727,1626872618425,-1,-1,-1
413,759,1626872619426,-1,-1,-1
414,695,1626872620424,-1,-1,-1
415,655,1626872628425,-1,-1,-1
416,639,1626872628425,-1,-1,-1
417,663,1626872629424,-1,-1,-1
418,655,1626872630425,-1,-1,-1
419,639,1626872630425,-1,-1,-1
420,703,1626872631468,-1,-1,-1
421,711,1626872632433,-1,-1,-1
422,655,1626872640424,-1,-1,-1
423,623,1626872640424,-1,-1,-1
424,671,1626872641424,-1,-1,-1
425,663,1626872642426,-1,-1,-1
426,711,1626872642426,-1,-1,-1
427,679,1626872643435,-1,-1,-1
428,687,1626872644424,-1,-1,-1
429,639,1626872644424,-1,-1,-1
430,663,1626872645424,-1,-1,-1
431,615,1626872646433,-1,-1,-1
432,607,1626872646433,-1,-1,-1
433,695,1626872651425,-1,-1,-1
434,471,1626872652425,-1,-1,-1
435,791,1626872657425,-1,-1,-1
436,695,1626872657425,-1,-1,-1
437,567,1626872660423,-1,-1,-1
438,623,1626872661428,-1,-1,-1
439,559,1626872661428,-1,-1,-1
440,679,1626872662428,-1,-1,-1
441,591,1626872662428,-1,-1,-1
442,607,1626872663425,-1,-1,-1
443,655,1626872664384,-1,-1,-1
444,599,1626872664384,-1,-1,-1
445,631,1626872665385,-1,-1,-1
446,631,1626872666464,-1,-1,-1
447,639,1626872666464,-1,-1,-1
448,639,1626872672386,-1,-1,-1
449,807,1626872675424,-1,-1,-1
450,687,1626872676387,-1,-1,-1
451,663,1626872676387,-1,-1,-1
452,567,1626872677384,-1,-1,-1
453,631,1626872682386,-1,-1,-1
