,RR,Timestamp,SensorContact,errorEstimate,blockerBit
0,767,1627403245373,-1,-1,-1
1,767,1627403245373,-1,-1,-1
2,767,1627403245373,-1,-1,-1
3,767,1627403245373,-1,-1,-1
4,799,1627403245373,-1,-1,-1
5,751,1627403245373,-1,-1,-1
6,735,1627403245374,-1,-1,-1
7,791,1627403245374,-1,-1,-1
8,775,1627403245374,-1,-1,-1
9,759,1627403245870,-1,-1,-1
10,783,1627403245870,-1,-1,-1
11,519,1627403246873,-1,-1,-1
12,727,1627403247877,-1,-1,-1
13,703,1627403251867,-1,-1,-1
14,767,1627403253871,-1,-1,-1
15,823,1627403259866,-1,-1,-1
16,871,1627403259866,-1,-1,-1
17,671,1627403262869,-1,-1,-1
18,703,1627403263866,-1,-1,-1
19,519,1627403264868,-1,-1,-1
20,799,1627403266872,-1,-1,-1
21,503,1627403267872,-1,-1,-1
22,479,1627403271874,-1,-1,-1
23,751,1627403272865,-1,-1,-1
24,503,1627403272865,-1,-1,-1
25,879,1627403273905,-1,-1,-1
26,799,1627403276865,-1,-1,-1
27,631,1627403276865,-1,-1,-1
28,823,1627403277871,-1,-1,-1
29,879,1627403281863,-1,-1,-1
30,839,1627403282876,-1,-1,-1
31,751,1627403288874,-1,-1,-1
32,767,1627403289872,-1,-1,-1
33,783,1627403295867,-1,-1,-1
34,1119,1627403296866,-1,-1,-1
35,751,1627403301866,-1,-1,-1
36,743,1627403301866,-1,-1,-1
37,759,1627403302872,-1,-1,-1
38,727,1627403303866,-1,-1,-1
39,711,1627403304866,-1,-1,-1
40,719,1627403304866,-1,-1,-1
41,831,1627403307867,-1,-1,-1
42,639,1627403308871,-1,-1,-1
43,671,1627403309871,-1,-1,-1
44,599,1627403309871,-1,-1,-1
45,719,1627403313993,-1,-1,-1
46,703,1627403319905,-1,-1,-1
47,767,1627403323904,-1,-1,-1
48,647,1627403329871,-1,-1,-1
49,727,1627403333872,-1,-1,-1
50,783,1627403335866,-1,-1,-1
51,647,1627403338870,-1,-1,-1
52,895,1627403343911,-1,-1,-1
53,759,1627403344867,-1,-1,-1
54,663,1627403348872,-1,-1,-1
55,511,1627403349864,-1,-1,-1
56,895,1627403353875,-1,-1,-1
57,687,1627403361946,-1,-1,-1
58,671,1627403361946,-1,-1,-1
59,647,1627403362867,-1,-1,-1
60,679,1627403363871,-1,-1,-1
61,663,1627403363871,-1,-1,-1
62,703,1627403364871,-1,-1,-1
63,727,1627403365864,-1,-1,-1
64,679,1627403365864,-1,-1,-1
65,703,1627403366873,-1,-1,-1
66,791,1627403367864,-1,-1,-1
67,495,1627403372910,-1,-1,-1
68,775,1627403374875,-1,-1,-1
69,823,1627403375911,-1,-1,-1
70,847,1627403375911,-1,-1,-1
71,799,1627403376866,-1,-1,-1
72,583,1627403386866,-1,-1,-1
73,591,1627403396871,-1,-1,-1
74,791,1627403397867,-1,-1,-1
75,551,1627403397868,-1,-1,-1
76,799,1627403407910,-1,-1,-1
77,727,1627403408871,-1,-1,-1
78,703,1627403409871,-1,-1,-1
79,639,1627403409871,-1,-1,-1
80,631,1627403410873,-1,-1,-1
81,863,1627403411872,-1,-1,-1
82,911,1627403418867,-1,-1,-1
83,807,1627403419864,-1,-1,-1
84,703,1627403419864,-1,-1,-1
85,647,1627403420866,-1,-1,-1
86,783,1627403426868,-1,-1,-1
87,663,1627403427866,-1,-1,-1
88,567,1627403427866,-1,-1,-1
89,615,1627403435872,-1,-1,-1
90,679,1627403440871,-1,-1,-1
91,639,1627403445909,-1,-1,-1
92,687,1627403446870,-1,-1,-1
93,719,1627403453906,-1,-1,-1
94,631,1627403464865,-1,-1,-1
95,631,1627403464865,-1,-1,-1
96,607,1627403465867,-1,-1,-1
97,423,1627403467864,-1,-1,-1
98,439,1627403467864,-1,-1,-1
99,455,1627403468871,-1,-1,-1
100,823,1627403469865,-1,-1,-1
101,591,1627403469866,-1,-1,-1
102,663,1627403474868,-1,-1,-1
103,735,1627403476867,-1,-1,-1
104,599,1627403477873,-1,-1,-1
105,919,1627403478906,-1,-1,-1
106,647,1627403480871,-1,-1,-1
107,655,1627403481866,-1,-1,-1
108,703,1627403481866,-1,-1,-1
109,591,1627403482867,-1,-1,-1
110,751,1627403483864,-1,-1,-1
111,559,1627403483864,-1,-1,-1
112,831,1627403484866,-1,-1,-1
113,719,1627403485864,-1,-1,-1
114,823,1627403488870,-1,-1,-1
115,863,1627403488870,-1,-1,-1
116,719,1627403493871,-1,-1,-1
117,687,1627403494866,-1,-1,-1
118,695,1627403495869,-1,-1,-1
119,735,1627403495869,-1,-1,-1
120,727,1627403496864,-1,-1,-1
121,647,1627403497867,-1,-1,-1
122,679,1627403498872,-1,-1,-1
123,767,1627403498872,-1,-1,-1
124,687,1627403499865,-1,-1,-1
125,871,1627403500869,-1,-1,-1
126,871,1627403501866,-1,-1,-1
127,711,1627403506913,-1,-1,-1
128,735,1627403509867,-1,-1,-1
129,839,1627403510868,-1,-1,-1
130,871,1627403510868,-1,-1,-1
131,751,1627403514870,-1,-1,-1
132,727,1627403515870,-1,-1,-1
133,727,1627403516871,-1,-1,-1
134,903,1627403519865,-1,-1,-1
135,655,1627403522943,-1,-1,-1
136,743,1627403527865,-1,-1,-1
137,711,1627403534992,-1,-1,-1
138,735,1627403535910,-1,-1,-1
139,711,1627403536871,-1,-1,-1
140,711,1627403537911,-1,-1,-1
141,719,1627403537911,-1,-1,-1
142,735,1627403538871,-1,-1,-1
143,759,1627403539871,-1,-1,-1
144,759,1627403542870,-1,-1,-1
145,783,1627403543871,-1,-1,-1
146,759,1627403543871,-1,-1,-1
147,511,1627403549871,-1,-1,-1
148,807,1627403552912,-1,-1,-1
149,895,1627403554871,-1,-1,-1
150,647,1627403561871,-1,-1,-1
151,559,1627403563865,-1,-1,-1
152,703,1627403571865,-1,-1,-1
153,703,1627403571865,-1,-1,-1
154,719,1627403572870,-1,-1,-1
155,679,1627403573870,-1,-1,-1
156,727,1627403573870,-1,-1,-1
157,743,1627403574866,-1,-1,-1
158,727,1627403575865,-1,-1,-1
159,759,1627403576870,-1,-1,-1
160,743,1627403576870,-1,-1,-1
161,735,1627403577865,-1,-1,-1
162,743,1627403578868,-1,-1,-1
163,719,1627403579870,-1,-1,-1
164,711,1627403579870,-1,-1,-1
165,743,1627403580864,-1,-1,-1
166,775,1627403581863,-1,-1,-1
167,767,1627403582869,-1,-1,-1
168,775,1627403582869,-1,-1,-1
169,751,1627403583870,-1,-1,-1
170,735,1627403584866,-1,-1,-1
171,759,1627403585870,-1,-1,-1
172,743,1627403585870,-1,-1,-1
173,735,1627403586910,-1,-1,-1
174,751,1627403587863,-1,-1,-1
175,743,1627403588864,-1,-1,-1
176,759,1627403588864,-1,-1,-1
177,751,1627403589869,-1,-1,-1
178,783,1627403590864,-1,-1,-1
179,759,1627403591870,-1,-1,-1
180,767,1627403591870,-1,-1,-1
181,759,1627403592871,-1,-1,-1
182,759,1627403593864,-1,-1,-1
183,759,1627403594864,-1,-1,-1
184,687,1627403594864,-1,-1,-1
185,759,1627403595865,-1,-1,-1
186,719,1627403596865,-1,-1,-1
187,727,1627403597869,-1,-1,-1
188,767,1627403597869,-1,-1,-1
189,751,1627403598832,-1,-1,-1
190,759,1627403599824,-1,-1,-1
191,791,1627403600867,-1,-1,-1
192,751,1627403600867,-1,-1,-1
193,767,1627403601829,-1,-1,-1
194,727,1627403602826,-1,-1,-1
195,727,1627403603830,-1,-1,-1
196,743,1627403603830,-1,-1,-1
197,695,1627403604829,-1,-1,-1
198,775,1627403606824,-1,-1,-1
199,727,1627403607829,-1,-1,-1
200,855,1627403609829,-1,-1,-1
201,759,1627403610826,-1,-1,-1
202,759,1627403611824,-1,-1,-1
203,719,1627403611824,-1,-1,-1
204,767,1627403612825,-1,-1,-1
205,823,1627403613831,-1,-1,-1
206,679,1627403614868,-1,-1,-1
207,727,1627403614868,-1,-1,-1
208,783,1627403615830,-1,-1,-1
209,735,1627403616865,-1,-1,-1
210,751,1627403617825,-1,-1,-1
211,751,1627403617825,-1,-1,-1
212,751,1627403618827,-1,-1,-1
213,743,1627403619831,-1,-1,-1
214,775,1627403620828,-1,-1,-1
215,767,1627403620828,-1,-1,-1
216,767,1627403621828,-1,-1,-1
217,759,1627403622944,-1,-1,-1
218,887,1627403624870,-1,-1,-1
219,807,1627403625828,-1,-1,-1
220,711,1627403626829,-1,-1,-1
221,847,1627403627832,-1,-1,-1
222,775,1627403627832,-1,-1,-1
223,751,1627403628830,-1,-1,-1
224,743,1627403629823,-1,-1,-1
225,703,1627403630826,-1,-1,-1
226,727,1627403630826,-1,-1,-1
227,711,1627403631830,-1,-1,-1
228,727,1627403632832,-1,-1,-1
229,759,1627403633827,-1,-1,-1
230,759,1627403633827,-1,-1,-1
231,743,1627403634828,-1,-1,-1
232,743,1627403635823,-1,-1,-1
233,695,1627403635823,-1,-1,-1
234,735,1627403636831,-1,-1,-1
235,687,1627403637829,-1,-1,-1
236,703,1627403638865,-1,-1,-1
237,711,1627403638865,-1,-1,-1
238,663,1627403639830,-1,-1,-1
239,711,1627403640867,-1,-1,-1
240,703,1627403640867,-1,-1,-1
241,775,1627403641825,-1,-1,-1
242,815,1627403642831,-1,-1,-1
243,791,1627403643828,-1,-1,-1
244,767,1627403644823,-1,-1,-1
245,719,1627403644823,-1,-1,-1
246,735,1627403645829,-1,-1,-1
247,703,1627403646874,-1,-1,-1
248,631,1627403646874,-1,-1,-1
249,655,1627403647824,-1,-1,-1
250,687,1627403648828,-1,-1,-1
251,711,1627403648829,-1,-1,-1
252,783,1627403649831,-1,-1,-1
253,831,1627403650825,-1,-1,-1
254,871,1627403651828,-1,-1,-1
255,807,1627403652824,-1,-1,-1
256,767,1627403652824,-1,-1,-1
257,711,1627403653823,-1,-1,-1
258,743,1627403654827,-1,-1,-1
259,743,1627403655869,-1,-1,-1
260,743,1627403655869,-1,-1,-1
261,775,1627403656828,-1,-1,-1
262,807,1627403657876,-1,-1,-1
263,807,1627403658825,-1,-1,-1
264,855,1627403660828,-1,-1,-1
265,791,1627403661828,-1,-1,-1
266,815,1627403662833,-1,-1,-1
267,719,1627403663830,-1,-1,-1
268,775,1627403663830,-1,-1,-1
269,791,1627403664824,-1,-1,-1
270,775,1627403665824,-1,-1,-1
271,783,1627403666829,-1,-1,-1
272,615,1627403669825,-1,-1,-1
273,599,1627403670829,-1,-1,-1
274,687,1627403670829,-1,-1,-1
275,767,1627403671863,-1,-1,-1
276,751,1627403672908,-1,-1,-1
277,831,1627403673828,-1,-1,-1
278,735,1627403676825,-1,-1,-1
279,735,1627403678869,-1,-1,-1
280,791,1627403680829,-1,-1,-1
281,807,1627403681830,-1,-1,-1
282,735,1627403682824,-1,-1,-1
283,719,1627403683824,-1,-1,-1
284,703,1627403683824,-1,-1,-1
285,735,1627403684823,-1,-1,-1
286,799,1627403685828,-1,-1,-1
287,743,1627403686823,-1,-1,-1
288,711,1627403686823,-1,-1,-1
289,767,1627403687830,-1,-1,-1
290,847,1627403688870,-1,-1,-1
291,815,1627403689823,-1,-1,-1
292,1000,1627403690823,-1,-1,-1
293,879,1627403691824,-1,-1,-1
294,759,1627403691824,-1,-1,-1
295,735,1627403694823,-1,-1,-1
296,927,1627403696823,-1,-1,-1
297,695,1627403703828,-1,-1,-1
298,919,1627403704869,-1,-1,-1
299,671,1627403708825,-1,-1,-1
300,743,1627403711828,-1,-1,-1
301,711,1627403711828,-1,-1,-1
302,807,1627403712828,-1,-1,-1
303,887,1627403718827,-1,-1,-1
304,887,1627403719825,-1,-1,-1
305,751,1627403720828,-1,-1,-1
306,727,1627403722823,-1,-1,-1
307,751,1627403723828,-1,-1,-1
308,735,1627403724829,-1,-1,-1
309,727,1627403724829,-1,-1,-1
310,743,1627403725824,-1,-1,-1
311,711,1627403726825,-1,-1,-1
312,719,1627403726825,-1,-1,-1
313,703,1627403727824,-1,-1,-1
314,847,1627403728831,-1,-1,-1
315,679,1627403729831,-1,-1,-1
316,711,1627403729832,-1,-1,-1
317,751,1627403730829,-1,-1,-1
318,735,1627403731823,-1,-1,-1
319,887,1627403732828,-1,-1,-1
320,855,1627403733828,-1,-1,-1
321,599,1627403733828,-1,-1,-1
322,711,1627403737903,-1,-1,-1
323,767,1627403737903,-1,-1,-1
324,759,1627403738829,-1,-1,-1
325,759,1627403739828,-1,-1,-1
326,759,1627403740827,-1,-1,-1
327,695,1627403740827,-1,-1,-1
328,711,1627403741825,-1,-1,-1
329,735,1627403743828,-1,-1,-1
330,727,1627403744825,-1,-1,-1
331,815,1627403745864,-1,-1,-1
332,671,1627403747828,-1,-1,-1
333,911,1627403747828,-1,-1,-1
334,855,1627403748825,-1,-1,-1
335,791,1627403749825,-1,-1,-1
336,735,1627403750823,-1,-1,-1
337,719,1627403751828,-1,-1,-1
338,719,1627403751828,-1,-1,-1
339,639,1627403752825,-1,-1,-1
340,623,1627403753866,-1,-1,-1
341,639,1627403753866,-1,-1,-1
342,727,1627403754824,-1,-1,-1
343,927,1627403758824,-1,-1,-1
344,911,1627403759825,-1,-1,-1
345,895,1627403760868,-1,-1,-1
346,791,1627403761825,-1,-1,-1
347,727,1627403762824,-1,-1,-1
348,671,1627403762824,-1,-1,-1
349,695,1627403763824,-1,-1,-1
350,751,1627403764826,-1,-1,-1
351,719,1627403764826,-1,-1,-1
352,719,1627403765824,-1,-1,-1
353,719,1627403766824,-1,-1,-1
354,695,1627403767824,-1,-1,-1
355,711,1627403767824,-1,-1,-1
356,711,1627403768865,-1,-1,-1
357,815,1627403769904,-1,-1,-1
358,831,1627403770866,-1,-1,-1
359,815,1627403770866,-1,-1,-1
360,759,1627403771830,-1,-1,-1
361,783,1627403772828,-1,-1,-1
362,743,1627403773824,-1,-1,-1
363,695,1627403773824,-1,-1,-1
364,751,1627403774827,-1,-1,-1
365,751,1627403775830,-1,-1,-1
366,775,1627403776826,-1,-1,-1
367,767,1627403776826,-1,-1,-1
368,799,1627403777832,-1,-1,-1
369,871,1627403778828,-1,-1,-1
370,911,1627403779825,-1,-1,-1
371,807,1627403780828,-1,-1,-1
372,815,1627403781830,-1,-1,-1
373,831,1627403782827,-1,-1,-1
374,855,1627403782827,-1,-1,-1
375,823,1627403783829,-1,-1,-1
376,823,1627403784827,-1,-1,-1
377,815,1627403785826,-1,-1,-1
378,743,1627403786830,-1,-1,-1
379,631,1627403786830,-1,-1,-1
380,863,1627403787828,-1,-1,-1
381,751,1627403788829,-1,-1,-1
382,703,1627403789827,-1,-1,-1
383,703,1627403789827,-1,-1,-1
384,743,1627403790823,-1,-1,-1
385,823,1627403791825,-1,-1,-1
386,767,1627403792823,-1,-1,-1
387,751,1627403792823,-1,-1,-1
388,719,1627403793823,-1,-1,-1
389,807,1627403794830,-1,-1,-1
390,767,1627403795823,-1,-1,-1
391,767,1627403795823,-1,-1,-1
392,743,1627403796838,-1,-1,-1
393,751,1627403797823,-1,-1,-1
394,687,1627403799827,-1,-1,-1
395,839,1627403801824,-1,-1,-1
396,879,1627403802904,-1,-1,-1
397,847,1627403803867,-1,-1,-1
398,767,1627403804827,-1,-1,-1
399,823,1627403805829,-1,-1,-1
400,839,1627403806823,-1,-1,-1
401,799,1627403806823,-1,-1,-1
402,871,1627403807827,-1,-1,-1
403,839,1627403808825,-1,-1,-1
404,815,1627403809824,-1,-1,-1
405,807,1627403810828,-1,-1,-1
406,783,1627403810828,-1,-1,-1
407,743,1627403811824,-1,-1,-1
408,727,1627403817824,-1,-1,-1
409,783,1627403817824,-1,-1,-1
410,719,1627403823828,-1,-1,-1
411,639,1627403825830,-1,-1,-1
412,663,1627403826825,-1,-1,-1
413,631,1627403826825,-1,-1,-1
414,623,1627403827824,-1,-1,-1
415,647,1627403829829,-1,-1,-1
416,671,1627403830823,-1,-1,-1
417,695,1627403831825,-1,-1,-1
418,767,1627403832863,-1,-1,-1
419,863,1627403834824,-1,-1,-1
420,503,1627403836870,-1,-1,-1
421,863,1627403838825,-1,-1,-1
422,687,1627403838825,-1,-1,-1
423,895,1627403839868,-1,-1,-1
424,775,1627403840865,-1,-1,-1
425,751,1627403841823,-1,-1,-1
426,791,1627403842827,-1,-1,-1
427,735,1627403842827,-1,-1,-1
428,719,1627403843824,-1,-1,-1
429,735,1627403844832,-1,-1,-1
430,743,1627403845825,-1,-1,-1
431,799,1627403845825,-1,-1,-1
432,791,1627403846824,-1,-1,-1
433,871,1627403847829,-1,-1,-1
434,887,1627403848827,-1,-1,-1
435,887,1627403849829,-1,-1,-1
436,815,1627403850828,-1,-1,-1
437,871,1627403851824,-1,-1,-1
438,879,1627403851824,-1,-1,-1
439,775,1627403852868,-1,-1,-1
440,759,1627403853828,-1,-1,-1
441,719,1627403854827,-1,-1,-1
442,751,1627403854827,-1,-1,-1
443,703,1627403855826,-1,-1,-1
444,719,1627403856823,-1,-1,-1
445,735,1627403858829,-1,-1,-1
446,831,1627403859830,-1,-1,-1
447,719,1627403860831,-1,-1,-1
448,807,1627403860831,-1,-1,-1
449,767,1627403861831,-1,-1,-1
450,783,1627403864869,-1,-1,-1
451,751,1627403864869,-1,-1,-1
452,743,1627403865828,-1,-1,-1
453,719,1627403867831,-1,-1,-1
454,735,1627403868829,-1,-1,-1
455,703,1627403869870,-1,-1,-1
456,855,1627403870830,-1,-1,-1
457,855,1627403870830,-1,-1,-1
458,735,1627403873828,-1,-1,-1
459,687,1627403873828,-1,-1,-1
460,703,1627403874829,-1,-1,-1
461,679,1627403875828,-1,-1,-1
462,719,1627403875828,-1,-1,-1
463,735,1627403876829,-1,-1,-1
464,735,1627403877824,-1,-1,-1
465,719,1627403878823,-1,-1,-1
466,775,1627403878823,-1,-1,-1
467,727,1627403879823,-1,-1,-1
468,735,1627403880829,-1,-1,-1
469,727,1627403881824,-1,-1,-1
470,639,1627403881824,-1,-1,-1
471,823,1627403882829,-1,-1,-1
472,703,1627403886828,-1,-1,-1
473,487,1627403887823,-1,-1,-1
474,823,1627403892828,-1,-1,-1
475,759,1627403892828,-1,-1,-1
476,703,1627403893823,-1,-1,-1
477,711,1627403894830,-1,-1,-1
478,711,1627403894830,-1,-1,-1
479,687,1627403895827,-1,-1,-1
480,703,1627403896864,-1,-1,-1
481,719,1627403897823,-1,-1,-1
482,719,1627403906829,-1,-1,-1
483,591,1627403908827,-1,-1,-1
484,631,1627403909832,-1,-1,-1
485,519,1627403910826,-1,-1,-1
486,615,1627403911823,-1,-1,-1
487,615,1627403915829,-1,-1,-1
488,543,1627403918864,-1,-1,-1
489,591,1627403920826,-1,-1,-1
490,391,1627403923823,-1,-1,-1
491,423,1627403930826,-1,-1,-1
492,559,1627403932828,-1,-1,-1
493,615,1627403933827,-1,-1,-1
494,695,1627403934829,-1,-1,-1
495,535,1627403936833,-1,-1,-1
496,607,1627403939824,-1,-1,-1
497,623,1627403946828,-1,-1,-1
498,655,1627403946828,-1,-1,-1
499,767,1627403949827,-1,-1,-1
500,535,1627403950826,-1,-1,-1
501,623,1627403950827,-1,-1,-1
502,479,1627403951903,-1,-1,-1
503,527,1627403951903,-1,-1,-1
504,495,1627403952824,-1,-1,-1
505,543,1627403952824,-1,-1,-1
506,663,1627403953825,-1,-1,-1
507,463,1627403954829,-1,-1,-1
508,503,1627403955823,-1,-1,-1
509,615,1627403956831,-1,-1,-1
510,543,1627403957830,-1,-1,-1
511,575,1627403958824,-1,-1,-1
512,871,1627403959823,-1,-1,-1
513,559,1627403959823,-1,-1,-1
514,615,1627403960867,-1,-1,-1
515,631,1627403962831,-1,-1,-1
516,695,1627403962831,-1,-1,-1
517,559,1627403963823,-1,-1,-1
518,847,1627403965822,-1,-1,-1
519,559,1627403965823,-1,-1,-1
520,599,1627403966830,-1,-1,-1
521,623,1627403967823,-1,-1,-1
522,663,1627403967823,-1,-1,-1
523,671,1627403968864,-1,-1,-1
524,519,1627403968864,-1,-1,-1
525,607,1627403969823,-1,-1,-1
526,519,1627403970825,-1,-1,-1
527,543,1627403970825,-1,-1,-1
528,471,1627403971826,-1,-1,-1
529,519,1627403971826,-1,-1,-1
530,447,1627403972828,-1,-1,-1
531,599,1627403972828,-1,-1,-1
532,519,1627403973825,-1,-1,-1
533,591,1627403973825,-1,-1,-1
534,423,1627403974823,-1,-1,-1
535,607,1627403975824,-1,-1,-1
536,551,1627403976828,-1,-1,-1
537,559,1627403976828,-1,-1,-1
538,527,1627403977822,-1,-1,-1
539,479,1627403977822,-1,-1,-1
540,551,1627403978825,-1,-1,-1
541,591,1627403980824,-1,-1,-1
542,527,1627403980824,-1,-1,-1
543,615,1627403984868,-1,-1,-1
544,527,1627403984868,-1,-1,-1
545,695,1627403985823,-1,-1,-1
546,751,1627403986826,-1,-1,-1
547,575,1627403986826,-1,-1,-1
548,591,1627403987825,-1,-1,-1
549,575,1627403987826,-1,-1,-1
550,519,1627403988824,-1,-1,-1
551,583,1627403990822,-1,-1,-1
552,591,1627403991823,-1,-1,-1
553,599,1627403991823,-1,-1,-1
554,551,1627403992864,-1,-1,-1
555,687,1627403992864,-1,-1,-1
556,695,1627403993828,-1,-1,-1
557,551,1627403994824,-1,-1,-1
558,623,1627403994824,-1,-1,-1
559,567,1627403995831,-1,-1,-1
560,647,1627403996823,-1,-1,-1
561,631,1627403996823,-1,-1,-1
562,591,1627403997827,-1,-1,-1
563,615,1627403997828,-1,-1,-1
564,671,1627403998823,-1,-1,-1
565,567,1627404000823,-1,-1,-1
566,559,1627404000823,-1,-1,-1
567,599,1627404002863,-1,-1,-1
568,431,1627404006830,-1,-1,-1
569,599,1627404008830,-1,-1,-1
570,591,1627404009907,-1,-1,-1
571,703,1627404010822,-1,-1,-1
572,567,1627404010822,-1,-1,-1
573,591,1627404011905,-1,-1,-1
574,695,1627404011905,-1,-1,-1
575,447,1627404012822,-1,-1,-1
576,823,1627404013824,-1,-1,-1
577,575,1627404013824,-1,-1,-1
578,567,1627404014948,-1,-1,-1
579,647,1627404015824,-1,-1,-1
580,639,1627404017907,-1,-1,-1
581,679,1627404018826,-1,-1,-1
582,631,1627404018826,-1,-1,-1
583,663,1627404019870,-1,-1,-1
584,639,1627404021823,-1,-1,-1
585,639,1627404023828,-1,-1,-1
586,631,1627404024864,-1,-1,-1
587,511,1627404024864,-1,-1,-1
588,639,1627404025826,-1,-1,-1
589,671,1627404027824,-1,-1,-1
590,815,1627404028823,-1,-1,-1
591,671,1627404035870,-1,-1,-1
592,775,1627404037824,-1,-1,-1
593,647,1627404038828,-1,-1,-1
594,655,1627404038828,-1,-1,-1
595,703,1627404041868,-1,-1,-1
596,879,1627404048867,-1,-1,-1
597,983,1627404052862,-1,-1,-1
598,863,1627404055833,-1,-1,-1
599,759,1627404056868,-1,-1,-1
600,775,1627404058824,-1,-1,-1
601,1023,1627404060828,-1,-1,-1
602,631,1627404063827,-1,-1,-1
603,703,1627404063827,-1,-1,-1
604,719,1627404064827,-1,-1,-1
605,599,1627404065827,-1,-1,-1
606,687,1627404068827,-1,-1,-1
607,655,1627404075830,-1,-1,-1
608,823,1627404076823,-1,-1,-1
609,639,1627404078823,-1,-1,-1
610,799,1627404083864,-1,-1,-1
611,767,1627404084827,-1,-1,-1
612,639,1627404088863,-1,-1,-1
613,623,1627404088863,-1,-1,-1
614,487,1627404089828,-1,-1,-1
615,775,1627404089828,-1,-1,-1
616,759,1627404090823,-1,-1,-1
617,687,1627404092823,-1,-1,-1
618,767,1627404093863,-1,-1,-1
619,543,1627404097824,-1,-1,-1
620,487,1627404110863,-1,-1,-1
621,855,1627404112827,-1,-1,-1
622,703,1627404114830,-1,-1,-1
623,727,1627404121822,-1,-1,-1
624,591,1627404123825,-1,-1,-1
625,847,1627404126823,-1,-1,-1
626,855,1627404128825,-1,-1,-1
627,663,1627404136828,-1,-1,-1
628,631,1627404138823,-1,-1,-1
629,615,1627404153830,-1,-1,-1
630,727,1627404155831,-1,-1,-1
631,719,1627404158864,-1,-1,-1
632,623,1627404160822,-1,-1,-1
633,695,1627404161828,-1,-1,-1
634,615,1627404165862,-1,-1,-1
635,511,1627404165862,-1,-1,-1
636,783,1627404166864,-1,-1,-1
637,663,1627404168826,-1,-1,-1
638,631,1627404169824,-1,-1,-1
639,599,1627404169824,-1,-1,-1
640,639,1627404171865,-1,-1,-1
641,559,1627404172826,-1,-1,-1
642,663,1627404172826,-1,-1,-1
643,631,1627404176823,-1,-1,-1
644,647,1627404177832,-1,-1,-1
645,631,1627404178830,-1,-1,-1
646,655,1627404178830,-1,-1,-1
647,807,1627404187824,-1,-1,-1
648,791,1627404197831,-1,-1,-1
649,719,1627404200833,-1,-1,-1
650,591,1627404202826,-1,-1,-1
651,767,1627404205822,-1,-1,-1
652,727,1627404205823,-1,-1,-1
653,807,1627404206830,-1,-1,-1
654,767,1627404207824,-1,-1,-1
655,727,1627404209867,-1,-1,-1
656,511,1627404211823,-1,-1,-1
657,543,1627404211823,-1,-1,-1
658,831,1627404215865,-1,-1,-1
659,791,1627404221823,-1,-1,-1
660,695,1627404223823,-1,-1,-1
661,791,1627404230828,-1,-1,-1
662,615,1627404234864,-1,-1,-1
663,535,1627404235825,-1,-1,-1
664,671,1627404235825,-1,-1,-1
665,583,1627404237784,-1,-1,-1
666,719,1627404245783,-1,-1,-1
667,559,1627404260824,-1,-1,-1
668,399,1627404260824,-1,-1,-1
669,631,1627404262793,-1,-1,-1
670,799,1627404270783,-1,-1,-1
671,775,1627404272828,-1,-1,-1
672,807,1627404274782,-1,-1,-1
673,783,1627404277862,-1,-1,-1
674,519,1627404277862,-1,-1,-1
675,671,1627404278786,-1,-1,-1
676,807,1627404279829,-1,-1,-1
677,735,1627404287785,-1,-1,-1
678,591,1627404306791,-1,-1,-1
679,503,1627404308782,-1,-1,-1
680,575,1627404315786,-1,-1,-1
681,631,1627404316824,-1,-1,-1
682,583,1627404321903,-1,-1,-1
683,727,1627404321903,-1,-1,-1
684,559,1627404322824,-1,-1,-1
685,615,1627404323784,-1,-1,-1
686,639,1627404323784,-1,-1,-1
687,559,1627404324786,-1,-1,-1
688,807,1627404325783,-1,-1,-1
689,671,1627404325783,-1,-1,-1
690,607,1627404327786,-1,-1,-1
691,719,1627404328784,-1,-1,-1
692,623,1627404329783,-1,-1,-1
693,647,1627404329783,-1,-1,-1
694,759,1627404330865,-1,-1,-1
695,543,1627404333823,-1,-1,-1
696,663,1627404334788,-1,-1,-1
697,639,1627404335828,-1,-1,-1
698,679,1627404335828,-1,-1,-1
699,719,1627404341787,-1,-1,-1
700,471,1627404343784,-1,-1,-1
701,751,1627404348782,-1,-1,-1
702,615,1627404353832,-1,-1,-1
703,591,1627404354866,-1,-1,-1
704,647,1627404370782,-1,-1,-1
705,831,1627404371943,-1,-1,-1
706,415,1627404373784,-1,-1,-1
707,687,1627404373784,-1,-1,-1
708,559,1627404374784,-1,-1,-1
709,759,1627404375825,-1,-1,-1
710,767,1627404375825,-1,-1,-1
711,783,1627404376861,-1,-1,-1
712,711,1627404383785,-1,-1,-1
713,743,1627404392782,-1,-1,-1
714,631,1627404395824,-1,-1,-1
715,455,1627404396985,-1,-1,-1
716,527,1627404397782,-1,-1,-1
717,511,1627404397782,-1,-1,-1
718,735,1627404400789,-1,-1,-1
719,439,1627404408862,-1,-1,-1
720,719,1627404419867,-1,-1,-1
721,703,1627404422829,-1,-1,-1
722,695,1627404422829,-1,-1,-1
723,599,1627404424827,-1,-1,-1
724,527,1627404425784,-1,-1,-1
725,695,1627404444784,-1,-1,-1
726,687,1627404447827,-1,-1,-1
727,783,1627404452782,-1,-1,-1
728,591,1627404452782,-1,-1,-1
729,791,1627404458786,-1,-1,-1
730,775,1627404459826,-1,-1,-1
731,751,1627404460785,-1,-1,-1
732,711,1627404460785,-1,-1,-1
733,783,1627404473787,-1,-1,-1
734,687,1627404474788,-1,-1,-1
735,727,1627404475783,-1,-1,-1
736,735,1627404475783,-1,-1,-1
737,719,1627404478789,-1,-1,-1
738,711,1627404478789,-1,-1,-1
739,695,1627404479787,-1,-1,-1
740,663,1627404480784,-1,-1,-1
741,703,1627404480784,-1,-1,-1
742,663,1627404481826,-1,-1,-1
743,679,1627404482786,-1,-1,-1
744,495,1627404485785,-1,-1,-1
745,639,1627404488785,-1,-1,-1
746,663,1627404489783,-1,-1,-1
747,847,1627404491864,-1,-1,-1
748,895,1627404494829,-1,-1,-1
749,743,1627404496783,-1,-1,-1
750,759,1627404496783,-1,-1,-1
751,535,1627404497783,-1,-1,-1
752,903,1627404499783,-1,-1,-1
753,711,1627404503790,-1,-1,-1
754,671,1627404509781,-1,-1,-1
755,655,1627404516868,-1,-1,-1
756,495,1627404519787,-1,-1,-1
757,831,1627404520790,-1,-1,-1
758,655,1627404521787,-1,-1,-1
759,687,1627404522784,-1,-1,-1
760,655,1627404522784,-1,-1,-1
761,687,1627404523821,-1,-1,-1
762,727,1627404524823,-1,-1,-1
763,727,1627404524823,-1,-1,-1
764,687,1627404525781,-1,-1,-1
765,671,1627404526782,-1,-1,-1
766,655,1627404526782,-1,-1,-1
767,655,1627404527785,-1,-1,-1
768,647,1627404528785,-1,-1,-1
769,687,1627404528785,-1,-1,-1
770,591,1627404529781,-1,-1,-1
771,719,1627404531786,-1,-1,-1
772,895,1627404532865,-1,-1,-1
773,751,1627404539782,-1,-1,-1
774,671,1627404540787,-1,-1,-1
775,719,1627404541784,-1,-1,-1
776,783,1627404545823,-1,-1,-1
777,639,1627404546784,-1,-1,-1
778,775,1627404547827,-1,-1,-1
779,559,1627404547827,-1,-1,-1
780,887,1627404548784,-1,-1,-1
781,479,1627404549786,-1,-1,-1
782,863,1627404550785,-1,-1,-1
783,775,1627404550786,-1,-1,-1
784,695,1627404551784,-1,-1,-1
785,871,1627404557823,-1,-1,-1
786,687,1627404564785,-1,-1,-1
787,695,1627404565781,-1,-1,-1
788,687,1627404566781,-1,-1,-1
789,671,1627404568861,-1,-1,-1
790,743,1627404569785,-1,-1,-1
791,703,1627404569785,-1,-1,-1
792,703,1627404571781,-1,-1,-1
793,719,1627404572786,-1,-1,-1
794,767,1627404573781,-1,-1,-1
795,695,1627404574781,-1,-1,-1
796,687,1627404574781,-1,-1,-1
797,799,1627404577860,-1,-1,-1
798,951,1627404578782,-1,-1,-1
799,639,1627404583783,-1,-1,-1
800,623,1627404584830,-1,-1,-1
801,663,1627404585783,-1,-1,-1
802,703,1627404585783,-1,-1,-1
803,687,1627404586861,-1,-1,-1
804,647,1627404587781,-1,-1,-1
805,751,1627404587781,-1,-1,-1
806,727,1627404592781,-1,-1,-1
807,639,1627404593781,-1,-1,-1
808,855,1627404594784,-1,-1,-1
809,687,1627404594784,-1,-1,-1
810,647,1627404595780,-1,-1,-1
811,703,1627404596828,-1,-1,-1
812,695,1627404596829,-1,-1,-1
813,711,1627404600785,-1,-1,-1
814,711,1627404606789,-1,-1,-1
815,647,1627404608781,-1,-1,-1
816,663,1627404610784,-1,-1,-1
817,655,1627404611783,-1,-1,-1
818,679,1627404611783,-1,-1,-1
819,663,1627404612786,-1,-1,-1
820,647,1627404613824,-1,-1,-1
821,615,1627404613824,-1,-1,-1
822,663,1627404614782,-1,-1,-1
823,631,1627404614782,-1,-1,-1
824,647,1627404615782,-1,-1,-1
825,679,1627404616785,-1,-1,-1
826,735,1627404617784,-1,-1,-1
827,799,1627404617784,-1,-1,-1
828,743,1627404618791,-1,-1,-1
829,663,1627404619792,-1,-1,-1
830,735,1627404619792,-1,-1,-1
831,655,1627404620781,-1,-1,-1
832,695,1627404621785,-1,-1,-1
833,639,1627404623828,-1,-1,-1
834,679,1627404623828,-1,-1,-1
835,639,1627404624787,-1,-1,-1
836,623,1627404625781,-1,-1,-1
837,695,1627404625781,-1,-1,-1
838,655,1627404626781,-1,-1,-1
839,703,1627404628786,-1,-1,-1
840,727,1627404629825,-1,-1,-1
841,703,1627404630786,-1,-1,-1
842,695,1627404630786,-1,-1,-1
843,719,1627404631825,-1,-1,-1
844,687,1627404632787,-1,-1,-1
845,679,1627404632787,-1,-1,-1
846,743,1627404641827,-1,-1,-1
847,671,1627404642868,-1,-1,-1
848,711,1627404643785,-1,-1,-1
849,711,1627404644786,-1,-1,-1
850,703,1627404644786,-1,-1,-1
851,727,1627404645783,-1,-1,-1
852,727,1627404646780,-1,-1,-1
853,703,1627404646780,-1,-1,-1
854,703,1627404647782,-1,-1,-1
855,735,1627404650787,-1,-1,-1
856,743,1627404651826,-1,-1,-1
857,743,1627404652784,-1,-1,-1
858,735,1627404652784,-1,-1,-1
859,735,1627404653866,-1,-1,-1
860,687,1627404654784,-1,-1,-1
861,759,1627404654784,-1,-1,-1
862,703,1627404655822,-1,-1,-1
863,687,1627404656823,-1,-1,-1
864,703,1627404657785,-1,-1,-1
865,711,1627404657785,-1,-1,-1
866,711,1627404658781,-1,-1,-1
867,711,1627404659787,-1,-1,-1
868,663,1627404659787,-1,-1,-1
869,711,1627404664862,-1,-1,-1
870,759,1627404665786,-1,-1,-1
871,855,1627404667787,-1,-1,-1
872,711,1627404667787,-1,-1,-1
873,711,1627404668787,-1,-1,-1
874,663,1627404669787,-1,-1,-1
875,679,1627404670783,-1,-1,-1
876,623,1627404670783,-1,-1,-1
877,799,1627404671781,-1,-1,-1
878,815,1627404673828,-1,-1,-1
879,831,1627404674786,-1,-1,-1
880,751,1627404675788,-1,-1,-1
881,767,1627404676791,-1,-1,-1
882,743,1627404677787,-1,-1,-1
883,735,1627404677787,-1,-1,-1
884,743,1627404678786,-1,-1,-1
885,743,1627404679866,-1,-1,-1
886,679,1627404679866,-1,-1,-1
887,687,1627404680787,-1,-1,-1
888,743,1627404683781,-1,-1,-1
889,823,1627404684781,-1,-1,-1
890,735,1627404685785,-1,-1,-1
891,751,1627404685785,-1,-1,-1
892,759,1627404686783,-1,-1,-1
893,727,1627404687795,-1,-1,-1
894,719,1627404688783,-1,-1,-1
895,719,1627404688783,-1,-1,-1
896,695,1627404689786,-1,-1,-1
897,687,1627404690827,-1,-1,-1
898,703,1627404693786,-1,-1,-1
899,679,1627404694787,-1,-1,-1
900,783,1627404695904,-1,-1,-1
901,711,1627404695904,-1,-1,-1
902,735,1627404699784,-1,-1,-1
903,679,1627404701785,-1,-1,-1
904,671,1627404702781,-1,-1,-1
905,687,1627404702781,-1,-1,-1
906,559,1627404703789,-1,-1,-1
907,807,1627404704830,-1,-1,-1
908,671,1627404705825,-1,-1,-1
909,743,1627404705825,-1,-1,-1
910,711,1627404706830,-1,-1,-1
911,679,1627404707785,-1,-1,-1
912,727,1627404707785,-1,-1,-1
913,687,1627404708786,-1,-1,-1
914,727,1627404709783,-1,-1,-1
915,519,1627404709783,-1,-1,-1
916,879,1627404710787,-1,-1,-1
917,711,1627404711826,-1,-1,-1
918,671,1627404712781,-1,-1,-1
919,695,1627404712781,-1,-1,-1
920,671,1627404713782,-1,-1,-1
921,767,1627404714781,-1,-1,-1
922,631,1627404714781,-1,-1,-1
923,727,1627404715781,-1,-1,-1
924,679,1627404717863,-1,-1,-1
925,663,1627404724783,-1,-1,-1
926,759,1627404725820,-1,-1,-1
927,455,1627404725820,-1,-1,-1
928,703,1627404727783,-1,-1,-1
929,679,1627404728861,-1,-1,-1
930,783,1627404729824,-1,-1,-1
931,631,1627404729824,-1,-1,-1
932,783,1627404730786,-1,-1,-1
933,687,1627404731829,-1,-1,-1
934,743,1627404731829,-1,-1,-1
935,567,1627404732785,-1,-1,-1
936,783,1627404733781,-1,-1,-1
937,463,1627404733781,-1,-1,-1
938,839,1627404734781,-1,-1,-1
939,655,1627404737829,-1,-1,-1
940,623,1627404737829,-1,-1,-1
941,655,1627404738783,-1,-1,-1
942,655,1627404740782,-1,-1,-1
943,679,1627404741784,-1,-1,-1
944,703,1627404741784,-1,-1,-1
945,711,1627404742861,-1,-1,-1
946,695,1627404743828,-1,-1,-1
947,671,1627404744783,-1,-1,-1
948,727,1627404744783,-1,-1,-1
949,655,1627404745826,-1,-1,-1
950,639,1627404747785,-1,-1,-1
951,607,1627404748785,-1,-1,-1
952,615,1627404748785,-1,-1,-1
953,655,1627404749785,-1,-1,-1
954,663,1627404749785,-1,-1,-1
955,703,1627404750786,-1,-1,-1
956,735,1627404751782,-1,-1,-1
957,535,1627404752787,-1,-1,-1
958,703,1627404753786,-1,-1,-1
959,727,1627404754785,-1,-1,-1
960,695,1627404756783,-1,-1,-1
961,655,1627404757782,-1,-1,-1
962,695,1627404757782,-1,-1,-1
963,679,1627404758787,-1,-1,-1
964,647,1627404759786,-1,-1,-1
965,639,1627404759786,-1,-1,-1
966,679,1627404760785,-1,-1,-1
967,703,1627404761866,-1,-1,-1
968,687,1627404761866,-1,-1,-1
969,663,1627404762785,-1,-1,-1
970,743,1627404763785,-1,-1,-1
971,703,1627404763785,-1,-1,-1
972,767,1627404766786,-1,-1,-1
973,727,1627404767835,-1,-1,-1
974,799,1627404768786,-1,-1,-1
975,775,1627404769827,-1,-1,-1
976,751,1627404769827,-1,-1,-1
977,751,1627404770786,-1,-1,-1
978,703,1627404771785,-1,-1,-1
979,719,1627404772821,-1,-1,-1
980,727,1627404772821,-1,-1,-1
981,783,1627404773785,-1,-1,-1
982,711,1627404774784,-1,-1,-1
983,687,1627404774784,-1,-1,-1
984,679,1627404775787,-1,-1,-1
985,695,1627404777825,-1,-1,-1
986,735,1627404778781,-1,-1,-1
987,719,1627404779785,-1,-1,-1
988,791,1627404779785,-1,-1,-1
989,799,1627404780862,-1,-1,-1
990,815,1627404781782,-1,-1,-1
991,807,1627404782785,-1,-1,-1
992,791,1627404783782,-1,-1,-1
993,799,1627404783782,-1,-1,-1
994,807,1627404784786,-1,-1,-1
995,815,1627404785785,-1,-1,-1
996,735,1627404786787,-1,-1,-1
997,767,1627404787786,-1,-1,-1
998,791,1627404787786,-1,-1,-1
999,767,1627404788786,-1,-1,-1
1000,783,1627404789783,-1,-1,-1
1001,815,1627404790786,-1,-1,-1
1002,775,1627404790786,-1,-1,-1
1003,767,1627404791786,-1,-1,-1
1004,807,1627404792867,-1,-1,-1
1005,735,1627404793785,-1,-1,-1
1006,743,1627404793785,-1,-1,-1
1007,759,1627404794827,-1,-1,-1
1008,719,1627404795786,-1,-1,-1
1009,751,1627404796821,-1,-1,-1
1010,751,1627404796821,-1,-1,-1
1011,751,1627404797786,-1,-1,-1
1012,703,1627404798782,-1,-1,-1
1013,759,1627404799787,-1,-1,-1
1014,703,1627404799787,-1,-1,-1
1015,735,1627404800786,-1,-1,-1
1016,655,1627404801821,-1,-1,-1
1017,663,1627404801821,-1,-1,-1
1018,727,1627404802786,-1,-1,-1
1019,639,1627404803781,-1,-1,-1
1020,743,1627404804825,-1,-1,-1
1021,775,1627404804825,-1,-1,-1
1022,775,1627404807789,-1,-1,-1
1023,583,1627404809787,-1,-1,-1
1024,935,1627404810827,-1,-1,-1
1025,695,1627404811782,-1,-1,-1
1026,663,1627404812786,-1,-1,-1
1027,751,1627404812786,-1,-1,-1
1028,863,1627404813785,-1,-1,-1
1029,767,1627404814785,-1,-1,-1
1030,791,1627404816783,-1,-1,-1
1031,711,1627404817781,-1,-1,-1
1032,743,1627404818781,-1,-1,-1
1033,527,1627404820783,-1,-1,-1
1034,735,1627404823781,-1,-1,-1
1035,711,1627404824785,-1,-1,-1
1036,711,1627404825783,-1,-1,-1
1037,671,1627404826783,-1,-1,-1
1038,815,1627404828825,-1,-1,-1
1039,743,1627404828825,-1,-1,-1
1040,639,1627404829786,-1,-1,-1
1041,695,1627404830784,-1,-1,-1
1042,719,1627404830784,-1,-1,-1
1043,655,1627404831784,-1,-1,-1
1044,647,1627404832783,-1,-1,-1
1045,655,1627404832783,-1,-1,-1
1046,679,1627404833827,-1,-1,-1
1047,727,1627404834789,-1,-1,-1
1048,703,1627404834789,-1,-1,-1
1049,695,1627404835781,-1,-1,-1
1050,711,1627404836786,-1,-1,-1
1051,719,1627404837784,-1,-1,-1
1052,639,1627404837784,-1,-1,-1
1053,711,1627404838786,-1,-1,-1
1054,735,1627404839784,-1,-1,-1
1055,711,1627404839784,-1,-1,-1
1056,759,1627404840786,-1,-1,-1
1057,735,1627404841783,-1,-1,-1
1058,719,1627404842786,-1,-1,-1
1059,711,1627404842786,-1,-1,-1
1060,719,1627404843826,-1,-1,-1
1061,695,1627404844784,-1,-1,-1
1062,703,1627404844784,-1,-1,-1
1063,671,1627404845781,-1,-1,-1
1064,743,1627404846787,-1,-1,-1
1065,703,1627404847785,-1,-1,-1
1066,735,1627404847785,-1,-1,-1
1067,807,1627404848790,-1,-1,-1
1068,791,1627404849826,-1,-1,-1
1069,775,1627404850786,-1,-1,-1
1070,783,1627404850786,-1,-1,-1
1071,791,1627404851783,-1,-1,-1
1072,719,1627404852788,-1,-1,-1
1073,759,1627404853782,-1,-1,-1
1074,751,1627404854787,-1,-1,-1
1075,679,1627404854787,-1,-1,-1
1076,727,1627404855786,-1,-1,-1
1077,695,1627404856785,-1,-1,-1
1078,583,1627404856785,-1,-1,-1
1079,735,1627404858785,-1,-1,-1
1080,815,1627404859782,-1,-1,-1
1081,655,1627404860828,-1,-1,-1
1082,703,1627404860828,-1,-1,-1
1083,863,1627404861866,-1,-1,-1
1084,727,1627404862785,-1,-1,-1
1085,759,1627404863786,-1,-1,-1
1086,743,1627404863786,-1,-1,-1
1087,711,1627404864786,-1,-1,-1
1088,695,1627404865826,-1,-1,-1
1089,711,1627404866780,-1,-1,-1
1090,671,1627404866780,-1,-1,-1
1091,687,1627404867780,-1,-1,-1
1092,791,1627404870786,-1,-1,-1
1093,775,1627404872780,-1,-1,-1
1094,807,1627404873786,-1,-1,-1
1095,775,1627404874786,-1,-1,-1
1096,727,1627404875785,-1,-1,-1
1097,663,1627404875785,-1,-1,-1
1098,767,1627404876825,-1,-1,-1
1099,935,1627404877826,-1,-1,-1
1100,1023,1627404880825,-1,-1,-1
1101,687,1627404881786,-1,-1,-1
1102,751,1627404885780,-1,-1,-1
1103,663,1627404885780,-1,-1,-1
1104,791,1627404886781,-1,-1,-1
1105,599,1627404900786,-1,-1,-1
1106,623,1627404901827,-1,-1,-1
1107,655,1627404901827,-1,-1,-1
1108,767,1627404902784,-1,-1,-1
1109,831,1627404903786,-1,-1,-1
1110,919,1627404904781,-1,-1,-1
1111,695,1627404907783,-1,-1,-1
1112,655,1627404908783,-1,-1,-1
1113,703,1627404909871,-1,-1,-1
1114,551,1627404909871,-1,-1,-1
1115,943,1627404910786,-1,-1,-1
1116,711,1627404912781,-1,-1,-1
1117,719,1627404913783,-1,-1,-1
1118,743,1627404915822,-1,-1,-1
1119,767,1627404916780,-1,-1,-1
1120,711,1627404917781,-1,-1,-1
1121,687,1627404917781,-1,-1,-1
1122,695,1627404918782,-1,-1,-1
1123,727,1627404919788,-1,-1,-1
1124,743,1627404920786,-1,-1,-1
1125,759,1627404920786,-1,-1,-1
1126,711,1627404921781,-1,-1,-1
1127,695,1627404922784,-1,-1,-1
1128,703,1627404924786,-1,-1,-1
1129,671,1627404925780,-1,-1,-1
1130,783,1627404925781,-1,-1,-1
1131,695,1627404929828,-1,-1,-1
1132,863,1627404935786,-1,-1,-1
1133,783,1627404936785,-1,-1,-1
1134,639,1627404936785,-1,-1,-1
1135,703,1627404940786,-1,-1,-1
1136,655,1627404940786,-1,-1,-1
1137,607,1627404941787,-1,-1,-1
1138,727,1627404959745,-1,-1,-1
1139,719,1627404960746,-1,-1,-1
1140,711,1627404965747,-1,-1,-1
1141,799,1627404966782,-1,-1,-1
1142,951,1627404969740,-1,-1,-1
1143,719,1627404970782,-1,-1,-1
1144,759,1627404972745,-1,-1,-1
1145,487,1627404979824,-1,-1,-1
1146,703,1627404979824,-1,-1,-1
1147,663,1627404981742,-1,-1,-1
1148,695,1627404982741,-1,-1,-1
1149,519,1627404982741,-1,-1,-1
1150,855,1627404983741,-1,-1,-1
1151,743,1627404984746,-1,-1,-1
1152,855,1627404985740,-1,-1,-1
1153,519,1627404985740,-1,-1,-1
1154,519,1627404986741,-1,-1,-1
1155,647,1627404987740,-1,-1,-1
1156,775,1627404988740,-1,-1,-1
1157,631,1627404993745,-1,-1,-1
1158,615,1627404999781,-1,-1,-1
1159,911,1627405002782,-1,-1,-1
1160,839,1627405004780,-1,-1,-1
1161,775,1627405008740,-1,-1,-1
1162,567,1627405011740,-1,-1,-1
1163,607,1627405013741,-1,-1,-1
1164,775,1627405014740,-1,-1,-1
1165,751,1627405014740,-1,-1,-1
1166,663,1627405015740,-1,-1,-1
1167,607,1627405016740,-1,-1,-1
1168,615,1627405019742,-1,-1,-1
1169,807,1627405020745,-1,-1,-1
1170,735,1627405021743,-1,-1,-1
1171,503,1627405021743,-1,-1,-1
1172,623,1627405023740,-1,-1,-1
1173,671,1627405025742,-1,-1,-1
1174,623,1627405027781,-1,-1,-1
1175,599,1627405028781,-1,-1,-1
1176,679,1627405031740,-1,-1,-1
1177,607,1627405032745,-1,-1,-1
1178,591,1627405032745,-1,-1,-1
1179,655,1627405033786,-1,-1,-1
1180,751,1627405034786,-1,-1,-1
1181,743,1627405034786,-1,-1,-1
1182,631,1627405035865,-1,-1,-1
1183,623,1627405036740,-1,-1,-1
1184,639,1627405036740,-1,-1,-1
1185,727,1627405037826,-1,-1,-1
1186,687,1627405038741,-1,-1,-1
1187,687,1627405038741,-1,-1,-1
1188,695,1627405039739,-1,-1,-1
1189,639,1627405040744,-1,-1,-1
1190,655,1627405040744,-1,-1,-1
1191,671,1627405041740,-1,-1,-1
1192,655,1627405042747,-1,-1,-1
1193,639,1627405042747,-1,-1,-1
1194,655,1627405043744,-1,-1,-1
1195,655,1627405044742,-1,-1,-1
1196,655,1627405044742,-1,-1,-1
1197,655,1627405045781,-1,-1,-1
1198,655,1627405046741,-1,-1,-1
1199,663,1627405046741,-1,-1,-1
1200,623,1627405047745,-1,-1,-1
1201,623,1627405047745,-1,-1,-1
1202,647,1627405048744,-1,-1,-1
1203,631,1627405049745,-1,-1,-1
1204,663,1627405049745,-1,-1,-1
1205,623,1627405050741,-1,-1,-1
1206,655,1627405051740,-1,-1,-1
1207,647,1627405051741,-1,-1,-1
1208,719,1627405052740,-1,-1,-1
1209,599,1627405055744,-1,-1,-1
1210,687,1627405056741,-1,-1,-1
1211,743,1627405057740,-1,-1,-1
1212,807,1627405058740,-1,-1,-1
1213,519,1627405063822,-1,-1,-1
1214,647,1627405064744,-1,-1,-1
1215,839,1627405065786,-1,-1,-1
1216,471,1627405066785,-1,-1,-1
1217,695,1627405068743,-1,-1,-1
1218,711,1627405071906,-1,-1,-1
1219,655,1627405074739,-1,-1,-1
1220,575,1627405074739,-1,-1,-1
1221,783,1627405076780,-1,-1,-1
1222,559,1627405077782,-1,-1,-1
1223,767,1627405081785,-1,-1,-1
1224,775,1627405083740,-1,-1,-1
1225,703,1627405089821,-1,-1,-1
1226,671,1627405090819,-1,-1,-1
1227,719,1627405090820,-1,-1,-1
1228,623,1627405092740,-1,-1,-1
1229,839,1627405095740,-1,-1,-1
1230,687,1627405098780,-1,-1,-1
1231,455,1627405098780,-1,-1,-1
1232,847,1627405099740,-1,-1,-1
1233,879,1627405102780,-1,-1,-1
1234,511,1627405104743,-1,-1,-1
1235,751,1627405105740,-1,-1,-1
1236,703,1627405107742,-1,-1,-1
1237,687,1627405110780,-1,-1,-1
1238,431,1627405110780,-1,-1,-1
1239,663,1627405113740,-1,-1,-1
1240,447,1627405113740,-1,-1,-1
1241,791,1627405114780,-1,-1,-1
1242,687,1627405116740,-1,-1,-1
1243,575,1627405117740,-1,-1,-1
1244,439,1627405124740,-1,-1,-1
1245,727,1627405126780,-1,-1,-1
1246,615,1627405129742,-1,-1,-1
1247,783,1627405134740,-1,-1,-1
1248,655,1627405139744,-1,-1,-1
1249,591,1627405144865,-1,-1,-1
1250,703,1627405148740,-1,-1,-1
1251,943,1627405156741,-1,-1,-1
1252,815,1627405156741,-1,-1,-1
1253,783,1627405157744,-1,-1,-1
1254,719,1627405158746,-1,-1,-1
1255,711,1627405159783,-1,-1,-1
1256,703,1627405159783,-1,-1,-1
1257,719,1627405160786,-1,-1,-1
1258,711,1627405161746,-1,-1,-1
1259,759,1627405162786,-1,-1,-1
1260,623,1627405162786,-1,-1,-1
1261,927,1627405163741,-1,-1,-1
1262,895,1627405164741,-1,-1,-1
1263,783,1627405165784,-1,-1,-1
1264,543,1627405165784,-1,-1,-1
1265,719,1627405166740,-1,-1,-1
1266,983,1627405167740,-1,-1,-1
1267,631,1627405168746,-1,-1,-1
1268,743,1627405168746,-1,-1,-1
1269,855,1627405169825,-1,-1,-1
1270,615,1627405170741,-1,-1,-1
1271,807,1627405171740,-1,-1,-1
1272,831,1627405172781,-1,-1,-1
1273,951,1627405174740,-1,-1,-1
1274,799,1627405179740,-1,-1,-1
1275,679,1627405180740,-1,-1,-1
1276,823,1627405181782,-1,-1,-1
1277,695,1627405184786,-1,-1,-1
1278,751,1627405184786,-1,-1,-1
1279,711,1627405185745,-1,-1,-1
1280,807,1627405188781,-1,-1,-1
1281,983,1627405197779,-1,-1,-1
1282,1135,1627405198742,-1,-1,-1
1283,967,1627405200781,-1,-1,-1
1284,1263,1627405207740,-1,-1,-1
1285,983,1627405214742,-1,-1,-1
1286,1279,1627405216741,-1,-1,-1
1287,1367,1627405217742,-1,-1,-1
1288,903,1627405218781,-1,-1,-1
1289,783,1627405219740,-1,-1,-1
1290,1279,1627405220739,-1,-1,-1
1291,687,1627405222745,-1,-1,-1
1292,815,1627405226782,-1,-1,-1
1293,647,1627405229781,-1,-1,-1
1294,743,1627405231739,-1,-1,-1
1295,535,1627405231739,-1,-1,-1
1296,663,1627405232739,-1,-1,-1
1297,831,1627405233742,-1,-1,-1
1298,591,1627405233742,-1,-1,-1
1299,695,1627405234820,-1,-1,-1
1300,487,1627405237739,-1,-1,-1
1301,815,1627405237739,-1,-1,-1
1302,607,1627405238819,-1,-1,-1
1303,695,1627405239782,-1,-1,-1
1304,615,1627405239782,-1,-1,-1
1305,823,1627405240741,-1,-1,-1
1306,559,1627405241784,-1,-1,-1
1307,671,1627405241784,-1,-1,-1
1308,535,1627405243741,-1,-1,-1
1309,599,1627405244739,-1,-1,-1
1310,647,1627405245740,-1,-1,-1
1311,431,1627405245740,-1,-1,-1
1312,591,1627405250779,-1,-1,-1
1313,439,1627405250779,-1,-1,-1
1314,671,1627405251780,-1,-1,-1
1315,575,1627405253903,-1,-1,-1
1316,527,1627405253903,-1,-1,-1
1317,735,1627405254741,-1,-1,-1
1318,639,1627405259747,-1,-1,-1
1319,671,1627405259747,-1,-1,-1
1320,655,1627405264820,-1,-1,-1
1321,607,1627405267827,-1,-1,-1
1322,743,1627405269743,-1,-1,-1
1323,527,1627405271739,-1,-1,-1
1324,543,1627405272740,-1,-1,-1
1325,703,1627405272740,-1,-1,-1
1326,591,1627405274780,-1,-1,-1
1327,551,1627405279740,-1,-1,-1
1328,639,1627405281742,-1,-1,-1
1329,655,1627405282744,-1,-1,-1
1330,655,1627405282744,-1,-1,-1
1331,671,1627405289741,-1,-1,-1
1332,647,1627405293781,-1,-1,-1
1333,655,1627405294747,-1,-1,-1
1334,647,1627405294747,-1,-1,-1
1335,519,1627405296744,-1,-1,-1
1336,695,1627405297862,-1,-1,-1
1337,727,1627405300739,-1,-1,-1
1338,695,1627405301778,-1,-1,-1
1339,823,1627405301778,-1,-1,-1
1340,807,1627405302740,-1,-1,-1
1341,575,1627405304740,-1,-1,-1
1342,719,1627405313744,-1,-1,-1
1343,687,1627405314745,-1,-1,-1
1344,743,1627405314745,-1,-1,-1
1345,703,1627405315744,-1,-1,-1
1346,663,1627405316745,-1,-1,-1
1347,735,1627405316745,-1,-1,-1
1348,631,1627405317745,-1,-1,-1
1349,695,1627405318745,-1,-1,-1
1350,711,1627405319865,-1,-1,-1
1351,687,1627405319865,-1,-1,-1
1352,679,1627405320743,-1,-1,-1
1353,703,1627405321747,-1,-1,-1
1354,799,1627405323780,-1,-1,-1
1355,751,1627405324784,-1,-1,-1
1356,695,1627405324784,-1,-1,-1
1357,735,1627405325745,-1,-1,-1
1358,767,1627405326744,-1,-1,-1
1359,519,1627405326744,-1,-1,-1
1360,743,1627405331746,-1,-1,-1
1361,775,1627405332745,-1,-1,-1
1362,831,1627405332745,-1,-1,-1
1363,799,1627405333740,-1,-1,-1
1364,759,1627405334745,-1,-1,-1
1365,823,1627405335743,-1,-1,-1
1366,743,1627405336745,-1,-1,-1
1367,743,1627405338740,-1,-1,-1
1368,743,1627405339746,-1,-1,-1
1369,687,1627405339746,-1,-1,-1
1370,735,1627405340786,-1,-1,-1
1371,663,1627405341787,-1,-1,-1
1372,663,1627405343745,-1,-1,-1
1373,799,1627405344744,-1,-1,-1
1374,711,1627405344744,-1,-1,-1
1375,711,1627405345739,-1,-1,-1
1376,679,1627405346744,-1,-1,-1
1377,823,1627405347787,-1,-1,-1
1378,911,1627405349785,-1,-1,-1
1379,719,1627405357739,-1,-1,-1
1380,703,1627405357739,-1,-1,-1
1381,719,1627405358826,-1,-1,-1
1382,847,1627405359747,-1,-1,-1
1383,671,1627405361743,-1,-1,-1
1384,711,1627405364744,-1,-1,-1
1385,719,1627405365741,-1,-1,-1
1386,783,1627405366741,-1,-1,-1
1387,831,1627405367741,-1,-1,-1
1388,815,1627405367741,-1,-1,-1
1389,735,1627405368744,-1,-1,-1
1390,799,1627405369742,-1,-1,-1
1391,775,1627405370738,-1,-1,-1
1392,775,1627405370738,-1,-1,-1
1393,607,1627405371743,-1,-1,-1
1394,815,1627405372743,-1,-1,-1
1395,879,1627405377745,-1,-1,-1
1396,879,1627405379743,-1,-1,-1
1397,879,1627405387820,-1,-1,-1
1398,959,1627405389821,-1,-1,-1
1399,679,1627405391739,-1,-1,-1
1400,719,1627405394825,-1,-1,-1
1401,519,1627405394825,-1,-1,-1
1402,935,1627405395740,-1,-1,-1
1403,647,1627405400747,-1,-1,-1
1404,671,1627405404739,-1,-1,-1
1405,583,1627405405740,-1,-1,-1
1406,711,1627405407739,-1,-1,-1
1407,607,1627405407739,-1,-1,-1
1408,663,1627405412738,-1,-1,-1
1409,679,1627405413740,-1,-1,-1
1410,631,1627405413740,-1,-1,-1
1411,639,1627405414742,-1,-1,-1
1412,631,1627405415741,-1,-1,-1
1413,703,1627405415741,-1,-1,-1
1414,663,1627405416741,-1,-1,-1
1415,647,1627405418779,-1,-1,-1
1416,615,1627405419742,-1,-1,-1
1417,703,1627405424747,-1,-1,-1
1418,711,1627405425738,-1,-1,-1
1419,711,1627405425739,-1,-1,-1
1420,727,1627405426745,-1,-1,-1
1421,687,1627405427743,-1,-1,-1
1422,743,1627405428745,-1,-1,-1
1423,719,1627405428745,-1,-1,-1
1424,623,1627405430744,-1,-1,-1
1425,911,1627405441743,-1,-1,-1
1426,871,1627405442745,-1,-1,-1
1427,663,1627405448740,-1,-1,-1
1428,687,1627405451738,-1,-1,-1
1429,767,1627405452737,-1,-1,-1
1430,711,1627405453738,-1,-1,-1
1431,807,1627405456743,-1,-1,-1
1432,711,1627405456743,-1,-1,-1
1433,839,1627405457747,-1,-1,-1
1434,791,1627405462741,-1,-1,-1
1435,703,1627405463745,-1,-1,-1
1436,783,1627405464738,-1,-1,-1
1437,751,1627405465740,-1,-1,-1
1438,799,1627405466739,-1,-1,-1
1439,703,1627405466739,-1,-1,-1
1440,775,1627405467739,-1,-1,-1
1441,791,1627405469742,-1,-1,-1
1442,775,1627405470742,-1,-1,-1
1443,751,1627405471741,-1,-1,-1
1444,759,1627405472779,-1,-1,-1
1445,839,1627405475738,-1,-1,-1
1446,815,1627405478747,-1,-1,-1
1447,743,1627405479751,-1,-1,-1
1448,783,1627405480743,-1,-1,-1
1449,759,1627405481738,-1,-1,-1
1450,711,1627405481738,-1,-1,-1
1451,727,1627405482778,-1,-1,-1
1452,695,1627405483738,-1,-1,-1
1453,735,1627405486739,-1,-1,-1
1454,887,1627405487742,-1,-1,-1
1455,839,1627405489740,-1,-1,-1
1456,815,1627405490779,-1,-1,-1
1457,823,1627405491739,-1,-1,-1
1458,735,1627405492740,-1,-1,-1
1459,783,1627405492740,-1,-1,-1
1460,751,1627405493738,-1,-1,-1
1461,879,1627405495745,-1,-1,-1
1462,663,1627405496742,-1,-1,-1
1463,759,1627405497741,-1,-1,-1
1464,831,1627405500737,-1,-1,-1
1465,727,1627405505822,-1,-1,-1
1466,735,1627405506739,-1,-1,-1
1467,735,1627405506739,-1,-1,-1
1468,711,1627405507740,-1,-1,-1
1469,727,1627405508739,-1,-1,-1
1470,703,1627405508739,-1,-1,-1
1471,743,1627405509779,-1,-1,-1
1472,751,1627405510739,-1,-1,-1
1473,751,1627405511740,-1,-1,-1
1474,751,1627405511740,-1,-1,-1
1475,775,1627405512738,-1,-1,-1
1476,751,1627405513779,-1,-1,-1
1477,751,1627405514779,-1,-1,-1
1478,759,1627405515740,-1,-1,-1
1479,743,1627405515740,-1,-1,-1
1480,751,1627405516740,-1,-1,-1
1481,743,1627405517740,-1,-1,-1
1482,791,1627405518739,-1,-1,-1
1483,823,1627405518739,-1,-1,-1
1484,815,1627405519739,-1,-1,-1
1485,823,1627405520740,-1,-1,-1
1486,847,1627405521779,-1,-1,-1
1487,847,1627405522744,-1,-1,-1
1488,839,1627405523740,-1,-1,-1
1489,839,1627405523740,-1,-1,-1
1490,823,1627405524739,-1,-1,-1
1491,847,1627405525741,-1,-1,-1
1492,823,1627405526740,-1,-1,-1
1493,815,1627405527740,-1,-1,-1
1494,799,1627405528739,-1,-1,-1
1495,831,1627405528739,-1,-1,-1
1496,807,1627405529740,-1,-1,-1
1497,815,1627405530740,-1,-1,-1
1498,799,1627405531742,-1,-1,-1
1499,783,1627405532739,-1,-1,-1
1500,815,1627405532739,-1,-1,-1
1501,767,1627405533740,-1,-1,-1
1502,791,1627405534739,-1,-1,-1
1503,727,1627405535745,-1,-1,-1
1504,775,1627405535745,-1,-1,-1
1505,767,1627405536740,-1,-1,-1
1506,743,1627405537738,-1,-1,-1
1507,743,1627405538741,-1,-1,-1
1508,751,1627405538741,-1,-1,-1
1509,751,1627405539742,-1,-1,-1
1510,751,1627405540739,-1,-1,-1
1511,751,1627405541742,-1,-1,-1
1512,751,1627405541742,-1,-1,-1
1513,751,1627405542738,-1,-1,-1
1514,767,1627405543739,-1,-1,-1
1515,719,1627405550738,-1,-1,-1
1516,687,1627405550738,-1,-1,-1
1517,663,1627405551737,-1,-1,-1
1518,759,1627405552737,-1,-1,-1
1519,591,1627405554779,-1,-1,-1
1520,695,1627405554779,-1,-1,-1
1521,687,1627405555777,-1,-1,-1
1522,687,1627405556747,-1,-1,-1
1523,703,1627405557744,-1,-1,-1
1524,703,1627405557744,-1,-1,-1
1525,735,1627405558737,-1,-1,-1
1526,679,1627405559739,-1,-1,-1
1527,695,1627405559739,-1,-1,-1
1528,687,1627405560744,-1,-1,-1
1529,671,1627405561737,-1,-1,-1
1530,727,1627405561737,-1,-1,-1
1531,671,1627405562738,-1,-1,-1
1532,775,1627405563738,-1,-1,-1
1533,799,1627405565738,-1,-1,-1
1534,815,1627405566739,-1,-1,-1
1535,927,1627405567739,-1,-1,-1
1536,735,1627405568740,-1,-1,-1
1537,847,1627405569737,-1,-1,-1
1538,751,1627405569737,-1,-1,-1
1539,759,1627405570739,-1,-1,-1
1540,767,1627405571743,-1,-1,-1
1541,735,1627405572739,-1,-1,-1
1542,687,1627405572739,-1,-1,-1
1543,775,1627405573743,-1,-1,-1
1544,711,1627405574740,-1,-1,-1
1545,703,1627405575741,-1,-1,-1
1546,719,1627405575741,-1,-1,-1
1547,727,1627405576740,-1,-1,-1
1548,919,1627405579739,-1,-1,-1
1549,695,1627405582745,-1,-1,-1
1550,695,1627405583741,-1,-1,-1
1551,823,1627405587781,-1,-1,-1
1552,527,1627405589740,-1,-1,-1
1553,647,1627405590739,-1,-1,-1
1554,991,1627405591739,-1,-1,-1
1555,687,1627405591739,-1,-1,-1
1556,711,1627405592739,-1,-1,-1
1557,695,1627405593741,-1,-1,-1
1558,775,1627405594741,-1,-1,-1
1559,751,1627405594741,-1,-1,-1
1560,791,1627405597700,-1,-1,-1
1561,767,1627405599699,-1,-1,-1
1562,567,1627405602706,-1,-1,-1
1563,767,1627405603702,-1,-1,-1
1564,679,1627405605697,-1,-1,-1
1565,751,1627405613698,-1,-1,-1
1566,799,1627405614697,-1,-1,-1
1567,543,1627405618698,-1,-1,-1
1568,847,1627405619755,-1,-1,-1
1569,559,1627405619755,-1,-1,-1
1570,727,1627405624700,-1,-1,-1
1571,719,1627405625700,-1,-1,-1
1572,711,1627405627699,-1,-1,-1
1573,743,1627405628699,-1,-1,-1
1574,655,1627405629700,-1,-1,-1
1575,783,1627405632697,-1,-1,-1
1576,527,1627405634703,-1,-1,-1
1577,663,1627405637703,-1,-1,-1
1578,743,1627405638697,-1,-1,-1
1579,663,1627405640700,-1,-1,-1
1580,703,1627405641702,-1,-1,-1
1581,639,1627405641702,-1,-1,-1
1582,687,1627405644702,-1,-1,-1
1583,647,1627405645706,-1,-1,-1
1584,687,1627405645706,-1,-1,-1
1585,703,1627405646701,-1,-1,-1
1586,695,1627405647701,-1,-1,-1
1587,599,1627405650697,-1,-1,-1
1588,847,1627405651737,-1,-1,-1
1589,759,1627405652701,-1,-1,-1
1590,783,1627405653699,-1,-1,-1
1591,703,1627405653700,-1,-1,-1
1592,935,1627405654698,-1,-1,-1
1593,847,1627405657697,-1,-1,-1
1594,767,1627405658697,-1,-1,-1
1595,647,1627405659700,-1,-1,-1
1596,799,1627405660700,-1,-1,-1
1597,751,1627405660700,-1,-1,-1
1598,623,1627405661699,-1,-1,-1
1599,655,1627405665697,-1,-1,-1
1600,607,1627405666746,-1,-1,-1
1601,703,1627405667698,-1,-1,-1
1602,719,1627405669697,-1,-1,-1
1603,695,1627405669697,-1,-1,-1
1604,743,1627405670698,-1,-1,-1
1605,863,1627405671701,-1,-1,-1
1606,807,1627405673701,-1,-1,-1
1607,671,1627405674700,-1,-1,-1
1608,711,1627405675698,-1,-1,-1
1609,895,1627405676697,-1,-1,-1
1610,647,1627405676697,-1,-1,-1
1611,647,1627405677700,-1,-1,-1
1612,535,1627405677700,-1,-1,-1
1613,807,1627405680710,-1,-1,-1
1614,839,1627405681698,-1,-1,-1
1615,583,1627405683739,-1,-1,-1
1616,495,1627405683739,-1,-1,-1
1617,1000,1627405684705,-1,-1,-1
1618,623,1627405685704,-1,-1,-1
1619,647,1627405686701,-1,-1,-1
1620,559,1627405686701,-1,-1,-1
1621,775,1627405687701,-1,-1,-1
1622,671,1627405688739,-1,-1,-1
1623,671,1627405688739,-1,-1,-1
1624,663,1627405689698,-1,-1,-1
1625,639,1627405690698,-1,-1,-1
1626,687,1627405690698,-1,-1,-1
1627,719,1627405691704,-1,-1,-1
1628,647,1627405692707,-1,-1,-1
1629,671,1627405692708,-1,-1,-1
1630,727,1627405693704,-1,-1,-1
1631,719,1627405694703,-1,-1,-1
1632,727,1627405695709,-1,-1,-1
1633,719,1627405695709,-1,-1,-1
1634,727,1627405696700,-1,-1,-1
1635,711,1627405697701,-1,-1,-1
1636,711,1627405697701,-1,-1,-1
1637,743,1627405698701,-1,-1,-1
1638,767,1627405699701,-1,-1,-1
1639,703,1627405700709,-1,-1,-1
1640,719,1627405700709,-1,-1,-1
1641,711,1627405701702,-1,-1,-1
1642,719,1627405702701,-1,-1,-1
1643,711,1627405702702,-1,-1,-1
1644,711,1627405703707,-1,-1,-1
1645,735,1627405704699,-1,-1,-1
1646,679,1627405705782,-1,-1,-1
1647,687,1627405705782,-1,-1,-1
1648,679,1627405706705,-1,-1,-1
1649,767,1627405707700,-1,-1,-1
1650,711,1627405707700,-1,-1,-1
1651,703,1627405708698,-1,-1,-1
1652,727,1627405709703,-1,-1,-1
1653,695,1627405710700,-1,-1,-1
1654,703,1627405710700,-1,-1,-1
1655,743,1627405711697,-1,-1,-1
1656,727,1627405712701,-1,-1,-1
1657,719,1627405712701,-1,-1,-1
1658,743,1627405713700,-1,-1,-1
1659,727,1627405714699,-1,-1,-1
1660,711,1627405715738,-1,-1,-1
1661,727,1627405715738,-1,-1,-1
1662,695,1627405716704,-1,-1,-1
1663,703,1627405717701,-1,-1,-1
1664,711,1627405718703,-1,-1,-1
1665,703,1627405718703,-1,-1,-1
1666,719,1627405719699,-1,-1,-1
1667,735,1627405720700,-1,-1,-1
1668,703,1627405720700,-1,-1,-1
1669,711,1627405721741,-1,-1,-1
1670,687,1627405722741,-1,-1,-1
1671,687,1627405722741,-1,-1,-1
1672,719,1627405723700,-1,-1,-1
1673,695,1627405724700,-1,-1,-1
1674,703,1627405725702,-1,-1,-1
1675,767,1627405725702,-1,-1,-1
1676,679,1627405727699,-1,-1,-1
1677,759,1627405728699,-1,-1,-1
1678,655,1627405729703,-1,-1,-1
1679,719,1627405737709,-1,-1,-1
1680,495,1627405739698,-1,-1,-1
1681,695,1627405750713,-1,-1,-1
1682,639,1627405753698,-1,-1,-1
1683,671,1627405754750,-1,-1,-1
1684,663,1627405754750,-1,-1,-1
1685,623,1627405756709,-1,-1,-1
1686,743,1627405762710,-1,-1,-1
1687,751,1627405762710,-1,-1,-1
1688,943,1627405765700,-1,-1,-1
1689,743,1627405765700,-1,-1,-1
1690,911,1627405768709,-1,-1,-1
1691,535,1627405774712,-1,-1,-1
1692,799,1627405776698,-1,-1,-1
1693,575,1627405777698,-1,-1,-1
1694,599,1627405779738,-1,-1,-1
1695,791,1627405779738,-1,-1,-1
1696,647,1627405781698,-1,-1,-1
1697,631,1627405782698,-1,-1,-1
1698,631,1627405783698,-1,-1,-1
1699,695,1627405787738,-1,-1,-1
1700,703,1627405788751,-1,-1,-1
1701,831,1627405790710,-1,-1,-1
1702,823,1627405794698,-1,-1,-1
1703,655,1627405795698,-1,-1,-1
1704,687,1627405802706,-1,-1,-1
1705,543,1627405802706,-1,-1,-1
1706,919,1627405803710,-1,-1,-1
1707,623,1627405807698,-1,-1,-1
1708,695,1627405809698,-1,-1,-1
1709,631,1627405813738,-1,-1,-1
1710,583,1627405820738,-1,-1,-1
1711,623,1627405822714,-1,-1,-1
1712,695,1627405823698,-1,-1,-1
1713,743,1627405823698,-1,-1,-1
1714,631,1627405824711,-1,-1,-1
1715,727,1627405831741,-1,-1,-1
1716,775,1627405831741,-1,-1,-1
1717,735,1627405832702,-1,-1,-1
1718,631,1627405833710,-1,-1,-1
1719,735,1627405834711,-1,-1,-1
1720,727,1627405834711,-1,-1,-1
1721,831,1627405836698,-1,-1,-1
1722,911,1627405839711,-1,-1,-1
1723,863,1627405842698,-1,-1,-1
1724,799,1627405843738,-1,-1,-1
1725,919,1627405844698,-1,-1,-1
1726,903,1627405845708,-1,-1,-1
1727,983,1627405846704,-1,-1,-1
1728,855,1627405847698,-1,-1,-1
1729,863,1627405847698,-1,-1,-1
1730,847,1627405848710,-1,-1,-1
1731,1175,1627405849699,-1,-1,-1
1732,927,1627405850697,-1,-1,-1
1733,671,1627405862778,-1,-1,-1
1734,1135,1627405863743,-1,-1,-1
1735,1263,1627405867778,-1,-1,-1
1736,943,1627405868700,-1,-1,-1
1737,1007,1627405873698,-1,-1,-1
1738,623,1627405875778,-1,-1,-1
1739,735,1627405876748,-1,-1,-1
1740,695,1627405878698,-1,-1,-1
1741,791,1627405882784,-1,-1,-1
1742,839,1627405883817,-1,-1,-1
1743,503,1627405884698,-1,-1,-1
1744,703,1627405884698,-1,-1,-1
1745,815,1627405886737,-1,-1,-1
1746,551,1627405887704,-1,-1,-1
1747,527,1627405890698,-1,-1,-1
1748,487,1627405890698,-1,-1,-1
1749,791,1627405891698,-1,-1,-1
1750,575,1627405893702,-1,-1,-1
1751,567,1627405893702,-1,-1,-1
1752,623,1627405903698,-1,-1,-1
1753,639,1627405910697,-1,-1,-1
1754,551,1627405910697,-1,-1,-1
1755,511,1627405913698,-1,-1,-1
1756,647,1627405928698,-1,-1,-1
1757,559,1627405929707,-1,-1,-1
1758,695,1627405930703,-1,-1,-1
1759,671,1627405930704,-1,-1,-1
1760,799,1627405933698,-1,-1,-1
1761,815,1627405934706,-1,-1,-1
1762,727,1627405934706,-1,-1,-1
1763,607,1627405935748,-1,-1,-1
1764,823,1627405936709,-1,-1,-1
1765,727,1627405937700,-1,-1,-1
1766,679,1627405939738,-1,-1,-1
1767,703,1627405939738,-1,-1,-1
1768,775,1627405942704,-1,-1,-1
1769,591,1627405942705,-1,-1,-1
1770,671,1627405944698,-1,-1,-1
1771,1039,1627405950709,-1,-1,-1
1772,1047,1627405951697,-1,-1,-1
1773,839,1627405956700,-1,-1,-1
1774,799,1627405958698,-1,-1,-1
1775,943,1627405959711,-1,-1,-1
1776,815,1627405960701,-1,-1,-1
1777,839,1627405961698,-1,-1,-1
1778,719,1627405962709,-1,-1,-1
1779,823,1627405962710,-1,-1,-1
1780,711,1627405963697,-1,-1,-1
1781,631,1627405964740,-1,-1,-1
1782,895,1627405965710,-1,-1,-1
1783,783,1627405966710,-1,-1,-1
1784,671,1627405966710,-1,-1,-1
1785,831,1627405967698,-1,-1,-1
1786,791,1627405968737,-1,-1,-1
1787,855,1627405969740,-1,-1,-1
1788,735,1627405969741,-1,-1,-1
1789,799,1627405970702,-1,-1,-1
1790,783,1627405971742,-1,-1,-1
1791,679,1627405972710,-1,-1,-1
1792,719,1627405972710,-1,-1,-1
1793,791,1627405973697,-1,-1,-1
1794,807,1627405976698,-1,-1,-1
1795,799,1627405976698,-1,-1,-1
1796,783,1627405977707,-1,-1,-1
1797,927,1627405989698,-1,-1,-1
1798,847,1627405990710,-1,-1,-1
1799,919,1627405991698,-1,-1,-1
1800,751,1627405994697,-1,-1,-1
1801,599,1627405995704,-1,-1,-1
1802,647,1627405999697,-1,-1,-1
1803,719,1627406000702,-1,-1,-1
1804,655,1627406000702,-1,-1,-1
1805,855,1627406003749,-1,-1,-1
1806,847,1627406004697,-1,-1,-1
1807,871,1627406005741,-1,-1,-1
1808,951,1627406006744,-1,-1,-1
1809,879,1627406006744,-1,-1,-1
1810,775,1627406007698,-1,-1,-1
1811,695,1627406008711,-1,-1,-1
1812,743,1627406010737,-1,-1,-1
1813,879,1627406018749,-1,-1,-1
1814,551,1627406018749,-1,-1,-1
1815,735,1627406021697,-1,-1,-1
1816,575,1627406022697,-1,-1,-1
1817,727,1627406026701,-1,-1,-1
1818,743,1627406030744,-1,-1,-1
1819,615,1627406032697,-1,-1,-1
1820,831,1627406037709,-1,-1,-1
1821,727,1627406040697,-1,-1,-1
1822,719,1627406057697,-1,-1,-1
1823,439,1627406059697,-1,-1,-1
1824,551,1627406061697,-1,-1,-1
1825,663,1627406062702,-1,-1,-1
1826,759,1627406064707,-1,-1,-1
1827,471,1627406065697,-1,-1,-1
1828,647,1627406067746,-1,-1,-1
1829,687,1627406072709,-1,-1,-1
1830,855,1627406083698,-1,-1,-1
1831,599,1627406083698,-1,-1,-1
1832,1063,1627406086714,-1,-1,-1
1833,743,1627406091744,-1,-1,-1
1834,1199,1627406103697,-1,-1,-1
1835,751,1627406104739,-1,-1,-1
1836,911,1627406110703,-1,-1,-1
1837,711,1627406111737,-1,-1,-1
1838,751,1627406111737,-1,-1,-1
1839,815,1627406112749,-1,-1,-1
1840,615,1627406116712,-1,-1,-1
1841,767,1627406120698,-1,-1,-1
1842,759,1627406121708,-1,-1,-1
1843,791,1627406122700,-1,-1,-1
1844,783,1627406122700,-1,-1,-1
1845,807,1627406123709,-1,-1,-1
1846,855,1627406124716,-1,-1,-1
1847,855,1627406125777,-1,-1,-1
1848,815,1627406126704,-1,-1,-1
1849,783,1627406127748,-1,-1,-1
1850,759,1627406127748,-1,-1,-1
1851,719,1627406128711,-1,-1,-1
1852,751,1627406131738,-1,-1,-1
1853,767,1627406132703,-1,-1,-1
1854,719,1627406132703,-1,-1,-1
1855,751,1627406133738,-1,-1,-1
1856,751,1627406134697,-1,-1,-1
1857,735,1627406135698,-1,-1,-1
1858,743,1627406135698,-1,-1,-1
1859,727,1627406136702,-1,-1,-1
1860,743,1627406137697,-1,-1,-1
1861,711,1627406138791,-1,-1,-1
1862,727,1627406138792,-1,-1,-1
1863,743,1627406139698,-1,-1,-1
1864,751,1627406140711,-1,-1,-1
1865,767,1627406141753,-1,-1,-1
1866,759,1627406141753,-1,-1,-1
1867,735,1627406142777,-1,-1,-1
1868,815,1627406143777,-1,-1,-1
1869,775,1627406144697,-1,-1,-1
1870,799,1627406145752,-1,-1,-1
1871,799,1627406145752,-1,-1,-1
1872,783,1627406146753,-1,-1,-1
1873,759,1627406147697,-1,-1,-1
1874,791,1627406148698,-1,-1,-1
1875,783,1627406148698,-1,-1,-1
1876,791,1627406149737,-1,-1,-1
1877,759,1627406150791,-1,-1,-1
1878,727,1627406151706,-1,-1,-1
1879,743,1627406151706,-1,-1,-1
1880,687,1627406152706,-1,-1,-1
1881,743,1627406153738,-1,-1,-1
1882,775,1627406154777,-1,-1,-1
1883,735,1627406156697,-1,-1,-1
1884,775,1627406157737,-1,-1,-1
1885,727,1627406157737,-1,-1,-1
1886,799,1627406158751,-1,-1,-1
1887,695,1627406159749,-1,-1,-1
1888,695,1627406160697,-1,-1,-1
1889,743,1627406162737,-1,-1,-1
1890,751,1627406163819,-1,-1,-1
1891,711,1627406165709,-1,-1,-1
1892,735,1627406165709,-1,-1,-1
1893,703,1627406170709,-1,-1,-1
1894,703,1627406171697,-1,-1,-1
1895,703,1627406172704,-1,-1,-1
1896,703,1627406172704,-1,-1,-1
1897,719,1627406173697,-1,-1,-1
1898,735,1627406174712,-1,-1,-1
1899,695,1627406177697,-1,-1,-1
1900,639,1627406177697,-1,-1,-1
1901,727,1627406178751,-1,-1,-1
1902,575,1627406179741,-1,-1,-1
1903,751,1627406185817,-1,-1,-1
1904,791,1627406186781,-1,-1,-1
1905,767,1627406186781,-1,-1,-1
1906,735,1627406187697,-1,-1,-1
1907,751,1627406188701,-1,-1,-1
1908,727,1627406189710,-1,-1,-1
1909,863,1627406194712,-1,-1,-1
1910,855,1627406195737,-1,-1,-1
1911,711,1627406197698,-1,-1,-1
1912,623,1627406199749,-1,-1,-1
1913,663,1627406200709,-1,-1,-1
1914,879,1627406201697,-1,-1,-1
1915,743,1627406201697,-1,-1,-1
1916,719,1627406202697,-1,-1,-1
1917,751,1627406203817,-1,-1,-1
1918,783,1627406204737,-1,-1,-1
1919,711,1627406206737,-1,-1,-1
1920,823,1627406208781,-1,-1,-1
1921,783,1627406209697,-1,-1,-1
1922,815,1627406210696,-1,-1,-1
1923,807,1627406211777,-1,-1,-1
1924,799,1627406212704,-1,-1,-1
1925,783,1627406212704,-1,-1,-1
1926,743,1627406213701,-1,-1,-1
1927,831,1627406216818,-1,-1,-1
1928,799,1627406223702,-1,-1,-1
1929,535,1627406224702,-1,-1,-1
1930,839,1627406226697,-1,-1,-1
1931,759,1627406228737,-1,-1,-1
1932,783,1627406229705,-1,-1,-1
1933,695,1627406230707,-1,-1,-1
1934,823,1627406230707,-1,-1,-1
1935,775,1627406233697,-1,-1,-1
1936,615,1627406233697,-1,-1,-1
1937,815,1627406234697,-1,-1,-1
1938,727,1627406239737,-1,-1,-1
1939,639,1627406240750,-1,-1,-1
1940,839,1627406242669,-1,-1,-1
1941,679,1627406243657,-1,-1,-1
1942,695,1627406245657,-1,-1,-1
1943,743,1627406246657,-1,-1,-1
1944,631,1627406246657,-1,-1,-1
1945,767,1627406247657,-1,-1,-1
1946,751,1627406248658,-1,-1,-1
1947,687,1627406248658,-1,-1,-1
1948,663,1627406249658,-1,-1,-1
1949,663,1627406250660,-1,-1,-1
1950,655,1627406252656,-1,-1,-1
1951,759,1627406253659,-1,-1,-1
1952,575,1627406254661,-1,-1,-1
1953,687,1627406254661,-1,-1,-1
1954,759,1627406257657,-1,-1,-1
1955,743,1627406258657,-1,-1,-1
1956,727,1627406259667,-1,-1,-1
1957,703,1627406259667,-1,-1,-1
1958,671,1627406260660,-1,-1,-1
1959,679,1627406261657,-1,-1,-1
1960,639,1627406261657,-1,-1,-1
1961,647,1627406262657,-1,-1,-1
1962,663,1627406263657,-1,-1,-1
1963,631,1627406263657,-1,-1,-1
1964,687,1627406264657,-1,-1,-1
1965,919,1627406272661,-1,-1,-1
1966,687,1627406277697,-1,-1,-1
1967,655,1627406277697,-1,-1,-1
1968,671,1627406281736,-1,-1,-1
1969,743,1627406289668,-1,-1,-1
1970,575,1627406290706,-1,-1,-1
1971,831,1627406295672,-1,-1,-1
1972,815,1627406295672,-1,-1,-1
1973,647,1627406296661,-1,-1,-1
1974,943,1627406297656,-1,-1,-1
1975,815,1627406298656,-1,-1,-1
1976,743,1627406303669,-1,-1,-1
1977,743,1627406304697,-1,-1,-1
1978,735,1627406305737,-1,-1,-1
1979,759,1627406306657,-1,-1,-1
1980,775,1627406306657,-1,-1,-1
1981,799,1627406307662,-1,-1,-1
1982,831,1627406310656,-1,-1,-1
1983,695,1627406310656,-1,-1,-1
1984,791,1627406311657,-1,-1,-1
1985,759,1627406312657,-1,-1,-1
1986,767,1627406313668,-1,-1,-1
1987,759,1627406313669,-1,-1,-1
1988,759,1627406316659,-1,-1,-1
1989,735,1627406317697,-1,-1,-1
1990,663,1627406317697,-1,-1,-1
1991,767,1627406318696,-1,-1,-1
1992,703,1627406319657,-1,-1,-1
1993,991,1627406320669,-1,-1,-1
1994,871,1627406325669,-1,-1,-1
1995,871,1627406326670,-1,-1,-1
1996,839,1627406327658,-1,-1,-1
1997,519,1627406343656,-1,-1,-1
1998,767,1627406345661,-1,-1,-1
1999,807,1627406351657,-1,-1,-1
2000,887,1627406353657,-1,-1,-1
2001,623,1627406355672,-1,-1,-1
2002,839,1627406356657,-1,-1,-1
2003,711,1627406357657,-1,-1,-1
2004,759,1627406359658,-1,-1,-1
2005,615,1627406359658,-1,-1,-1
2006,879,1627406360657,-1,-1,-1
2007,703,1627406361710,-1,-1,-1
2008,695,1627406362668,-1,-1,-1
2009,815,1627406363657,-1,-1,-1
2010,727,1627406363657,-1,-1,-1
2011,703,1627406364737,-1,-1,-1
2012,799,1627406365656,-1,-1,-1
2013,575,1627406368657,-1,-1,-1
2014,687,1627406374660,-1,-1,-1
2015,727,1627406375658,-1,-1,-1
2016,863,1627406375658,-1,-1,-1
2017,727,1627406376656,-1,-1,-1
2018,599,1627406379696,-1,-1,-1
2019,831,1627406380668,-1,-1,-1
2020,759,1627406381667,-1,-1,-1
2021,791,1627406389657,-1,-1,-1
2022,727,1627406393671,-1,-1,-1
2023,855,1627406394659,-1,-1,-1
2024,847,1627406398667,-1,-1,-1
2025,655,1627406402657,-1,-1,-1
2026,703,1627406409670,-1,-1,-1
2027,751,1627406414656,-1,-1,-1
2028,543,1627406416706,-1,-1,-1
2029,807,1627406419658,-1,-1,-1
2030,855,1627406424663,-1,-1,-1
2031,695,1627406426655,-1,-1,-1
2032,687,1627406428700,-1,-1,-1
2033,743,1627406429657,-1,-1,-1
2034,727,1627406429657,-1,-1,-1
2035,703,1627406430656,-1,-1,-1
2036,759,1627406431657,-1,-1,-1
2037,751,1627406431657,-1,-1,-1
2038,751,1627406432707,-1,-1,-1
2039,791,1627406433669,-1,-1,-1
2040,791,1627406434662,-1,-1,-1
2041,727,1627406435661,-1,-1,-1
2042,647,1627406435661,-1,-1,-1
2043,695,1627406436657,-1,-1,-1
2044,799,1627406437656,-1,-1,-1
2045,751,1627406437656,-1,-1,-1
2046,791,1627406438659,-1,-1,-1
2047,751,1627406443656,-1,-1,-1
2048,703,1627406444660,-1,-1,-1
2049,631,1627406444660,-1,-1,-1
2050,719,1627406445668,-1,-1,-1
2051,639,1627406464710,-1,-1,-1
2052,751,1627406465696,-1,-1,-1
2053,679,1627406465696,-1,-1,-1
2054,711,1627406468656,-1,-1,-1
2055,639,1627406468656,-1,-1,-1
2056,687,1627406471657,-1,-1,-1
2057,783,1627406472709,-1,-1,-1
2058,823,1627406473656,-1,-1,-1
2059,815,1627406474655,-1,-1,-1
2060,799,1627406474655,-1,-1,-1
2061,775,1627406475659,-1,-1,-1
2062,727,1627406476662,-1,-1,-1
2063,703,1627406477663,-1,-1,-1
2064,727,1627406477663,-1,-1,-1
2065,663,1627406478666,-1,-1,-1
2066,703,1627406479657,-1,-1,-1
2067,703,1627406479657,-1,-1,-1
2068,735,1627406480656,-1,-1,-1
2069,703,1627406481670,-1,-1,-1
2070,735,1627406482714,-1,-1,-1
2071,751,1627406482715,-1,-1,-1
2072,839,1627406483656,-1,-1,-1
2073,895,1627406484666,-1,-1,-1
2074,847,1627406485656,-1,-1,-1
2075,879,1627406486656,-1,-1,-1
2076,847,1627406487658,-1,-1,-1
2077,831,1627406488667,-1,-1,-1
2078,823,1627406488667,-1,-1,-1
2079,751,1627406489656,-1,-1,-1
2080,695,1627406490656,-1,-1,-1
2081,719,1627406491656,-1,-1,-1
2082,743,1627406493657,-1,-1,-1
2083,679,1627406493657,-1,-1,-1
2084,671,1627406497657,-1,-1,-1
2085,711,1627406498739,-1,-1,-1
2086,695,1627406499655,-1,-1,-1
2087,743,1627406500661,-1,-1,-1
2088,695,1627406500661,-1,-1,-1
2089,671,1627406501660,-1,-1,-1
2090,895,1627406506669,-1,-1,-1
2091,703,1627406510656,-1,-1,-1
2092,695,1627406510656,-1,-1,-1
2093,679,1627406511662,-1,-1,-1
2094,719,1627406512659,-1,-1,-1
2095,727,1627406513665,-1,-1,-1
2096,687,1627406513665,-1,-1,-1
2097,663,1627406514656,-1,-1,-1
2098,631,1627406515736,-1,-1,-1
2099,639,1627406515736,-1,-1,-1
2100,775,1627406518669,-1,-1,-1
2101,783,1627406519657,-1,-1,-1
2102,639,1627406525670,-1,-1,-1
2103,591,1627406527656,-1,-1,-1
2104,591,1627406532656,-1,-1,-1
2105,703,1627406537656,-1,-1,-1
2106,807,1627406538657,-1,-1,-1
2107,719,1627406542656,-1,-1,-1
2108,719,1627406543656,-1,-1,-1
2109,735,1627406543656,-1,-1,-1
2110,583,1627406545659,-1,-1,-1
2111,767,1627406546696,-1,-1,-1
2112,647,1627406547736,-1,-1,-1
2113,639,1627406547736,-1,-1,-1
2114,695,1627406548661,-1,-1,-1
2115,623,1627406549656,-1,-1,-1
2116,711,1627406549656,-1,-1,-1
2117,831,1627406550656,-1,-1,-1
2118,575,1627406558662,-1,-1,-1
2119,647,1627406559661,-1,-1,-1
2120,687,1627406559661,-1,-1,-1
2121,679,1627406563657,-1,-1,-1
2122,767,1627406564711,-1,-1,-1
2123,695,1627406564711,-1,-1,-1
2124,639,1627406565669,-1,-1,-1
2125,583,1627406568662,-1,-1,-1
2126,639,1627406568662,-1,-1,-1
2127,823,1627406570656,-1,-1,-1
2128,639,1627406576660,-1,-1,-1
2129,695,1627406577672,-1,-1,-1
2130,679,1627406578659,-1,-1,-1
2131,639,1627406578659,-1,-1,-1
2132,687,1627406579656,-1,-1,-1
2133,647,1627406584672,-1,-1,-1
2134,719,1627406592656,-1,-1,-1
2135,719,1627406592656,-1,-1,-1
2136,607,1627406594655,-1,-1,-1
2137,719,1627406596706,-1,-1,-1
2138,479,1627406597696,-1,-1,-1
2139,703,1627406598656,-1,-1,-1
2140,655,1627406600661,-1,-1,-1
2141,647,1627406603656,-1,-1,-1
2142,903,1627406608670,-1,-1,-1
2143,575,1627406637667,-1,-1,-1
2144,799,1627406637668,-1,-1,-1
2145,711,1627406638669,-1,-1,-1
2146,559,1627406639656,-1,-1,-1
2147,439,1627406640657,-1,-1,-1
2148,751,1627406641655,-1,-1,-1
2149,535,1627406641655,-1,-1,-1
2150,719,1627406642656,-1,-1,-1
2151,431,1627406642656,-1,-1,-1
2152,655,1627406643655,-1,-1,-1
2153,527,1627406645661,-1,-1,-1
2154,367,1627406649660,-1,-1,-1
2155,559,1627406655666,-1,-1,-1
2156,415,1627406659696,-1,-1,-1
2157,391,1627406659696,-1,-1,-1
2158,567,1627406662667,-1,-1,-1
2159,511,1627406663700,-1,-1,-1
2160,407,1627406663700,-1,-1,-1
2161,583,1627406666655,-1,-1,-1
2162,463,1627406669656,-1,-1,-1
2163,623,1627406670656,-1,-1,-1
2164,447,1627406675656,-1,-1,-1
2165,551,1627406676656,-1,-1,-1
2166,679,1627406678655,-1,-1,-1
2167,391,1627406678655,-1,-1,-1
2168,391,1627406683696,-1,-1,-1
2169,559,1627406691670,-1,-1,-1
2170,663,1627406692656,-1,-1,-1
2171,607,1627406693657,-1,-1,-1
2172,463,1627406697668,-1,-1,-1
2173,663,1627406699667,-1,-1,-1
2174,423,1627406701656,-1,-1,-1
2175,751,1627406701656,-1,-1,-1
2176,639,1627406711656,-1,-1,-1
2177,743,1627406712695,-1,-1,-1
2178,391,1627406714658,-1,-1,-1
2179,615,1627406714659,-1,-1,-1
2180,719,1627406715669,-1,-1,-1
2181,703,1627406716746,-1,-1,-1
2182,439,1627406718666,-1,-1,-1
2183,583,1627406720658,-1,-1,-1
2184,399,1627406730668,-1,-1,-1
2185,607,1627406732659,-1,-1,-1
2186,759,1627406740669,-1,-1,-1
2187,535,1627406743656,-1,-1,-1
2188,671,1627406743656,-1,-1,-1
2189,783,1627406747666,-1,-1,-1
2190,719,1627406748695,-1,-1,-1
2191,599,1627406749655,-1,-1,-1
2192,831,1627406752669,-1,-1,-1
2193,503,1627406753655,-1,-1,-1
2194,751,1627406755656,-1,-1,-1
2195,671,1627406757661,-1,-1,-1
2196,767,1627406763661,-1,-1,-1
2197,791,1627406768663,-1,-1,-1
2198,415,1627406772655,-1,-1,-1
2199,759,1627406772655,-1,-1,-1
2200,631,1627406773655,-1,-1,-1
2201,575,1627406773655,-1,-1,-1
2202,583,1627406775670,-1,-1,-1
2203,711,1627406780701,-1,-1,-1
2204,615,1627406792655,-1,-1,-1
2205,751,1627406793656,-1,-1,-1
2206,743,1627406794667,-1,-1,-1
2207,423,1627406794667,-1,-1,-1
2208,719,1627406798655,-1,-1,-1
2209,375,1627406801656,-1,-1,-1
2210,679,1627406802655,-1,-1,-1
2211,455,1627406803738,-1,-1,-1
2212,519,1627406803738,-1,-1,-1
2213,551,1627406804695,-1,-1,-1
2214,431,1627406804695,-1,-1,-1
2215,335,1627406805655,-1,-1,-1
2216,391,1627406806697,-1,-1,-1
2217,511,1627406811696,-1,-1,-1
2218,455,1627406814654,-1,-1,-1
2219,535,1627406817656,-1,-1,-1
2220,367,1627406818695,-1,-1,-1
2221,335,1627406818695,-1,-1,-1
2222,663,1627406819656,-1,-1,-1
2223,559,1627406820655,-1,-1,-1
2224,607,1627406821656,-1,-1,-1
2225,407,1627406824655,-1,-1,-1
2226,639,1627406825655,-1,-1,-1
2227,631,1627406826696,-1,-1,-1
2228,439,1627406826696,-1,-1,-1
2229,695,1627406828659,-1,-1,-1
2230,487,1627406828659,-1,-1,-1
2231,503,1627406829655,-1,-1,-1
2232,423,1627406830710,-1,-1,-1
2233,551,1627406832656,-1,-1,-1
2234,407,1627406833656,-1,-1,-1
2235,735,1627406834655,-1,-1,-1
2236,559,1627406834656,-1,-1,-1
2237,751,1627406835749,-1,-1,-1
2238,615,1627406843694,-1,-1,-1
2239,511,1627406846663,-1,-1,-1
2240,695,1627406847670,-1,-1,-1
2241,423,1627406847670,-1,-1,-1
2242,647,1627406849663,-1,-1,-1
2243,399,1627406854667,-1,-1,-1
2244,551,1627406854667,-1,-1,-1
2245,623,1627406859655,-1,-1,-1
2246,759,1627406861656,-1,-1,-1
2247,743,1627406861656,-1,-1,-1
2248,687,1627406862653,-1,-1,-1
2249,623,1627406863655,-1,-1,-1
2250,695,1627406869697,-1,-1,-1
2251,711,1627406870657,-1,-1,-1
2252,679,1627406870657,-1,-1,-1
2253,583,1627406871658,-1,-1,-1
2254,615,1627406873669,-1,-1,-1
2255,535,1627406874656,-1,-1,-1
2256,807,1627406874656,-1,-1,-1
2257,735,1627406875654,-1,-1,-1
2258,615,1627406876694,-1,-1,-1
2259,583,1627406876694,-1,-1,-1
2260,831,1627406881694,-1,-1,-1
2261,711,1627406884694,-1,-1,-1
2262,727,1627406885657,-1,-1,-1
2263,783,1627406886615,-1,-1,-1
2264,807,1627406888614,-1,-1,-1
2265,711,1627406889621,-1,-1,-1
2266,679,1627406889621,-1,-1,-1
2267,695,1627406890622,-1,-1,-1
2268,711,1627406891620,-1,-1,-1
2269,583,1627406893613,-1,-1,-1
2270,775,1627406893613,-1,-1,-1
2271,751,1627406896653,-1,-1,-1
2272,719,1627406897614,-1,-1,-1
2273,767,1627406898618,-1,-1,-1
2274,735,1627406899613,-1,-1,-1
2275,719,1627406899613,-1,-1,-1
2276,679,1627406900617,-1,-1,-1
2277,815,1627406901616,-1,-1,-1
2278,615,1627406903617,-1,-1,-1
2279,711,1627406904615,-1,-1,-1
2280,743,1627406904615,-1,-1,-1
2281,599,1627406905615,-1,-1,-1
2282,615,1627406924615,-1,-1,-1
2283,727,1627406924615,-1,-1,-1
2284,615,1627406925628,-1,-1,-1
2285,631,1627406926618,-1,-1,-1
2286,839,1627406926618,-1,-1,-1
2287,687,1627406928615,-1,-1,-1
2288,847,1627406931627,-1,-1,-1
2289,551,1627406933615,-1,-1,-1
2290,591,1627406933615,-1,-1,-1
2291,431,1627406938625,-1,-1,-1
2292,519,1627406938625,-1,-1,-1
2293,591,1627406940615,-1,-1,-1
2294,687,1627406941615,-1,-1,-1
2295,663,1627406944614,-1,-1,-1
2296,527,1627406945614,-1,-1,-1
2297,759,1627406946622,-1,-1,-1
2298,735,1627406948658,-1,-1,-1
2299,695,1627406949675,-1,-1,-1
2300,703,1627406950613,-1,-1,-1
2301,743,1627406950613,-1,-1,-1
2302,551,1627406951614,-1,-1,-1
2303,447,1627406955618,-1,-1,-1
2304,751,1627406956614,-1,-1,-1
2305,751,1627406957621,-1,-1,-1
2306,743,1627406961614,-1,-1,-1
2307,743,1627406961614,-1,-1,-1
2308,735,1627406962698,-1,-1,-1
2309,823,1627406963613,-1,-1,-1
2310,871,1627406967613,-1,-1,-1
2311,607,1627406969613,-1,-1,-1
2312,775,1627406970653,-1,-1,-1
2313,631,1627406970653,-1,-1,-1
2314,687,1627406975613,-1,-1,-1
2315,575,1627406977613,-1,-1,-1
2316,447,1627406978655,-1,-1,-1
2317,663,1627406980616,-1,-1,-1
2318,687,1627406984612,-1,-1,-1
2319,671,1627406984613,-1,-1,-1
2320,807,1627406985618,-1,-1,-1
2321,895,1627406988617,-1,-1,-1
2322,783,1627406989613,-1,-1,-1
2323,751,1627406989613,-1,-1,-1
2324,743,1627406990613,-1,-1,-1
2325,735,1627406991613,-1,-1,-1
2326,751,1627406992613,-1,-1,-1
2327,727,1627406996612,-1,-1,-1
2328,751,1627406997653,-1,-1,-1
2329,647,1627406997653,-1,-1,-1
2330,695,1627407005618,-1,-1,-1
2331,687,1627407006614,-1,-1,-1
2332,679,1627407006614,-1,-1,-1
2333,687,1627407007612,-1,-1,-1
2334,719,1627407008613,-1,-1,-1
2335,711,1627407008613,-1,-1,-1
2336,743,1627407009617,-1,-1,-1
2337,735,1627407010614,-1,-1,-1
2338,735,1627407011660,-1,-1,-1
2339,759,1627407011660,-1,-1,-1
2340,695,1627407012615,-1,-1,-1
2341,663,1627407013653,-1,-1,-1
2342,791,1627407013653,-1,-1,-1
2343,727,1627407014613,-1,-1,-1
2344,711,1627407021612,-1,-1,-1
2345,703,1627407024614,-1,-1,-1
2346,591,1627407024614,-1,-1,-1
2347,751,1627407025613,-1,-1,-1
2348,663,1627407026613,-1,-1,-1
2349,927,1627407033628,-1,-1,-1
2350,887,1627407034655,-1,-1,-1
2351,551,1627407034655,-1,-1,-1
2352,791,1627407043654,-1,-1,-1
2353,759,1627407044694,-1,-1,-1
2354,775,1627407045667,-1,-1,-1
2355,815,1627407046626,-1,-1,-1
2356,831,1627407046626,-1,-1,-1
2357,831,1627407047615,-1,-1,-1
2358,823,1627407048614,-1,-1,-1
2359,783,1627407049614,-1,-1,-1
2360,495,1627407056653,-1,-1,-1
2361,951,1627407057614,-1,-1,-1
2362,655,1627407057614,-1,-1,-1
2363,959,1627407058625,-1,-1,-1
2364,735,1627407059623,-1,-1,-1
2365,471,1627407065665,-1,-1,-1
2366,743,1627407066625,-1,-1,-1
2367,791,1627407081668,-1,-1,-1
2368,631,1627407083621,-1,-1,-1
2369,663,1627407083621,-1,-1,-1
2370,767,1627407086614,-1,-1,-1
2371,783,1627407086614,-1,-1,-1
2372,727,1627407087614,-1,-1,-1
2373,759,1627407088626,-1,-1,-1
2374,471,1627407088626,-1,-1,-1
2375,903,1627407089614,-1,-1,-1
2376,783,1627407090614,-1,-1,-1
2377,591,1627407094663,-1,-1,-1
2378,727,1627407098619,-1,-1,-1
2379,703,1627407100624,-1,-1,-1
2380,727,1627407101654,-1,-1,-1
2381,847,1627407105618,-1,-1,-1
2382,759,1627407106625,-1,-1,-1
2383,575,1627407107614,-1,-1,-1
2384,799,1627407109654,-1,-1,-1
2385,559,1627407110654,-1,-1,-1
2386,711,1627407111614,-1,-1,-1
2387,775,1627407112613,-1,-1,-1
2388,663,1627407115614,-1,-1,-1
2389,743,1627407121654,-1,-1,-1
2390,519,1627407127654,-1,-1,-1
2391,703,1627407128614,-1,-1,-1
2392,647,1627407132614,-1,-1,-1
2393,719,1627407134614,-1,-1,-1
2394,623,1627407135629,-1,-1,-1
2395,543,1627407137614,-1,-1,-1
2396,743,1627407140614,-1,-1,-1
2397,727,1627407143654,-1,-1,-1
2398,783,1627407144625,-1,-1,-1
2399,759,1627407144625,-1,-1,-1
2400,751,1627407145614,-1,-1,-1
2401,751,1627407146613,-1,-1,-1
2402,671,1627407147614,-1,-1,-1
2403,655,1627407149614,-1,-1,-1
2404,703,1627407149614,-1,-1,-1
2405,703,1627407150614,-1,-1,-1
2406,695,1627407151613,-1,-1,-1
2407,615,1627407153613,-1,-1,-1
2408,687,1627407153614,-1,-1,-1
2409,623,1627407154624,-1,-1,-1
2410,615,1627407155614,-1,-1,-1
2411,695,1627407155614,-1,-1,-1
2412,527,1627407156613,-1,-1,-1
2413,775,1627407157618,-1,-1,-1
2414,599,1627407157618,-1,-1,-1
2415,703,1627407158614,-1,-1,-1
2416,655,1627407158614,-1,-1,-1
2417,727,1627407159614,-1,-1,-1
2418,735,1627407160613,-1,-1,-1
2419,711,1627407161617,-1,-1,-1
2420,743,1627407161617,-1,-1,-1
2421,727,1627407162614,-1,-1,-1
2422,703,1627407163613,-1,-1,-1
2423,527,1627407163613,-1,-1,-1
2424,631,1627407164618,-1,-1,-1
2425,927,1627407165618,-1,-1,-1
2426,647,1627407166614,-1,-1,-1
2427,703,1627407166614,-1,-1,-1
2428,631,1627407167654,-1,-1,-1
2429,575,1627407167654,-1,-1,-1
2430,647,1627407168614,-1,-1,-1
2431,591,1627407169614,-1,-1,-1
2432,639,1627407169614,-1,-1,-1
2433,543,1627407175615,-1,-1,-1
2434,695,1627407184618,-1,-1,-1
2435,639,1627407188614,-1,-1,-1
2436,767,1627407189626,-1,-1,-1
2437,591,1627407189626,-1,-1,-1
2438,623,1627407193619,-1,-1,-1
2439,807,1627407198614,-1,-1,-1
2440,807,1627407201614,-1,-1,-1
2441,663,1627407202614,-1,-1,-1
2442,639,1627407202614,-1,-1,-1
2443,455,1627407206624,-1,-1,-1
2444,799,1627407206624,-1,-1,-1
2445,439,1627407217627,-1,-1,-1
2446,647,1627407230619,-1,-1,-1
2447,663,1627407234614,-1,-1,-1
2448,535,1627407235612,-1,-1,-1
2449,759,1627407244615,-1,-1,-1
2450,743,1627407246614,-1,-1,-1
2451,791,1627407247612,-1,-1,-1
2452,831,1627407248624,-1,-1,-1
2453,815,1627407248624,-1,-1,-1
2454,663,1627407249612,-1,-1,-1
2455,671,1627407261613,-1,-1,-1
2456,591,1627407282613,-1,-1,-1
2457,711,1627407287612,-1,-1,-1
2458,719,1627407287612,-1,-1,-1
2459,639,1627407288625,-1,-1,-1
2460,527,1627407289612,-1,-1,-1
2461,695,1627407290612,-1,-1,-1
2462,679,1627407291666,-1,-1,-1
2463,535,1627407291666,-1,-1,-1
2464,615,1627407292612,-1,-1,-1
2465,815,1627407296611,-1,-1,-1
2466,831,1627407300613,-1,-1,-1
2467,751,1627407300613,-1,-1,-1
2468,623,1627407304612,-1,-1,-1
2469,791,1627407305612,-1,-1,-1
2470,807,1627407309612,-1,-1,-1
2471,663,1627407309612,-1,-1,-1
2472,847,1627407311612,-1,-1,-1
2473,831,1627407312612,-1,-1,-1
2474,751,1627407322613,-1,-1,-1
2475,743,1627407324692,-1,-1,-1
2476,631,1627407328612,-1,-1,-1
2477,655,1627407330613,-1,-1,-1
2478,695,1627407330613,-1,-1,-1
2479,663,1627407331612,-1,-1,-1
2480,695,1627407332612,-1,-1,-1
2481,711,1627407333658,-1,-1,-1
2482,727,1627407333658,-1,-1,-1
2483,735,1627407334614,-1,-1,-1
2484,735,1627407335612,-1,-1,-1
2485,815,1627407348612,-1,-1,-1
2486,639,1627407348612,-1,-1,-1
2487,727,1627407351632,-1,-1,-1
2488,831,1627407358625,-1,-1,-1
2489,943,1627407359612,-1,-1,-1
2490,687,1627407362626,-1,-1,-1
2491,687,1627407362626,-1,-1,-1
2492,687,1627407363618,-1,-1,-1
2493,671,1627407364612,-1,-1,-1
2494,703,1627407364612,-1,-1,-1
2495,679,1627407365659,-1,-1,-1
2496,775,1627407366614,-1,-1,-1
2497,887,1627407367617,-1,-1,-1
2498,887,1627407368623,-1,-1,-1
2499,895,1627407369623,-1,-1,-1
2500,767,1627407369623,-1,-1,-1
2501,695,1627407370613,-1,-1,-1
2502,671,1627407371614,-1,-1,-1
2503,711,1627407371614,-1,-1,-1
2504,727,1627407372612,-1,-1,-1
2505,727,1627407373614,-1,-1,-1
2506,831,1627407374654,-1,-1,-1
2507,775,1627407374654,-1,-1,-1
2508,815,1627407377614,-1,-1,-1
2509,815,1627407379618,-1,-1,-1
2510,783,1627407380614,-1,-1,-1
2511,775,1627407381614,-1,-1,-1
2512,767,1627407382612,-1,-1,-1
2513,743,1627407383615,-1,-1,-1
2514,799,1627407383615,-1,-1,-1
2515,767,1627407384614,-1,-1,-1
2516,823,1627407385614,-1,-1,-1
2517,535,1627407385614,-1,-1,-1
2518,911,1627407388619,-1,-1,-1
2519,831,1627407389626,-1,-1,-1
2520,775,1627407390668,-1,-1,-1
2521,735,1627407391614,-1,-1,-1
2522,687,1627407392613,-1,-1,-1
2523,671,1627407392613,-1,-1,-1
2524,751,1627407393613,-1,-1,-1
2525,783,1627407394625,-1,-1,-1
2526,823,1627407399613,-1,-1,-1
2527,847,1627407400619,-1,-1,-1
2528,799,1627407407652,-1,-1,-1
2529,831,1627407409614,-1,-1,-1
2530,703,1627407411613,-1,-1,-1
2531,751,1627407412611,-1,-1,-1
2532,823,1627407413613,-1,-1,-1
2533,799,1627407414612,-1,-1,-1
2534,815,1627407415617,-1,-1,-1
2535,887,1627407415617,-1,-1,-1
2536,791,1627407418615,-1,-1,-1
2537,767,1627407419612,-1,-1,-1
2538,791,1627407419612,-1,-1,-1
2539,719,1627407420625,-1,-1,-1
2540,623,1627407422613,-1,-1,-1
2541,743,1627407423653,-1,-1,-1
2542,727,1627407424619,-1,-1,-1
2543,767,1627407427612,-1,-1,-1
2544,759,1627407428619,-1,-1,-1
2545,791,1627407429654,-1,-1,-1
2546,791,1627407429654,-1,-1,-1
2547,767,1627407430616,-1,-1,-1
2548,767,1627407432614,-1,-1,-1
2549,823,1627407433612,-1,-1,-1
2550,743,1627407436613,-1,-1,-1
2551,743,1627407436613,-1,-1,-1
2552,735,1627407437612,-1,-1,-1
2553,703,1627407438613,-1,-1,-1
2554,719,1627407438613,-1,-1,-1
2555,743,1627407439652,-1,-1,-1
2556,727,1627407440615,-1,-1,-1
2557,743,1627407441614,-1,-1,-1
2558,751,1627407441614,-1,-1,-1
2559,775,1627407442612,-1,-1,-1
2560,751,1627407443612,-1,-1,-1
2561,695,1627407445611,-1,-1,-1
2562,703,1627407446613,-1,-1,-1
2563,703,1627407447613,-1,-1,-1
2564,695,1627407447613,-1,-1,-1
2565,687,1627407448613,-1,-1,-1
2566,679,1627407449612,-1,-1,-1
2567,655,1627407449612,-1,-1,-1
2568,639,1627407450614,-1,-1,-1
2569,631,1627407450614,-1,-1,-1
2570,591,1627407451612,-1,-1,-1
2571,631,1627407452624,-1,-1,-1
2572,655,1627407452624,-1,-1,-1
2573,831,1627407453613,-1,-1,-1
2574,743,1627407459613,-1,-1,-1
2575,415,1627407459613,-1,-1,-1
2576,727,1627407463613,-1,-1,-1
2577,759,1627407464613,-1,-1,-1
2578,751,1627407464613,-1,-1,-1
2579,759,1627407465653,-1,-1,-1
2580,751,1627407466613,-1,-1,-1
2581,751,1627407467613,-1,-1,-1
2582,743,1627407468614,-1,-1,-1
2583,887,1627407468614,-1,-1,-1
2584,767,1627407471613,-1,-1,-1
2585,799,1627407472613,-1,-1,-1
2586,775,1627407473613,-1,-1,-1
2587,823,1627407473613,-1,-1,-1
2588,823,1627407474614,-1,-1,-1
2589,711,1627407478612,-1,-1,-1
2590,711,1627407479612,-1,-1,-1
2591,807,1627407480613,-1,-1,-1
2592,855,1627407482613,-1,-1,-1
2593,799,1627407483611,-1,-1,-1
2594,639,1627407486624,-1,-1,-1
2595,527,1627407487612,-1,-1,-1
2596,519,1627407489652,-1,-1,-1
2597,887,1627407492620,-1,-1,-1
2598,735,1627407493652,-1,-1,-1
2599,759,1627407494622,-1,-1,-1
2600,679,1627407494622,-1,-1,-1
2601,695,1627407495611,-1,-1,-1
2602,807,1627407496611,-1,-1,-1
2603,799,1627407497613,-1,-1,-1
2604,767,1627407497613,-1,-1,-1
2605,727,1627407498625,-1,-1,-1
2606,663,1627407499612,-1,-1,-1
2607,751,1627407499612,-1,-1,-1
2608,695,1627407500614,-1,-1,-1
2609,751,1627407501612,-1,-1,-1
2610,671,1627407506611,-1,-1,-1
2611,511,1627407507612,-1,-1,-1
2612,687,1627407509613,-1,-1,-1
2613,671,1627407512613,-1,-1,-1
2614,727,1627407513613,-1,-1,-1
2615,591,1627407513613,-1,-1,-1
2616,663,1627407517614,-1,-1,-1
2617,663,1627407518613,-1,-1,-1
2618,831,1627407526573,-1,-1,-1
2619,703,1627407526573,-1,-1,-1
2620,711,1627407531573,-1,-1,-1
2621,791,1627407532573,-1,-1,-1
2622,823,1627407532573,-1,-1,-1
2623,751,1627407533573,-1,-1,-1
2624,791,1627407534616,-1,-1,-1
2625,775,1627407535580,-1,-1,-1
2626,703,1627407535580,-1,-1,-1
2627,711,1627407536573,-1,-1,-1
2628,727,1627407537573,-1,-1,-1
2629,559,1627407537573,-1,-1,-1
2630,703,1627407547572,-1,-1,-1
2631,655,1627407547572,-1,-1,-1
2632,655,1627407548573,-1,-1,-1
2633,719,1627407549573,-1,-1,-1
2634,591,1627407549573,-1,-1,-1
2635,911,1627407552573,-1,-1,-1
2636,735,1627407554572,-1,-1,-1
2637,831,1627407557578,-1,-1,-1
2638,655,1627407558576,-1,-1,-1
2639,871,1627407561573,-1,-1,-1
2640,911,1627407562577,-1,-1,-1
2641,855,1627407563573,-1,-1,-1
2642,895,1627407564571,-1,-1,-1
2643,815,1627407565572,-1,-1,-1
2644,783,1627407566612,-1,-1,-1
2645,895,1627407567573,-1,-1,-1
2646,647,1627407569579,-1,-1,-1
2647,591,1627407570573,-1,-1,-1
2648,719,1627407571572,-1,-1,-1
2649,687,1627407573574,-1,-1,-1
2650,567,1627407576574,-1,-1,-1
2651,743,1627407577572,-1,-1,-1
2652,807,1627407578573,-1,-1,-1
2653,855,1627407579574,-1,-1,-1
2654,839,1627407579574,-1,-1,-1
2655,831,1627407580573,-1,-1,-1
2656,791,1627407581572,-1,-1,-1
2657,751,1627407582573,-1,-1,-1
2658,743,1627407582573,-1,-1,-1
2659,751,1627407583572,-1,-1,-1
2660,751,1627407584572,-1,-1,-1
2661,663,1627407585572,-1,-1,-1
2662,935,1627407586572,-1,-1,-1
2663,831,1627407586572,-1,-1,-1
2664,759,1627407587572,-1,-1,-1
2665,855,1627407589572,-1,-1,-1
2666,735,1627407590571,-1,-1,-1
2667,823,1627407591574,-1,-1,-1
2668,799,1627407592573,-1,-1,-1
2669,911,1627407593573,-1,-1,-1
2670,711,1627407593573,-1,-1,-1
2671,751,1627407597573,-1,-1,-1
2672,759,1627407597573,-1,-1,-1
2673,719,1627407598611,-1,-1,-1
2674,719,1627407599573,-1,-1,-1
2675,791,1627407600573,-1,-1,-1
2676,839,1627407600573,-1,-1,-1
2677,847,1627407604572,-1,-1,-1
2678,959,1627407607612,-1,-1,-1
2679,791,1627407610573,-1,-1,-1
2680,567,1627407612573,-1,-1,-1
2681,503,1627407612573,-1,-1,-1
2682,703,1627407624590,-1,-1,-1
2683,703,1627407625571,-1,-1,-1
2684,679,1627407626571,-1,-1,-1
2685,927,1627407628573,-1,-1,-1
2686,919,1627407629573,-1,-1,-1
2687,815,1627407630613,-1,-1,-1
2688,679,1627407630613,-1,-1,-1
2689,935,1627407631572,-1,-1,-1
2690,775,1627407632572,-1,-1,-1
2691,711,1627407633575,-1,-1,-1
2692,839,1627407635574,-1,-1,-1
2693,871,1627407636572,-1,-1,-1
2694,831,1627407637572,-1,-1,-1
2695,791,1627407638572,-1,-1,-1
2696,815,1627407639571,-1,-1,-1
2697,727,1627407639571,-1,-1,-1
2698,799,1627407642572,-1,-1,-1
2699,791,1627407643571,-1,-1,-1
2700,1023,1627407645572,-1,-1,-1
2701,863,1627407646573,-1,-1,-1
2702,775,1627407648572,-1,-1,-1
2703,823,1627407649571,-1,-1,-1
2704,751,1627407650572,-1,-1,-1
2705,703,1627407651571,-1,-1,-1
2706,751,1627407651571,-1,-1,-1
2707,743,1627407652572,-1,-1,-1
2708,719,1627407653572,-1,-1,-1
2709,775,1627407654573,-1,-1,-1
2710,951,1627407655571,-1,-1,-1
2711,1015,1627407656613,-1,-1,-1
2712,975,1627407657571,-1,-1,-1
2713,847,1627407657571,-1,-1,-1
2714,975,1627407658573,-1,-1,-1
2715,831,1627407659573,-1,-1,-1
2716,863,1627407660573,-1,-1,-1
2717,839,1627407661571,-1,-1,-1
2718,799,1627407662612,-1,-1,-1
2719,759,1627407663571,-1,-1,-1
2720,815,1627407663571,-1,-1,-1
2721,775,1627407664573,-1,-1,-1
2722,695,1627407665573,-1,-1,-1
2723,807,1627407666573,-1,-1,-1
2724,799,1627407666573,-1,-1,-1
2725,767,1627407667573,-1,-1,-1
2726,727,1627407671573,-1,-1,-1
2727,687,1627407672573,-1,-1,-1
2728,671,1627407672573,-1,-1,-1
2729,679,1627407673613,-1,-1,-1
2730,695,1627407674571,-1,-1,-1
2731,759,1627407674571,-1,-1,-1
2732,815,1627407675571,-1,-1,-1
2733,799,1627407676573,-1,-1,-1
2734,775,1627407677581,-1,-1,-1
2735,735,1627407677581,-1,-1,-1
2736,815,1627407678574,-1,-1,-1
2737,775,1627407684573,-1,-1,-1
2738,791,1627407685571,-1,-1,-1
2739,783,1627407686571,-1,-1,-1
2740,775,1627407687571,-1,-1,-1
2741,783,1627407687571,-1,-1,-1
2742,767,1627407688573,-1,-1,-1
2743,759,1627407689613,-1,-1,-1
2744,727,1627407690573,-1,-1,-1
2745,711,1627407690573,-1,-1,-1
2746,751,1627407691574,-1,-1,-1
2747,767,1627407692571,-1,-1,-1
2748,791,1627407693572,-1,-1,-1
2749,863,1627407694613,-1,-1,-1
2750,831,1627407694613,-1,-1,-1
2751,759,1627407695571,-1,-1,-1
2752,711,1627407696572,-1,-1,-1
2753,711,1627407697572,-1,-1,-1
2754,727,1627407697572,-1,-1,-1
2755,719,1627407698571,-1,-1,-1
2756,767,1627407699571,-1,-1,-1
2757,767,1627407700571,-1,-1,-1
2758,807,1627407700571,-1,-1,-1
2759,831,1627407701572,-1,-1,-1
2760,767,1627407702575,-1,-1,-1
2761,807,1627407703572,-1,-1,-1
2762,799,1627407704572,-1,-1,-1
2763,775,1627407704572,-1,-1,-1
2764,727,1627407707573,-1,-1,-1
2765,703,1627407707573,-1,-1,-1
2766,719,1627407708573,-1,-1,-1
2767,767,1627407709571,-1,-1,-1
2768,743,1627407710573,-1,-1,-1
2769,823,1627407710573,-1,-1,-1
2770,855,1627407711571,-1,-1,-1
2771,871,1627407712571,-1,-1,-1
2772,671,1627407715573,-1,-1,-1
2773,879,1627407717571,-1,-1,-1
2774,879,1627407718572,-1,-1,-1
2775,903,1627407719573,-1,-1,-1
2776,791,1627407720573,-1,-1,-1
2777,743,1627407721571,-1,-1,-1
2778,735,1627407721571,-1,-1,-1
2779,727,1627407722620,-1,-1,-1
2780,751,1627407723573,-1,-1,-1
2781,775,1627407724573,-1,-1,-1
2782,767,1627407724573,-1,-1,-1
2783,879,1627407725573,-1,-1,-1
2784,991,1627407727571,-1,-1,-1
2785,551,1627407728581,-1,-1,-1
2786,759,1627407731583,-1,-1,-1
2787,711,1627407731583,-1,-1,-1
2788,775,1627407732572,-1,-1,-1
2789,703,1627407733571,-1,-1,-1
2790,719,1627407734574,-1,-1,-1
2791,767,1627407736586,-1,-1,-1
2792,511,1627407738614,-1,-1,-1
2793,751,1627407739617,-1,-1,-1
2794,591,1627407748573,-1,-1,-1
2795,647,1627407752572,-1,-1,-1
2796,575,1627407754576,-1,-1,-1
2797,647,1627407759583,-1,-1,-1
2798,727,1627407761571,-1,-1,-1
2799,607,1627407765573,-1,-1,-1
2800,735,1627407767573,-1,-1,-1
2801,791,1627407768576,-1,-1,-1
2802,663,1627407773574,-1,-1,-1
2803,543,1627407775571,-1,-1,-1
2804,599,1627407776571,-1,-1,-1
2805,639,1627407777570,-1,-1,-1
2806,639,1627407778585,-1,-1,-1
2807,487,1627407779589,-1,-1,-1
2808,655,1627407780574,-1,-1,-1
2809,647,1627407792573,-1,-1,-1
2810,767,1627407792573,-1,-1,-1
2811,895,1627407796573,-1,-1,-1
2812,607,1627407797578,-1,-1,-1
2813,695,1627407797578,-1,-1,-1
2814,743,1627407798572,-1,-1,-1
2815,479,1627407798572,-1,-1,-1
2816,831,1627407799571,-1,-1,-1
2817,591,1627407800572,-1,-1,-1
2818,607,1627407805091,-1,-1,-1
2819,623,1627407805091,-1,-1,-1
2820,615,1627407806090,-1,-1,-1
2821,607,1627407806090,-1,-1,-1
2822,615,1627407807103,-1,-1,-1
2823,623,1627407808104,-1,-1,-1
2824,815,1627407815580,-1,-1,-1
2825,759,1627407827584,-1,-1,-1
2826,407,1627407827584,-1,-1,-1
2827,575,1627407834186,-1,-1,-1
2828,527,1627407834186,-1,-1,-1
2829,503,1627407835098,-1,-1,-1
2830,719,1627407835098,-1,-1,-1
2831,463,1627407839143,-1,-1,-1
2832,695,1627407840103,-1,-1,-1
2833,551,1627407848581,-1,-1,-1
2834,463,1627407858888,-1,-1,-1
2835,495,1627407858888,-1,-1,-1
2836,519,1627407865051,-1,-1,-1
2837,655,1627407872094,-1,-1,-1
2838,455,1627407881058,-1,-1,-1
2839,727,1627407882064,-1,-1,-1
2840,655,1627407884052,-1,-1,-1
2841,471,1627407885051,-1,-1,-1
2842,583,1627407885051,-1,-1,-1
2843,719,1627407886064,-1,-1,-1
2844,391,1627407886064,-1,-1,-1
2845,639,1627407889111,-1,-1,-1
2846,455,1627407899056,-1,-1,-1
2847,559,1627407905091,-1,-1,-1
2848,495,1627407907108,-1,-1,-1
2849,759,1627407916064,-1,-1,-1
2850,567,1627407917055,-1,-1,-1
2851,463,1627407917055,-1,-1,-1
2852,631,1627407923064,-1,-1,-1
2853,775,1627407924052,-1,-1,-1
2854,623,1627407924052,-1,-1,-1
2855,871,1627407925053,-1,-1,-1
2856,847,1627407926064,-1,-1,-1
2857,919,1627407927055,-1,-1,-1
2858,847,1627407930065,-1,-1,-1
2859,727,1627407930065,-1,-1,-1
2860,719,1627407931065,-1,-1,-1
2861,719,1627407932050,-1,-1,-1
2862,639,1627407932050,-1,-1,-1
2863,679,1627407934050,-1,-1,-1
2864,735,1627407935055,-1,-1,-1
2865,687,1627407936052,-1,-1,-1
2866,679,1627407938091,-1,-1,-1
2867,679,1627407939092,-1,-1,-1
2868,735,1627407941065,-1,-1,-1
2869,751,1627407941065,-1,-1,-1
2870,663,1627407942064,-1,-1,-1
2871,639,1627407944063,-1,-1,-1
2872,679,1627407952052,-1,-1,-1
2873,615,1627407953052,-1,-1,-1
2874,759,1627407954063,-1,-1,-1
2875,943,1627407960065,-1,-1,-1
2876,783,1627407962052,-1,-1,-1
2877,727,1627407963064,-1,-1,-1
2878,863,1627407965064,-1,-1,-1
2879,815,1627407977065,-1,-1,-1
2880,647,1627407977065,-1,-1,-1
2881,727,1627407980052,-1,-1,-1
2882,503,1627407980052,-1,-1,-1
2883,711,1627407987055,-1,-1,-1
2884,591,1627407987055,-1,-1,-1
2885,543,1627407988066,-1,-1,-1
2886,759,1627407988066,-1,-1,-1
2887,543,1627407989064,-1,-1,-1
2888,607,1627407996061,-1,-1,-1
2889,615,1627407997055,-1,-1,-1
2890,599,1627407997055,-1,-1,-1
2891,615,1627407998065,-1,-1,-1
2892,535,1627408001062,-1,-1,-1
2893,615,1627408003097,-1,-1,-1
2894,695,1627408006051,-1,-1,-1
2895,567,1627408007066,-1,-1,-1
2896,615,1627408010050,-1,-1,-1
2897,687,1627408014058,-1,-1,-1
2898,527,1627408015055,-1,-1,-1
2899,503,1627408015055,-1,-1,-1
2900,375,1627408017060,-1,-1,-1
2901,495,1627408027063,-1,-1,-1
2902,471,1627408027063,-1,-1,-1
2903,503,1627408030064,-1,-1,-1
2904,519,1627408032064,-1,-1,-1
2905,807,1627408033059,-1,-1,-1
2906,591,1627408034050,-1,-1,-1
2907,783,1627408037104,-1,-1,-1
2908,783,1627408039056,-1,-1,-1
2909,503,1627408040059,-1,-1,-1
2910,703,1627408042063,-1,-1,-1
2911,791,1627408047052,-1,-1,-1
2912,679,1627408055051,-1,-1,-1
2913,599,1627408056053,-1,-1,-1
2914,647,1627408057051,-1,-1,-1
2915,631,1627408057051,-1,-1,-1
2916,719,1627408058050,-1,-1,-1
2917,695,1627408060052,-1,-1,-1
2918,719,1627408063052,-1,-1,-1
2919,607,1627408063052,-1,-1,-1
2920,735,1627408064054,-1,-1,-1
2921,463,1627408064054,-1,-1,-1
2922,815,1627408065052,-1,-1,-1
2923,647,1627408066462,-1,-1,-1
2924,623,1627408068091,-1,-1,-1
