,RR,Timestamp,SensorContact,errorEstimate,blockerBit
0,799,1623233412200,-1,-1,-1
1,687,1623233412200,-1,-1,-1
2,671,1623233412200,-1,-1,-1
3,655,1623233412200,-1,-1,-1
4,591,1623233412200,-1,-1,-1
5,655,1623233412200,-1,-1,-1
6,623,1623233412200,-1,-1,-1
7,583,1623233412200,-1,-1,-1
8,631,1623233412201,-1,-1,-1
9,663,1623233412698,-1,-1,-1
10,719,1623233412698,-1,-1,-1
11,583,1623233414701,-1,-1,-1
12,831,1623233416685,-1,-1,-1
13,695,1623233416685,-1,-1,-1
14,839,1623233418692,-1,-1,-1
15,559,1623233419690,-1,-1,-1
16,695,1623233424686,-1,-1,-1
17,743,1623233428689,-1,-1,-1
18,735,1623233432646,-1,-1,-1
19,719,1623233433646,-1,-1,-1
20,727,1623233434646,-1,-1,-1
21,727,1623233434646,-1,-1,-1
22,719,1623233435646,-1,-1,-1
23,703,1623233436646,-1,-1,-1
24,679,1623233436646,-1,-1,-1
25,687,1623233437646,-1,-1,-1
26,679,1623233438646,-1,-1,-1
27,711,1623233438646,-1,-1,-1
28,567,1623233441647,-1,-1,-1
29,583,1623233444647,-1,-1,-1
30,639,1623233445686,-1,-1,-1
31,839,1623233451647,-1,-1,-1
32,671,1623233456646,-1,-1,-1
33,687,1623233458692,-1,-1,-1
34,703,1623233459645,-1,-1,-1
35,759,1623233460645,-1,-1,-1
36,599,1623233460645,-1,-1,-1
37,983,1623233461645,-1,-1,-1
38,743,1623233462647,-1,-1,-1
39,687,1623233464646,-1,-1,-1
40,575,1623233466646,-1,-1,-1
41,807,1623233467646,-1,-1,-1
42,735,1623233468646,-1,-1,-1
43,671,1623233470653,-1,-1,-1
44,791,1623233471646,-1,-1,-1
45,719,1623233471646,-1,-1,-1
46,663,1623233474650,-1,-1,-1
47,727,1623233475653,-1,-1,-1
48,679,1623233476647,-1,-1,-1
49,727,1623233478646,-1,-1,-1
50,719,1623233479646,-1,-1,-1
51,711,1623233479646,-1,-1,-1
52,679,1623233480646,-1,-1,-1
53,719,1623233482646,-1,-1,-1
54,679,1623233483646,-1,-1,-1
55,679,1623233483646,-1,-1,-1
56,735,1623233486646,-1,-1,-1
57,711,1623233486646,-1,-1,-1
58,471,1623233487646,-1,-1,-1
59,887,1623233488650,-1,-1,-1
60,727,1623233488650,-1,-1,-1
61,615,1623233489646,-1,-1,-1
62,719,1623233490646,-1,-1,-1
63,631,1623233490646,-1,-1,-1
64,711,1623233491689,-1,-1,-1
65,671,1623233492646,-1,-1,-1
66,647,1623233492646,-1,-1,-1
67,759,1623233493646,-1,-1,-1
68,687,1623233494646,-1,-1,-1
69,751,1623233496650,-1,-1,-1
70,591,1623233497644,-1,-1,-1
71,735,1623233497644,-1,-1,-1
72,695,1623233498644,-1,-1,-1
73,647,1623233499650,-1,-1,-1
74,663,1623233499650,-1,-1,-1
75,663,1623233500644,-1,-1,-1
76,775,1623233501644,-1,-1,-1
77,743,1623233502644,-1,-1,-1
78,839,1623233502644,-1,-1,-1
79,839,1623233503645,-1,-1,-1
80,775,1623233504653,-1,-1,-1
81,767,1623233505644,-1,-1,-1
82,671,1623233505644,-1,-1,-1
83,687,1623233506644,-1,-1,-1
84,711,1623233507684,-1,-1,-1
85,671,1623233507684,-1,-1,-1
86,703,1623233508644,-1,-1,-1
87,623,1623233512655,-1,-1,-1
88,951,1623233513644,-1,-1,-1
89,727,1623233513644,-1,-1,-1
90,639,1623233515644,-1,-1,-1
91,495,1623233516644,-1,-1,-1
92,615,1623233518649,-1,-1,-1
93,615,1623233519644,-1,-1,-1
94,631,1623233519644,-1,-1,-1
95,615,1623233520650,-1,-1,-1
96,631,1623233520650,-1,-1,-1
97,639,1623233521644,-1,-1,-1
98,623,1623233522644,-1,-1,-1
99,679,1623233522644,-1,-1,-1
100,615,1623233525645,-1,-1,-1
101,775,1623233526644,-1,-1,-1
102,639,1623233527653,-1,-1,-1
103,623,1623233527653,-1,-1,-1
104,727,1623233528659,-1,-1,-1
105,639,1623233529644,-1,-1,-1
106,647,1623233529644,-1,-1,-1
107,607,1623233531646,-1,-1,-1
108,623,1623233532647,-1,-1,-1
109,695,1623233532647,-1,-1,-1
110,615,1623233533644,-1,-1,-1
111,511,1623233534650,-1,-1,-1
112,775,1623233534650,-1,-1,-1
113,687,1623233538644,-1,-1,-1
114,623,1623233540691,-1,-1,-1
115,663,1623233540691,-1,-1,-1
116,663,1623233541649,-1,-1,-1
117,607,1623233542644,-1,-1,-1
118,655,1623233542644,-1,-1,-1
119,663,1623233543644,-1,-1,-1
120,623,1623233544645,-1,-1,-1
121,615,1623233544645,-1,-1,-1
122,687,1623233545644,-1,-1,-1
123,679,1623233546644,-1,-1,-1
124,519,1623233546644,-1,-1,-1
125,815,1623233547644,-1,-1,-1
126,471,1623233547644,-1,-1,-1
127,839,1623233548645,-1,-1,-1
128,687,1623233549644,-1,-1,-1
129,615,1623233550644,-1,-1,-1
130,695,1623233550644,-1,-1,-1
131,663,1623233551644,-1,-1,-1
132,567,1623233551644,-1,-1,-1
133,743,1623233552645,-1,-1,-1
134,583,1623233553644,-1,-1,-1
135,711,1623233554644,-1,-1,-1
136,663,1623233554644,-1,-1,-1
137,607,1623233555648,-1,-1,-1
138,647,1623233555648,-1,-1,-1
139,655,1623233556649,-1,-1,-1
140,655,1623233557684,-1,-1,-1
141,663,1623233557684,-1,-1,-1
142,655,1623233558644,-1,-1,-1
143,663,1623233559644,-1,-1,-1
144,655,1623233559644,-1,-1,-1
145,663,1623233560648,-1,-1,-1
146,639,1623233561644,-1,-1,-1
147,647,1623233561644,-1,-1,-1
148,607,1623233562644,-1,-1,-1
149,639,1623233564644,-1,-1,-1
150,711,1623233566644,-1,-1,-1
151,751,1623233567644,-1,-1,-1
152,687,1623233568644,-1,-1,-1
153,679,1623233568644,-1,-1,-1
154,671,1623233569649,-1,-1,-1
155,671,1623233570656,-1,-1,-1
156,567,1623233574653,-1,-1,-1
157,687,1623233575648,-1,-1,-1
158,679,1623233577644,-1,-1,-1
159,671,1623233578644,-1,-1,-1
160,719,1623233579653,-1,-1,-1
161,703,1623233579653,-1,-1,-1
162,703,1623233580645,-1,-1,-1
163,695,1623233581651,-1,-1,-1
164,551,1623233581651,-1,-1,-1
165,639,1623233583645,-1,-1,-1
166,607,1623233584644,-1,-1,-1
167,599,1623233584644,-1,-1,-1
168,719,1623233585645,-1,-1,-1
169,647,1623233586644,-1,-1,-1
170,503,1623233586644,-1,-1,-1
171,711,1623233587659,-1,-1,-1
172,567,1623233588645,-1,-1,-1
173,679,1623233588645,-1,-1,-1
174,639,1623233589644,-1,-1,-1
175,647,1623233590684,-1,-1,-1
176,671,1623233590684,-1,-1,-1
177,695,1623233591644,-1,-1,-1
178,735,1623233592647,-1,-1,-1
179,783,1623233592647,-1,-1,-1
180,839,1623233593652,-1,-1,-1
181,751,1623233594648,-1,-1,-1
182,727,1623233595659,-1,-1,-1
183,663,1623233595659,-1,-1,-1
184,679,1623233596658,-1,-1,-1
185,639,1623233598659,-1,-1,-1
186,639,1623233599659,-1,-1,-1
187,631,1623233599659,-1,-1,-1
188,631,1623233600657,-1,-1,-1
189,663,1623233601660,-1,-1,-1
190,671,1623233601660,-1,-1,-1
191,671,1623233602648,-1,-1,-1
192,663,1623233603648,-1,-1,-1
193,663,1623233603648,-1,-1,-1
194,671,1623233604659,-1,-1,-1
195,679,1623233605644,-1,-1,-1
196,687,1623233605644,-1,-1,-1
197,703,1623233606686,-1,-1,-1
198,711,1623233607658,-1,-1,-1
199,711,1623233607658,-1,-1,-1
200,719,1623233608658,-1,-1,-1
201,743,1623233609651,-1,-1,-1
202,719,1623233610650,-1,-1,-1
203,719,1623233610650,-1,-1,-1
204,735,1623233611657,-1,-1,-1
205,743,1623233612644,-1,-1,-1
206,735,1623233613660,-1,-1,-1
207,751,1623233613660,-1,-1,-1
208,751,1623233614660,-1,-1,-1
209,759,1623233615646,-1,-1,-1
210,759,1623233616650,-1,-1,-1
211,799,1623233616650,-1,-1,-1
212,799,1623233617649,-1,-1,-1
213,807,1623233618663,-1,-1,-1
214,799,1623233619659,-1,-1,-1
215,783,1623233620651,-1,-1,-1
216,759,1623233620651,-1,-1,-1
217,743,1623233621659,-1,-1,-1
218,751,1623233622661,-1,-1,-1
219,751,1623233623693,-1,-1,-1
220,759,1623233623693,-1,-1,-1
221,767,1623233624659,-1,-1,-1
222,791,1623233625659,-1,-1,-1
223,767,1623233626657,-1,-1,-1
224,775,1623233626657,-1,-1,-1
225,775,1623233627656,-1,-1,-1
226,783,1623233628658,-1,-1,-1
227,775,1623233629657,-1,-1,-1
228,791,1623233630660,-1,-1,-1
229,783,1623233630660,-1,-1,-1
230,767,1623233631660,-1,-1,-1
231,775,1623233632644,-1,-1,-1
232,767,1623233633647,-1,-1,-1
233,759,1623233633647,-1,-1,-1
234,751,1623233634644,-1,-1,-1
235,719,1623233635659,-1,-1,-1
236,711,1623233636658,-1,-1,-1
237,703,1623233636658,-1,-1,-1
238,703,1623233637649,-1,-1,-1
239,735,1623233638658,-1,-1,-1
240,775,1623233639703,-1,-1,-1
241,767,1623233639703,-1,-1,-1
242,767,1623233640657,-1,-1,-1
243,783,1623233641651,-1,-1,-1
244,759,1623233642645,-1,-1,-1
245,719,1623233642645,-1,-1,-1
246,719,1623233643664,-1,-1,-1
247,711,1623233644662,-1,-1,-1
248,711,1623233644663,-1,-1,-1
249,735,1623233645644,-1,-1,-1
250,743,1623233646659,-1,-1,-1
251,775,1623233647647,-1,-1,-1
252,783,1623233648648,-1,-1,-1
253,799,1623233648649,-1,-1,-1
254,791,1623233649647,-1,-1,-1
255,759,1623233650660,-1,-1,-1
256,751,1623233651651,-1,-1,-1
257,799,1623233651651,-1,-1,-1
258,775,1623233652645,-1,-1,-1
259,783,1623233653644,-1,-1,-1
260,807,1623233654653,-1,-1,-1
261,815,1623233655647,-1,-1,-1
262,799,1623233655647,-1,-1,-1
263,815,1623233656698,-1,-1,-1
264,799,1623233657660,-1,-1,-1
265,791,1623233658644,-1,-1,-1
266,783,1623233659650,-1,-1,-1
267,775,1623233659650,-1,-1,-1
268,767,1623233660654,-1,-1,-1
269,775,1623233661658,-1,-1,-1
270,783,1623233662644,-1,-1,-1
271,775,1623233662644,-1,-1,-1
272,807,1623233663647,-1,-1,-1
273,831,1623233664646,-1,-1,-1
274,823,1623233665646,-1,-1,-1
275,839,1623233666648,-1,-1,-1
276,847,1623233667656,-1,-1,-1
277,831,1623233667656,-1,-1,-1
278,847,1623233668657,-1,-1,-1
279,815,1623233669654,-1,-1,-1
280,807,1623233670649,-1,-1,-1
281,759,1623233671649,-1,-1,-1
282,743,1623233671649,-1,-1,-1
283,759,1623233672698,-1,-1,-1
284,767,1623233673644,-1,-1,-1
285,775,1623233674660,-1,-1,-1
286,807,1623233675658,-1,-1,-1
287,823,1623233675658,-1,-1,-1
288,815,1623233676644,-1,-1,-1
289,815,1623233677659,-1,-1,-1
290,791,1623233678660,-1,-1,-1
291,807,1623233679658,-1,-1,-1
292,759,1623233679658,-1,-1,-1
293,775,1623233680658,-1,-1,-1
294,783,1623233681665,-1,-1,-1
295,807,1623233682652,-1,-1,-1
296,815,1623233683661,-1,-1,-1
297,839,1623233683661,-1,-1,-1
298,823,1623233684660,-1,-1,-1
299,799,1623233685659,-1,-1,-1
300,791,1623233686650,-1,-1,-1
301,783,1623233687644,-1,-1,-1
302,759,1623233687644,-1,-1,-1
303,759,1623233688659,-1,-1,-1
304,775,1623233689704,-1,-1,-1
305,759,1623233690648,-1,-1,-1
306,767,1623233690648,-1,-1,-1
307,775,1623233691645,-1,-1,-1
308,791,1623233692644,-1,-1,-1
309,815,1623233693656,-1,-1,-1
310,799,1623233694651,-1,-1,-1
311,799,1623233694651,-1,-1,-1
312,791,1623233695648,-1,-1,-1
313,775,1623233696644,-1,-1,-1
314,751,1623233697658,-1,-1,-1
315,759,1623233697658,-1,-1,-1
316,767,1623233698644,-1,-1,-1
317,735,1623233699658,-1,-1,-1
318,767,1623233700651,-1,-1,-1
319,735,1623233700651,-1,-1,-1
320,727,1623233701656,-1,-1,-1
321,727,1623233702648,-1,-1,-1
322,775,1623233703660,-1,-1,-1
323,799,1623233704645,-1,-1,-1
324,791,1623233704645,-1,-1,-1
325,775,1623233705724,-1,-1,-1
326,767,1623233706659,-1,-1,-1
327,743,1623233707645,-1,-1,-1
328,703,1623233707645,-1,-1,-1
329,759,1623233708648,-1,-1,-1
330,679,1623233709652,-1,-1,-1
331,615,1623233712659,-1,-1,-1
332,607,1623233713649,-1,-1,-1
333,663,1623233713649,-1,-1,-1
334,671,1623233714658,-1,-1,-1
335,687,1623233715645,-1,-1,-1
336,743,1623233715645,-1,-1,-1
337,759,1623233716649,-1,-1,-1
338,783,1623233717644,-1,-1,-1
339,727,1623233718658,-1,-1,-1
340,759,1623233718658,-1,-1,-1
341,751,1623233719657,-1,-1,-1
342,767,1623233720644,-1,-1,-1
343,791,1623233721651,-1,-1,-1
344,783,1623233721651,-1,-1,-1
345,775,1623233722664,-1,-1,-1
346,743,1623233723652,-1,-1,-1
347,719,1623233724644,-1,-1,-1
348,711,1623233724644,-1,-1,-1
349,703,1623233725661,-1,-1,-1
350,751,1623233726657,-1,-1,-1
351,783,1623233727660,-1,-1,-1
352,847,1623233728658,-1,-1,-1
353,871,1623233728658,-1,-1,-1
354,903,1623233729657,-1,-1,-1
355,895,1623233730644,-1,-1,-1
356,863,1623233731657,-1,-1,-1
357,815,1623233732657,-1,-1,-1
358,807,1623233733648,-1,-1,-1
359,775,1623233733648,-1,-1,-1
360,751,1623233734657,-1,-1,-1
361,759,1623233735653,-1,-1,-1
362,735,1623233736660,-1,-1,-1
363,759,1623233736660,-1,-1,-1
364,775,1623233737644,-1,-1,-1
365,775,1623233738698,-1,-1,-1
366,759,1623233739658,-1,-1,-1
367,775,1623233740647,-1,-1,-1
368,767,1623233740647,-1,-1,-1
369,759,1623233741658,-1,-1,-1
370,751,1623233742660,-1,-1,-1
371,759,1623233743659,-1,-1,-1
372,743,1623233743659,-1,-1,-1
373,751,1623233744658,-1,-1,-1
374,759,1623233745659,-1,-1,-1
375,775,1623233746656,-1,-1,-1
376,767,1623233746656,-1,-1,-1
377,791,1623233747658,-1,-1,-1
378,799,1623233748650,-1,-1,-1
379,775,1623233749659,-1,-1,-1
380,775,1623233750651,-1,-1,-1
381,783,1623233750651,-1,-1,-1
382,759,1623233751656,-1,-1,-1
383,759,1623233752644,-1,-1,-1
384,759,1623233753651,-1,-1,-1
385,759,1623233753651,-1,-1,-1
386,767,1623233754650,-1,-1,-1
387,751,1623233755657,-1,-1,-1
388,751,1623233756658,-1,-1,-1
389,751,1623233756659,-1,-1,-1
390,743,1623233757658,-1,-1,-1
391,783,1623233758644,-1,-1,-1
392,751,1623233759651,-1,-1,-1
393,751,1623233759651,-1,-1,-1
394,711,1623233760648,-1,-1,-1
395,815,1623233761657,-1,-1,-1
396,823,1623233762651,-1,-1,-1
397,807,1623233763644,-1,-1,-1
398,727,1623233763644,-1,-1,-1
399,711,1623233764659,-1,-1,-1
400,679,1623233765658,-1,-1,-1
401,679,1623233765658,-1,-1,-1
402,687,1623233766648,-1,-1,-1
403,695,1623233767657,-1,-1,-1
404,695,1623233767657,-1,-1,-1
405,735,1623233768658,-1,-1,-1
406,759,1623233769657,-1,-1,-1
407,751,1623233770660,-1,-1,-1
408,767,1623233770661,-1,-1,-1
409,759,1623233771744,-1,-1,-1
410,751,1623233772646,-1,-1,-1
411,727,1623233773658,-1,-1,-1
412,711,1623233773658,-1,-1,-1
413,703,1623233774657,-1,-1,-1
414,727,1623233775657,-1,-1,-1
415,743,1623233776656,-1,-1,-1
416,759,1623233776656,-1,-1,-1
417,783,1623233777646,-1,-1,-1
418,807,1623233778658,-1,-1,-1
419,831,1623233779658,-1,-1,-1
420,807,1623233780658,-1,-1,-1
421,823,1623233780658,-1,-1,-1
422,823,1623233781657,-1,-1,-1
423,775,1623233782644,-1,-1,-1
424,767,1623233783658,-1,-1,-1
425,767,1623233784656,-1,-1,-1
426,743,1623233784656,-1,-1,-1
427,751,1623233785656,-1,-1,-1
428,791,1623233786657,-1,-1,-1
429,791,1623233787696,-1,-1,-1
430,831,1623233787696,-1,-1,-1
431,855,1623233788651,-1,-1,-1
432,839,1623233789656,-1,-1,-1
433,855,1623233790657,-1,-1,-1
434,855,1623233791659,-1,-1,-1
435,807,1623233792657,-1,-1,-1
436,735,1623233792657,-1,-1,-1
437,751,1623233793658,-1,-1,-1
438,743,1623233794656,-1,-1,-1
439,759,1623233795658,-1,-1,-1
440,767,1623233795658,-1,-1,-1
441,751,1623233796657,-1,-1,-1
442,791,1623233797697,-1,-1,-1
443,823,1623233798651,-1,-1,-1
444,623,1623233801646,-1,-1,-1
445,791,1623233802657,-1,-1,-1
446,695,1623233802657,-1,-1,-1
447,671,1623233805646,-1,-1,-1
448,711,1623233806644,-1,-1,-1
449,759,1623233807648,-1,-1,-1
450,703,1623233807648,-1,-1,-1
451,791,1623233808644,-1,-1,-1
452,735,1623233809644,-1,-1,-1
453,759,1623233810644,-1,-1,-1
454,767,1623233810644,-1,-1,-1
455,767,1623233811644,-1,-1,-1
456,727,1623233812644,-1,-1,-1
457,743,1623233813644,-1,-1,-1
458,751,1623233813644,-1,-1,-1
459,735,1623233814644,-1,-1,-1
460,751,1623233815644,-1,-1,-1
461,751,1623233816646,-1,-1,-1
462,727,1623233816646,-1,-1,-1
463,751,1623233817724,-1,-1,-1
464,767,1623233818719,-1,-1,-1
465,767,1623233819644,-1,-1,-1
466,783,1623233819644,-1,-1,-1
467,767,1623233820685,-1,-1,-1
468,751,1623233821643,-1,-1,-1
469,759,1623233822644,-1,-1,-1
470,775,1623233822644,-1,-1,-1
471,751,1623233823646,-1,-1,-1
472,759,1623233824647,-1,-1,-1
473,775,1623233825644,-1,-1,-1
474,767,1623233825644,-1,-1,-1
475,759,1623233826644,-1,-1,-1
476,775,1623233827646,-1,-1,-1
477,799,1623233828643,-1,-1,-1
478,807,1623233829647,-1,-1,-1
479,783,1623233829647,-1,-1,-1
480,831,1623233830645,-1,-1,-1
481,815,1623233831643,-1,-1,-1
482,759,1623233832648,-1,-1,-1
483,807,1623233833645,-1,-1,-1
484,775,1623233833645,-1,-1,-1
485,783,1623233834643,-1,-1,-1
486,791,1623233835644,-1,-1,-1
487,775,1623233836646,-1,-1,-1
488,759,1623233836647,-1,-1,-1
489,775,1623233837685,-1,-1,-1
490,759,1623233838647,-1,-1,-1
491,743,1623233839645,-1,-1,-1
492,751,1623233839646,-1,-1,-1
493,759,1623233840644,-1,-1,-1
494,783,1623233841689,-1,-1,-1
495,775,1623233842645,-1,-1,-1
496,815,1623233843645,-1,-1,-1
497,815,1623233843645,-1,-1,-1
498,807,1623233844645,-1,-1,-1
499,807,1623233845645,-1,-1,-1
500,783,1623233846649,-1,-1,-1
501,783,1623233847651,-1,-1,-1
502,791,1623233847651,-1,-1,-1
503,759,1623233848645,-1,-1,-1
504,759,1623233849650,-1,-1,-1
505,775,1623233850650,-1,-1,-1
506,775,1623233850650,-1,-1,-1
507,767,1623233851644,-1,-1,-1
508,791,1623233852644,-1,-1,-1
509,807,1623233853683,-1,-1,-1
510,783,1623233854684,-1,-1,-1
511,807,1623233854684,-1,-1,-1
512,751,1623233857650,-1,-1,-1
513,719,1623233857650,-1,-1,-1
514,719,1623233858649,-1,-1,-1
515,711,1623233859643,-1,-1,-1
516,727,1623233860647,-1,-1,-1
517,711,1623233860647,-1,-1,-1
518,783,1623233861644,-1,-1,-1
519,751,1623233862643,-1,-1,-1
520,767,1623233863643,-1,-1,-1
521,735,1623233863643,-1,-1,-1
522,767,1623233864643,-1,-1,-1
523,711,1623233865643,-1,-1,-1
524,671,1623233865643,-1,-1,-1
525,623,1623233866643,-1,-1,-1
526,695,1623233867649,-1,-1,-1
527,663,1623233867649,-1,-1,-1
528,607,1623233868646,-1,-1,-1
529,695,1623233869645,-1,-1,-1
530,679,1623233869645,-1,-1,-1
531,711,1623233870765,-1,-1,-1
532,767,1623233871646,-1,-1,-1
533,799,1623233872644,-1,-1,-1
534,839,1623233873647,-1,-1,-1
535,839,1623233873647,-1,-1,-1
536,847,1623233874648,-1,-1,-1
537,847,1623233875653,-1,-1,-1
538,799,1623233876645,-1,-1,-1
539,799,1623233877645,-1,-1,-1
540,807,1623233878646,-1,-1,-1
541,759,1623233878646,-1,-1,-1
542,823,1623233879647,-1,-1,-1
543,799,1623233880724,-1,-1,-1
544,807,1623233881644,-1,-1,-1
545,783,1623233882644,-1,-1,-1
546,767,1623233882644,-1,-1,-1
547,799,1623233883645,-1,-1,-1
548,783,1623233884649,-1,-1,-1
549,783,1623233885646,-1,-1,-1
550,807,1623233885646,-1,-1,-1
551,783,1623233886728,-1,-1,-1
552,791,1623233887645,-1,-1,-1
553,743,1623233888644,-1,-1,-1
554,727,1623233888644,-1,-1,-1
555,743,1623233889646,-1,-1,-1
556,767,1623233890643,-1,-1,-1
557,807,1623233891688,-1,-1,-1
558,799,1623233892644,-1,-1,-1
559,815,1623233892644,-1,-1,-1
560,815,1623233893645,-1,-1,-1
561,799,1623233894648,-1,-1,-1
562,791,1623233895645,-1,-1,-1
563,783,1623233896647,-1,-1,-1
564,799,1623233896648,-1,-1,-1
565,791,1623233897645,-1,-1,-1
566,799,1623233898643,-1,-1,-1
567,807,1623233899644,-1,-1,-1
568,783,1623233900643,-1,-1,-1
569,815,1623233900643,-1,-1,-1
570,791,1623233901644,-1,-1,-1
571,775,1623233902646,-1,-1,-1
572,783,1623233903685,-1,-1,-1
573,791,1623233904647,-1,-1,-1
574,767,1623233904647,-1,-1,-1
575,767,1623233905646,-1,-1,-1
576,775,1623233906685,-1,-1,-1
577,767,1623233907645,-1,-1,-1
578,775,1623233907645,-1,-1,-1
579,807,1623233908683,-1,-1,-1
580,791,1623233909652,-1,-1,-1
581,791,1623233910644,-1,-1,-1
582,799,1623233911646,-1,-1,-1
583,791,1623233911646,-1,-1,-1
584,775,1623233912643,-1,-1,-1
585,767,1623233913645,-1,-1,-1
586,751,1623233914645,-1,-1,-1
587,759,1623233914645,-1,-1,-1
588,759,1623233915644,-1,-1,-1
589,751,1623233916645,-1,-1,-1
590,759,1623233917646,-1,-1,-1
591,775,1623233918647,-1,-1,-1
592,783,1623233918647,-1,-1,-1
593,791,1623233919688,-1,-1,-1
594,791,1623233920646,-1,-1,-1
595,807,1623233921654,-1,-1,-1
596,799,1623233921654,-1,-1,-1
597,823,1623233922645,-1,-1,-1
598,823,1623233923644,-1,-1,-1
599,799,1623233924647,-1,-1,-1
600,791,1623233925645,-1,-1,-1
601,775,1623233926645,-1,-1,-1
602,759,1623233926645,-1,-1,-1
603,743,1623233927684,-1,-1,-1
604,831,1623233928645,-1,-1,-1
605,847,1623233929645,-1,-1,-1
606,847,1623233930645,-1,-1,-1
607,775,1623233930645,-1,-1,-1
608,775,1623233931682,-1,-1,-1
609,751,1623233932803,-1,-1,-1
610,743,1623233933646,-1,-1,-1
611,735,1623233933646,-1,-1,-1
612,711,1623233934648,-1,-1,-1
613,719,1623233935645,-1,-1,-1
614,663,1623233935645,-1,-1,-1
615,679,1623233936687,-1,-1,-1
616,719,1623233937645,-1,-1,-1
617,791,1623233938662,-1,-1,-1
618,815,1623233938662,-1,-1,-1
619,871,1623233939644,-1,-1,-1
620,903,1623233940683,-1,-1,-1
621,919,1623233941652,-1,-1,-1
622,847,1623233942651,-1,-1,-1
623,927,1623233943643,-1,-1,-1
624,927,1623233944649,-1,-1,-1
625,887,1623233945649,-1,-1,-1
626,871,1623233946645,-1,-1,-1
627,831,1623233946645,-1,-1,-1
628,799,1623233947650,-1,-1,-1
629,671,1623233949643,-1,-1,-1
630,663,1623233950649,-1,-1,-1
631,671,1623233951647,-1,-1,-1
632,647,1623233951647,-1,-1,-1
633,679,1623233952685,-1,-1,-1
634,735,1623233953646,-1,-1,-1
635,823,1623233954648,-1,-1,-1
636,927,1623233955648,-1,-1,-1
637,911,1623233956645,-1,-1,-1
638,631,1623233959649,-1,-1,-1
639,775,1623233960648,-1,-1,-1
640,703,1623233961652,-1,-1,-1
641,767,1623233962650,-1,-1,-1
642,783,1623233963646,-1,-1,-1
643,743,1623233963646,-1,-1,-1
644,735,1623233964649,-1,-1,-1
645,735,1623233965648,-1,-1,-1
646,767,1623233966650,-1,-1,-1
647,783,1623233966650,-1,-1,-1
648,783,1623233967648,-1,-1,-1
649,767,1623233970648,-1,-1,-1
650,703,1623233971650,-1,-1,-1
651,687,1623233972650,-1,-1,-1
652,655,1623233972650,-1,-1,-1
653,671,1623233973689,-1,-1,-1
654,687,1623233974650,-1,-1,-1
655,671,1623233974650,-1,-1,-1
656,663,1623233975690,-1,-1,-1
657,671,1623233976646,-1,-1,-1
658,655,1623233976646,-1,-1,-1
659,591,1623233977645,-1,-1,-1
660,655,1623233977645,-1,-1,-1
661,575,1623233978685,-1,-1,-1
662,631,1623233979645,-1,-1,-1
663,567,1623233979645,-1,-1,-1
664,623,1623233980646,-1,-1,-1
665,567,1623233980646,-1,-1,-1
666,615,1623233981646,-1,-1,-1
667,567,1623233982649,-1,-1,-1
668,599,1623233982649,-1,-1,-1
669,559,1623233983643,-1,-1,-1
670,615,1623233983643,-1,-1,-1
671,559,1623233984650,-1,-1,-1
672,559,1623233985686,-1,-1,-1
673,567,1623233985686,-1,-1,-1
674,567,1623233986646,-1,-1,-1
675,583,1623233986646,-1,-1,-1
676,583,1623233987645,-1,-1,-1
677,583,1623233987645,-1,-1,-1
678,607,1623233988648,-1,-1,-1
679,591,1623233989645,-1,-1,-1
680,575,1623233989645,-1,-1,-1
681,567,1623233990644,-1,-1,-1
682,591,1623233990644,-1,-1,-1
683,583,1623233991644,-1,-1,-1
684,591,1623233992685,-1,-1,-1
685,567,1623233992685,-1,-1,-1
686,495,1623233993647,-1,-1,-1
687,615,1623233993647,-1,-1,-1
688,647,1623233994650,-1,-1,-1
689,575,1623233994650,-1,-1,-1
690,631,1623233995650,-1,-1,-1
691,567,1623233996651,-1,-1,-1
692,623,1623233996651,-1,-1,-1
693,559,1623233997646,-1,-1,-1
694,575,1623233997646,-1,-1,-1
695,591,1623233999648,-1,-1,-1
696,575,1623234000650,-1,-1,-1
697,567,1623234000650,-1,-1,-1
698,575,1623234001647,-1,-1,-1
699,591,1623234001647,-1,-1,-1
700,615,1623234002650,-1,-1,-1
701,623,1623234003643,-1,-1,-1
702,615,1623234003643,-1,-1,-1
703,615,1623234004649,-1,-1,-1
704,623,1623234005649,-1,-1,-1
705,623,1623234005649,-1,-1,-1
706,639,1623234006649,-1,-1,-1
707,623,1623234006649,-1,-1,-1
708,623,1623234007650,-1,-1,-1
709,639,1623234008648,-1,-1,-1
710,631,1623234008648,-1,-1,-1
711,623,1623234009650,-1,-1,-1
712,631,1623234010648,-1,-1,-1
713,615,1623234010648,-1,-1,-1
714,599,1623234011648,-1,-1,-1
715,631,1623234011648,-1,-1,-1
716,639,1623234012649,-1,-1,-1
717,639,1623234013644,-1,-1,-1
718,647,1623234013644,-1,-1,-1
719,647,1623234014649,-1,-1,-1
720,647,1623234015724,-1,-1,-1
721,639,1623234015724,-1,-1,-1
722,623,1623234016645,-1,-1,-1
723,607,1623234017644,-1,-1,-1
724,615,1623234017644,-1,-1,-1
725,623,1623234018684,-1,-1,-1
726,631,1623234018684,-1,-1,-1
727,623,1623234019644,-1,-1,-1
728,639,1623234020649,-1,-1,-1
729,663,1623234020649,-1,-1,-1
730,671,1623234021650,-1,-1,-1
731,655,1623234022649,-1,-1,-1
732,671,1623234022649,-1,-1,-1
733,687,1623234023645,-1,-1,-1
734,727,1623234024644,-1,-1,-1
735,735,1623234024644,-1,-1,-1
736,727,1623234025685,-1,-1,-1
737,759,1623234026648,-1,-1,-1
738,751,1623234027649,-1,-1,-1
739,751,1623234027649,-1,-1,-1
740,759,1623234028648,-1,-1,-1
741,759,1623234029648,-1,-1,-1
742,743,1623234030650,-1,-1,-1
743,735,1623234030650,-1,-1,-1
744,735,1623234031650,-1,-1,-1
745,719,1623234032649,-1,-1,-1
746,711,1623234033649,-1,-1,-1
747,703,1623234033649,-1,-1,-1
748,727,1623234034650,-1,-1,-1
749,719,1623234035685,-1,-1,-1
750,727,1623234036649,-1,-1,-1
751,735,1623234036649,-1,-1,-1
752,703,1623234037649,-1,-1,-1
753,711,1623234038649,-1,-1,-1
754,719,1623234038649,-1,-1,-1
755,711,1623234039649,-1,-1,-1
756,719,1623234040651,-1,-1,-1
757,743,1623234041686,-1,-1,-1
758,751,1623234041686,-1,-1,-1
759,775,1623234042650,-1,-1,-1
760,719,1623234043690,-1,-1,-1
761,735,1623234044648,-1,-1,-1
762,767,1623234044648,-1,-1,-1
763,767,1623234045650,-1,-1,-1
764,783,1623234046646,-1,-1,-1
765,775,1623234047689,-1,-1,-1
766,783,1623234047689,-1,-1,-1
767,791,1623234048650,-1,-1,-1
768,783,1623234049728,-1,-1,-1
769,767,1623234050648,-1,-1,-1
770,759,1623234051687,-1,-1,-1
771,767,1623234051687,-1,-1,-1
772,759,1623234052649,-1,-1,-1
773,783,1623234053649,-1,-1,-1
774,775,1623234054645,-1,-1,-1
775,791,1623234054645,-1,-1,-1
776,807,1623234055648,-1,-1,-1
777,807,1623234056649,-1,-1,-1
778,839,1623234057685,-1,-1,-1
779,847,1623234058648,-1,-1,-1
780,831,1623234059648,-1,-1,-1
781,815,1623234059649,-1,-1,-1
782,807,1623234060645,-1,-1,-1
783,791,1623234061651,-1,-1,-1
784,799,1623234062645,-1,-1,-1
785,783,1623234063648,-1,-1,-1
786,799,1623234063648,-1,-1,-1
787,823,1623234064646,-1,-1,-1
788,831,1623234065649,-1,-1,-1
789,855,1623234066643,-1,-1,-1
790,831,1623234067689,-1,-1,-1
791,799,1623234068649,-1,-1,-1
792,799,1623234068649,-1,-1,-1
793,791,1623234069649,-1,-1,-1
794,775,1623234070645,-1,-1,-1
795,751,1623234071650,-1,-1,-1
796,751,1623234071650,-1,-1,-1
797,783,1623234072647,-1,-1,-1
798,799,1623234073650,-1,-1,-1
799,783,1623234074648,-1,-1,-1
800,807,1623234075649,-1,-1,-1
801,791,1623234075649,-1,-1,-1
802,791,1623234076648,-1,-1,-1
803,767,1623234077685,-1,-1,-1
804,791,1623234078648,-1,-1,-1
805,775,1623234078648,-1,-1,-1
806,799,1623234079690,-1,-1,-1
807,823,1623234080643,-1,-1,-1
808,831,1623234081650,-1,-1,-1
809,751,1623234083647,-1,-1,-1
810,799,1623234084690,-1,-1,-1
811,791,1623234085645,-1,-1,-1
812,775,1623234086652,-1,-1,-1
813,751,1623234086652,-1,-1,-1
814,767,1623234087688,-1,-1,-1
815,783,1623234088648,-1,-1,-1
816,767,1623234089647,-1,-1,-1
817,799,1623234090649,-1,-1,-1
818,807,1623234090649,-1,-1,-1
819,799,1623234091650,-1,-1,-1
820,823,1623234092647,-1,-1,-1
821,799,1623234093647,-1,-1,-1
822,791,1623234094650,-1,-1,-1
823,799,1623234094650,-1,-1,-1
824,767,1623234095650,-1,-1,-1
825,759,1623234096650,-1,-1,-1
826,791,1623234097651,-1,-1,-1
827,703,1623234097651,-1,-1,-1
828,823,1623234098649,-1,-1,-1
829,791,1623234099649,-1,-1,-1
830,807,1623234100689,-1,-1,-1
831,831,1623234101688,-1,-1,-1
832,815,1623234101688,-1,-1,-1
833,791,1623234102649,-1,-1,-1
834,831,1623234103650,-1,-1,-1
835,783,1623234104648,-1,-1,-1
836,799,1623234105649,-1,-1,-1
837,783,1623234105649,-1,-1,-1
838,799,1623234106609,-1,-1,-1
839,799,1623234107609,-1,-1,-1
840,759,1623234108609,-1,-1,-1
841,751,1623234109607,-1,-1,-1
842,735,1623234109607,-1,-1,-1
843,727,1623234110609,-1,-1,-1
844,711,1623234111610,-1,-1,-1
845,703,1623234111610,-1,-1,-1
846,711,1623234112609,-1,-1,-1
847,751,1623234113609,-1,-1,-1
848,775,1623234114609,-1,-1,-1
849,807,1623234114609,-1,-1,-1
850,823,1623234115649,-1,-1,-1
851,799,1623234116604,-1,-1,-1
852,759,1623234117609,-1,-1,-1
853,743,1623234118689,-1,-1,-1
854,695,1623234118689,-1,-1,-1
855,703,1623234119609,-1,-1,-1
856,727,1623234120651,-1,-1,-1
857,751,1623234120652,-1,-1,-1
858,799,1623234121607,-1,-1,-1
859,863,1623234122609,-1,-1,-1
860,895,1623234123605,-1,-1,-1
861,903,1623234124605,-1,-1,-1
862,919,1623234125610,-1,-1,-1
863,871,1623234126610,-1,-1,-1
864,855,1623234127610,-1,-1,-1
865,863,1623234127610,-1,-1,-1
866,791,1623234128607,-1,-1,-1
867,807,1623234129605,-1,-1,-1
868,791,1623234130607,-1,-1,-1
869,791,1623234131605,-1,-1,-1
870,799,1623234131605,-1,-1,-1
871,815,1623234132648,-1,-1,-1
872,823,1623234133609,-1,-1,-1
873,807,1623234134603,-1,-1,-1
874,823,1623234135609,-1,-1,-1
875,799,1623234136650,-1,-1,-1
876,759,1623234136650,-1,-1,-1
877,759,1623234137689,-1,-1,-1
878,727,1623234138609,-1,-1,-1
879,695,1623234138609,-1,-1,-1
880,695,1623234139610,-1,-1,-1
881,695,1623234140610,-1,-1,-1
882,735,1623234141610,-1,-1,-1
883,711,1623234141610,-1,-1,-1
884,735,1623234142610,-1,-1,-1
885,751,1623234143609,-1,-1,-1
886,783,1623234144605,-1,-1,-1
887,807,1623234144605,-1,-1,-1
888,807,1623234145609,-1,-1,-1
889,807,1623234146609,-1,-1,-1
890,791,1623234147608,-1,-1,-1
891,791,1623234148610,-1,-1,-1
892,783,1623234148610,-1,-1,-1
893,759,1623234149609,-1,-1,-1
894,751,1623234150608,-1,-1,-1
895,727,1623234151609,-1,-1,-1
896,711,1623234151609,-1,-1,-1
897,711,1623234152648,-1,-1,-1
898,719,1623234153608,-1,-1,-1
899,751,1623234153608,-1,-1,-1
900,775,1623234154609,-1,-1,-1
901,815,1623234155606,-1,-1,-1
902,791,1623234156607,-1,-1,-1
903,815,1623234157609,-1,-1,-1
904,823,1623234158610,-1,-1,-1
905,807,1623234158610,-1,-1,-1
906,815,1623234159648,-1,-1,-1
907,807,1623234160608,-1,-1,-1
908,783,1623234161610,-1,-1,-1
909,775,1623234162607,-1,-1,-1
910,775,1623234162607,-1,-1,-1
911,751,1623234163605,-1,-1,-1
912,743,1623234164604,-1,-1,-1
913,751,1623234165604,-1,-1,-1
914,735,1623234165604,-1,-1,-1
915,735,1623234166608,-1,-1,-1
916,719,1623234167609,-1,-1,-1
917,735,1623234167609,-1,-1,-1
918,703,1623234168608,-1,-1,-1
919,703,1623234169646,-1,-1,-1
920,711,1623234170608,-1,-1,-1
921,727,1623234170608,-1,-1,-1
922,727,1623234171608,-1,-1,-1
923,735,1623234172608,-1,-1,-1
924,759,1623234173609,-1,-1,-1
925,767,1623234173609,-1,-1,-1
926,759,1623234174605,-1,-1,-1
927,727,1623234175609,-1,-1,-1
928,767,1623234176610,-1,-1,-1
929,759,1623234176610,-1,-1,-1
930,711,1623234177610,-1,-1,-1
931,727,1623234178609,-1,-1,-1
932,743,1623234178609,-1,-1,-1
933,743,1623234179609,-1,-1,-1
934,775,1623234180610,-1,-1,-1
935,759,1623234181609,-1,-1,-1
936,703,1623234183610,-1,-1,-1
937,655,1623234184648,-1,-1,-1
938,695,1623234184648,-1,-1,-1
939,695,1623234185650,-1,-1,-1
940,751,1623234186609,-1,-1,-1
941,799,1623234187608,-1,-1,-1
942,807,1623234187608,-1,-1,-1
943,879,1623234190609,-1,-1,-1
944,815,1623234191606,-1,-1,-1
945,799,1623234192609,-1,-1,-1
946,799,1623234192609,-1,-1,-1
947,767,1623234193605,-1,-1,-1
948,743,1623234194645,-1,-1,-1
949,743,1623234195607,-1,-1,-1
950,719,1623234195607,-1,-1,-1
951,711,1623234196607,-1,-1,-1
952,711,1623234197606,-1,-1,-1
953,719,1623234198605,-1,-1,-1
954,719,1623234198605,-1,-1,-1
955,743,1623234199607,-1,-1,-1
956,751,1623234200611,-1,-1,-1
957,735,1623234201609,-1,-1,-1
958,775,1623234201609,-1,-1,-1
959,799,1623234202649,-1,-1,-1
960,775,1623234203608,-1,-1,-1
961,767,1623234204605,-1,-1,-1
962,807,1623234204605,-1,-1,-1
963,783,1623234205610,-1,-1,-1
964,775,1623234206609,-1,-1,-1
965,727,1623234207609,-1,-1,-1
966,727,1623234207609,-1,-1,-1
967,719,1623234208609,-1,-1,-1
968,711,1623234209610,-1,-1,-1
969,751,1623234210609,-1,-1,-1
970,735,1623234210609,-1,-1,-1
971,735,1623234211610,-1,-1,-1
972,799,1623234212609,-1,-1,-1
973,791,1623234213609,-1,-1,-1
974,751,1623234213609,-1,-1,-1
975,727,1623234214649,-1,-1,-1
976,711,1623234215610,-1,-1,-1
977,719,1623234216685,-1,-1,-1
978,711,1623234216685,-1,-1,-1
979,727,1623234217604,-1,-1,-1
980,695,1623234218649,-1,-1,-1
981,719,1623234218649,-1,-1,-1
982,695,1623234219610,-1,-1,-1
983,711,1623234220608,-1,-1,-1
984,735,1623234221608,-1,-1,-1
985,767,1623234221608,-1,-1,-1
986,751,1623234222609,-1,-1,-1
987,735,1623234223604,-1,-1,-1
988,703,1623234224604,-1,-1,-1
989,751,1623234224604,-1,-1,-1
990,767,1623234225606,-1,-1,-1
991,823,1623234226608,-1,-1,-1
992,783,1623234227605,-1,-1,-1
993,839,1623234228608,-1,-1,-1
994,759,1623234228608,-1,-1,-1
995,719,1623234229604,-1,-1,-1
996,663,1623234231605,-1,-1,-1
997,695,1623234232603,-1,-1,-1
998,719,1623234232603,-1,-1,-1
999,791,1623234233605,-1,-1,-1
1000,895,1623234234609,-1,-1,-1
1001,927,1623234235648,-1,-1,-1
1002,919,1623234238609,-1,-1,-1
1003,903,1623234239609,-1,-1,-1
1004,903,1623234240611,-1,-1,-1
1005,847,1623234241610,-1,-1,-1
1006,807,1623234241611,-1,-1,-1
1007,831,1623234242609,-1,-1,-1
1008,775,1623234243607,-1,-1,-1
1009,783,1623234244605,-1,-1,-1
1010,831,1623234245606,-1,-1,-1
1011,799,1623234245606,-1,-1,-1
1012,807,1623234246607,-1,-1,-1
1013,815,1623234247609,-1,-1,-1
1014,799,1623234248647,-1,-1,-1
1015,783,1623234249607,-1,-1,-1
1016,799,1623234249607,-1,-1,-1
1017,759,1623234250609,-1,-1,-1
1018,759,1623234251648,-1,-1,-1
1019,759,1623234252609,-1,-1,-1
1020,743,1623234252609,-1,-1,-1
1021,735,1623234253608,-1,-1,-1
1022,743,1623234254605,-1,-1,-1
1023,727,1623234255607,-1,-1,-1
1024,727,1623234255608,-1,-1,-1
1025,727,1623234256609,-1,-1,-1
1026,703,1623234257608,-1,-1,-1
1027,719,1623234258610,-1,-1,-1
1028,703,1623234258610,-1,-1,-1
1029,703,1623234259609,-1,-1,-1
1030,671,1623234260612,-1,-1,-1
1031,751,1623234260612,-1,-1,-1
1032,711,1623234261608,-1,-1,-1
1033,719,1623234262609,-1,-1,-1
1034,727,1623234263611,-1,-1,-1
1035,719,1623234263611,-1,-1,-1
1036,735,1623234264605,-1,-1,-1
1037,711,1623234265608,-1,-1,-1
1038,751,1623234265608,-1,-1,-1
1039,735,1623234266605,-1,-1,-1
1040,735,1623234267603,-1,-1,-1
1041,743,1623234268649,-1,-1,-1
1042,719,1623234268649,-1,-1,-1
1043,727,1623234269645,-1,-1,-1
1044,727,1623234270609,-1,-1,-1
1045,759,1623234271604,-1,-1,-1
1046,695,1623234271604,-1,-1,-1
1047,559,1623234272648,-1,-1,-1
1048,911,1623234273610,-1,-1,-1
1049,727,1623234275609,-1,-1,-1
1050,727,1623234276609,-1,-1,-1
1051,735,1623234276609,-1,-1,-1
1052,711,1623234277609,-1,-1,-1
1053,727,1623234278604,-1,-1,-1
1054,719,1623234279608,-1,-1,-1
1055,711,1623234279608,-1,-1,-1
1056,695,1623234280649,-1,-1,-1
1057,711,1623234281609,-1,-1,-1
1058,727,1623234281609,-1,-1,-1
1059,759,1623234282607,-1,-1,-1
1060,663,1623234283604,-1,-1,-1
1061,719,1623234284683,-1,-1,-1
1062,703,1623234284683,-1,-1,-1
1063,727,1623234285604,-1,-1,-1
1064,783,1623234286689,-1,-1,-1
1065,703,1623234287603,-1,-1,-1
1066,751,1623234287603,-1,-1,-1
1067,719,1623234288609,-1,-1,-1
1068,711,1623234289608,-1,-1,-1
1069,719,1623234289608,-1,-1,-1
1070,735,1623234290609,-1,-1,-1
1071,719,1623234291608,-1,-1,-1
1072,735,1623234292609,-1,-1,-1
1073,719,1623234292609,-1,-1,-1
1074,735,1623234293607,-1,-1,-1
1075,735,1623234294609,-1,-1,-1
1076,743,1623234295608,-1,-1,-1
1077,703,1623234295608,-1,-1,-1
1078,703,1623234296609,-1,-1,-1
1079,735,1623234297609,-1,-1,-1
1080,703,1623234297609,-1,-1,-1
1081,711,1623234298610,-1,-1,-1
1082,703,1623234299605,-1,-1,-1
1083,719,1623234300609,-1,-1,-1
1084,703,1623234300609,-1,-1,-1
1085,743,1623234301649,-1,-1,-1
1086,655,1623234302607,-1,-1,-1
1087,807,1623234302607,-1,-1,-1
1088,727,1623234303610,-1,-1,-1
1089,727,1623234304605,-1,-1,-1
1090,751,1623234305688,-1,-1,-1
1091,719,1623234305689,-1,-1,-1
1092,743,1623234306609,-1,-1,-1
1093,719,1623234307604,-1,-1,-1
1094,719,1623234308729,-1,-1,-1
1095,679,1623234308729,-1,-1,-1
1096,663,1623234309607,-1,-1,-1
1097,671,1623234310609,-1,-1,-1
1098,663,1623234310609,-1,-1,-1
1099,663,1623234311610,-1,-1,-1
1100,663,1623234312646,-1,-1,-1
1101,655,1623234312646,-1,-1,-1
1102,679,1623234313607,-1,-1,-1
1103,711,1623234314606,-1,-1,-1
1104,735,1623234314606,-1,-1,-1
1105,759,1623234315609,-1,-1,-1
1106,759,1623234316608,-1,-1,-1
1107,743,1623234317645,-1,-1,-1
1108,719,1623234317645,-1,-1,-1
1109,703,1623234318648,-1,-1,-1
1110,663,1623234319609,-1,-1,-1
1111,671,1623234319609,-1,-1,-1
1112,655,1623234320609,-1,-1,-1
1113,655,1623234321604,-1,-1,-1
1114,631,1623234321604,-1,-1,-1
1115,647,1623234322605,-1,-1,-1
1116,679,1623234323603,-1,-1,-1
1117,727,1623234323603,-1,-1,-1
1118,775,1623234324604,-1,-1,-1
1119,759,1623234325606,-1,-1,-1
1120,783,1623234326606,-1,-1,-1
1121,799,1623234327608,-1,-1,-1
1122,855,1623234327608,-1,-1,-1
1123,863,1623234328603,-1,-1,-1
1124,831,1623234329643,-1,-1,-1
1125,799,1623234330603,-1,-1,-1
1126,799,1623234331604,-1,-1,-1
1127,751,1623234331604,-1,-1,-1
1128,751,1623234332605,-1,-1,-1
1129,759,1623234333611,-1,-1,-1
1130,767,1623234334644,-1,-1,-1
1131,775,1623234334644,-1,-1,-1
1132,775,1623234335603,-1,-1,-1
1133,783,1623234336603,-1,-1,-1
1134,775,1623234337609,-1,-1,-1
1135,759,1623234338606,-1,-1,-1
1136,767,1623234338606,-1,-1,-1
1137,743,1623234339612,-1,-1,-1
1138,695,1623234340607,-1,-1,-1
1139,687,1623234340607,-1,-1,-1
1140,687,1623234341608,-1,-1,-1
1141,719,1623234342609,-1,-1,-1
1142,767,1623234343609,-1,-1,-1
1143,807,1623234343609,-1,-1,-1
1144,839,1623234344646,-1,-1,-1
1145,831,1623234345609,-1,-1,-1
1146,823,1623234346610,-1,-1,-1
1147,807,1623234347609,-1,-1,-1
1148,775,1623234348606,-1,-1,-1
1149,767,1623234348606,-1,-1,-1
1150,735,1623234349689,-1,-1,-1
1151,663,1623234350647,-1,-1,-1
1152,679,1623234350647,-1,-1,-1
1153,687,1623234351608,-1,-1,-1
1154,703,1623234352607,-1,-1,-1
1155,759,1623234353609,-1,-1,-1
1156,895,1623234353609,-1,-1,-1
1157,935,1623234356609,-1,-1,-1
1158,895,1623234357649,-1,-1,-1
1159,919,1623234358609,-1,-1,-1
1160,879,1623234359609,-1,-1,-1
1161,839,1623234360610,-1,-1,-1
1162,847,1623234361610,-1,-1,-1
1163,815,1623234362604,-1,-1,-1
1164,823,1623234362604,-1,-1,-1
1165,831,1623234363608,-1,-1,-1
1166,767,1623234364604,-1,-1,-1
1167,767,1623234365608,-1,-1,-1
1168,847,1623234366608,-1,-1,-1
1169,807,1623234366608,-1,-1,-1
1170,775,1623234367604,-1,-1,-1
1171,879,1623234368605,-1,-1,-1
1172,775,1623234369604,-1,-1,-1
1173,815,1623234370608,-1,-1,-1
1174,839,1623234370608,-1,-1,-1
1175,543,1623234371610,-1,-1,-1
1176,975,1623234372607,-1,-1,-1
1177,775,1623234373607,-1,-1,-1
1178,751,1623234374604,-1,-1,-1
1179,759,1623234374604,-1,-1,-1
1180,767,1623234375608,-1,-1,-1
1181,735,1623234376649,-1,-1,-1
1182,751,1623234377607,-1,-1,-1
1183,711,1623234377607,-1,-1,-1
1184,719,1623234378609,-1,-1,-1
1185,727,1623234379609,-1,-1,-1
1186,751,1623234379609,-1,-1,-1
1187,823,1623234380608,-1,-1,-1
1188,783,1623234381610,-1,-1,-1
1189,751,1623234382609,-1,-1,-1
1190,703,1623234383649,-1,-1,-1
1191,687,1623234383649,-1,-1,-1
1192,687,1623234384605,-1,-1,-1
1193,687,1623234385611,-1,-1,-1
1194,679,1623234385611,-1,-1,-1
1195,695,1623234386608,-1,-1,-1
1196,711,1623234387610,-1,-1,-1
1197,743,1623234387610,-1,-1,-1
1198,759,1623234388604,-1,-1,-1
1199,767,1623234389603,-1,-1,-1
1200,791,1623234390609,-1,-1,-1
1201,807,1623234391603,-1,-1,-1
1202,791,1623234391603,-1,-1,-1
1203,783,1623234392604,-1,-1,-1
1204,791,1623234393609,-1,-1,-1
1205,759,1623234394603,-1,-1,-1
1206,743,1623234394603,-1,-1,-1
1207,719,1623234395602,-1,-1,-1
1208,735,1623234396604,-1,-1,-1
1209,759,1623234397603,-1,-1,-1
1210,783,1623234397603,-1,-1,-1
1211,839,1623234398609,-1,-1,-1
1212,839,1623234399604,-1,-1,-1
1213,815,1623234400608,-1,-1,-1
1214,847,1623234401605,-1,-1,-1
1215,839,1623234402608,-1,-1,-1
1216,847,1623234402608,-1,-1,-1
1217,815,1623234403649,-1,-1,-1
1218,799,1623234404603,-1,-1,-1
1219,799,1623234405604,-1,-1,-1
1220,823,1623234406603,-1,-1,-1
1221,839,1623234407604,-1,-1,-1
1222,847,1623234407604,-1,-1,-1
1223,855,1623234408648,-1,-1,-1
1224,847,1623234409608,-1,-1,-1
1225,847,1623234412607,-1,-1,-1
1226,855,1623234413604,-1,-1,-1
1227,783,1623234413604,-1,-1,-1
1228,703,1623234414605,-1,-1,-1
1229,711,1623234415609,-1,-1,-1
1230,671,1623234415609,-1,-1,-1
1231,711,1623234416649,-1,-1,-1
1232,711,1623234417608,-1,-1,-1
1233,743,1623234418643,-1,-1,-1
1234,727,1623234418643,-1,-1,-1
1235,743,1623234419609,-1,-1,-1
1236,775,1623234420608,-1,-1,-1
1237,799,1623234421610,-1,-1,-1
1238,791,1623234421610,-1,-1,-1
1239,799,1623234422609,-1,-1,-1
1240,791,1623234423609,-1,-1,-1
1241,775,1623234424604,-1,-1,-1
1242,767,1623234425608,-1,-1,-1
1243,759,1623234425608,-1,-1,-1
1244,767,1623234426610,-1,-1,-1
1245,759,1623234427607,-1,-1,-1
1246,743,1623234428605,-1,-1,-1
1247,751,1623234428605,-1,-1,-1
1248,759,1623234429609,-1,-1,-1
1249,759,1623234430608,-1,-1,-1
1250,727,1623234431609,-1,-1,-1
1251,735,1623234431609,-1,-1,-1
1252,767,1623234432648,-1,-1,-1
1253,823,1623234433605,-1,-1,-1
1254,823,1623234434604,-1,-1,-1
1255,831,1623234435609,-1,-1,-1
1256,847,1623234435609,-1,-1,-1
1257,831,1623234436608,-1,-1,-1
1258,815,1623234437607,-1,-1,-1
1259,799,1623234438605,-1,-1,-1
1260,767,1623234439610,-1,-1,-1
1261,767,1623234439610,-1,-1,-1
1262,767,1623234440645,-1,-1,-1
1263,751,1623234443607,-1,-1,-1
1264,767,1623234444606,-1,-1,-1
1265,799,1623234445609,-1,-1,-1
1266,791,1623234446609,-1,-1,-1
1267,799,1623234447604,-1,-1,-1
1268,783,1623234447604,-1,-1,-1
1269,767,1623234448609,-1,-1,-1
1270,759,1623234449647,-1,-1,-1
1271,855,1623234450648,-1,-1,-1
1272,735,1623234450648,-1,-1,-1
1273,775,1623234451609,-1,-1,-1
1274,767,1623234452609,-1,-1,-1
1275,759,1623234453610,-1,-1,-1
1276,791,1623234454603,-1,-1,-1
1277,767,1623234454603,-1,-1,-1
1278,791,1623234455604,-1,-1,-1
1279,807,1623234456689,-1,-1,-1
1280,791,1623234457608,-1,-1,-1
1281,775,1623234457608,-1,-1,-1
1282,791,1623234458607,-1,-1,-1
1283,775,1623234459609,-1,-1,-1
1284,759,1623234460609,-1,-1,-1
1285,791,1623234461610,-1,-1,-1
1286,767,1623234461610,-1,-1,-1
1287,751,1623234462610,-1,-1,-1
1288,775,1623234463608,-1,-1,-1
1289,791,1623234464605,-1,-1,-1
1290,791,1623234464605,-1,-1,-1
1291,799,1623234465649,-1,-1,-1
1292,807,1623234466609,-1,-1,-1
1293,799,1623234467609,-1,-1,-1
1294,799,1623234468609,-1,-1,-1
1295,759,1623234468609,-1,-1,-1
1296,759,1623234469607,-1,-1,-1
1297,767,1623234470649,-1,-1,-1
1298,751,1623234471607,-1,-1,-1
1299,751,1623234471607,-1,-1,-1
1300,775,1623234472644,-1,-1,-1
1301,775,1623234473649,-1,-1,-1
1302,767,1623234474609,-1,-1,-1
1303,767,1623234475609,-1,-1,-1
1304,783,1623234475609,-1,-1,-1
1305,767,1623234476609,-1,-1,-1
1306,775,1623234477609,-1,-1,-1
1307,791,1623234478603,-1,-1,-1
1308,783,1623234478603,-1,-1,-1
1309,783,1623234479604,-1,-1,-1
1310,791,1623234480606,-1,-1,-1
1311,767,1623234481608,-1,-1,-1
1312,767,1623234482648,-1,-1,-1
1313,775,1623234482648,-1,-1,-1
1314,751,1623234483609,-1,-1,-1
1315,767,1623234484603,-1,-1,-1
1316,767,1623234485610,-1,-1,-1
1317,791,1623234485610,-1,-1,-1
1318,815,1623234486608,-1,-1,-1
1319,823,1623234487648,-1,-1,-1
1320,791,1623234488609,-1,-1,-1
1321,799,1623234489609,-1,-1,-1
1322,815,1623234489609,-1,-1,-1
1323,783,1623234490608,-1,-1,-1
1324,783,1623234491608,-1,-1,-1
1325,807,1623234492608,-1,-1,-1
1326,751,1623234493608,-1,-1,-1
1327,679,1623234493608,-1,-1,-1
1328,983,1623234494602,-1,-1,-1
1329,759,1623234495603,-1,-1,-1
1330,679,1623234497604,-1,-1,-1
1331,687,1623234497604,-1,-1,-1
1332,511,1623234498644,-1,-1,-1
1333,727,1623234499609,-1,-1,-1
1334,711,1623234499609,-1,-1,-1
1335,903,1623234500605,-1,-1,-1
