,RR,Timestamp,SensorContact,errorEstimate,blockerBit
0,1460,1623246630507,-1,-1,-1
1,593,1623246631496,-1,-1,-1
2,734,1623246632497,-1,-1,-1
3,570,1623246632497,-1,-1,-1
4,656,1623246633498,-1,-1,-1
5,578,1623246634501,-1,-1,-1
6,656,1623246634501,-1,-1,-1
7,585,1623246635502,-1,-1,-1
8,671,1623246636506,-1,-1,-1
9,796,1623246636506,-1,-1,-1
10,789,1623246637505,-1,-1,-1
11,781,1623246638497,-1,-1,-1
12,500,1623246639505,-1,-1,-1
13,742,1623246639505,-1,-1,-1
14,570,1623246640502,-1,-1,-1
15,531,1623246640502,-1,-1,-1
16,898,1623246641597,-1,-1,-1
17,601,1623246644598,-1,-1,-1
18,742,1623246646597,-1,-1,-1
19,523,1623246647497,-1,-1,-1
20,562,1623246648495,-1,-1,-1
21,593,1623246648495,-1,-1,-1
22,562,1623246649499,-1,-1,-1
23,632,1623246649499,-1,-1,-1
24,601,1623246650504,-1,-1,-1
25,695,1623246651594,-1,-1,-1
26,609,1623246653497,-1,-1,-1
27,656,1623246653497,-1,-1,-1
28,601,1623246654494,-1,-1,-1
29,648,1623246655504,-1,-1,-1
30,617,1623246655504,-1,-1,-1
31,562,1623246656494,-1,-1,-1
32,695,1623246656494,-1,-1,-1
33,593,1623246657506,-1,-1,-1
34,617,1623246658503,-1,-1,-1
35,609,1623246658506,-1,-1,-1
36,593,1623246659601,-1,-1,-1
37,570,1623246660601,-1,-1,-1
38,609,1623246661601,-1,-1,-1
39,570,1623246663501,-1,-1,-1
40,484,1623246664505,-1,-1,-1
41,578,1623246664506,-1,-1,-1
42,500,1623246665801,-1,-1,-1
43,570,1623246665801,-1,-1,-1
44,460,1623246666598,-1,-1,-1
45,656,1623246666598,-1,-1,-1
46,656,1623246667599,-1,-1,-1
47,539,1623246668499,-1,-1,-1
48,554,1623246668499,-1,-1,-1
49,679,1623246669503,-1,-1,-1
50,601,1623246669503,-1,-1,-1
51,578,1623246670503,-1,-1,-1
52,585,1623246672503,-1,-1,-1
53,656,1623246672799,-1,-1,-1
54,515,1623246672800,-1,-1,-1
55,554,1623246674503,-1,-1,-1
56,429,1623246674504,-1,-1,-1
57,554,1623246675597,-1,-1,-1
58,539,1623246676701,-1,-1,-1
59,539,1623246678506,-1,-1,-1
60,585,1623246678506,-1,-1,-1
61,554,1623246679595,-1,-1,-1
62,539,1623246679595,-1,-1,-1
63,460,1623246680499,-1,-1,-1
64,523,1623246683306,-1,-1,-1
65,531,1623246684802,-1,-1,-1
66,578,1623246684803,-1,-1,-1
67,429,1623246685596,-1,-1,-1
68,593,1623246686505,-1,-1,-1
69,609,1623246688506,-1,-1,-1
70,617,1623246689504,-1,-1,-1
71,617,1623246690599,-1,-1,-1
72,617,1623246690599,-1,-1,-1
73,492,1623246691503,-1,-1,-1
74,593,1623246692598,-1,-1,-1
75,554,1623246693504,-1,-1,-1
76,539,1623246693504,-1,-1,-1
77,632,1623246694597,-1,-1,-1
78,609,1623246695804,-1,-1,-1
79,468,1623246695804,-1,-1,-1
80,671,1623246696598,-1,-1,-1
81,523,1623246696598,-1,-1,-1
82,609,1623246697602,-1,-1,-1
83,625,1623246698900,-1,-1,-1
84,648,1623246698900,-1,-1,-1
85,617,1623246699598,-1,-1,-1
86,554,1623246699598,-1,-1,-1
87,531,1623246700595,-1,-1,-1
88,695,1623246701601,-1,-1,-1
89,578,1623246701601,-1,-1,-1
90,640,1623246702697,-1,-1,-1
91,429,1623246702697,-1,-1,-1
92,562,1623246703598,-1,-1,-1
93,492,1623246704599,-1,-1,-1
94,664,1623246705803,-1,-1,-1
95,554,1623246705803,-1,-1,-1
96,523,1623246706597,-1,-1,-1
97,492,1623246706597,-1,-1,-1
98,609,1623246707597,-1,-1,-1
99,523,1623246708595,-1,-1,-1
100,632,1623246708595,-1,-1,-1
101,578,1623246709701,-1,-1,-1
102,593,1623246709701,-1,-1,-1
103,640,1623246710604,-1,-1,-1
104,562,1623246711595,-1,-1,-1
105,656,1623246711595,-1,-1,-1
106,664,1623246712597,-1,-1,-1
107,445,1623246713695,-1,-1,-1
108,687,1623246713695,-1,-1,-1
109,625,1623246714600,-1,-1,-1
110,656,1623246715895,-1,-1,-1
111,609,1623246715895,-1,-1,-1
112,523,1623246716798,-1,-1,-1
113,632,1623246717596,-1,-1,-1
114,515,1623246718597,-1,-1,-1
115,617,1623246718597,-1,-1,-1
116,476,1623246719597,-1,-1,-1
117,625,1623246719597,-1,-1,-1
118,609,1623246720697,-1,-1,-1
119,507,1623246720697,-1,-1,-1
120,601,1623246721601,-1,-1,-1
121,460,1623246721601,-1,-1,-1
122,617,1623246722699,-1,-1,-1
123,562,1623246723699,-1,-1,-1
124,609,1623246723699,-1,-1,-1
125,539,1623246724600,-1,-1,-1
126,554,1623246724600,-1,-1,-1
127,656,1623246726596,-1,-1,-1
128,570,1623246727899,-1,-1,-1
129,593,1623246729107,-1,-1,-1
130,515,1623246729107,-1,-1,-1
131,625,1623246729599,-1,-1,-1
132,554,1623246729599,-1,-1,-1
133,617,1623246730698,-1,-1,-1
134,554,1623246730698,-1,-1,-1
135,687,1623246732798,-1,-1,-1
136,585,1623246732798,-1,-1,-1
137,609,1623246733594,-1,-1,-1
138,554,1623246733594,-1,-1,-1
139,570,1623246734595,-1,-1,-1
140,507,1623246734595,-1,-1,-1
141,546,1623246736697,-1,-1,-1
142,562,1623246738696,-1,-1,-1
143,546,1623246739695,-1,-1,-1
144,617,1623246739695,-1,-1,-1
145,546,1623246740596,-1,-1,-1
146,664,1623246740596,-1,-1,-1
147,625,1623246741695,-1,-1,-1
148,593,1623246742601,-1,-1,-1
149,656,1623246742601,-1,-1,-1
150,500,1623246743597,-1,-1,-1
151,578,1623246743597,-1,-1,-1
152,593,1623246745698,-1,-1,-1
153,578,1623246745744,-1,-1,-1
154,539,1623246745744,-1,-1,-1
155,507,1623246747102,-1,-1,-1
156,554,1623246747102,-1,-1,-1
157,562,1623246747695,-1,-1,-1
158,531,1623246747695,-1,-1,-1
159,554,1623246748599,-1,-1,-1
160,554,1623246749895,-1,-1,-1
161,640,1623246751798,-1,-1,-1
162,648,1623246751798,-1,-1,-1
163,507,1623246752595,-1,-1,-1
164,640,1623246753602,-1,-1,-1
165,593,1623246756895,-1,-1,-1
166,539,1623246756895,-1,-1,-1
167,578,1623246757798,-1,-1,-1
168,515,1623246757798,-1,-1,-1
169,601,1623246758898,-1,-1,-1
170,570,1623246758898,-1,-1,-1
171,554,1623246759800,-1,-1,-1
172,468,1623246760598,-1,-1,-1
173,640,1623246761598,-1,-1,-1
174,445,1623246761598,-1,-1,-1
175,679,1623246763394,-1,-1,-1
176,546,1623246764295,-1,-1,-1
177,578,1623246764295,-1,-1,-1
178,562,1623246765095,-1,-1,-1
179,523,1623246765095,-1,-1,-1
180,570,1623246765994,-1,-1,-1
181,554,1623246765994,-1,-1,-1
182,546,1623246767198,-1,-1,-1
183,578,1623246767899,-1,-1,-1
184,593,1623246767899,-1,-1,-1
185,585,1623246768802,-1,-1,-1
186,585,1623246768802,-1,-1,-1
187,617,1623246769700,-1,-1,-1
188,554,1623246770798,-1,-1,-1
189,593,1623246770798,-1,-1,-1
190,570,1623246771702,-1,-1,-1
191,531,1623246771702,-1,-1,-1
192,609,1623246772595,-1,-1,-1
193,531,1623246774195,-1,-1,-1
194,531,1623246774195,-1,-1,-1
195,554,1623246774595,-1,-1,-1
196,531,1623246774595,-1,-1,-1
197,554,1623246775696,-1,-1,-1
198,578,1623246775696,-1,-1,-1
199,539,1623246776700,-1,-1,-1
200,554,1623246776700,-1,-1,-1
201,578,1623246777602,-1,-1,-1
202,562,1623246778598,-1,-1,-1
203,562,1623246778598,-1,-1,-1
204,601,1623246779695,-1,-1,-1
205,585,1623246779695,-1,-1,-1
206,507,1623246780596,-1,-1,-1
207,625,1623246781603,-1,-1,-1
208,570,1623246781603,-1,-1,-1
209,500,1623246782598,-1,-1,-1
210,570,1623246782598,-1,-1,-1
211,593,1623246783602,-1,-1,-1
212,476,1623246783602,-1,-1,-1
213,500,1623246784603,-1,-1,-1
214,570,1623246784603,-1,-1,-1
215,523,1623246786604,-1,-1,-1
216,570,1623246786604,-1,-1,-1
217,460,1623246787703,-1,-1,-1
218,601,1623246789604,-1,-1,-1
219,656,1623246789604,-1,-1,-1
220,539,1623246792804,-1,-1,-1
221,609,1623246792804,-1,-1,-1
222,507,1623246792871,-1,-1,-1
223,515,1623246792871,-1,-1,-1
224,648,1623246792957,-1,-1,-1
225,515,1623246793701,-1,-1,-1
226,593,1623246793701,-1,-1,-1
227,570,1623246794603,-1,-1,-1
228,500,1623246794603,-1,-1,-1
229,640,1623246795601,-1,-1,-1
230,609,1623246796604,-1,-1,-1
231,531,1623246796604,-1,-1,-1
232,718,1623246798404,-1,-1,-1
233,609,1623246799103,-1,-1,-1
234,601,1623246799103,-1,-1,-1
235,554,1623246799602,-1,-1,-1
236,609,1623246799602,-1,-1,-1
237,1156,1623246805602,-1,-1,-1
238,546,1623246805602,-1,-1,-1
239,492,1623246806602,-1,-1,-1
240,609,1623246808601,-1,-1,-1
241,710,1623246809596,-1,-1,-1
242,1218,1623246814802,-1,-1,-1
243,625,1623246814802,-1,-1,-1
244,789,1623246815596,-1,-1,-1
245,539,1623246817596,-1,-1,-1
246,609,1623246817596,-1,-1,-1
247,445,1623246818599,-1,-1,-1
248,546,1623246818599,-1,-1,-1
249,578,1623246819601,-1,-1,-1
250,546,1623246819601,-1,-1,-1
251,617,1623246820598,-1,-1,-1
252,546,1623246828602,-1,-1,-1
253,671,1623246829601,-1,-1,-1
254,632,1623246831601,-1,-1,-1
255,640,1623246831601,-1,-1,-1
256,562,1623246844601,-1,-1,-1
257,562,1623246844601,-1,-1,-1
258,601,1623246849697,-1,-1,-1
259,554,1623246851603,-1,-1,-1
260,531,1623246852597,-1,-1,-1
261,593,1623246852597,-1,-1,-1
262,539,1623246853595,-1,-1,-1
263,531,1623246853595,-1,-1,-1
264,562,1623246854695,-1,-1,-1
265,539,1623246854695,-1,-1,-1
266,539,1623246855600,-1,-1,-1
267,539,1623246856602,-1,-1,-1
268,539,1623246856602,-1,-1,-1
269,539,1623246857702,-1,-1,-1
270,515,1623246857702,-1,-1,-1
271,523,1623246858703,-1,-1,-1
272,531,1623246858703,-1,-1,-1
273,539,1623246859702,-1,-1,-1
274,484,1623246859702,-1,-1,-1
275,507,1623246860799,-1,-1,-1
276,531,1623246860799,-1,-1,-1
277,507,1623246861702,-1,-1,-1
278,507,1623246861703,-1,-1,-1
279,1054,1623246865795,-1,-1,-1
280,523,1623246865795,-1,-1,-1
281,523,1623246866700,-1,-1,-1
282,554,1623246866700,-1,-1,-1
283,531,1623246867704,-1,-1,-1
284,546,1623246867704,-1,-1,-1
285,562,1623246868702,-1,-1,-1
286,507,1623246868702,-1,-1,-1
287,593,1623246869702,-1,-1,-1
288,523,1623246870703,-1,-1,-1
289,546,1623246870703,-1,-1,-1
290,546,1623246871703,-1,-1,-1
291,531,1623246871703,-1,-1,-1
292,531,1623246872701,-1,-1,-1
293,539,1623246872701,-1,-1,-1
294,546,1623246873702,-1,-1,-1
295,507,1623246873702,-1,-1,-1
296,554,1623246874704,-1,-1,-1
297,453,1623246874704,-1,-1,-1
298,507,1623246875701,-1,-1,-1
299,1390,1623246881702,-1,-1,-1
300,539,1623246881702,-1,-1,-1
301,531,1623246882701,-1,-1,-1
302,507,1623246883703,-1,-1,-1
303,531,1623246883703,-1,-1,-1
304,523,1623246884703,-1,-1,-1
305,523,1623246884703,-1,-1,-1
306,507,1623246885702,-1,-1,-1
307,531,1623246885702,-1,-1,-1
308,507,1623246886702,-1,-1,-1
309,515,1623246886702,-1,-1,-1
310,523,1623246887802,-1,-1,-1
311,500,1623246887802,-1,-1,-1
312,515,1623246888702,-1,-1,-1
313,523,1623246888702,-1,-1,-1
314,515,1623246889701,-1,-1,-1
315,523,1623246889701,-1,-1,-1
316,523,1623246890702,-1,-1,-1
317,570,1623246891702,-1,-1,-1
318,500,1623246892701,-1,-1,-1
319,476,1623246893702,-1,-1,-1
320,437,1623246894702,-1,-1,-1
321,562,1623246894702,-1,-1,-1
322,515,1623246896703,-1,-1,-1
323,609,1623246896703,-1,-1,-1
324,468,1623246897802,-1,-1,-1
325,492,1623246897802,-1,-1,-1
326,539,1623246898702,-1,-1,-1
327,523,1623246909804,-1,-1,-1
328,664,1623246909804,-1,-1,-1
329,617,1623246911702,-1,-1,-1
330,632,1623246915702,-1,-1,-1
331,546,1623246915702,-1,-1,-1
332,562,1623246916704,-1,-1,-1
333,546,1623246916704,-1,-1,-1
334,578,1623246917702,-1,-1,-1
335,546,1623246918702,-1,-1,-1
336,546,1623246918702,-1,-1,-1
337,671,1623246919802,-1,-1,-1
338,500,1623246919802,-1,-1,-1
339,703,1623246921701,-1,-1,-1
340,562,1623246921701,-1,-1,-1
341,632,1623246922695,-1,-1,-1
342,515,1623246922695,-1,-1,-1
343,601,1623246923702,-1,-1,-1
344,492,1623246923702,-1,-1,-1
345,570,1623246924702,-1,-1,-1
346,460,1623246924702,-1,-1,-1
347,554,1623246925699,-1,-1,-1
348,593,1623246926701,-1,-1,-1
349,531,1623246926701,-1,-1,-1
350,1039,1623246935802,-1,-1,-1
351,601,1623246935802,-1,-1,-1
352,609,1623246936701,-1,-1,-1
353,531,1623246936701,-1,-1,-1
354,539,1623246937701,-1,-1,-1
355,531,1623246937701,-1,-1,-1
356,570,1623246938702,-1,-1,-1
357,507,1623246939802,-1,-1,-1
358,601,1623246939802,-1,-1,-1
359,476,1623246952701,-1,-1,-1
360,617,1623246953701,-1,-1,-1
361,1460,1623246958808,-1,-1,-1
362,453,1623246958808,-1,-1,-1
363,476,1623246959702,-1,-1,-1
364,539,1623246959702,-1,-1,-1
365,515,1623246960701,-1,-1,-1
366,531,1623246961702,-1,-1,-1
367,500,1623246961703,-1,-1,-1
368,554,1623246962699,-1,-1,-1
369,546,1623246962699,-1,-1,-1
370,460,1623246964702,-1,-1,-1
371,546,1623246964702,-1,-1,-1
372,562,1623246965701,-1,-1,-1
373,515,1623246976701,-1,-1,-1
374,500,1623246977702,-1,-1,-1
375,671,1623246980795,-1,-1,-1
376,664,1623246982702,-1,-1,-1
377,554,1623246984700,-1,-1,-1
378,570,1623246986701,-1,-1,-1
379,578,1623246986701,-1,-1,-1
380,515,1623246988902,-1,-1,-1
381,554,1623246988902,-1,-1,-1
382,492,1623246989900,-1,-1,-1
383,539,1623246989900,-1,-1,-1
384,539,1623246990700,-1,-1,-1
385,539,1623246990700,-1,-1,-1
386,539,1623246991701,-1,-1,-1
387,507,1623246992699,-1,-1,-1
388,523,1623246992699,-1,-1,-1
389,625,1623246999701,-1,-1,-1
390,507,1623247001700,-1,-1,-1
391,601,1623247002794,-1,-1,-1
392,531,1623247002794,-1,-1,-1
393,484,1623247004802,-1,-1,-1
394,609,1623247007801,-1,-1,-1
395,515,1623247008802,-1,-1,-1
396,484,1623247008803,-1,-1,-1
397,617,1623247009800,-1,-1,-1
398,539,1623247010803,-1,-1,-1
399,562,1623247010803,-1,-1,-1
400,515,1623247011801,-1,-1,-1
401,468,1623247012899,-1,-1,-1
402,515,1623247014801,-1,-1,-1
403,531,1623247050801,-1,-1,-1
404,1390,1623247075801,-1,-1,-1
405,507,1623247075801,-1,-1,-1
406,437,1623247078801,-1,-1,-1
407,546,1623247078801,-1,-1,-1
408,562,1623247079800,-1,-1,-1
409,562,1623247079800,-1,-1,-1
410,531,1623247080801,-1,-1,-1
411,539,1623247080801,-1,-1,-1
412,570,1623247081800,-1,-1,-1
413,515,1623247082800,-1,-1,-1
414,515,1623247093801,-1,-1,-1
415,601,1623247094801,-1,-1,-1
416,531,1623247095801,-1,-1,-1
417,562,1623247096802,-1,-1,-1
418,492,1623247096802,-1,-1,-1
419,1070,1623247111801,-1,-1,-1
420,578,1623247111801,-1,-1,-1
421,523,1623247112799,-1,-1,-1
422,492,1623247112799,-1,-1,-1
423,492,1623247113800,-1,-1,-1
424,500,1623247113800,-1,-1,-1
425,500,1623247114801,-1,-1,-1
426,531,1623247114801,-1,-1,-1
427,546,1623247127794,-1,-1,-1
428,460,1623247127794,-1,-1,-1
429,695,1623247128794,-1,-1,-1
430,500,1623247129994,-1,-1,-1
431,546,1623247129994,-1,-1,-1
432,445,1623247130795,-1,-1,-1
433,648,1623247130795,-1,-1,-1
434,445,1623247142899,-1,-1,-1
435,453,1623247185000,-1,-1,-1
436,437,1623247185896,-1,-1,-1
437,492,1623247185896,-1,-1,-1
438,453,1623247187896,-1,-1,-1
439,523,1623247188900,-1,-1,-1
440,539,1623247188900,-1,-1,-1
441,468,1623247189899,-1,-1,-1
442,476,1623247189899,-1,-1,-1
443,562,1623247190896,-1,-1,-1
444,507,1623247190896,-1,-1,-1
445,554,1623247192995,-1,-1,-1
446,1296,1623247225100,-1,-1,-1
447,476,1623247225100,-1,-1,-1
448,453,1623247226998,-1,-1,-1
449,593,1623247229900,-1,-1,-1
450,531,1623247230900,-1,-1,-1
451,445,1623247232001,-1,-1,-1
452,617,1623247232900,-1,-1,-1
453,531,1623247236999,-1,-1,-1
454,632,1623247237900,-1,-1,-1
455,523,1623247241900,-1,-1,-1
456,1320,1623247281893,-1,-1,-1
457,523,1623247281893,-1,-1,-1
458,453,1623247311994,-1,-1,-1
459,539,1623247322999,-1,-1,-1
460,585,1623247324099,-1,-1,-1
461,632,1623247325001,-1,-1,-1
462,476,1623247325001,-1,-1,-1
463,484,1623247333999,-1,-1,-1
464,1296,1623247346999,-1,-1,-1
465,484,1623247347995,-1,-1,-1
466,484,1623247347995,-1,-1,-1
467,484,1623247351001,-1,-1,-1
468,531,1623247351999,-1,-1,-1
469,468,1623247352999,-1,-1,-1
470,500,1623247354999,-1,-1,-1
471,500,1623247354999,-1,-1,-1
472,523,1623247356099,-1,-1,-1
473,500,1623247358098,-1,-1,-1
474,500,1623247358098,-1,-1,-1
475,507,1623247362000,-1,-1,-1
476,500,1623247362000,-1,-1,-1
477,492,1623247362999,-1,-1,-1
478,476,1623247362999,-1,-1,-1
479,531,1623247363994,-1,-1,-1
480,500,1623247363994,-1,-1,-1
481,492,1623247364999,-1,-1,-1
482,453,1623247364999,-1,-1,-1
483,539,1623247365997,-1,-1,-1
484,453,1623247365997,-1,-1,-1
485,539,1623247366999,-1,-1,-1
486,468,1623247366999,-1,-1,-1
487,453,1623247368001,-1,-1,-1
488,507,1623247369999,-1,-1,-1
489,585,1623247369999,-1,-1,-1
490,539,1623247385000,-1,-1,-1
491,539,1623247385997,-1,-1,-1
492,531,1623247385997,-1,-1,-1
493,523,1623247386994,-1,-1,-1
494,515,1623247386994,-1,-1,-1
495,515,1623247387995,-1,-1,-1
496,523,1623247387995,-1,-1,-1
497,523,1623247389000,-1,-1,-1
498,515,1623247389000,-1,-1,-1
499,531,1623247390198,-1,-1,-1
500,484,1623247390198,-1,-1,-1
501,515,1623247390996,-1,-1,-1
502,523,1623247390996,-1,-1,-1
503,492,1623247391994,-1,-1,-1
504,531,1623247392996,-1,-1,-1
505,507,1623247392996,-1,-1,-1
506,539,1623247393994,-1,-1,-1
507,500,1623247393994,-1,-1,-1
508,500,1623247394995,-1,-1,-1
509,437,1623247395993,-1,-1,-1
510,500,1623247396994,-1,-1,-1
511,562,1623247396994,-1,-1,-1
512,1367,1623247403994,-1,-1,-1
513,507,1623247403994,-1,-1,-1
514,515,1623247404994,-1,-1,-1
515,515,1623247404994,-1,-1,-1
516,507,1623247405997,-1,-1,-1
517,523,1623247407095,-1,-1,-1
518,539,1623247407095,-1,-1,-1
519,507,1623247407995,-1,-1,-1
520,500,1623247407995,-1,-1,-1
521,523,1623247408995,-1,-1,-1
522,531,1623247408995,-1,-1,-1
523,507,1623247409996,-1,-1,-1
524,500,1623247409996,-1,-1,-1
525,515,1623247410996,-1,-1,-1
526,531,1623247410996,-1,-1,-1
527,515,1623247411997,-1,-1,-1
528,531,1623247411997,-1,-1,-1
529,554,1623247412995,-1,-1,-1
530,593,1623247413994,-1,-1,-1
531,570,1623247413994,-1,-1,-1
532,523,1623247418996,-1,-1,-1
533,523,1623247418996,-1,-1,-1
534,578,1623247419996,-1,-1,-1
535,562,1623247420994,-1,-1,-1
536,515,1623247420994,-1,-1,-1
537,546,1623247421998,-1,-1,-1
538,570,1623247421998,-1,-1,-1
539,523,1623247423096,-1,-1,-1
540,539,1623247423096,-1,-1,-1
541,523,1623247423994,-1,-1,-1
542,531,1623247423994,-1,-1,-1
543,539,1623247424994,-1,-1,-1
544,546,1623247425996,-1,-1,-1
545,562,1623247425996,-1,-1,-1
546,562,1623247426997,-1,-1,-1
547,507,1623247426997,-1,-1,-1
548,546,1623247427996,-1,-1,-1
549,546,1623247427996,-1,-1,-1
550,531,1623247428995,-1,-1,-1
551,539,1623247428995,-1,-1,-1
552,554,1623247429993,-1,-1,-1
553,554,1623247430996,-1,-1,-1
554,546,1623247430996,-1,-1,-1
555,562,1623247431994,-1,-1,-1
556,562,1623247431994,-1,-1,-1
557,578,1623247432995,-1,-1,-1
558,554,1623247432995,-1,-1,-1
559,515,1623247433995,-1,-1,-1
560,539,1623247433995,-1,-1,-1
561,531,1623247434995,-1,-1,-1
562,554,1623247435993,-1,-1,-1
563,554,1623247435993,-1,-1,-1
564,539,1623247436995,-1,-1,-1
565,585,1623247436995,-1,-1,-1
566,539,1623247437996,-1,-1,-1
567,539,1623247437996,-1,-1,-1
568,531,1623247438995,-1,-1,-1
569,546,1623247440096,-1,-1,-1
570,562,1623247440096,-1,-1,-1
571,585,1623247440993,-1,-1,-1
572,625,1623247440993,-1,-1,-1
573,640,1623247441995,-1,-1,-1
574,640,1623247442996,-1,-1,-1
575,679,1623247442996,-1,-1,-1
576,664,1623247443996,-1,-1,-1
577,664,1623247444996,-1,-1,-1
578,640,1623247444996,-1,-1,-1
579,656,1623247445995,-1,-1,-1
580,617,1623247446999,-1,-1,-1
581,601,1623247446999,-1,-1,-1
582,601,1623247447995,-1,-1,-1
583,578,1623247447995,-1,-1,-1
584,562,1623247448997,-1,-1,-1
585,562,1623247449995,-1,-1,-1
586,546,1623247449995,-1,-1,-1
587,1312,1623247454995,-1,-1,-1
588,601,1623247454995,-1,-1,-1
589,570,1623247455994,-1,-1,-1
590,632,1623247456996,-1,-1,-1
591,593,1623247456996,-1,-1,-1
592,609,1623247457997,-1,-1,-1
593,585,1623247459096,-1,-1,-1
594,585,1623247459096,-1,-1,-1
595,570,1623247460095,-1,-1,-1
596,585,1623247460095,-1,-1,-1
597,585,1623247461095,-1,-1,-1
598,585,1623247462095,-1,-1,-1
599,578,1623247462095,-1,-1,-1
600,585,1623247463096,-1,-1,-1
601,593,1623247463096,-1,-1,-1
602,585,1623247464096,-1,-1,-1
603,578,1623247464096,-1,-1,-1
604,585,1623247465095,-1,-1,-1
605,585,1623247466195,-1,-1,-1
606,570,1623247466195,-1,-1,-1
607,570,1623247467097,-1,-1,-1
608,570,1623247467097,-1,-1,-1
609,578,1623247468095,-1,-1,-1
610,578,1623247469097,-1,-1,-1
611,578,1623247469097,-1,-1,-1
612,570,1623247470197,-1,-1,-1
613,562,1623247470197,-1,-1,-1
614,570,1623247471096,-1,-1,-1
615,570,1623247472094,-1,-1,-1
616,578,1623247472094,-1,-1,-1
617,578,1623247473096,-1,-1,-1
618,609,1623247473096,-1,-1,-1
619,617,1623247474096,-1,-1,-1
620,625,1623247475093,-1,-1,-1
621,632,1623247475093,-1,-1,-1
622,632,1623247476095,-1,-1,-1
623,632,1623247477096,-1,-1,-1
624,625,1623247477096,-1,-1,-1
625,609,1623247478096,-1,-1,-1
626,609,1623247478096,-1,-1,-1
627,593,1623247479096,-1,-1,-1
628,601,1623247480095,-1,-1,-1
629,593,1623247480095,-1,-1,-1
630,601,1623247481094,-1,-1,-1
631,601,1623247482095,-1,-1,-1
632,554,1623247482095,-1,-1,-1
633,601,1623247483199,-1,-1,-1
634,546,1623247483199,-1,-1,-1
635,539,1623247484094,-1,-1,-1
636,539,1623247484094,-1,-1,-1
637,515,1623247485095,-1,-1,-1
638,710,1623247488096,-1,-1,-1
639,656,1623247489096,-1,-1,-1
640,710,1623247489096,-1,-1,-1
641,617,1623247491095,-1,-1,-1
642,601,1623247492096,-1,-1,-1
643,625,1623247493093,-1,-1,-1
644,554,1623247493093,-1,-1,-1
645,570,1623247494097,-1,-1,-1
646,578,1623247494097,-1,-1,-1
647,554,1623247495094,-1,-1,-1
648,546,1623247496096,-1,-1,-1
649,546,1623247496096,-1,-1,-1
650,531,1623247497094,-1,-1,-1
651,523,1623247497094,-1,-1,-1
652,523,1623247498095,-1,-1,-1
653,523,1623247498095,-1,-1,-1
654,523,1623247499198,-1,-1,-1
655,546,1623247499198,-1,-1,-1
656,593,1623247506097,-1,-1,-1
657,625,1623247508095,-1,-1,-1
658,609,1623247508095,-1,-1,-1
659,617,1623247509095,-1,-1,-1
660,625,1623247509095,-1,-1,-1
661,625,1623247510097,-1,-1,-1
662,601,1623247511095,-1,-1,-1
663,484,1623247513095,-1,-1,-1
664,625,1623247513095,-1,-1,-1
665,593,1623247514093,-1,-1,-1
666,539,1623247514093,-1,-1,-1
667,554,1623247515093,-1,-1,-1
668,554,1623247515093,-1,-1,-1
669,585,1623247516193,-1,-1,-1
670,609,1623247517093,-1,-1,-1
671,617,1623247517093,-1,-1,-1
672,625,1623247518094,-1,-1,-1
673,632,1623247519095,-1,-1,-1
674,632,1623247519095,-1,-1,-1
675,609,1623247520094,-1,-1,-1
676,601,1623247520094,-1,-1,-1
677,601,1623247521094,-1,-1,-1
678,601,1623247522095,-1,-1,-1
679,593,1623247522095,-1,-1,-1
680,601,1623247523095,-1,-1,-1
681,625,1623247524095,-1,-1,-1
682,617,1623247524095,-1,-1,-1
683,625,1623247525096,-1,-1,-1
684,632,1623247526098,-1,-1,-1
685,617,1623247526098,-1,-1,-1
686,617,1623247527093,-1,-1,-1
687,617,1623247527093,-1,-1,-1
688,617,1623247528093,-1,-1,-1
689,617,1623247529095,-1,-1,-1
690,609,1623247529095,-1,-1,-1
691,617,1623247530096,-1,-1,-1
692,601,1623247531096,-1,-1,-1
693,617,1623247531096,-1,-1,-1
694,593,1623247532196,-1,-1,-1
695,609,1623247532196,-1,-1,-1
696,593,1623247533096,-1,-1,-1
697,601,1623247534195,-1,-1,-1
698,578,1623247534195,-1,-1,-1
699,570,1623247535094,-1,-1,-1
700,539,1623247535094,-1,-1,-1
701,601,1623247536093,-1,-1,-1
702,554,1623247537094,-1,-1,-1
703,601,1623247537094,-1,-1,-1
704,437,1623247538093,-1,-1,-1
705,546,1623247539093,-1,-1,-1
706,531,1623247539093,-1,-1,-1
707,554,1623247540093,-1,-1,-1
708,546,1623247541096,-1,-1,-1
709,546,1623247541096,-1,-1,-1
710,531,1623247542095,-1,-1,-1
711,539,1623247542095,-1,-1,-1
712,570,1623247543096,-1,-1,-1
713,539,1623247543096,-1,-1,-1
714,500,1623247544095,-1,-1,-1
715,585,1623247544095,-1,-1,-1
716,546,1623247545095,-1,-1,-1
717,539,1623247546096,-1,-1,-1
718,554,1623247546096,-1,-1,-1
719,515,1623247547096,-1,-1,-1
720,617,1623247547096,-1,-1,-1
721,507,1623247548096,-1,-1,-1
722,523,1623247548096,-1,-1,-1
723,500,1623247549196,-1,-1,-1
724,585,1623247550095,-1,-1,-1
725,539,1623247550095,-1,-1,-1
726,585,1623247551097,-1,-1,-1
727,554,1623247551097,-1,-1,-1
728,500,1623247552095,-1,-1,-1
729,632,1623247552095,-1,-1,-1
730,546,1623247553094,-1,-1,-1
731,578,1623247554095,-1,-1,-1
732,492,1623247554095,-1,-1,-1
733,546,1623247555096,-1,-1,-1
734,531,1623247555096,-1,-1,-1
735,593,1623247556094,-1,-1,-1
736,500,1623247556094,-1,-1,-1
737,554,1623247557097,-1,-1,-1
738,515,1623247564093,-1,-1,-1
739,523,1623247564093,-1,-1,-1
740,523,1623247565098,-1,-1,-1
741,546,1623247565098,-1,-1,-1
742,554,1623247566196,-1,-1,-1
743,570,1623247567097,-1,-1,-1
744,609,1623247567097,-1,-1,-1
745,585,1623247568092,-1,-1,-1
746,585,1623247568092,-1,-1,-1
747,578,1623247569193,-1,-1,-1
748,578,1623247570095,-1,-1,-1
749,562,1623247570095,-1,-1,-1
750,554,1623247571095,-1,-1,-1
751,546,1623247571095,-1,-1,-1
752,570,1623247572093,-1,-1,-1
753,570,1623247572093,-1,-1,-1
754,593,1623247573094,-1,-1,-1
755,601,1623247574093,-1,-1,-1
756,484,1623247574093,-1,-1,-1
757,695,1623247575096,-1,-1,-1
758,570,1623247575096,-1,-1,-1
759,570,1623247576096,-1,-1,-1
760,562,1623247577094,-1,-1,-1
761,539,1623247577094,-1,-1,-1
762,546,1623247578095,-1,-1,-1
763,562,1623247578095,-1,-1,-1
764,531,1623247579093,-1,-1,-1
765,515,1623247579093,-1,-1,-1
766,515,1623247580093,-1,-1,-1
767,531,1623247580093,-1,-1,-1
768,562,1623247581094,-1,-1,-1
769,632,1623247586095,-1,-1,-1
770,609,1623247589095,-1,-1,-1
771,609,1623247589095,-1,-1,-1
772,679,1623247590096,-1,-1,-1
773,578,1623247591095,-1,-1,-1
774,562,1623247591095,-1,-1,-1
775,554,1623247593097,-1,-1,-1
776,578,1623247594095,-1,-1,-1
777,562,1623247594095,-1,-1,-1
778,656,1623247595094,-1,-1,-1
779,601,1623247595094,-1,-1,-1
780,570,1623247596195,-1,-1,-1
781,578,1623247597094,-1,-1,-1
782,585,1623247597095,-1,-1,-1
783,609,1623247598197,-1,-1,-1
784,554,1623247598197,-1,-1,-1
785,578,1623247599195,-1,-1,-1
786,492,1623247600095,-1,-1,-1
787,578,1623247601099,-1,-1,-1
788,585,1623247601099,-1,-1,-1
789,554,1623247602095,-1,-1,-1
790,617,1623247603094,-1,-1,-1
791,593,1623247603094,-1,-1,-1
792,546,1623247604195,-1,-1,-1
793,554,1623247604195,-1,-1,-1
794,570,1623247605096,-1,-1,-1
795,609,1623247606195,-1,-1,-1
796,593,1623247606195,-1,-1,-1
797,609,1623247607095,-1,-1,-1
798,593,1623247607095,-1,-1,-1
799,617,1623247608096,-1,-1,-1
800,570,1623247609194,-1,-1,-1
801,570,1623247609194,-1,-1,-1
802,632,1623247610193,-1,-1,-1
803,539,1623247610193,-1,-1,-1
804,570,1623247611195,-1,-1,-1
805,554,1623247612195,-1,-1,-1
806,500,1623247612195,-1,-1,-1
807,656,1623247613194,-1,-1,-1
808,601,1623247613194,-1,-1,-1
809,523,1623247614194,-1,-1,-1
810,648,1623247615193,-1,-1,-1
811,531,1623247615193,-1,-1,-1
812,585,1623247616194,-1,-1,-1
813,562,1623247616194,-1,-1,-1
814,500,1623247617195,-1,-1,-1
815,601,1623247617195,-1,-1,-1
816,531,1623247618193,-1,-1,-1
817,562,1623247619195,-1,-1,-1
818,601,1623247619195,-1,-1,-1
819,593,1623247620192,-1,-1,-1
820,601,1623247620192,-1,-1,-1
821,593,1623247621195,-1,-1,-1
822,554,1623247622195,-1,-1,-1
823,632,1623247622195,-1,-1,-1
824,562,1623247623193,-1,-1,-1
825,546,1623247623193,-1,-1,-1
826,523,1623247624195,-1,-1,-1
827,640,1623247625292,-1,-1,-1
828,531,1623247625292,-1,-1,-1
829,585,1623247626196,-1,-1,-1
830,531,1623247627196,-1,-1,-1
831,546,1623247628197,-1,-1,-1
832,554,1623247629195,-1,-1,-1
833,476,1623247629195,-1,-1,-1
834,570,1623247630196,-1,-1,-1
835,554,1623247630196,-1,-1,-1
836,609,1623247631194,-1,-1,-1
837,625,1623247631194,-1,-1,-1
838,695,1623247634193,-1,-1,-1
839,671,1623247635195,-1,-1,-1
840,679,1623247636195,-1,-1,-1
841,656,1623247636195,-1,-1,-1
842,632,1623247637197,-1,-1,-1
843,640,1623247638192,-1,-1,-1
844,570,1623247638192,-1,-1,-1
845,632,1623247639195,-1,-1,-1
846,601,1623247640194,-1,-1,-1
847,656,1623247640194,-1,-1,-1
848,609,1623247641192,-1,-1,-1
849,593,1623247642196,-1,-1,-1
850,601,1623247642196,-1,-1,-1
851,585,1623247643194,-1,-1,-1
852,609,1623247643194,-1,-1,-1
853,546,1623247644194,-1,-1,-1
854,656,1623247645192,-1,-1,-1
855,554,1623247645192,-1,-1,-1
856,546,1623247646192,-1,-1,-1
857,585,1623247646192,-1,-1,-1
858,585,1623247647193,-1,-1,-1
859,593,1623247648194,-1,-1,-1
860,585,1623247648194,-1,-1,-1
861,664,1623247649192,-1,-1,-1
862,570,1623247649192,-1,-1,-1
863,726,1623247652193,-1,-1,-1
864,632,1623247653197,-1,-1,-1
865,617,1623247655193,-1,-1,-1
866,640,1623247655193,-1,-1,-1
867,625,1623247657194,-1,-1,-1
868,546,1623247658293,-1,-1,-1
869,640,1623247659195,-1,-1,-1
870,632,1623247659195,-1,-1,-1
871,570,1623247660293,-1,-1,-1
872,531,1623247661197,-1,-1,-1
873,554,1623247662199,-1,-1,-1
874,625,1623247663199,-1,-1,-1
875,578,1623247663199,-1,-1,-1
876,570,1623247664193,-1,-1,-1
877,531,1623247665198,-1,-1,-1
878,492,1623247665198,-1,-1,-1
879,492,1623247667196,-1,-1,-1
880,531,1623247668201,-1,-1,-1
881,546,1623247669199,-1,-1,-1
882,546,1623247670197,-1,-1,-1
883,546,1623247670197,-1,-1,-1
884,992,1623247677199,-1,-1,-1
885,578,1623247678196,-1,-1,-1
886,500,1623247679198,-1,-1,-1
887,562,1623247680193,-1,-1,-1
888,1320,1623247685198,-1,-1,-1
889,601,1623247685198,-1,-1,-1
890,703,1623247686193,-1,-1,-1
891,632,1623247687193,-1,-1,-1
892,578,1623247689192,-1,-1,-1
893,554,1623247689192,-1,-1,-1
894,539,1623247693198,-1,-1,-1
895,656,1623247695196,-1,-1,-1
896,500,1623247695196,-1,-1,-1
897,648,1623247696196,-1,-1,-1
898,648,1623247699198,-1,-1,-1
899,656,1623247700199,-1,-1,-1
900,687,1623247701198,-1,-1,-1
901,515,1623247701198,-1,-1,-1
902,601,1623247702199,-1,-1,-1
903,445,1623247706194,-1,-1,-1
904,515,1623247706194,-1,-1,-1
905,640,1623247707194,-1,-1,-1
906,625,1623247708295,-1,-1,-1
907,437,1623247708295,-1,-1,-1
908,578,1623247709193,-1,-1,-1
909,625,1623247710193,-1,-1,-1
910,539,1623247711199,-1,-1,-1
911,460,1623247719193,-1,-1,-1
912,437,1623247719193,-1,-1,-1
913,507,1623247732199,-1,-1,-1
914,500,1623247733198,-1,-1,-1
915,1500,1623247748198,-1,-1,-1
916,492,1623247749198,-1,-1,-1
917,671,1623247758294,-1,-1,-1
918,523,1623247759300,-1,-1,-1
919,507,1623247760297,-1,-1,-1
920,531,1623247766295,-1,-1,-1
921,664,1623247767398,-1,-1,-1
922,695,1623247769297,-1,-1,-1
923,585,1623247769297,-1,-1,-1
924,601,1623247771298,-1,-1,-1
925,585,1623247772297,-1,-1,-1
926,539,1623247772297,-1,-1,-1
927,632,1623247774293,-1,-1,-1
928,476,1623247775292,-1,-1,-1
929,492,1623247775292,-1,-1,-1
930,1351,1623247779293,-1,-1,-1
931,437,1623247788297,-1,-1,-1
932,734,1623247791294,-1,-1,-1
933,632,1623247793295,-1,-1,-1
934,453,1623247793295,-1,-1,-1
935,906,1623247800394,-1,-1,-1
936,523,1623247805297,-1,-1,-1
937,585,1623247805297,-1,-1,-1
938,562,1623247811298,-1,-1,-1
939,484,1623247812294,-1,-1,-1
940,546,1623247812295,-1,-1,-1
941,593,1623247815294,-1,-1,-1
942,523,1623247821298,-1,-1,-1
943,476,1623247821299,-1,-1,-1
944,710,1623247826297,-1,-1,-1
945,460,1623247827294,-1,-1,-1
946,570,1623247828292,-1,-1,-1
947,1500,1623247832295,-1,-1,-1
948,585,1623247834297,-1,-1,-1
949,640,1623247836297,-1,-1,-1
950,492,1623247837298,-1,-1,-1
951,1062,1623247846397,-1,-1,-1
952,640,1623247847294,-1,-1,-1
953,492,1623247852293,-1,-1,-1
954,648,1623247852293,-1,-1,-1
955,507,1623247855298,-1,-1,-1
956,632,1623247857294,-1,-1,-1
957,679,1623247858293,-1,-1,-1
958,609,1623247859292,-1,-1,-1
959,601,1623247865294,-1,-1,-1
960,750,1623247869292,-1,-1,-1
961,679,1623247870297,-1,-1,-1
962,437,1623247870297,-1,-1,-1
963,476,1623247871291,-1,-1,-1
964,515,1623247871291,-1,-1,-1
965,484,1623247872399,-1,-1,-1
966,453,1623247872399,-1,-1,-1
967,601,1623247874294,-1,-1,-1
968,460,1623247875297,-1,-1,-1
969,460,1623247878294,-1,-1,-1
970,734,1623247879294,-1,-1,-1
971,507,1623247879294,-1,-1,-1
972,601,1623247886293,-1,-1,-1
973,500,1623247888292,-1,-1,-1
974,468,1623247888292,-1,-1,-1
975,625,1623247889298,-1,-1,-1
976,531,1623247891301,-1,-1,-1
977,671,1623247893498,-1,-1,-1
978,554,1623247894299,-1,-1,-1
979,546,1623247896296,-1,-1,-1
980,484,1623247901293,-1,-1,-1
981,460,1623247902298,-1,-1,-1
982,453,1623247902298,-1,-1,-1
983,445,1623247903294,-1,-1,-1
984,585,1623247920396,-1,-1,-1
985,601,1623247920396,-1,-1,-1
986,578,1623247923399,-1,-1,-1
987,500,1623247925397,-1,-1,-1
988,570,1623247927393,-1,-1,-1
989,562,1623247928397,-1,-1,-1
990,1140,1623247938395,-1,-1,-1
991,468,1623247938395,-1,-1,-1
992,500,1623247939398,-1,-1,-1
993,632,1623247949394,-1,-1,-1
994,617,1623247949394,-1,-1,-1
995,632,1623247950398,-1,-1,-1
996,539,1623247959499,-1,-1,-1
997,726,1623247964397,-1,-1,-1
998,445,1623247964397,-1,-1,-1
999,554,1623247965398,-1,-1,-1
1000,468,1623247965398,-1,-1,-1
1001,539,1623247966598,-1,-1,-1
1002,515,1623247967394,-1,-1,-1
1003,656,1623247968394,-1,-1,-1
1004,531,1623247971397,-1,-1,-1
1005,539,1623247972498,-1,-1,-1
1006,492,1623247974498,-1,-1,-1
1007,554,1623247975496,-1,-1,-1
1008,554,1623247981397,-1,-1,-1
1009,492,1623247982495,-1,-1,-1
1010,500,1623247982495,-1,-1,-1
1011,468,1623247983392,-1,-1,-1
1012,1515,1623247998494,-1,-1,-1
1013,578,1623247999500,-1,-1,-1
1014,515,1623247999500,-1,-1,-1
1015,578,1623248000394,-1,-1,-1
1016,460,1623248000394,-1,-1,-1
1017,460,1623248001398,-1,-1,-1
1018,554,1623248007394,-1,-1,-1
1019,437,1623248011393,-1,-1,-1
1020,453,1623248013396,-1,-1,-1
1021,515,1623248014397,-1,-1,-1
1022,1437,1623248032393,-1,-1,-1
1023,523,1623248033398,-1,-1,-1
1024,515,1623248033398,-1,-1,-1
1025,445,1623248034396,-1,-1,-1
1026,531,1623248034396,-1,-1,-1
1027,539,1623248035394,-1,-1,-1
1028,476,1623248035394,-1,-1,-1
1029,468,1623248037394,-1,-1,-1
1030,500,1623248037394,-1,-1,-1
1031,1421,1623248044399,-1,-1,-1
1032,507,1623248058493,-1,-1,-1
1033,484,1623248059393,-1,-1,-1
1034,476,1623248060391,-1,-1,-1
1035,1250,1623248073494,-1,-1,-1
1036,523,1623248073494,-1,-1,-1
1037,468,1623248074496,-1,-1,-1
1038,1304,1623248086493,-1,-1,-1
1039,468,1623248086493,-1,-1,-1
1040,492,1623248087493,-1,-1,-1
1041,453,1623248087493,-1,-1,-1
1042,500,1623248088493,-1,-1,-1
1043,484,1623248088493,-1,-1,-1
1044,468,1623248089498,-1,-1,-1
1045,500,1623248090492,-1,-1,-1
1046,476,1623248091492,-1,-1,-1
1047,468,1623248091492,-1,-1,-1
1048,1085,1623248096497,-1,-1,-1
1049,476,1623248096497,-1,-1,-1
1050,476,1623248097498,-1,-1,-1
1051,476,1623248097498,-1,-1,-1
1052,515,1623248098496,-1,-1,-1
1053,445,1623248098496,-1,-1,-1
1054,500,1623248099497,-1,-1,-1
1055,515,1623248099497,-1,-1,-1
1056,476,1623248100496,-1,-1,-1
1057,484,1623248100496,-1,-1,-1
1058,500,1623248101599,-1,-1,-1
1059,476,1623248101599,-1,-1,-1
1060,492,1623248102498,-1,-1,-1
1061,507,1623248102498,-1,-1,-1
1062,468,1623248103498,-1,-1,-1
1063,500,1623248103498,-1,-1,-1
1064,500,1623248104492,-1,-1,-1
1065,476,1623248104492,-1,-1,-1
1066,484,1623248105492,-1,-1,-1
1067,531,1623248107496,-1,-1,-1
1068,484,1623248108491,-1,-1,-1
1069,523,1623248108491,-1,-1,-1
1070,539,1623248109493,-1,-1,-1
1071,500,1623248109493,-1,-1,-1
1072,531,1623248110494,-1,-1,-1
1073,546,1623248110494,-1,-1,-1
1074,523,1623248112499,-1,-1,-1
1075,531,1623248113494,-1,-1,-1
1076,500,1623248113494,-1,-1,-1
1077,531,1623248114496,-1,-1,-1
1078,539,1623248114496,-1,-1,-1
1079,484,1623248115495,-1,-1,-1
1080,570,1623248116597,-1,-1,-1
1081,507,1623248117595,-1,-1,-1
1082,546,1623248117595,-1,-1,-1
1083,523,1623248118495,-1,-1,-1
1084,539,1623248119499,-1,-1,-1
1085,554,1623248119499,-1,-1,-1
1086,539,1623248120498,-1,-1,-1
1087,539,1623248120498,-1,-1,-1
1088,507,1623248121597,-1,-1,-1
1089,570,1623248121597,-1,-1,-1
1090,476,1623248122496,-1,-1,-1
1091,1320,1623248128494,-1,-1,-1
1092,507,1623248129499,-1,-1,-1
1093,468,1623248130496,-1,-1,-1
1094,523,1623248130496,-1,-1,-1
1095,539,1623248131497,-1,-1,-1
1096,523,1623248132496,-1,-1,-1
1097,523,1623248132496,-1,-1,-1
1098,539,1623248133498,-1,-1,-1
1099,554,1623248133498,-1,-1,-1
1100,531,1623248134598,-1,-1,-1
1101,515,1623248134598,-1,-1,-1
1102,570,1623248135498,-1,-1,-1
1103,523,1623248135498,-1,-1,-1
1104,531,1623248136498,-1,-1,-1
1105,500,1623248136498,-1,-1,-1
1106,562,1623248137499,-1,-1,-1
1107,523,1623248138494,-1,-1,-1
1108,507,1623248138494,-1,-1,-1
1109,500,1623248139499,-1,-1,-1
1110,531,1623248140499,-1,-1,-1
1111,484,1623248141493,-1,-1,-1
1112,562,1623248141493,-1,-1,-1
1113,492,1623248142494,-1,-1,-1
1114,570,1623248142494,-1,-1,-1
1115,554,1623248143494,-1,-1,-1
1116,601,1623248144494,-1,-1,-1
1117,515,1623248145495,-1,-1,-1
1118,609,1623248145495,-1,-1,-1
1119,632,1623248146495,-1,-1,-1
1120,601,1623248147500,-1,-1,-1
1121,523,1623248148599,-1,-1,-1
1122,562,1623248149496,-1,-1,-1
1123,554,1623248150494,-1,-1,-1
1124,546,1623248150494,-1,-1,-1
1125,570,1623248151496,-1,-1,-1
1126,531,1623248151496,-1,-1,-1
1127,570,1623248152499,-1,-1,-1
1128,523,1623248152499,-1,-1,-1
1129,585,1623248153500,-1,-1,-1
1130,570,1623248154497,-1,-1,-1
1131,546,1623248154497,-1,-1,-1
1132,578,1623248155493,-1,-1,-1
1133,570,1623248155493,-1,-1,-1
1134,562,1623248156494,-1,-1,-1
1135,546,1623248156494,-1,-1,-1
1136,578,1623248157498,-1,-1,-1
1137,546,1623248158497,-1,-1,-1
1138,546,1623248158497,-1,-1,-1
1139,476,1623248160491,-1,-1,-1
1140,632,1623248161495,-1,-1,-1
1141,484,1623248161495,-1,-1,-1
1142,546,1623248162499,-1,-1,-1
1143,601,1623248163494,-1,-1,-1
1144,507,1623248163494,-1,-1,-1
1145,546,1623248164499,-1,-1,-1
1146,554,1623248164499,-1,-1,-1
1147,578,1623248165492,-1,-1,-1
1148,531,1623248165492,-1,-1,-1
1149,554,1623248166498,-1,-1,-1
1150,554,1623248167599,-1,-1,-1
1151,531,1623248167599,-1,-1,-1
1152,531,1623248168496,-1,-1,-1
1153,625,1623248168496,-1,-1,-1
1154,617,1623248171591,-1,-1,-1
1155,476,1623248172493,-1,-1,-1
1156,601,1623248172493,-1,-1,-1
1157,492,1623248173493,-1,-1,-1
1158,570,1623248173493,-1,-1,-1
1159,578,1623248174491,-1,-1,-1
1160,554,1623248174491,-1,-1,-1
1161,460,1623248175497,-1,-1,-1
1162,554,1623248176492,-1,-1,-1
1163,570,1623248176492,-1,-1,-1
1164,546,1623248177499,-1,-1,-1
1165,484,1623248177499,-1,-1,-1
1166,562,1623248178492,-1,-1,-1
1167,546,1623248178492,-1,-1,-1
1168,570,1623248179492,-1,-1,-1
1169,507,1623248179492,-1,-1,-1
1170,562,1623248180593,-1,-1,-1
1171,570,1623248181596,-1,-1,-1
1172,523,1623248181596,-1,-1,-1
1173,484,1623248183600,-1,-1,-1
1174,515,1623248183600,-1,-1,-1
1175,570,1623248184593,-1,-1,-1
1176,578,1623248184593,-1,-1,-1
1177,523,1623248185696,-1,-1,-1
1178,562,1623248186595,-1,-1,-1
1179,539,1623248186595,-1,-1,-1
1180,539,1623248187598,-1,-1,-1
1181,531,1623248187598,-1,-1,-1
1182,531,1623248188592,-1,-1,-1
1183,546,1623248188592,-1,-1,-1
1184,546,1623248189595,-1,-1,-1
1185,531,1623248189595,-1,-1,-1
1186,500,1623248190598,-1,-1,-1
1187,539,1623248191598,-1,-1,-1
1188,515,1623248191598,-1,-1,-1
1189,531,1623248192600,-1,-1,-1
1190,546,1623248192600,-1,-1,-1
1191,546,1623248193698,-1,-1,-1
1192,539,1623248193698,-1,-1,-1
1193,515,1623248194600,-1,-1,-1
1194,578,1623248194600,-1,-1,-1
1195,992,1623248196594,-1,-1,-1
1196,539,1623248197597,-1,-1,-1
1197,562,1623248198592,-1,-1,-1
1198,578,1623248198592,-1,-1,-1
1199,554,1623248199599,-1,-1,-1
1200,625,1623248200598,-1,-1,-1
1201,554,1623248200598,-1,-1,-1
1202,531,1623248201596,-1,-1,-1
1203,593,1623248201596,-1,-1,-1
1204,585,1623248202596,-1,-1,-1
1205,578,1623248202596,-1,-1,-1
1206,523,1623248203598,-1,-1,-1
1207,609,1623248204595,-1,-1,-1
1208,562,1623248205592,-1,-1,-1
1209,546,1623248206592,-1,-1,-1
1210,507,1623248206592,-1,-1,-1
1211,578,1623248207594,-1,-1,-1
1212,570,1623248208592,-1,-1,-1
1213,539,1623248208592,-1,-1,-1
1214,570,1623248209691,-1,-1,-1
1215,578,1623248209691,-1,-1,-1
1216,539,1623248210698,-1,-1,-1
1217,593,1623248210698,-1,-1,-1
1218,554,1623248211598,-1,-1,-1
1219,554,1623248212592,-1,-1,-1
1220,601,1623248212592,-1,-1,-1
1221,515,1623248213594,-1,-1,-1
1222,539,1623248213595,-1,-1,-1
1223,546,1623248214595,-1,-1,-1
1224,546,1623248214595,-1,-1,-1
1225,562,1623248215592,-1,-1,-1
1226,562,1623248216595,-1,-1,-1
1227,578,1623248216595,-1,-1,-1
1228,593,1623248217692,-1,-1,-1
1229,570,1623248217692,-1,-1,-1
1230,695,1623248218592,-1,-1,-1
1231,484,1623248219598,-1,-1,-1
1232,632,1623248219598,-1,-1,-1
1233,570,1623248220598,-1,-1,-1
1234,585,1623248220598,-1,-1,-1
1235,554,1623248221595,-1,-1,-1
1236,1320,1623248225595,-1,-1,-1
1237,539,1623248225595,-1,-1,-1
1238,578,1623248226694,-1,-1,-1
1239,523,1623248227591,-1,-1,-1
1240,546,1623248227591,-1,-1,-1
1241,546,1623248228598,-1,-1,-1
1242,554,1623248228598,-1,-1,-1
