,RR,Timestamp,SensorContact,errorEstimate,blockerBit
0,735,1623236806025,-1,-1,-1
1,743,1623236806025,-1,-1,-1
2,735,1623236806025,-1,-1,-1
3,751,1623236806025,-1,-1,-1
4,735,1623236806025,-1,-1,-1
5,751,1623236806025,-1,-1,-1
6,711,1623236806025,-1,-1,-1
7,711,1623236806025,-1,-1,-1
8,703,1623236806025,-1,-1,-1
9,711,1623236806523,-1,-1,-1
10,663,1623236806523,-1,-1,-1
11,719,1623236806523,-1,-1,-1
12,711,1623236806523,-1,-1,-1
13,695,1623236807026,-1,-1,-1
14,751,1623236808030,-1,-1,-1
15,751,1623236812019,-1,-1,-1
16,743,1623236813028,-1,-1,-1
17,751,1623236814065,-1,-1,-1
18,703,1623236814065,-1,-1,-1
19,727,1623236815029,-1,-1,-1
20,719,1623236816058,-1,-1,-1
21,711,1623236817031,-1,-1,-1
22,711,1623236817031,-1,-1,-1
23,727,1623236818027,-1,-1,-1
24,727,1623236819022,-1,-1,-1
25,711,1623236819024,-1,-1,-1
26,719,1623236820025,-1,-1,-1
27,719,1623236821026,-1,-1,-1
28,703,1623236822021,-1,-1,-1
29,719,1623236822021,-1,-1,-1
30,719,1623236823029,-1,-1,-1
31,735,1623236824027,-1,-1,-1
32,679,1623236824027,-1,-1,-1
33,751,1623236825025,-1,-1,-1
34,655,1623236826028,-1,-1,-1
35,703,1623236827023,-1,-1,-1
36,671,1623236827023,-1,-1,-1
37,719,1623236828148,-1,-1,-1
38,663,1623236829027,-1,-1,-1
39,759,1623236829027,-1,-1,-1
40,559,1623236830021,-1,-1,-1
41,927,1623236831027,-1,-1,-1
42,671,1623236833058,-1,-1,-1
43,807,1623236834028,-1,-1,-1
44,671,1623236834028,-1,-1,-1
45,751,1623236835026,-1,-1,-1
46,639,1623236836026,-1,-1,-1
47,703,1623236837108,-1,-1,-1
48,663,1623236837108,-1,-1,-1
49,599,1623236838026,-1,-1,-1
50,639,1623236838026,-1,-1,-1
51,551,1623236839023,-1,-1,-1
52,567,1623236841030,-1,-1,-1
53,567,1623236844020,-1,-1,-1
54,599,1623236844020,-1,-1,-1
55,575,1623236845019,-1,-1,-1
56,567,1623236846098,-1,-1,-1
57,551,1623236846098,-1,-1,-1
58,575,1623236847023,-1,-1,-1
59,615,1623236847023,-1,-1,-1
60,631,1623236848058,-1,-1,-1
61,631,1623236849063,-1,-1,-1
62,663,1623236849063,-1,-1,-1
63,711,1623236850022,-1,-1,-1
64,727,1623236851018,-1,-1,-1
65,703,1623236853017,-1,-1,-1
66,703,1623236854063,-1,-1,-1
67,439,1623236861026,-1,-1,-1
68,783,1623236868028,-1,-1,-1
69,559,1623236871067,-1,-1,-1
70,607,1623236872026,-1,-1,-1
71,639,1623236873029,-1,-1,-1
72,559,1623236873029,-1,-1,-1
73,639,1623236874025,-1,-1,-1
74,663,1623236875106,-1,-1,-1
75,615,1623236875106,-1,-1,-1
76,655,1623236876025,-1,-1,-1
77,519,1623236876025,-1,-1,-1
78,575,1623236877026,-1,-1,-1
79,615,1623236878066,-1,-1,-1
80,543,1623236879026,-1,-1,-1
81,703,1623236881066,-1,-1,-1
82,647,1623236886059,-1,-1,-1
83,655,1623236886060,-1,-1,-1
84,615,1623236887022,-1,-1,-1
85,767,1623236905026,-1,-1,-1
86,703,1623236906026,-1,-1,-1
87,647,1623236908067,-1,-1,-1
88,615,1623236909026,-1,-1,-1
89,655,1623236910064,-1,-1,-1
90,695,1623236910064,-1,-1,-1
91,727,1623236911025,-1,-1,-1
92,487,1623236914028,-1,-1,-1
93,615,1623236915186,-1,-1,-1
94,687,1623236916067,-1,-1,-1
95,687,1623236920067,-1,-1,-1
96,647,1623236921025,-1,-1,-1
97,639,1623236921025,-1,-1,-1
98,551,1623236922026,-1,-1,-1
99,639,1623236922026,-1,-1,-1
100,695,1623236926026,-1,-1,-1
101,735,1623236926026,-1,-1,-1
102,551,1623236927025,-1,-1,-1
103,815,1623236928027,-1,-1,-1
104,743,1623236928027,-1,-1,-1
105,679,1623236929026,-1,-1,-1
106,719,1623236930022,-1,-1,-1
107,799,1623236932105,-1,-1,-1
108,815,1623236933106,-1,-1,-1
109,791,1623236934025,-1,-1,-1
110,719,1623236934025,-1,-1,-1
111,839,1623236935025,-1,-1,-1
112,655,1623236936104,-1,-1,-1
113,911,1623236937026,-1,-1,-1
114,887,1623236942065,-1,-1,-1
115,727,1623236944026,-1,-1,-1
116,815,1623236945026,-1,-1,-1
117,783,1623236946026,-1,-1,-1
118,751,1623236946026,-1,-1,-1
119,687,1623236949025,-1,-1,-1
120,727,1623236950023,-1,-1,-1
121,551,1623236950023,-1,-1,-1
122,911,1623236951023,-1,-1,-1
123,727,1623236952027,-1,-1,-1
124,695,1623236955019,-1,-1,-1
125,631,1623236960106,-1,-1,-1
126,631,1623236962025,-1,-1,-1
127,695,1623236965104,-1,-1,-1
128,711,1623236965104,-1,-1,-1
129,663,1623236966020,-1,-1,-1
130,711,1623236967027,-1,-1,-1
131,631,1623236967027,-1,-1,-1
132,711,1623236968024,-1,-1,-1
133,559,1623236969025,-1,-1,-1
134,823,1623236971059,-1,-1,-1
135,647,1623236971059,-1,-1,-1
136,1007,1623236982104,-1,-1,-1
137,783,1623236985027,-1,-1,-1
138,703,1623236986024,-1,-1,-1
139,623,1623236987023,-1,-1,-1
140,783,1623236987023,-1,-1,-1
141,799,1623236988064,-1,-1,-1
142,535,1623236990024,-1,-1,-1
143,519,1623236994021,-1,-1,-1
144,831,1623236996024,-1,-1,-1
145,807,1623236997103,-1,-1,-1
146,767,1623236998024,-1,-1,-1
147,719,1623236998024,-1,-1,-1
148,751,1623236999022,-1,-1,-1
149,647,1623237000026,-1,-1,-1
150,575,1623237000026,-1,-1,-1
151,863,1623237001023,-1,-1,-1
152,711,1623237003060,-1,-1,-1
153,687,1623237004020,-1,-1,-1
154,631,1623237005025,-1,-1,-1
155,943,1623237008022,-1,-1,-1
156,759,1623237011022,-1,-1,-1
157,695,1623237012025,-1,-1,-1
158,647,1623237013023,-1,-1,-1
159,759,1623237014066,-1,-1,-1
160,887,1623237014066,-1,-1,-1
161,775,1623237017024,-1,-1,-1
162,791,1623237023027,-1,-1,-1
163,775,1623237024022,-1,-1,-1
164,831,1623237025024,-1,-1,-1
165,567,1623237025024,-1,-1,-1
166,927,1623237026023,-1,-1,-1
167,671,1623237029102,-1,-1,-1
168,743,1623237033024,-1,-1,-1
169,695,1623237035024,-1,-1,-1
170,751,1623237036019,-1,-1,-1
171,831,1623237039017,-1,-1,-1
172,735,1623237040025,-1,-1,-1
173,751,1623237041023,-1,-1,-1
174,767,1623237041023,-1,-1,-1
175,647,1623237042019,-1,-1,-1
176,847,1623237043018,-1,-1,-1
177,799,1623237044017,-1,-1,-1
178,759,1623237044017,-1,-1,-1
179,623,1623237045018,-1,-1,-1
180,799,1623237046030,-1,-1,-1
181,783,1623237047017,-1,-1,-1
182,767,1623237047017,-1,-1,-1
183,767,1623237048021,-1,-1,-1
184,695,1623237049023,-1,-1,-1
185,647,1623237049023,-1,-1,-1
186,751,1623237050021,-1,-1,-1
187,719,1623237051020,-1,-1,-1
188,727,1623237052139,-1,-1,-1
189,711,1623237052139,-1,-1,-1
190,751,1623237053019,-1,-1,-1
191,751,1623237054018,-1,-1,-1
192,759,1623237055017,-1,-1,-1
193,655,1623237055017,-1,-1,-1
194,839,1623237056058,-1,-1,-1
195,759,1623237057020,-1,-1,-1
196,727,1623237058058,-1,-1,-1
197,751,1623237058058,-1,-1,-1
198,735,1623237059021,-1,-1,-1
199,719,1623237060017,-1,-1,-1
200,751,1623237061106,-1,-1,-1
201,743,1623237061106,-1,-1,-1
202,743,1623237062019,-1,-1,-1
203,759,1623237063057,-1,-1,-1
204,671,1623237064017,-1,-1,-1
205,791,1623237064017,-1,-1,-1
206,655,1623237065017,-1,-1,-1
207,767,1623237066017,-1,-1,-1
208,743,1623237066017,-1,-1,-1
209,727,1623237067017,-1,-1,-1
210,799,1623237068143,-1,-1,-1
211,735,1623237069017,-1,-1,-1
212,775,1623237070058,-1,-1,-1
213,807,1623237070058,-1,-1,-1
214,807,1623237071017,-1,-1,-1
215,815,1623237072017,-1,-1,-1
216,767,1623237073018,-1,-1,-1
217,815,1623237074020,-1,-1,-1
218,751,1623237074020,-1,-1,-1
219,799,1623237075016,-1,-1,-1
220,791,1623237076018,-1,-1,-1
221,783,1623237077018,-1,-1,-1
222,815,1623237077018,-1,-1,-1
223,743,1623237078017,-1,-1,-1
224,767,1623237079016,-1,-1,-1
225,751,1623237080056,-1,-1,-1
226,735,1623237080056,-1,-1,-1
227,767,1623237081019,-1,-1,-1
228,767,1623237082019,-1,-1,-1
229,767,1623237083017,-1,-1,-1
230,759,1623237084142,-1,-1,-1
231,767,1623237084142,-1,-1,-1
232,775,1623237085018,-1,-1,-1
233,783,1623237086020,-1,-1,-1
234,815,1623237087018,-1,-1,-1
235,807,1623237087018,-1,-1,-1
236,799,1623237088060,-1,-1,-1
237,807,1623237089020,-1,-1,-1
238,799,1623237090018,-1,-1,-1
239,775,1623237091017,-1,-1,-1
240,807,1623237091017,-1,-1,-1
241,751,1623237092023,-1,-1,-1
242,799,1623237093100,-1,-1,-1
243,767,1623237094021,-1,-1,-1
244,751,1623237095017,-1,-1,-1
245,791,1623237095017,-1,-1,-1
246,735,1623237096060,-1,-1,-1
247,775,1623237097017,-1,-1,-1
248,751,1623237098026,-1,-1,-1
249,791,1623237098026,-1,-1,-1
250,759,1623237099018,-1,-1,-1
251,783,1623237100056,-1,-1,-1
252,783,1623237101023,-1,-1,-1
253,767,1623237102061,-1,-1,-1
254,767,1623237102061,-1,-1,-1
255,767,1623237103016,-1,-1,-1
256,743,1623237104017,-1,-1,-1
257,751,1623237105018,-1,-1,-1
258,751,1623237105018,-1,-1,-1
259,743,1623237106016,-1,-1,-1
260,751,1623237107017,-1,-1,-1
261,759,1623237108016,-1,-1,-1
262,767,1623237108016,-1,-1,-1
263,751,1623237109018,-1,-1,-1
264,767,1623237110021,-1,-1,-1
265,759,1623237111066,-1,-1,-1
266,735,1623237111066,-1,-1,-1
267,743,1623237112018,-1,-1,-1
268,719,1623237113057,-1,-1,-1
269,727,1623237114017,-1,-1,-1
270,743,1623237114017,-1,-1,-1
271,727,1623237115021,-1,-1,-1
272,767,1623237116137,-1,-1,-1
273,759,1623237117024,-1,-1,-1
274,751,1623237117024,-1,-1,-1
275,759,1623237118098,-1,-1,-1
276,759,1623237119018,-1,-1,-1
277,759,1623237120023,-1,-1,-1
278,791,1623237120024,-1,-1,-1
279,767,1623237121028,-1,-1,-1
280,727,1623237122023,-1,-1,-1
281,759,1623237123021,-1,-1,-1
282,767,1623237123021,-1,-1,-1
283,719,1623237124017,-1,-1,-1
284,695,1623237125096,-1,-1,-1
285,791,1623237126016,-1,-1,-1
286,751,1623237126016,-1,-1,-1
287,759,1623237127056,-1,-1,-1
288,783,1623237128020,-1,-1,-1
289,791,1623237129058,-1,-1,-1
290,759,1623237129058,-1,-1,-1
291,807,1623237130016,-1,-1,-1
292,751,1623237131017,-1,-1,-1
293,751,1623237132021,-1,-1,-1
294,751,1623237132021,-1,-1,-1
295,767,1623237133020,-1,-1,-1
296,759,1623237134058,-1,-1,-1
297,839,1623237135016,-1,-1,-1
298,759,1623237136017,-1,-1,-1
299,791,1623237136017,-1,-1,-1
300,759,1623237137018,-1,-1,-1
301,791,1623237138016,-1,-1,-1
302,783,1623237139183,-1,-1,-1
303,767,1623237140022,-1,-1,-1
304,783,1623237140022,-1,-1,-1
305,759,1623237141028,-1,-1,-1
306,759,1623237142018,-1,-1,-1
307,759,1623237143016,-1,-1,-1
308,759,1623237143016,-1,-1,-1
309,751,1623237144020,-1,-1,-1
310,743,1623237145057,-1,-1,-1
311,775,1623237146063,-1,-1,-1
312,807,1623237146063,-1,-1,-1
313,759,1623237147018,-1,-1,-1
314,703,1623237148137,-1,-1,-1
315,727,1623237150017,-1,-1,-1
316,855,1623237151023,-1,-1,-1
317,799,1623237153023,-1,-1,-1
318,791,1623237154023,-1,-1,-1
319,871,1623237155022,-1,-1,-1
320,607,1623237155022,-1,-1,-1
321,791,1623237156023,-1,-1,-1
322,735,1623237159024,-1,-1,-1
323,791,1623237165023,-1,-1,-1
324,719,1623237166062,-1,-1,-1
325,743,1623237166062,-1,-1,-1
326,727,1623237167021,-1,-1,-1
327,735,1623237168020,-1,-1,-1
328,751,1623237169022,-1,-1,-1
329,735,1623237169022,-1,-1,-1
330,735,1623237170061,-1,-1,-1
331,535,1623237171021,-1,-1,-1
332,607,1623237172020,-1,-1,-1
333,743,1623237173106,-1,-1,-1
334,735,1623237174023,-1,-1,-1
335,791,1623237175019,-1,-1,-1
336,767,1623237175019,-1,-1,-1
337,759,1623237176016,-1,-1,-1
338,703,1623237177033,-1,-1,-1
339,767,1623237178028,-1,-1,-1
340,703,1623237178029,-1,-1,-1
341,831,1623237179073,-1,-1,-1
342,695,1623237180060,-1,-1,-1
343,719,1623237181033,-1,-1,-1
344,719,1623237181033,-1,-1,-1
345,727,1623237182036,-1,-1,-1
346,719,1623237183028,-1,-1,-1
347,735,1623237183028,-1,-1,-1
348,727,1623237184026,-1,-1,-1
349,719,1623237185032,-1,-1,-1
350,727,1623237186021,-1,-1,-1
351,695,1623237186021,-1,-1,-1
352,719,1623237187034,-1,-1,-1
353,711,1623237188030,-1,-1,-1
354,719,1623237189033,-1,-1,-1
355,687,1623237189033,-1,-1,-1
356,719,1623237190031,-1,-1,-1
357,695,1623237191030,-1,-1,-1
358,695,1623237191030,-1,-1,-1
359,711,1623237192029,-1,-1,-1
360,703,1623237193031,-1,-1,-1
361,679,1623237193031,-1,-1,-1
362,735,1623237194033,-1,-1,-1
363,695,1623237195067,-1,-1,-1
364,687,1623237196017,-1,-1,-1
365,735,1623237196017,-1,-1,-1
366,719,1623237197031,-1,-1,-1
367,711,1623237198028,-1,-1,-1
368,743,1623237198028,-1,-1,-1
369,703,1623237199045,-1,-1,-1
370,695,1623237200024,-1,-1,-1
371,719,1623237201030,-1,-1,-1
372,719,1623237201030,-1,-1,-1
373,703,1623237202033,-1,-1,-1
374,671,1623237203031,-1,-1,-1
375,759,1623237203031,-1,-1,-1
376,719,1623237204018,-1,-1,-1
377,743,1623237205020,-1,-1,-1
378,759,1623237206018,-1,-1,-1
379,767,1623237206018,-1,-1,-1
380,743,1623237207033,-1,-1,-1
381,759,1623237208017,-1,-1,-1
382,743,1623237209033,-1,-1,-1
383,743,1623237209033,-1,-1,-1
384,743,1623237210019,-1,-1,-1
385,727,1623237211028,-1,-1,-1
386,751,1623237212066,-1,-1,-1
387,591,1623237212066,-1,-1,-1
388,703,1623237213030,-1,-1,-1
389,879,1623237214029,-1,-1,-1
390,711,1623237215057,-1,-1,-1
391,743,1623237215057,-1,-1,-1
392,767,1623237216033,-1,-1,-1
393,767,1623237217032,-1,-1,-1
394,783,1623237218029,-1,-1,-1
395,783,1623237218029,-1,-1,-1
396,751,1623237219039,-1,-1,-1
397,751,1623237220017,-1,-1,-1
398,751,1623237221030,-1,-1,-1
399,727,1623237221030,-1,-1,-1
400,735,1623237222033,-1,-1,-1
401,719,1623237223031,-1,-1,-1
402,727,1623237224032,-1,-1,-1
403,735,1623237224032,-1,-1,-1
404,727,1623237225018,-1,-1,-1
405,775,1623237226029,-1,-1,-1
406,743,1623237227033,-1,-1,-1
407,663,1623237227033,-1,-1,-1
408,759,1623237228072,-1,-1,-1
409,719,1623237229031,-1,-1,-1
410,727,1623237229031,-1,-1,-1
411,791,1623237230018,-1,-1,-1
412,711,1623237231029,-1,-1,-1
413,743,1623237232034,-1,-1,-1
414,735,1623237234029,-1,-1,-1
415,751,1623237235035,-1,-1,-1
416,719,1623237237031,-1,-1,-1
417,735,1623237237031,-1,-1,-1
418,727,1623237238033,-1,-1,-1
419,727,1623237239030,-1,-1,-1
420,719,1623237240032,-1,-1,-1
421,727,1623237240032,-1,-1,-1
422,735,1623237241033,-1,-1,-1
423,727,1623237242031,-1,-1,-1
424,799,1623237243015,-1,-1,-1
425,703,1623237248039,-1,-1,-1
426,671,1623237250034,-1,-1,-1
427,703,1623237253029,-1,-1,-1
428,703,1623237253029,-1,-1,-1
429,543,1623237254030,-1,-1,-1
430,839,1623237255023,-1,-1,-1
431,711,1623237256028,-1,-1,-1
432,607,1623237256029,-1,-1,-1
433,703,1623237257018,-1,-1,-1
434,735,1623237260017,-1,-1,-1
435,823,1623237261057,-1,-1,-1
436,687,1623237265034,-1,-1,-1
437,711,1623237266021,-1,-1,-1
438,695,1623237266021,-1,-1,-1
439,711,1623237267022,-1,-1,-1
440,711,1623237268018,-1,-1,-1
441,711,1623237271019,-1,-1,-1
442,767,1623237271020,-1,-1,-1
443,719,1623237272016,-1,-1,-1
444,727,1623237273016,-1,-1,-1
445,711,1623237274016,-1,-1,-1
446,711,1623237274016,-1,-1,-1
447,687,1623237275016,-1,-1,-1
448,711,1623237276058,-1,-1,-1
449,703,1623237276059,-1,-1,-1
450,703,1623237277068,-1,-1,-1
451,703,1623237278019,-1,-1,-1
452,687,1623237278019,-1,-1,-1
453,719,1623237279016,-1,-1,-1
454,711,1623237280020,-1,-1,-1
455,767,1623237280978,-1,-1,-1
456,735,1623237283975,-1,-1,-1
457,751,1623237283975,-1,-1,-1
458,767,1623237285022,-1,-1,-1
459,703,1623237285993,-1,-1,-1
460,727,1623237285993,-1,-1,-1
461,735,1623237286977,-1,-1,-1
462,679,1623237287990,-1,-1,-1
463,759,1623237288975,-1,-1,-1
464,703,1623237288975,-1,-1,-1
465,679,1623237289988,-1,-1,-1
466,735,1623237290993,-1,-1,-1
467,711,1623237290993,-1,-1,-1
468,719,1623237291990,-1,-1,-1
469,719,1623237292994,-1,-1,-1
470,719,1623237293989,-1,-1,-1
471,727,1623237293989,-1,-1,-1
472,663,1623237296021,-1,-1,-1
473,823,1623237297016,-1,-1,-1
474,711,1623237297988,-1,-1,-1
475,703,1623237298989,-1,-1,-1
476,743,1623237298989,-1,-1,-1
477,687,1623237299991,-1,-1,-1
478,639,1623237300996,-1,-1,-1
479,743,1623237300996,-1,-1,-1
480,727,1623237301988,-1,-1,-1
481,551,1623237303033,-1,-1,-1
482,807,1623237303976,-1,-1,-1
483,703,1623237303976,-1,-1,-1
484,687,1623237304976,-1,-1,-1
485,695,1623237305976,-1,-1,-1
486,671,1623237305976,-1,-1,-1
487,735,1623237306976,-1,-1,-1
488,687,1623237307977,-1,-1,-1
489,743,1623237308977,-1,-1,-1
490,759,1623237308977,-1,-1,-1
491,719,1623237309976,-1,-1,-1
492,751,1623237310976,-1,-1,-1
493,767,1623237311976,-1,-1,-1
494,759,1623237311976,-1,-1,-1
495,751,1623237313015,-1,-1,-1
496,759,1623237313978,-1,-1,-1
497,735,1623237314977,-1,-1,-1
498,743,1623237314977,-1,-1,-1
499,727,1623237315977,-1,-1,-1
500,735,1623237317015,-1,-1,-1
501,735,1623237317015,-1,-1,-1
502,743,1623237317987,-1,-1,-1
503,735,1623237318986,-1,-1,-1
504,743,1623237319982,-1,-1,-1
505,751,1623237319982,-1,-1,-1
506,759,1623237320993,-1,-1,-1
507,751,1623237321990,-1,-1,-1
508,751,1623237322991,-1,-1,-1
509,751,1623237322991,-1,-1,-1
510,743,1623237323990,-1,-1,-1
511,743,1623237324980,-1,-1,-1
512,727,1623237325982,-1,-1,-1
513,727,1623237325982,-1,-1,-1
514,727,1623237326991,-1,-1,-1
515,735,1623237327992,-1,-1,-1
516,735,1623237329030,-1,-1,-1
517,735,1623237329030,-1,-1,-1
518,735,1623237329989,-1,-1,-1
519,751,1623237330976,-1,-1,-1
520,775,1623237331990,-1,-1,-1
521,735,1623237331990,-1,-1,-1
522,743,1623237333031,-1,-1,-1
523,727,1623237333989,-1,-1,-1
524,735,1623237334990,-1,-1,-1
525,743,1623237334990,-1,-1,-1
526,735,1623237335976,-1,-1,-1
527,727,1623237336989,-1,-1,-1
528,735,1623237336989,-1,-1,-1
529,719,1623237337981,-1,-1,-1
530,743,1623237338977,-1,-1,-1
531,719,1623237339989,-1,-1,-1
532,735,1623237339989,-1,-1,-1
533,751,1623237340982,-1,-1,-1
534,743,1623237341992,-1,-1,-1
535,759,1623237342989,-1,-1,-1
536,511,1623237342989,-1,-1,-1
537,799,1623237346018,-1,-1,-1
538,743,1623237346990,-1,-1,-1
539,775,1623237346991,-1,-1,-1
540,735,1623237347989,-1,-1,-1
541,807,1623237349990,-1,-1,-1
542,759,1623237350977,-1,-1,-1
543,647,1623237351989,-1,-1,-1
544,719,1623237351990,-1,-1,-1
545,719,1623237352991,-1,-1,-1
546,727,1623237353990,-1,-1,-1
547,711,1623237354989,-1,-1,-1
548,599,1623237354989,-1,-1,-1
549,799,1623237355979,-1,-1,-1
550,703,1623237356990,-1,-1,-1
551,711,1623237356990,-1,-1,-1
552,703,1623237357990,-1,-1,-1
553,687,1623237358990,-1,-1,-1
554,703,1623237359988,-1,-1,-1
555,703,1623237359989,-1,-1,-1
556,711,1623237360993,-1,-1,-1
557,719,1623237362028,-1,-1,-1
558,719,1623237362028,-1,-1,-1
559,735,1623237362989,-1,-1,-1
560,719,1623237363990,-1,-1,-1
561,759,1623237364981,-1,-1,-1
562,791,1623237364981,-1,-1,-1
563,783,1623237365988,-1,-1,-1
564,735,1623237366988,-1,-1,-1
565,743,1623237367983,-1,-1,-1
566,679,1623237367983,-1,-1,-1
567,719,1623237368990,-1,-1,-1
568,711,1623237369989,-1,-1,-1
569,687,1623237369989,-1,-1,-1
570,711,1623237370990,-1,-1,-1
571,695,1623237371989,-1,-1,-1
572,687,1623237372983,-1,-1,-1
573,695,1623237372983,-1,-1,-1
574,727,1623237373989,-1,-1,-1
575,711,1623237374989,-1,-1,-1
576,711,1623237374989,-1,-1,-1
577,719,1623237375979,-1,-1,-1
578,727,1623237376977,-1,-1,-1
579,703,1623237377976,-1,-1,-1
580,735,1623237377976,-1,-1,-1
581,743,1623237379016,-1,-1,-1
582,735,1623237379977,-1,-1,-1
583,711,1623237379977,-1,-1,-1
584,727,1623237381020,-1,-1,-1
585,727,1623237381976,-1,-1,-1
586,743,1623237382975,-1,-1,-1
587,711,1623237382975,-1,-1,-1
588,711,1623237383981,-1,-1,-1
589,735,1623237384976,-1,-1,-1
590,767,1623237385976,-1,-1,-1
591,695,1623237385976,-1,-1,-1
592,735,1623237386979,-1,-1,-1
593,679,1623237388000,-1,-1,-1
594,767,1623237388000,-1,-1,-1
595,727,1623237388977,-1,-1,-1
596,719,1623237389976,-1,-1,-1
597,735,1623237390982,-1,-1,-1
598,735,1623237390982,-1,-1,-1
599,751,1623237391977,-1,-1,-1
600,743,1623237392980,-1,-1,-1
601,751,1623237393975,-1,-1,-1
602,759,1623237393975,-1,-1,-1
603,727,1623237395018,-1,-1,-1
604,727,1623237395983,-1,-1,-1
605,759,1623237396980,-1,-1,-1
606,719,1623237396980,-1,-1,-1
607,751,1623237405989,-1,-1,-1
608,711,1623237405989,-1,-1,-1
609,759,1623237406986,-1,-1,-1
610,791,1623237407983,-1,-1,-1
611,743,1623237408981,-1,-1,-1
612,735,1623237408981,-1,-1,-1
613,759,1623237409989,-1,-1,-1
614,743,1623237410982,-1,-1,-1
615,719,1623237412022,-1,-1,-1
616,703,1623237412022,-1,-1,-1
617,727,1623237413096,-1,-1,-1
618,711,1623237414018,-1,-1,-1
619,695,1623237414018,-1,-1,-1
620,711,1623237414988,-1,-1,-1
621,727,1623237415982,-1,-1,-1
622,743,1623237416987,-1,-1,-1
623,679,1623237416987,-1,-1,-1
624,783,1623237417984,-1,-1,-1
625,759,1623237418980,-1,-1,-1
626,775,1623237419986,-1,-1,-1
627,767,1623237419986,-1,-1,-1
628,775,1623237420988,-1,-1,-1
629,759,1623237422061,-1,-1,-1
630,759,1623237422985,-1,-1,-1
631,735,1623237422985,-1,-1,-1
632,711,1623237423985,-1,-1,-1
633,727,1623237424988,-1,-1,-1
634,759,1623237425984,-1,-1,-1
635,663,1623237425984,-1,-1,-1
636,751,1623237426984,-1,-1,-1
637,735,1623237428018,-1,-1,-1
638,735,1623237428018,-1,-1,-1
639,735,1623237428987,-1,-1,-1
640,735,1623237429982,-1,-1,-1
641,735,1623237431017,-1,-1,-1
642,743,1623237431017,-1,-1,-1
643,743,1623237431985,-1,-1,-1
644,735,1623237432981,-1,-1,-1
645,743,1623237433982,-1,-1,-1
646,735,1623237433982,-1,-1,-1
647,735,1623237434988,-1,-1,-1
648,719,1623237435985,-1,-1,-1
649,703,1623237436988,-1,-1,-1
650,711,1623237436988,-1,-1,-1
651,735,1623237437986,-1,-1,-1
652,711,1623237438985,-1,-1,-1
653,727,1623237438985,-1,-1,-1
654,751,1623237439984,-1,-1,-1
655,735,1623237441984,-1,-1,-1
656,759,1623237442983,-1,-1,-1
657,719,1623237443984,-1,-1,-1
658,711,1623237445101,-1,-1,-1
659,727,1623237445101,-1,-1,-1
660,703,1623237445983,-1,-1,-1
661,719,1623237446989,-1,-1,-1
662,727,1623237446989,-1,-1,-1
663,735,1623237447988,-1,-1,-1
664,751,1623237448984,-1,-1,-1
665,751,1623237449981,-1,-1,-1
666,751,1623237449982,-1,-1,-1
667,751,1623237450986,-1,-1,-1
668,759,1623237451986,-1,-1,-1
669,727,1623237452984,-1,-1,-1
670,743,1623237452984,-1,-1,-1
671,727,1623237454060,-1,-1,-1
672,743,1623237454989,-1,-1,-1
673,743,1623237455992,-1,-1,-1
674,743,1623237455992,-1,-1,-1
675,879,1623237456984,-1,-1,-1
676,591,1623237457988,-1,-1,-1
677,727,1623237458985,-1,-1,-1
678,735,1623237458985,-1,-1,-1
679,743,1623237459978,-1,-1,-1
680,719,1623237461035,-1,-1,-1
681,743,1623237461983,-1,-1,-1
682,751,1623237461983,-1,-1,-1
683,767,1623237463021,-1,-1,-1
684,751,1623237463988,-1,-1,-1
685,735,1623237465018,-1,-1,-1
686,791,1623237465018,-1,-1,-1
687,687,1623237465984,-1,-1,-1
688,719,1623237466980,-1,-1,-1
689,663,1623237466980,-1,-1,-1
690,727,1623237468140,-1,-1,-1
691,703,1623237468986,-1,-1,-1
692,695,1623237470058,-1,-1,-1
693,695,1623237470058,-1,-1,-1
694,679,1623237470988,-1,-1,-1
695,671,1623237471985,-1,-1,-1
696,671,1623237471985,-1,-1,-1
697,687,1623237472981,-1,-1,-1
698,743,1623237473983,-1,-1,-1
699,727,1623237473983,-1,-1,-1
700,751,1623237474984,-1,-1,-1
701,703,1623237481985,-1,-1,-1
702,711,1623237482992,-1,-1,-1
703,727,1623237483983,-1,-1,-1
704,631,1623237483983,-1,-1,-1
705,767,1623237484988,-1,-1,-1
706,711,1623237486058,-1,-1,-1
707,687,1623237486986,-1,-1,-1
708,719,1623237486986,-1,-1,-1
709,695,1623237487986,-1,-1,-1
710,679,1623237488989,-1,-1,-1
711,679,1623237488989,-1,-1,-1
712,679,1623237489986,-1,-1,-1
713,679,1623237490985,-1,-1,-1
714,679,1623237490985,-1,-1,-1
715,679,1623237491985,-1,-1,-1
716,679,1623237492981,-1,-1,-1
717,687,1623237492981,-1,-1,-1
718,695,1623237494022,-1,-1,-1
719,687,1623237495028,-1,-1,-1
720,703,1623237495980,-1,-1,-1
721,719,1623237499980,-1,-1,-1
722,703,1623237500981,-1,-1,-1
723,679,1623237500981,-1,-1,-1
724,743,1623237501981,-1,-1,-1
725,719,1623237502981,-1,-1,-1
726,695,1623237502981,-1,-1,-1
727,719,1623237503986,-1,-1,-1
728,687,1623237504986,-1,-1,-1
729,735,1623237504986,-1,-1,-1
730,735,1623237506017,-1,-1,-1
731,735,1623237506990,-1,-1,-1
732,727,1623237507980,-1,-1,-1
733,735,1623237507980,-1,-1,-1
734,759,1623237509016,-1,-1,-1
735,751,1623237509981,-1,-1,-1
736,759,1623237510981,-1,-1,-1
737,751,1623237510981,-1,-1,-1
738,751,1623237511979,-1,-1,-1
739,719,1623237512983,-1,-1,-1
740,727,1623237513981,-1,-1,-1
741,727,1623237513981,-1,-1,-1
742,695,1623237514981,-1,-1,-1
743,695,1623237515982,-1,-1,-1
744,695,1623237515982,-1,-1,-1
745,703,1623237516985,-1,-1,-1
746,687,1623237518058,-1,-1,-1
747,695,1623237518981,-1,-1,-1
748,671,1623237518981,-1,-1,-1
749,751,1623237520017,-1,-1,-1
750,735,1623237520980,-1,-1,-1
751,719,1623237520980,-1,-1,-1
752,735,1623237522096,-1,-1,-1
753,743,1623237522978,-1,-1,-1
754,759,1623237523980,-1,-1,-1
755,743,1623237523980,-1,-1,-1
756,743,1623237525065,-1,-1,-1
757,719,1623237525991,-1,-1,-1
758,759,1623237527022,-1,-1,-1
759,687,1623237527022,-1,-1,-1
760,759,1623237527981,-1,-1,-1
761,711,1623237528984,-1,-1,-1
762,663,1623237528984,-1,-1,-1
763,719,1623237529988,-1,-1,-1
764,719,1623237530989,-1,-1,-1
765,711,1623237531980,-1,-1,-1
766,719,1623237531980,-1,-1,-1
767,743,1623237532986,-1,-1,-1
768,727,1623237533992,-1,-1,-1
769,735,1623237534983,-1,-1,-1
770,719,1623237534984,-1,-1,-1
771,719,1623237535981,-1,-1,-1
772,687,1623237537018,-1,-1,-1
773,767,1623237537018,-1,-1,-1
774,711,1623237537982,-1,-1,-1
775,703,1623237538983,-1,-1,-1
776,679,1623237539982,-1,-1,-1
777,695,1623237539983,-1,-1,-1
778,687,1623237541097,-1,-1,-1
779,711,1623237541982,-1,-1,-1
780,703,1623237541982,-1,-1,-1
781,727,1623237542983,-1,-1,-1
782,743,1623237543981,-1,-1,-1
783,759,1623237544982,-1,-1,-1
784,775,1623237544982,-1,-1,-1
785,807,1623237545985,-1,-1,-1
786,807,1623237546982,-1,-1,-1
787,799,1623237547986,-1,-1,-1
788,783,1623237548985,-1,-1,-1
789,775,1623237548985,-1,-1,-1
790,759,1623237550060,-1,-1,-1
791,751,1623237550980,-1,-1,-1
792,727,1623237552015,-1,-1,-1
793,719,1623237552015,-1,-1,-1
794,719,1623237552982,-1,-1,-1
795,719,1623237553981,-1,-1,-1
796,719,1623237553981,-1,-1,-1
797,703,1623237554980,-1,-1,-1
798,727,1623237555979,-1,-1,-1
799,719,1623237556996,-1,-1,-1
800,711,1623237556996,-1,-1,-1
801,735,1623237557983,-1,-1,-1
802,695,1623237559015,-1,-1,-1
803,727,1623237559015,-1,-1,-1
804,735,1623237560016,-1,-1,-1
805,711,1623237560985,-1,-1,-1
806,727,1623237561979,-1,-1,-1
807,711,1623237561979,-1,-1,-1
808,695,1623237562980,-1,-1,-1
809,711,1623237564135,-1,-1,-1
810,703,1623237564135,-1,-1,-1
811,711,1623237564984,-1,-1,-1
812,711,1623237565982,-1,-1,-1
813,735,1623237566979,-1,-1,-1
814,735,1623237566979,-1,-1,-1
815,735,1623237567981,-1,-1,-1
816,759,1623237568984,-1,-1,-1
817,751,1623237569985,-1,-1,-1
818,735,1623237569985,-1,-1,-1
819,735,1623237570981,-1,-1,-1
820,703,1623237571980,-1,-1,-1
821,727,1623237573017,-1,-1,-1
822,711,1623237573017,-1,-1,-1
823,695,1623237574004,-1,-1,-1
824,735,1623237574987,-1,-1,-1
825,759,1623237574987,-1,-1,-1
826,767,1623237576018,-1,-1,-1
827,767,1623237576979,-1,-1,-1
828,767,1623237577991,-1,-1,-1
829,591,1623237577992,-1,-1,-1
830,935,1623237578989,-1,-1,-1
831,767,1623237579985,-1,-1,-1
832,719,1623237580981,-1,-1,-1
833,727,1623237580981,-1,-1,-1
834,751,1623237581988,-1,-1,-1
835,711,1623237582976,-1,-1,-1
836,791,1623237584016,-1,-1,-1
837,695,1623237584016,-1,-1,-1
838,695,1623237584984,-1,-1,-1
839,759,1623237585979,-1,-1,-1
840,815,1623237586996,-1,-1,-1
841,735,1623237586996,-1,-1,-1
842,767,1623237587982,-1,-1,-1
843,759,1623237588987,-1,-1,-1
844,743,1623237589984,-1,-1,-1
845,743,1623237589984,-1,-1,-1
846,735,1623237590980,-1,-1,-1
847,727,1623237591990,-1,-1,-1
848,711,1623237593025,-1,-1,-1
849,711,1623237593025,-1,-1,-1
850,719,1623237593978,-1,-1,-1
851,719,1623237594987,-1,-1,-1
852,727,1623237594987,-1,-1,-1
853,727,1623237595980,-1,-1,-1
854,719,1623237596976,-1,-1,-1
855,735,1623237597985,-1,-1,-1
856,727,1623237597986,-1,-1,-1
857,711,1623237598982,-1,-1,-1
858,695,1623237599979,-1,-1,-1
859,711,1623237600983,-1,-1,-1
860,695,1623237600983,-1,-1,-1
861,695,1623237601986,-1,-1,-1
862,695,1623237602986,-1,-1,-1
863,695,1623237602986,-1,-1,-1
864,687,1623237603980,-1,-1,-1
865,695,1623237605017,-1,-1,-1
866,703,1623237605017,-1,-1,-1
867,679,1623237606021,-1,-1,-1
868,703,1623237606978,-1,-1,-1
869,727,1623237607979,-1,-1,-1
870,695,1623237607979,-1,-1,-1
871,719,1623237609017,-1,-1,-1
872,727,1623237610016,-1,-1,-1
873,751,1623237610016,-1,-1,-1
874,751,1623237610977,-1,-1,-1
875,751,1623237611980,-1,-1,-1
876,727,1623237612980,-1,-1,-1
877,735,1623237612980,-1,-1,-1
878,727,1623237614059,-1,-1,-1
879,679,1623237614977,-1,-1,-1
880,743,1623237615980,-1,-1,-1
881,719,1623237615980,-1,-1,-1
882,687,1623237616976,-1,-1,-1
883,695,1623237617977,-1,-1,-1
884,727,1623237617977,-1,-1,-1
885,711,1623237618976,-1,-1,-1
886,719,1623237619980,-1,-1,-1
887,767,1623237620979,-1,-1,-1
888,687,1623237620979,-1,-1,-1
889,751,1623237621977,-1,-1,-1
890,783,1623237622979,-1,-1,-1
891,743,1623237623987,-1,-1,-1
892,719,1623237623987,-1,-1,-1
893,735,1623237624975,-1,-1,-1
894,743,1623237626016,-1,-1,-1
895,735,1623237626016,-1,-1,-1
896,743,1623237627019,-1,-1,-1
897,759,1623237627977,-1,-1,-1
898,735,1623237628980,-1,-1,-1
899,759,1623237628980,-1,-1,-1
900,767,1623237629977,-1,-1,-1
901,743,1623237630988,-1,-1,-1
902,735,1623237631975,-1,-1,-1
903,759,1623237631975,-1,-1,-1
904,743,1623237632976,-1,-1,-1
905,719,1623237633976,-1,-1,-1
906,727,1623237634979,-1,-1,-1
907,711,1623237634979,-1,-1,-1
908,703,1623237636020,-1,-1,-1
909,703,1623237637095,-1,-1,-1
910,703,1623237637095,-1,-1,-1
911,719,1623237637975,-1,-1,-1
912,735,1623237638980,-1,-1,-1
913,743,1623237640058,-1,-1,-1
914,703,1623237640058,-1,-1,-1
915,799,1623237640975,-1,-1,-1
916,719,1623237642977,-1,-1,-1
917,751,1623237643977,-1,-1,-1
918,743,1623237644979,-1,-1,-1
919,743,1623237645987,-1,-1,-1
920,743,1623237645988,-1,-1,-1
921,743,1623237646980,-1,-1,-1
922,735,1623237647976,-1,-1,-1
923,735,1623237648976,-1,-1,-1
924,735,1623237648976,-1,-1,-1
925,727,1623237649976,-1,-1,-1
926,735,1623237650980,-1,-1,-1
927,743,1623237650980,-1,-1,-1
928,759,1623237651977,-1,-1,-1
929,767,1623237652978,-1,-1,-1
930,759,1623237653978,-1,-1,-1
931,759,1623237655017,-1,-1,-1
932,735,1623237655017,-1,-1,-1
933,743,1623237655976,-1,-1,-1
934,735,1623237657056,-1,-1,-1
935,719,1623237657056,-1,-1,-1
936,767,1623237657975,-1,-1,-1
937,695,1623237659058,-1,-1,-1
938,551,1623237659058,-1,-1,-1
939,903,1623237663021,-1,-1,-1
940,487,1623237663984,-1,-1,-1
941,783,1623237664976,-1,-1,-1
942,711,1623237665976,-1,-1,-1
943,831,1623237666979,-1,-1,-1
944,863,1623237667976,-1,-1,-1
945,903,1623237669018,-1,-1,-1
946,887,1623237670018,-1,-1,-1
947,855,1623237670975,-1,-1,-1
948,831,1623237670975,-1,-1,-1
949,735,1623237675018,-1,-1,-1
950,743,1623237675977,-1,-1,-1
951,775,1623237676978,-1,-1,-1
952,815,1623237676978,-1,-1,-1
953,799,1623237678057,-1,-1,-1
954,847,1623237678977,-1,-1,-1
955,823,1623237679976,-1,-1,-1
956,855,1623237680977,-1,-1,-1
957,863,1623237681983,-1,-1,-1
958,903,1623237682976,-1,-1,-1
959,815,1623237682976,-1,-1,-1
960,799,1623237683976,-1,-1,-1
961,759,1623237684975,-1,-1,-1
962,751,1623237685977,-1,-1,-1
963,743,1623237685977,-1,-1,-1
964,727,1623237686976,-1,-1,-1
965,759,1623237687978,-1,-1,-1
966,735,1623237688978,-1,-1,-1
967,767,1623237688979,-1,-1,-1
968,719,1623237689977,-1,-1,-1
969,703,1623237690976,-1,-1,-1
970,711,1623237692056,-1,-1,-1
971,679,1623237692056,-1,-1,-1
972,687,1623237693057,-1,-1,-1
973,807,1623237693977,-1,-1,-1
974,775,1623237693977,-1,-1,-1
975,727,1623237694978,-1,-1,-1
976,743,1623237695980,-1,-1,-1
977,695,1623237696980,-1,-1,-1
978,695,1623237696980,-1,-1,-1
979,679,1623237697976,-1,-1,-1
980,671,1623237698977,-1,-1,-1
981,695,1623237698977,-1,-1,-1
982,695,1623237699975,-1,-1,-1
983,695,1623237701015,-1,-1,-1
984,711,1623237701015,-1,-1,-1
985,719,1623237701975,-1,-1,-1
986,759,1623237702977,-1,-1,-1
987,743,1623237704018,-1,-1,-1
988,767,1623237704018,-1,-1,-1
989,735,1623237704979,-1,-1,-1
990,775,1623237705975,-1,-1,-1
991,719,1623237706978,-1,-1,-1
992,735,1623237706978,-1,-1,-1
993,759,1623237708018,-1,-1,-1
994,767,1623237709057,-1,-1,-1
995,735,1623237709981,-1,-1,-1
996,751,1623237709981,-1,-1,-1
997,735,1623237710981,-1,-1,-1
998,791,1623237711977,-1,-1,-1
999,751,1623237712980,-1,-1,-1
1000,767,1623237713978,-1,-1,-1
1001,775,1623237713979,-1,-1,-1
1002,735,1623237714978,-1,-1,-1
1003,735,1623237715976,-1,-1,-1
1004,775,1623237716982,-1,-1,-1
1005,727,1623237716982,-1,-1,-1
1006,759,1623237717978,-1,-1,-1
1007,759,1623237719057,-1,-1,-1
1008,735,1623237719977,-1,-1,-1
1009,743,1623237719977,-1,-1,-1
1010,759,1623237721018,-1,-1,-1
1011,759,1623237721989,-1,-1,-1
1012,743,1623237722979,-1,-1,-1
1013,767,1623237722979,-1,-1,-1
1014,735,1623237723980,-1,-1,-1
1015,759,1623237725017,-1,-1,-1
1016,767,1623237726057,-1,-1,-1
1017,735,1623237726058,-1,-1,-1
1018,751,1623237726976,-1,-1,-1
1019,775,1623237727979,-1,-1,-1
1020,759,1623237728980,-1,-1,-1
1021,743,1623237728980,-1,-1,-1
1022,751,1623237729978,-1,-1,-1
1023,767,1623237730986,-1,-1,-1
1024,727,1623237731979,-1,-1,-1
1025,727,1623237731979,-1,-1,-1
1026,751,1623237733099,-1,-1,-1
1027,751,1623237733982,-1,-1,-1
1028,671,1623237733982,-1,-1,-1
1029,735,1623237734977,-1,-1,-1
1030,647,1623237735978,-1,-1,-1
1031,687,1623237736977,-1,-1,-1
1032,711,1623237736977,-1,-1,-1
1033,687,1623237737980,-1,-1,-1
1034,719,1623237738978,-1,-1,-1
1035,711,1623237738978,-1,-1,-1
1036,743,1623237739976,-1,-1,-1
1037,775,1623237741016,-1,-1,-1
1038,743,1623237741977,-1,-1,-1
1039,759,1623237741977,-1,-1,-1
1040,727,1623237743016,-1,-1,-1
1041,695,1623237745978,-1,-1,-1
1042,623,1623237748978,-1,-1,-1
1043,655,1623237749975,-1,-1,-1
1044,631,1623237751017,-1,-1,-1
1045,639,1623237751017,-1,-1,-1
1046,687,1623237751975,-1,-1,-1
1047,703,1623237752981,-1,-1,-1
1048,735,1623237752981,-1,-1,-1
1049,783,1623237753978,-1,-1,-1
1050,791,1623237755061,-1,-1,-1
1051,535,1623237755061,-1,-1,-1
1052,791,1623237756986,-1,-1,-1
1053,743,1623237757977,-1,-1,-1
1054,727,1623237758975,-1,-1,-1
1055,695,1623237758975,-1,-1,-1
1056,711,1623237759976,-1,-1,-1
1057,719,1623237760976,-1,-1,-1
1058,727,1623237761978,-1,-1,-1
1059,807,1623237761978,-1,-1,-1
1060,687,1623237762975,-1,-1,-1
1061,791,1623237763975,-1,-1,-1
1062,783,1623237765020,-1,-1,-1
1063,791,1623237765020,-1,-1,-1
1064,791,1623237766017,-1,-1,-1
1065,775,1623237766976,-1,-1,-1
1066,759,1623237767975,-1,-1,-1
1067,767,1623237767975,-1,-1,-1
1068,727,1623237768980,-1,-1,-1
1069,719,1623237769976,-1,-1,-1
1070,751,1623237770975,-1,-1,-1
1071,743,1623237770975,-1,-1,-1
1072,719,1623237771977,-1,-1,-1
1073,727,1623237772975,-1,-1,-1
1074,727,1623237774059,-1,-1,-1
1075,727,1623237774059,-1,-1,-1
1076,735,1623237774975,-1,-1,-1
1077,743,1623237776020,-1,-1,-1
1078,655,1623237777987,-1,-1,-1
1079,687,1623237778977,-1,-1,-1
1080,655,1623237778977,-1,-1,-1
1081,663,1623237779977,-1,-1,-1
1082,671,1623237781014,-1,-1,-1
1083,695,1623237781015,-1,-1,-1
1084,743,1623237781975,-1,-1,-1
1085,799,1623237783015,-1,-1,-1
1086,823,1623237783979,-1,-1,-1
1087,831,1623237783979,-1,-1,-1
1088,831,1623237784980,-1,-1,-1
1089,823,1623237785978,-1,-1,-1
1090,815,1623237786977,-1,-1,-1
1091,775,1623237788144,-1,-1,-1
1092,775,1623237788144,-1,-1,-1
1093,767,1623237788978,-1,-1,-1
1094,767,1623237790020,-1,-1,-1
1095,799,1623237791064,-1,-1,-1
1096,799,1623237791975,-1,-1,-1
1097,815,1623237791975,-1,-1,-1
1098,799,1623237792976,-1,-1,-1
1099,743,1623237793976,-1,-1,-1
1100,735,1623237795016,-1,-1,-1
1101,735,1623237795016,-1,-1,-1
1102,759,1623237795975,-1,-1,-1
1103,703,1623237797100,-1,-1,-1
1104,767,1623237797976,-1,-1,-1
1105,743,1623237797976,-1,-1,-1
1106,703,1623237799015,-1,-1,-1
1107,711,1623237799975,-1,-1,-1
1108,727,1623237800992,-1,-1,-1
1109,743,1623237800992,-1,-1,-1
1110,775,1623237801982,-1,-1,-1
1111,799,1623237802977,-1,-1,-1
1112,863,1623237803980,-1,-1,-1
1113,855,1623237804977,-1,-1,-1
1114,863,1623237804977,-1,-1,-1
1115,791,1623237806061,-1,-1,-1
1116,823,1623237807055,-1,-1,-1
1117,759,1623237807979,-1,-1,-1
1118,735,1623237808980,-1,-1,-1
1119,743,1623237808980,-1,-1,-1
1120,743,1623237809978,-1,-1,-1
1121,775,1623237810982,-1,-1,-1
1122,799,1623237811983,-1,-1,-1
1123,799,1623237811983,-1,-1,-1
1124,815,1623237812978,-1,-1,-1
1125,823,1623237813978,-1,-1,-1
1126,807,1623237815020,-1,-1,-1
1127,815,1623237815979,-1,-1,-1
1128,799,1623237817017,-1,-1,-1
1129,783,1623237817017,-1,-1,-1
1130,759,1623237817978,-1,-1,-1
1131,767,1623237818977,-1,-1,-1
1132,751,1623237819978,-1,-1,-1
1133,735,1623237819978,-1,-1,-1
1134,783,1623237821057,-1,-1,-1
1135,775,1623237821979,-1,-1,-1
1136,799,1623237823017,-1,-1,-1
1137,775,1623237823017,-1,-1,-1
1138,759,1623237823977,-1,-1,-1
1139,759,1623237824982,-1,-1,-1
1140,751,1623237825980,-1,-1,-1
1141,775,1623237826978,-1,-1,-1
1142,775,1623237826978,-1,-1,-1
1143,783,1623237828019,-1,-1,-1
1144,775,1623237829022,-1,-1,-1
1145,759,1623237829980,-1,-1,-1
1146,775,1623237829980,-1,-1,-1
1147,759,1623237831016,-1,-1,-1
1148,759,1623237831977,-1,-1,-1
1149,767,1623237832976,-1,-1,-1
1150,783,1623237832976,-1,-1,-1
1151,783,1623237833978,-1,-1,-1
1152,823,1623237834977,-1,-1,-1
1153,767,1623237835980,-1,-1,-1
1154,799,1623237836978,-1,-1,-1
1155,871,1623237838978,-1,-1,-1
1156,735,1623237840016,-1,-1,-1
1157,783,1623237840016,-1,-1,-1
1158,711,1623237840977,-1,-1,-1
1159,703,1623237842019,-1,-1,-1
1160,719,1623237842977,-1,-1,-1
1161,719,1623237842977,-1,-1,-1
1162,743,1623237843975,-1,-1,-1
1163,711,1623237844977,-1,-1,-1
1164,727,1623237845975,-1,-1,-1
1165,719,1623237845975,-1,-1,-1
1166,727,1623237847022,-1,-1,-1
1167,727,1623237847976,-1,-1,-1
1168,743,1623237847976,-1,-1,-1
1169,759,1623237848979,-1,-1,-1
1170,775,1623237849974,-1,-1,-1
1171,783,1623237850975,-1,-1,-1
1172,759,1623237851978,-1,-1,-1
1173,751,1623237851978,-1,-1,-1
1174,751,1623237852984,-1,-1,-1
1175,703,1623237853976,-1,-1,-1
1176,663,1623237853977,-1,-1,-1
1177,655,1623237854983,-1,-1,-1
1178,687,1623237855983,-1,-1,-1
1179,647,1623237855983,-1,-1,-1
1180,655,1623237856975,-1,-1,-1
1181,655,1623237857980,-1,-1,-1
1182,671,1623237857980,-1,-1,-1
1183,711,1623237858975,-1,-1,-1
1184,759,1623237859975,-1,-1,-1
1185,791,1623237861099,-1,-1,-1
1186,815,1623237861099,-1,-1,-1
1187,615,1623237862023,-1,-1,-1
1188,951,1623237862985,-1,-1,-1
1189,743,1623237863975,-1,-1,-1
1190,783,1623237864990,-1,-1,-1
1191,759,1623237864990,-1,-1,-1
1192,767,1623237865981,-1,-1,-1
1193,687,1623237866977,-1,-1,-1
1194,751,1623237867983,-1,-1,-1
1195,759,1623237867983,-1,-1,-1
1196,751,1623237868978,-1,-1,-1
1197,759,1623237870055,-1,-1,-1
1198,791,1623237870975,-1,-1,-1
1199,831,1623237870975,-1,-1,-1
1200,807,1623237871975,-1,-1,-1
1201,807,1623237873019,-1,-1,-1
1202,831,1623237873986,-1,-1,-1
1203,727,1623237874976,-1,-1,-1
1204,759,1623237874976,-1,-1,-1
1205,743,1623237875978,-1,-1,-1
1206,751,1623237877056,-1,-1,-1
1207,775,1623237877977,-1,-1,-1
1208,783,1623237877977,-1,-1,-1
1209,799,1623237879015,-1,-1,-1
1210,759,1623237879976,-1,-1,-1
1211,791,1623237880979,-1,-1,-1
1212,751,1623237881982,-1,-1,-1
1213,727,1623237881982,-1,-1,-1
1214,687,1623237882976,-1,-1,-1
1215,687,1623237883975,-1,-1,-1
1216,703,1623237883975,-1,-1,-1
1217,735,1623237884979,-1,-1,-1
1218,735,1623237885980,-1,-1,-1
1219,743,1623237886975,-1,-1,-1
1220,767,1623237886975,-1,-1,-1
1221,815,1623237887982,-1,-1,-1
1222,799,1623237889020,-1,-1,-1
1223,807,1623237889975,-1,-1,-1
1224,823,1623237890983,-1,-1,-1
1225,815,1623237890983,-1,-1,-1
1226,791,1623237891977,-1,-1,-1
1227,791,1623237893095,-1,-1,-1
1228,783,1623237893977,-1,-1,-1
1229,767,1623237894976,-1,-1,-1
1230,751,1623237894977,-1,-1,-1
1231,791,1623237895974,-1,-1,-1
1232,759,1623237896993,-1,-1,-1
1233,759,1623237897974,-1,-1,-1
1234,767,1623237897974,-1,-1,-1
1235,791,1623237898975,-1,-1,-1
1236,799,1623237899976,-1,-1,-1
1237,799,1623237900975,-1,-1,-1
1238,807,1623237901977,-1,-1,-1
1239,807,1623237901977,-1,-1,-1
1240,783,1623237902974,-1,-1,-1
1241,775,1623237903979,-1,-1,-1
1242,751,1623237904976,-1,-1,-1
1243,743,1623237904976,-1,-1,-1
1244,743,1623237906019,-1,-1,-1
1245,727,1623237906981,-1,-1,-1
1246,751,1623237907976,-1,-1,-1
1247,759,1623237907977,-1,-1,-1
1248,767,1623237909059,-1,-1,-1
1249,767,1623237909976,-1,-1,-1
1250,767,1623237911016,-1,-1,-1
1251,759,1623237911016,-1,-1,-1
1252,687,1623237911976,-1,-1,-1
1253,751,1623237912976,-1,-1,-1
1254,775,1623237914975,-1,-1,-1
1255,799,1623237915981,-1,-1,-1
1256,815,1623237916978,-1,-1,-1
1257,799,1623237917977,-1,-1,-1
1258,831,1623237917977,-1,-1,-1
1259,783,1623237918979,-1,-1,-1
1260,759,1623237919978,-1,-1,-1
1261,743,1623237920976,-1,-1,-1
1262,671,1623237920976,-1,-1,-1
1263,719,1623237922024,-1,-1,-1
1264,687,1623237922976,-1,-1,-1
1265,687,1623237922977,-1,-1,-1
1266,687,1623237923976,-1,-1,-1
1267,727,1623237925098,-1,-1,-1
1268,767,1623237925980,-1,-1,-1
1269,799,1623237925980,-1,-1,-1
1270,815,1623237926976,-1,-1,-1
1271,871,1623237927976,-1,-1,-1
1272,855,1623237930977,-1,-1,-1
1273,815,1623237930977,-1,-1,-1
1274,823,1623237931981,-1,-1,-1
1275,839,1623237932976,-1,-1,-1
1276,847,1623237934057,-1,-1,-1
1277,791,1623237934976,-1,-1,-1
1278,823,1623237935976,-1,-1,-1
1279,807,1623237935976,-1,-1,-1
1280,775,1623237936937,-1,-1,-1
1281,783,1623237937940,-1,-1,-1
1282,775,1623237938940,-1,-1,-1
1283,759,1623237939938,-1,-1,-1
1284,743,1623237939938,-1,-1,-1
1285,759,1623237940979,-1,-1,-1
1286,807,1623237941936,-1,-1,-1
1287,807,1623237942939,-1,-1,-1
1288,831,1623237942939,-1,-1,-1
1289,823,1623237943937,-1,-1,-1
1290,767,1623237946936,-1,-1,-1
1291,751,1623237946936,-1,-1,-1
1292,719,1623237947938,-1,-1,-1
1293,759,1623237948937,-1,-1,-1
1294,743,1623237949978,-1,-1,-1
1295,727,1623237949978,-1,-1,-1
1296,711,1623237950936,-1,-1,-1
1297,711,1623237951979,-1,-1,-1
1298,719,1623237952939,-1,-1,-1
1299,735,1623237952939,-1,-1,-1
1300,703,1623237953937,-1,-1,-1
1301,735,1623237954935,-1,-1,-1
1302,799,1623237954935,-1,-1,-1
1303,799,1623237955936,-1,-1,-1
1304,783,1623237956937,-1,-1,-1
1305,767,1623237957976,-1,-1,-1
1306,751,1623237958937,-1,-1,-1
1307,727,1623237958937,-1,-1,-1
1308,695,1623237959936,-1,-1,-1
1309,743,1623237960937,-1,-1,-1
1310,727,1623237960937,-1,-1,-1
1311,711,1623237961936,-1,-1,-1
1312,759,1623237962940,-1,-1,-1
1313,695,1623237963936,-1,-1,-1
1314,727,1623237963936,-1,-1,-1
1315,751,1623237964940,-1,-1,-1
1316,783,1623237965976,-1,-1,-1
1317,855,1623237966940,-1,-1,-1
1318,823,1623237967976,-1,-1,-1
1319,919,1623237969942,-1,-1,-1
1320,871,1623237970941,-1,-1,-1
1321,879,1623237971940,-1,-1,-1
1322,783,1623237972941,-1,-1,-1
1323,759,1623237973978,-1,-1,-1
1324,751,1623237973978,-1,-1,-1
1325,743,1623237974936,-1,-1,-1
1326,799,1623237976940,-1,-1,-1
1327,743,1623237977938,-1,-1,-1
1328,775,1623237978935,-1,-1,-1
1329,767,1623237979938,-1,-1,-1
1330,775,1623237979938,-1,-1,-1
1331,759,1623237980935,-1,-1,-1
1332,751,1623237981937,-1,-1,-1
1333,711,1623237982936,-1,-1,-1
1334,735,1623237982936,-1,-1,-1
1335,735,1623237983976,-1,-1,-1
1336,759,1623237984940,-1,-1,-1
1337,767,1623237985936,-1,-1,-1
1338,775,1623237985936,-1,-1,-1
1339,751,1623237986936,-1,-1,-1
1340,751,1623237987936,-1,-1,-1
1341,735,1623237989095,-1,-1,-1
1342,727,1623237989095,-1,-1,-1
1343,727,1623237989940,-1,-1,-1
1344,727,1623237991022,-1,-1,-1
1345,735,1623237991943,-1,-1,-1
1346,679,1623237991943,-1,-1,-1
1347,791,1623237992939,-1,-1,-1
1348,799,1623237993945,-1,-1,-1
1349,871,1623237994937,-1,-1,-1
1350,879,1623237995942,-1,-1,-1
1351,863,1623237996936,-1,-1,-1
1352,855,1623237996936,-1,-1,-1
1353,839,1623237998058,-1,-1,-1
1354,791,1623237998939,-1,-1,-1
1355,799,1623237999940,-1,-1,-1
1356,775,1623238000935,-1,-1,-1
1357,767,1623238000936,-1,-1,-1
1358,783,1623238001940,-1,-1,-1
1359,791,1623238002940,-1,-1,-1
1360,799,1623238003943,-1,-1,-1
1361,839,1623238004941,-1,-1,-1
1362,855,1623238004941,-1,-1,-1
1363,847,1623238005936,-1,-1,-1
1364,839,1623238007021,-1,-1,-1
1365,839,1623238007940,-1,-1,-1
1366,831,1623238008979,-1,-1,-1
1367,839,1623238009949,-1,-1,-1
1368,759,1623238009950,-1,-1,-1
1369,831,1623238010938,-1,-1,-1
1370,799,1623238011941,-1,-1,-1
1371,847,1623238012977,-1,-1,-1
1372,823,1623238013941,-1,-1,-1
1373,807,1623238014939,-1,-1,-1
1374,799,1623238014940,-1,-1,-1
1375,775,1623238015975,-1,-1,-1
1376,767,1623238016938,-1,-1,-1
1377,751,1623238017940,-1,-1,-1
1378,767,1623238017940,-1,-1,-1
1379,743,1623238018935,-1,-1,-1
1380,759,1623238019935,-1,-1,-1
1381,775,1623238020936,-1,-1,-1
1382,751,1623238020936,-1,-1,-1
1383,775,1623238021937,-1,-1,-1
1384,735,1623238022986,-1,-1,-1
1385,775,1623238023976,-1,-1,-1
1386,791,1623238023976,-1,-1,-1
1387,711,1623238024940,-1,-1,-1
1388,703,1623238025936,-1,-1,-1
1389,727,1623238026935,-1,-1,-1
1390,743,1623238026935,-1,-1,-1
1391,767,1623238027939,-1,-1,-1
1392,735,1623238028936,-1,-1,-1
1393,743,1623238029975,-1,-1,-1
1394,775,1623238029975,-1,-1,-1
1395,767,1623238030978,-1,-1,-1
1396,759,1623238031938,-1,-1,-1
1397,743,1623238032948,-1,-1,-1
1398,711,1623238032948,-1,-1,-1
1399,711,1623238033936,-1,-1,-1
1400,719,1623238034935,-1,-1,-1
1401,735,1623238035935,-1,-1,-1
1402,751,1623238035935,-1,-1,-1
1403,775,1623238036935,-1,-1,-1
1404,767,1623238037935,-1,-1,-1
1405,791,1623238039015,-1,-1,-1
1406,759,1623238039015,-1,-1,-1
1407,767,1623238039975,-1,-1,-1
1408,735,1623238040935,-1,-1,-1
1409,719,1623238041940,-1,-1,-1
1410,735,1623238041940,-1,-1,-1
1411,743,1623238042940,-1,-1,-1
1412,759,1623238043939,-1,-1,-1
1413,759,1623238044939,-1,-1,-1
1414,751,1623238044939,-1,-1,-1
1415,783,1623238045937,-1,-1,-1
1416,783,1623238046939,-1,-1,-1
1417,783,1623238047987,-1,-1,-1
1418,799,1623238048942,-1,-1,-1
1419,775,1623238048942,-1,-1,-1
1420,783,1623238049940,-1,-1,-1
1421,791,1623238050936,-1,-1,-1
1422,775,1623238051936,-1,-1,-1
1423,791,1623238051936,-1,-1,-1
1424,799,1623238052940,-1,-1,-1
1425,783,1623238053936,-1,-1,-1
1426,791,1623238054940,-1,-1,-1
1427,791,1623238055961,-1,-1,-1
1428,791,1623238055962,-1,-1,-1
1429,775,1623238056939,-1,-1,-1
1430,751,1623238057937,-1,-1,-1
1431,759,1623238058938,-1,-1,-1
1432,759,1623238058938,-1,-1,-1
1433,767,1623238059940,-1,-1,-1
1434,719,1623238060975,-1,-1,-1
1435,735,1623238062056,-1,-1,-1
1436,743,1623238062056,-1,-1,-1
1437,759,1623238062939,-1,-1,-1
1438,791,1623238063937,-1,-1,-1
1439,775,1623238064936,-1,-1,-1
1440,775,1623238065936,-1,-1,-1
1441,775,1623238065936,-1,-1,-1
1442,767,1623238066940,-1,-1,-1
1443,751,1623238067940,-1,-1,-1
1444,719,1623238068937,-1,-1,-1
1445,743,1623238068937,-1,-1,-1
1446,751,1623238069938,-1,-1,-1
1447,751,1623238071021,-1,-1,-1
1448,791,1623238072977,-1,-1,-1
1449,823,1623238073941,-1,-1,-1
1450,831,1623238074975,-1,-1,-1
1451,823,1623238075943,-1,-1,-1
1452,815,1623238075943,-1,-1,-1
1453,807,1623238076936,-1,-1,-1
1454,775,1623238077936,-1,-1,-1
1455,751,1623238078939,-1,-1,-1
1456,751,1623238079976,-1,-1,-1
1457,735,1623238079976,-1,-1,-1
1458,759,1623238080938,-1,-1,-1
1459,767,1623238081936,-1,-1,-1
1460,775,1623238082956,-1,-1,-1
1461,799,1623238082956,-1,-1,-1
1462,783,1623238083937,-1,-1,-1
1463,775,1623238084942,-1,-1,-1
1464,783,1623238085938,-1,-1,-1
1465,815,1623238086935,-1,-1,-1
1466,727,1623238086935,-1,-1,-1
1467,767,1623238087939,-1,-1,-1
1468,743,1623238088939,-1,-1,-1
1469,727,1623238088939,-1,-1,-1
1470,711,1623238089937,-1,-1,-1
1471,735,1623238090937,-1,-1,-1
1472,711,1623238091941,-1,-1,-1
1473,735,1623238091941,-1,-1,-1
1474,711,1623238092944,-1,-1,-1
1475,743,1623238094940,-1,-1,-1
1476,727,1623238095945,-1,-1,-1
1477,711,1623238096936,-1,-1,-1
1478,735,1623238096936,-1,-1,-1
1479,743,1623238097940,-1,-1,-1
1480,727,1623238098941,-1,-1,-1
1481,767,1623238099935,-1,-1,-1
1482,743,1623238099935,-1,-1,-1
1483,743,1623238100938,-1,-1,-1
1484,743,1623238101934,-1,-1,-1
1485,727,1623238103016,-1,-1,-1
1486,727,1623238103016,-1,-1,-1
1487,695,1623238103935,-1,-1,-1
1488,679,1623238104935,-1,-1,-1
1489,655,1623238104935,-1,-1,-1
1490,647,1623238105975,-1,-1,-1
1491,679,1623238106936,-1,-1,-1
1492,615,1623238106936,-1,-1,-1
1493,615,1623238107939,-1,-1,-1
1494,615,1623238108937,-1,-1,-1
1495,631,1623238108938,-1,-1,-1
1496,695,1623238109936,-1,-1,-1
1497,727,1623238110935,-1,-1,-1
1498,703,1623238110935,-1,-1,-1
1499,607,1623238111982,-1,-1,-1
1500,695,1623238113936,-1,-1,-1
1501,855,1623238113936,-1,-1,-1
1502,823,1623238114938,-1,-1,-1
1503,831,1623238115939,-1,-1,-1
1504,823,1623238116944,-1,-1,-1
1505,759,1623238117939,-1,-1,-1
1506,727,1623238117939,-1,-1,-1
1507,695,1623238118938,-1,-1,-1
1508,687,1623238119935,-1,-1,-1
1509,759,1623238121976,-1,-1,-1
1510,815,1623238122947,-1,-1,-1
1511,855,1623238123935,-1,-1,-1
1512,935,1623238124937,-1,-1,-1
1513,871,1623238124937,-1,-1,-1
1514,879,1623238126059,-1,-1,-1
1515,879,1623238126939,-1,-1,-1
1516,879,1623238127935,-1,-1,-1
1517,839,1623238128935,-1,-1,-1
1518,815,1623238129937,-1,-1,-1
1519,759,1623238129937,-1,-1,-1
1520,727,1623238130939,-1,-1,-1
1521,711,1623238131944,-1,-1,-1
1522,719,1623238132947,-1,-1,-1
1523,751,1623238132947,-1,-1,-1
1524,807,1623238133936,-1,-1,-1
1525,791,1623238135016,-1,-1,-1
1526,799,1623238135944,-1,-1,-1
1527,831,1623238136977,-1,-1,-1
1528,839,1623238136977,-1,-1,-1
1529,815,1623238137935,-1,-1,-1
1530,807,1623238138976,-1,-1,-1
1531,823,1623238139936,-1,-1,-1
1532,823,1623238140935,-1,-1,-1
1533,783,1623238141935,-1,-1,-1
1534,807,1623238141935,-1,-1,-1
1535,783,1623238142948,-1,-1,-1
1536,759,1623238143975,-1,-1,-1
1537,775,1623238144938,-1,-1,-1
1538,775,1623238144938,-1,-1,-1
1539,783,1623238145939,-1,-1,-1
1540,799,1623238146935,-1,-1,-1
1541,799,1623238147937,-1,-1,-1
1542,815,1623238148940,-1,-1,-1
1543,807,1623238148940,-1,-1,-1
1544,791,1623238149941,-1,-1,-1
1545,791,1623238151017,-1,-1,-1
1546,767,1623238151939,-1,-1,-1
1547,783,1623238153937,-1,-1,-1
1548,799,1623238154974,-1,-1,-1
1549,783,1623238155934,-1,-1,-1
1550,807,1623238156935,-1,-1,-1
1551,807,1623238156935,-1,-1,-1
1552,783,1623238158058,-1,-1,-1
1553,807,1623238158936,-1,-1,-1
1554,791,1623238159938,-1,-1,-1
1555,783,1623238160935,-1,-1,-1
1556,767,1623238160935,-1,-1,-1
1557,767,1623238161978,-1,-1,-1
1558,767,1623238162937,-1,-1,-1
1559,775,1623238163935,-1,-1,-1
1560,735,1623238163935,-1,-1,-1
1561,751,1623238164937,-1,-1,-1
1562,767,1623238165937,-1,-1,-1
1563,783,1623238167018,-1,-1,-1
1564,791,1623238167018,-1,-1,-1
1565,799,1623238167937,-1,-1,-1
1566,791,1623238168937,-1,-1,-1
1567,799,1623238169937,-1,-1,-1
1568,775,1623238170935,-1,-1,-1
1569,775,1623238170935,-1,-1,-1
1570,767,1623238171976,-1,-1,-1
1571,767,1623238172935,-1,-1,-1
1572,767,1623238173937,-1,-1,-1
1573,767,1623238173937,-1,-1,-1
1574,775,1623238174940,-1,-1,-1
1575,759,1623238175975,-1,-1,-1
1576,807,1623238176936,-1,-1,-1
1577,791,1623238177934,-1,-1,-1
1578,783,1623238177934,-1,-1,-1
1579,783,1623238178935,-1,-1,-1
1580,807,1623238179935,-1,-1,-1
1581,807,1623238181099,-1,-1,-1
1582,831,1623238181934,-1,-1,-1
1583,815,1623238181934,-1,-1,-1
1584,799,1623238182979,-1,-1,-1
1585,743,1623238183936,-1,-1,-1
1586,711,1623238184934,-1,-1,-1
1587,711,1623238184934,-1,-1,-1
1588,719,1623238185933,-1,-1,-1
1589,759,1623238186933,-1,-1,-1
1590,687,1623238187979,-1,-1,-1
1591,759,1623238187979,-1,-1,-1
1592,727,1623238188935,-1,-1,-1
1593,751,1623238190055,-1,-1,-1
1594,735,1623238190934,-1,-1,-1
1595,783,1623238190934,-1,-1,-1
1596,751,1623238191934,-1,-1,-1
1597,807,1623238192943,-1,-1,-1
1598,823,1623238193940,-1,-1,-1
1599,807,1623238194941,-1,-1,-1
1600,791,1623238194941,-1,-1,-1
1601,783,1623238195934,-1,-1,-1
1602,791,1623238196941,-1,-1,-1
1603,767,1623238197940,-1,-1,-1
1604,743,1623238197940,-1,-1,-1
1605,735,1623238199014,-1,-1,-1
1606,743,1623238199943,-1,-1,-1
1607,719,1623238200933,-1,-1,-1
1608,751,1623238200933,-1,-1,-1
1609,799,1623238201936,-1,-1,-1
1610,823,1623238202934,-1,-1,-1
1611,847,1623238203936,-1,-1,-1
1612,823,1623238204977,-1,-1,-1
1613,839,1623238204977,-1,-1,-1
1614,823,1623238206045,-1,-1,-1
1615,647,1623238206934,-1,-1,-1
1616,919,1623238207980,-1,-1,-1
1617,783,1623238208935,-1,-1,-1
1618,751,1623238208935,-1,-1,-1
1619,775,1623238211937,-1,-1,-1
1620,639,1623238211937,-1,-1,-1
1621,767,1623238212939,-1,-1,-1
1622,679,1623238213933,-1,-1,-1
1623,671,1623238214933,-1,-1,-1
1624,687,1623238214933,-1,-1,-1
1625,655,1623238215935,-1,-1,-1
1626,679,1623238216941,-1,-1,-1
1627,743,1623238216941,-1,-1,-1
1628,799,1623238217933,-1,-1,-1
1629,847,1623238218934,-1,-1,-1
1630,919,1623238219934,-1,-1,-1
1631,887,1623238220981,-1,-1,-1
1632,863,1623238222053,-1,-1,-1
1633,855,1623238222053,-1,-1,-1
1634,863,1623238222934,-1,-1,-1
1635,807,1623238223935,-1,-1,-1
1636,807,1623238224933,-1,-1,-1
1637,807,1623238225940,-1,-1,-1
1638,799,1623238226980,-1,-1,-1
1639,839,1623238226980,-1,-1,-1
1640,863,1623238227934,-1,-1,-1
1641,839,1623238228934,-1,-1,-1
1642,911,1623238229933,-1,-1,-1
1643,839,1623238231013,-1,-1,-1
1644,879,1623238231933,-1,-1,-1
1645,863,1623238232941,-1,-1,-1
1646,831,1623238232941,-1,-1,-1
1647,831,1623238233943,-1,-1,-1
1648,823,1623238234934,-1,-1,-1
1649,791,1623238236933,-1,-1,-1
1650,783,1623238237974,-1,-1,-1
1651,791,1623238238933,-1,-1,-1
1652,799,1623238239975,-1,-1,-1
1653,799,1623238240934,-1,-1,-1
1654,815,1623238240935,-1,-1,-1
1655,799,1623238241937,-1,-1,-1
1656,791,1623238242934,-1,-1,-1
1657,823,1623238243939,-1,-1,-1
1658,823,1623238244935,-1,-1,-1
1659,799,1623238245934,-1,-1,-1
1660,791,1623238245934,-1,-1,-1
1661,759,1623238246935,-1,-1,-1
1662,751,1623238247934,-1,-1,-1
1663,727,1623238248933,-1,-1,-1
1664,743,1623238248933,-1,-1,-1
1665,743,1623238249933,-1,-1,-1
1666,759,1623238250933,-1,-1,-1
1667,791,1623238251935,-1,-1,-1
1668,791,1623238251935,-1,-1,-1
1669,799,1623238252979,-1,-1,-1
1670,823,1623238254053,-1,-1,-1
1671,823,1623238254937,-1,-1,-1
1672,815,1623238255942,-1,-1,-1
1673,831,1623238255942,-1,-1,-1
1674,807,1623238256939,-1,-1,-1
1675,799,1623238257934,-1,-1,-1
1676,783,1623238258935,-1,-1,-1
1677,735,1623238259934,-1,-1,-1
1678,767,1623238259934,-1,-1,-1
1679,607,1623238260933,-1,-1,-1
1680,823,1623238261937,-1,-1,-1
1681,727,1623238263013,-1,-1,-1
1682,591,1623238263013,-1,-1,-1
1683,855,1623238263937,-1,-1,-1
1684,767,1623238264935,-1,-1,-1
1685,791,1623238265933,-1,-1,-1
1686,783,1623238265933,-1,-1,-1
1687,775,1623238266934,-1,-1,-1
1688,799,1623238267939,-1,-1,-1
1689,783,1623238268939,-1,-1,-1
1690,775,1623238268939,-1,-1,-1
1691,799,1623238269937,-1,-1,-1
1692,799,1623238270973,-1,-1,-1
1693,783,1623238271973,-1,-1,-1
1694,767,1623238272933,-1,-1,-1
1695,767,1623238272933,-1,-1,-1
1696,767,1623238273934,-1,-1,-1
1697,775,1623238274936,-1,-1,-1
1698,759,1623238275933,-1,-1,-1
1699,767,1623238275933,-1,-1,-1
1700,775,1623238276933,-1,-1,-1
1701,751,1623238277933,-1,-1,-1
1702,815,1623238278933,-1,-1,-1
1703,807,1623238279934,-1,-1,-1
1704,831,1623238279934,-1,-1,-1
1705,847,1623238280938,-1,-1,-1
1706,823,1623238281933,-1,-1,-1
1707,847,1623238282933,-1,-1,-1
1708,823,1623238283935,-1,-1,-1
1709,807,1623238284938,-1,-1,-1
1710,799,1623238284938,-1,-1,-1
1711,823,1623238286058,-1,-1,-1
1712,767,1623238286973,-1,-1,-1
1713,767,1623238287933,-1,-1,-1
1714,759,1623238288933,-1,-1,-1
1715,783,1623238288933,-1,-1,-1
1716,759,1623238289933,-1,-1,-1
1717,791,1623238290936,-1,-1,-1
1718,767,1623238291940,-1,-1,-1
1719,759,1623238291940,-1,-1,-1
1720,791,1623238292933,-1,-1,-1
1721,767,1623238293935,-1,-1,-1
1722,767,1623238295014,-1,-1,-1
1723,775,1623238295014,-1,-1,-1
1724,791,1623238295933,-1,-1,-1
1725,775,1623238296975,-1,-1,-1
1726,759,1623238297933,-1,-1,-1
1727,775,1623238298935,-1,-1,-1
1728,767,1623238298935,-1,-1,-1
1729,775,1623238299933,-1,-1,-1
1730,783,1623238300935,-1,-1,-1
1731,799,1623238302017,-1,-1,-1
1732,839,1623238302938,-1,-1,-1
1733,743,1623238302938,-1,-1,-1
1734,767,1623238303933,-1,-1,-1
1735,751,1623238304937,-1,-1,-1
1736,775,1623238305933,-1,-1,-1
1737,735,1623238305933,-1,-1,-1
1738,759,1623238306934,-1,-1,-1
1739,767,1623238307936,-1,-1,-1
1740,775,1623238308934,-1,-1,-1
1741,767,1623238308934,-1,-1,-1
1742,775,1623238309935,-1,-1,-1
1743,799,1623238310939,-1,-1,-1
1744,823,1623238311936,-1,-1,-1
1745,807,1623238312935,-1,-1,-1
1746,783,1623238312935,-1,-1,-1
1747,719,1623238313934,-1,-1,-1
1748,791,1623238314938,-1,-1,-1
1749,727,1623238315933,-1,-1,-1
1750,735,1623238315933,-1,-1,-1
1751,743,1623238316938,-1,-1,-1
1752,735,1623238318054,-1,-1,-1
1753,735,1623238318937,-1,-1,-1
1754,751,1623238318937,-1,-1,-1
1755,759,1623238319937,-1,-1,-1
1756,743,1623238320935,-1,-1,-1
1757,759,1623238321933,-1,-1,-1
1758,759,1623238321933,-1,-1,-1
1759,767,1623238322934,-1,-1,-1
1760,775,1623238323932,-1,-1,-1
1761,775,1623238324935,-1,-1,-1
1762,791,1623238324935,-1,-1,-1
1763,775,1623238325939,-1,-1,-1
1764,783,1623238327018,-1,-1,-1
1765,783,1623238327938,-1,-1,-1
1766,775,1623238328932,-1,-1,-1
1767,751,1623238328932,-1,-1,-1
1768,791,1623238329934,-1,-1,-1
1769,903,1623238331936,-1,-1,-1
1770,751,1623238332933,-1,-1,-1
1771,743,1623238333933,-1,-1,-1
1772,783,1623238334934,-1,-1,-1
1773,775,1623238334934,-1,-1,-1
1774,775,1623238335976,-1,-1,-1
1775,767,1623238336950,-1,-1,-1
1776,727,1623238337933,-1,-1,-1
1777,703,1623238337933,-1,-1,-1
1778,703,1623238338935,-1,-1,-1
1779,703,1623238339937,-1,-1,-1
1780,687,1623238340941,-1,-1,-1
1781,711,1623238340941,-1,-1,-1
1782,727,1623238341934,-1,-1,-1
1783,759,1623238342934,-1,-1,-1
1784,783,1623238343936,-1,-1,-1
1785,823,1623238343936,-1,-1,-1
1786,831,1623238344938,-1,-1,-1
1787,831,1623238345980,-1,-1,-1
1788,847,1623238346934,-1,-1,-1
1789,815,1623238347939,-1,-1,-1
1790,791,1623238347939,-1,-1,-1
1791,791,1623238348935,-1,-1,-1
1792,791,1623238350053,-1,-1,-1
1793,759,1623238350933,-1,-1,-1
1794,759,1623238351973,-1,-1,-1
1795,767,1623238351973,-1,-1,-1
1796,775,1623238352978,-1,-1,-1
1797,807,1623238353932,-1,-1,-1
1798,791,1623238354935,-1,-1,-1
1799,799,1623238355934,-1,-1,-1
1800,807,1623238355934,-1,-1,-1
1801,807,1623238356933,-1,-1,-1
1802,799,1623238357932,-1,-1,-1
1803,775,1623238359013,-1,-1,-1
1804,767,1623238359013,-1,-1,-1
1805,655,1623238359935,-1,-1,-1
1806,831,1623238360934,-1,-1,-1
1807,743,1623238361933,-1,-1,-1
1808,743,1623238361933,-1,-1,-1
1809,719,1623238362935,-1,-1,-1
1810,735,1623238363974,-1,-1,-1
1811,735,1623238364935,-1,-1,-1
1812,751,1623238364935,-1,-1,-1
1813,791,1623238365937,-1,-1,-1
1814,799,1623238366940,-1,-1,-1
1815,815,1623238367976,-1,-1,-1
1816,807,1623238368975,-1,-1,-1
1817,783,1623238368975,-1,-1,-1
1818,783,1623238369933,-1,-1,-1
1819,767,1623238370939,-1,-1,-1
1820,767,1623238371938,-1,-1,-1
1821,759,1623238371938,-1,-1,-1
1822,735,1623238372932,-1,-1,-1
1823,743,1623238373938,-1,-1,-1
1824,751,1623238374980,-1,-1,-1
1825,751,1623238374980,-1,-1,-1
1826,775,1623238375968,-1,-1,-1
1827,727,1623238376933,-1,-1,-1
1828,735,1623238377934,-1,-1,-1
1829,767,1623238377934,-1,-1,-1
1830,759,1623238378936,-1,-1,-1
1831,775,1623238379940,-1,-1,-1
1832,759,1623238380941,-1,-1,-1
1833,751,1623238381979,-1,-1,-1
1834,751,1623238381979,-1,-1,-1
1835,743,1623238382939,-1,-1,-1
1836,727,1623238383973,-1,-1,-1
1837,719,1623238383973,-1,-1,-1
1838,735,1623238384934,-1,-1,-1
1839,727,1623238385973,-1,-1,-1
1840,815,1623238386933,-1,-1,-1
1841,823,1623238387939,-1,-1,-1
1842,839,1623238387939,-1,-1,-1
1843,839,1623238388935,-1,-1,-1
1844,799,1623238389934,-1,-1,-1
1845,775,1623238391013,-1,-1,-1
1846,735,1623238391933,-1,-1,-1
1847,783,1623238391933,-1,-1,-1
1848,735,1623238392933,-1,-1,-1
1849,671,1623238393932,-1,-1,-1
1850,703,1623238393932,-1,-1,-1
1851,711,1623238394935,-1,-1,-1
1852,727,1623238395934,-1,-1,-1
1853,727,1623238396932,-1,-1,-1
1854,735,1623238396932,-1,-1,-1
1855,767,1623238397973,-1,-1,-1
1856,775,1623238398933,-1,-1,-1
1857,815,1623238399973,-1,-1,-1
1858,847,1623238400934,-1,-1,-1
1859,847,1623238400934,-1,-1,-1
1860,751,1623238401978,-1,-1,-1
1861,751,1623238402932,-1,-1,-1
1862,727,1623238403938,-1,-1,-1
1863,751,1623238403938,-1,-1,-1
1864,743,1623238404939,-1,-1,-1
1865,799,1623238405932,-1,-1,-1
1866,799,1623238406938,-1,-1,-1
1867,887,1623238407934,-1,-1,-1
1868,943,1623238408933,-1,-1,-1
1869,903,1623238408933,-1,-1,-1
1870,895,1623238409934,-1,-1,-1
1871,847,1623238410933,-1,-1,-1
1872,767,1623238411933,-1,-1,-1
1873,759,1623238412933,-1,-1,-1
1874,735,1623238412933,-1,-1,-1
1875,743,1623238414059,-1,-1,-1
1876,735,1623238414935,-1,-1,-1
1877,815,1623238416013,-1,-1,-1
1878,727,1623238416013,-1,-1,-1
1879,783,1623238416938,-1,-1,-1
1880,791,1623238417936,-1,-1,-1
1881,791,1623238418979,-1,-1,-1
1882,783,1623238419939,-1,-1,-1
1883,807,1623238419939,-1,-1,-1
1884,791,1623238420939,-1,-1,-1
1885,775,1623238421932,-1,-1,-1
1886,807,1623238423012,-1,-1,-1
1887,791,1623238423932,-1,-1,-1
1888,783,1623238423932,-1,-1,-1
1889,799,1623238424932,-1,-1,-1
1890,783,1623238425932,-1,-1,-1
1891,783,1623238426933,-1,-1,-1
1892,743,1623238427938,-1,-1,-1
1893,743,1623238427938,-1,-1,-1
1894,727,1623238428932,-1,-1,-1
1895,711,1623238430939,-1,-1,-1
1896,735,1623238431980,-1,-1,-1
1897,719,1623238432938,-1,-1,-1
1898,719,1623238432938,-1,-1,-1
1899,751,1623238433933,-1,-1,-1
1900,727,1623238434979,-1,-1,-1
1901,727,1623238435934,-1,-1,-1
1902,711,1623238435934,-1,-1,-1
1903,623,1623238436934,-1,-1,-1
1904,871,1623238437933,-1,-1,-1
1905,623,1623238437933,-1,-1,-1
1906,663,1623238438933,-1,-1,-1
1907,671,1623238439934,-1,-1,-1
1908,623,1623238439934,-1,-1,-1
1909,663,1623238440935,-1,-1,-1
1910,615,1623238441938,-1,-1,-1
1911,663,1623238441938,-1,-1,-1
1912,583,1623238442937,-1,-1,-1
1913,687,1623238443940,-1,-1,-1
1914,543,1623238443940,-1,-1,-1
1915,535,1623238444936,-1,-1,-1
1916,655,1623238446936,-1,-1,-1
1917,559,1623238446936,-1,-1,-1
1918,575,1623238447934,-1,-1,-1
1919,631,1623238447934,-1,-1,-1
1920,591,1623238448933,-1,-1,-1
1921,519,1623238450934,-1,-1,-1
1922,631,1623238450934,-1,-1,-1
1923,463,1623238451975,-1,-1,-1
1924,703,1623238451975,-1,-1,-1
1925,543,1623238452934,-1,-1,-1
1926,575,1623238453933,-1,-1,-1
1927,583,1623238453933,-1,-1,-1
1928,559,1623238455018,-1,-1,-1
1929,551,1623238455018,-1,-1,-1
1930,535,1623238455940,-1,-1,-1
1931,535,1623238455940,-1,-1,-1
1932,695,1623238456933,-1,-1,-1
1933,575,1623238457935,-1,-1,-1
1934,551,1623238457935,-1,-1,-1
1935,591,1623238458940,-1,-1,-1
1936,599,1623238458940,-1,-1,-1
1937,511,1623238459934,-1,-1,-1
1938,599,1623238459934,-1,-1,-1
1939,607,1623238468932,-1,-1,-1
1940,623,1623238469934,-1,-1,-1
1941,447,1623238469934,-1,-1,-1
1942,607,1623238471933,-1,-1,-1
1943,735,1623238472934,-1,-1,-1
1944,599,1623238472934,-1,-1,-1
1945,551,1623238473933,-1,-1,-1
1946,543,1623238473933,-1,-1,-1
1947,623,1623238474933,-1,-1,-1
1948,527,1623238475938,-1,-1,-1
1949,455,1623238475938,-1,-1,-1
1950,695,1623238476938,-1,-1,-1
1951,551,1623238478937,-1,-1,-1
1952,799,1623238478937,-1,-1,-1
1953,631,1623238479934,-1,-1,-1
1954,703,1623238480934,-1,-1,-1
1955,527,1623238481937,-1,-1,-1
1956,495,1623238483940,-1,-1,-1
1957,543,1623238483940,-1,-1,-1
1958,495,1623238485939,-1,-1,-1
1959,551,1623238487941,-1,-1,-1
1960,527,1623238487941,-1,-1,-1
1961,583,1623238489016,-1,-1,-1
1962,567,1623238489936,-1,-1,-1
1963,583,1623238490938,-1,-1,-1
1964,567,1623238491935,-1,-1,-1
1965,559,1623238491935,-1,-1,-1
1966,535,1623238492933,-1,-1,-1
1967,567,1623238493938,-1,-1,-1
1968,591,1623238494935,-1,-1,-1
1969,583,1623238495981,-1,-1,-1
1970,607,1623238495981,-1,-1,-1
1971,615,1623238496935,-1,-1,-1
1972,623,1623238496935,-1,-1,-1
1973,687,1623238497936,-1,-1,-1
1974,631,1623238498933,-1,-1,-1
1975,663,1623238498933,-1,-1,-1
1976,679,1623238499935,-1,-1,-1
1977,631,1623238500896,-1,-1,-1
1978,631,1623238500896,-1,-1,-1
1979,679,1623238501900,-1,-1,-1
1980,647,1623238502894,-1,-1,-1
1981,511,1623238502894,-1,-1,-1
1982,663,1623238504892,-1,-1,-1
1983,663,1623238505893,-1,-1,-1
1984,687,1623238506893,-1,-1,-1
1985,711,1623238506893,-1,-1,-1
1986,679,1623238507898,-1,-1,-1
1987,663,1623238508893,-1,-1,-1
1988,735,1623238508893,-1,-1,-1
1989,711,1623238509895,-1,-1,-1
1990,655,1623238510893,-1,-1,-1
1991,743,1623238511935,-1,-1,-1
1992,695,1623238511935,-1,-1,-1
1993,695,1623238512935,-1,-1,-1
1994,703,1623238513935,-1,-1,-1
1995,687,1623238513935,-1,-1,-1
1996,711,1623238514936,-1,-1,-1
1997,711,1623238515935,-1,-1,-1
1998,679,1623238515935,-1,-1,-1
1999,695,1623238516935,-1,-1,-1
2000,679,1623238517900,-1,-1,-1
2001,815,1623238518939,-1,-1,-1
2002,759,1623238518939,-1,-1,-1
2003,727,1623238519936,-1,-1,-1
2004,743,1623238521899,-1,-1,-1
2005,863,1623238528899,-1,-1,-1
2006,815,1623238529940,-1,-1,-1
2007,783,1623238530899,-1,-1,-1
2008,751,1623238531939,-1,-1,-1
2009,783,1623238532899,-1,-1,-1
2010,759,1623238532899,-1,-1,-1
2011,815,1623238533899,-1,-1,-1
2012,815,1623238534895,-1,-1,-1
2013,807,1623238535899,-1,-1,-1
2014,767,1623238536942,-1,-1,-1
2015,903,1623238536942,-1,-1,-1
2016,663,1623238537899,-1,-1,-1
2017,871,1623238538900,-1,-1,-1
2018,839,1623238539899,-1,-1,-1
2019,839,1623238540895,-1,-1,-1
2020,759,1623238543897,-1,-1,-1
2021,735,1623238543897,-1,-1,-1
2022,719,1623238544899,-1,-1,-1
2023,687,1623238545898,-1,-1,-1
2024,663,1623238546893,-1,-1,-1
2025,767,1623238546893,-1,-1,-1
2026,711,1623238547900,-1,-1,-1
2027,687,1623238548896,-1,-1,-1
2028,687,1623238548896,-1,-1,-1
2029,663,1623238549895,-1,-1,-1
2030,679,1623238551018,-1,-1,-1
2031,631,1623238551018,-1,-1,-1
2032,671,1623238551894,-1,-1,-1
2033,711,1623238552899,-1,-1,-1
2034,767,1623238553898,-1,-1,-1
2035,759,1623238553898,-1,-1,-1
2036,815,1623238554900,-1,-1,-1
2037,847,1623238555900,-1,-1,-1
2038,815,1623238556898,-1,-1,-1
2039,823,1623238557899,-1,-1,-1
2040,847,1623238557899,-1,-1,-1
2041,815,1623238558898,-1,-1,-1
2042,823,1623238559900,-1,-1,-1
2043,823,1623238560901,-1,-1,-1
2044,799,1623238561899,-1,-1,-1
2045,799,1623238562898,-1,-1,-1
2046,823,1623238562898,-1,-1,-1
2047,799,1623238563899,-1,-1,-1
2048,863,1623238564899,-1,-1,-1
2049,879,1623238565899,-1,-1,-1
2050,799,1623238568899,-1,-1,-1
2051,775,1623238569938,-1,-1,-1
2052,879,1623238570898,-1,-1,-1
2053,887,1623238571899,-1,-1,-1
2054,783,1623238572899,-1,-1,-1
2055,735,1623238572899,-1,-1,-1
2056,783,1623238573899,-1,-1,-1
2057,751,1623238575899,-1,-1,-1
2058,671,1623238576899,-1,-1,-1
2059,823,1623238577900,-1,-1,-1
2060,767,1623238581899,-1,-1,-1
2061,743,1623238582979,-1,-1,-1
2062,679,1623238584897,-1,-1,-1
2063,735,1623238584897,-1,-1,-1
2064,751,1623238585939,-1,-1,-1
2065,551,1623238586901,-1,-1,-1
2066,687,1623238587893,-1,-1,-1
2067,879,1623238588893,-1,-1,-1
2068,671,1623238589894,-1,-1,-1
2069,823,1623238592899,-1,-1,-1
2070,799,1623238592899,-1,-1,-1
2071,1063,1623238594899,-1,-1,-1
2072,967,1623238594899,-1,-1,-1
2073,911,1623238595897,-1,-1,-1
2074,727,1623238599898,-1,-1,-1
2075,775,1623238600898,-1,-1,-1
2076,559,1623238600898,-1,-1,-1
2077,847,1623238601899,-1,-1,-1
2078,727,1623238602899,-1,-1,-1
2079,783,1623238603899,-1,-1,-1
2080,567,1623238603899,-1,-1,-1
2081,935,1623238604979,-1,-1,-1
2082,959,1623238606899,-1,-1,-1
2083,679,1623238607934,-1,-1,-1
2084,671,1623238608897,-1,-1,-1
2085,783,1623238608897,-1,-1,-1
2086,695,1623238609899,-1,-1,-1
2087,663,1623238610892,-1,-1,-1
2088,871,1623238615899,-1,-1,-1
2089,863,1623238615899,-1,-1,-1
2090,623,1623238616898,-1,-1,-1
2091,791,1623238618935,-1,-1,-1
2092,759,1623238619894,-1,-1,-1
2093,727,1623238619894,-1,-1,-1
2094,751,1623238620893,-1,-1,-1
2095,687,1623238621894,-1,-1,-1
2096,727,1623238622897,-1,-1,-1
2097,711,1623238622897,-1,-1,-1
2098,727,1623238623900,-1,-1,-1
2099,727,1623238624900,-1,-1,-1
2100,727,1623238624900,-1,-1,-1
2101,767,1623238625900,-1,-1,-1
2102,767,1623238626898,-1,-1,-1
2103,791,1623238627898,-1,-1,-1
2104,775,1623238628900,-1,-1,-1
2105,791,1623238628900,-1,-1,-1
2106,807,1623238629938,-1,-1,-1
2107,823,1623238630899,-1,-1,-1
2108,783,1623238631892,-1,-1,-1
2109,631,1623238631892,-1,-1,-1
2110,783,1623238634938,-1,-1,-1
2111,783,1623238635899,-1,-1,-1
2112,767,1623238635899,-1,-1,-1
2113,871,1623238636899,-1,-1,-1
2114,767,1623238639899,-1,-1,-1
2115,775,1623238639899,-1,-1,-1
2116,791,1623238640898,-1,-1,-1
2117,767,1623238641898,-1,-1,-1
2118,791,1623238642898,-1,-1,-1
2119,791,1623238643895,-1,-1,-1
2120,775,1623238643895,-1,-1,-1
2121,703,1623238646939,-1,-1,-1
2122,767,1623238647936,-1,-1,-1
2123,767,1623238648898,-1,-1,-1
2124,791,1623238649897,-1,-1,-1
2125,807,1623238650939,-1,-1,-1
2126,783,1623238654897,-1,-1,-1
2127,751,1623238654897,-1,-1,-1
2128,767,1623238657938,-1,-1,-1
2129,767,1623238657938,-1,-1,-1
2130,791,1623238658892,-1,-1,-1
2131,767,1623238659899,-1,-1,-1
2132,615,1623238665899,-1,-1,-1
2133,575,1623238667934,-1,-1,-1
2134,775,1623238668898,-1,-1,-1
2135,639,1623238670899,-1,-1,-1
2136,831,1623238671901,-1,-1,-1
2137,671,1623238673901,-1,-1,-1
2138,671,1623238674898,-1,-1,-1
2139,663,1623238674898,-1,-1,-1
2140,679,1623238675898,-1,-1,-1
2141,711,1623238676899,-1,-1,-1
2142,695,1623238676899,-1,-1,-1
2143,703,1623238677901,-1,-1,-1
2144,711,1623238679018,-1,-1,-1
2145,727,1623238679018,-1,-1,-1
2146,711,1623238679898,-1,-1,-1
2147,703,1623238680899,-1,-1,-1
2148,719,1623238681899,-1,-1,-1
2149,719,1623238681899,-1,-1,-1
2150,735,1623238682899,-1,-1,-1
2151,743,1623238683892,-1,-1,-1
2152,727,1623238684938,-1,-1,-1
2153,751,1623238684938,-1,-1,-1
2154,767,1623238685939,-1,-1,-1
2155,735,1623238686897,-1,-1,-1
2156,751,1623238687894,-1,-1,-1
2157,743,1623238687894,-1,-1,-1
2158,727,1623238688894,-1,-1,-1
2159,743,1623238689897,-1,-1,-1
2160,759,1623238690899,-1,-1,-1
2161,735,1623238690899,-1,-1,-1
2162,735,1623238691892,-1,-1,-1
2163,767,1623238692893,-1,-1,-1
2164,783,1623238693900,-1,-1,-1
2165,823,1623238693900,-1,-1,-1
2166,863,1623238694899,-1,-1,-1
2167,815,1623238695898,-1,-1,-1
2168,815,1623238696939,-1,-1,-1
2169,839,1623238697898,-1,-1,-1
2170,767,1623238697898,-1,-1,-1
2171,775,1623238698898,-1,-1,-1
2172,767,1623238699898,-1,-1,-1
2173,751,1623238700935,-1,-1,-1
2174,751,1623238701898,-1,-1,-1
2175,767,1623238701898,-1,-1,-1
2176,727,1623238702899,-1,-1,-1
2177,743,1623238703900,-1,-1,-1
2178,775,1623238704898,-1,-1,-1
2179,743,1623238704898,-1,-1,-1
2180,759,1623238705898,-1,-1,-1
2181,751,1623238706899,-1,-1,-1
2182,735,1623238707938,-1,-1,-1
2183,727,1623238707938,-1,-1,-1
2184,735,1623238708896,-1,-1,-1
2185,719,1623238709900,-1,-1,-1
2186,727,1623238709900,-1,-1,-1
2187,735,1623238710938,-1,-1,-1
2188,719,1623238711899,-1,-1,-1
2189,735,1623238712938,-1,-1,-1
2190,759,1623238712938,-1,-1,-1
2191,735,1623238713899,-1,-1,-1
2192,735,1623238714896,-1,-1,-1
2193,735,1623238715898,-1,-1,-1
2194,727,1623238715898,-1,-1,-1
2195,711,1623238716899,-1,-1,-1
2196,735,1623238717937,-1,-1,-1
2197,719,1623238717937,-1,-1,-1
2198,719,1623238718898,-1,-1,-1
2199,751,1623238719979,-1,-1,-1
2200,727,1623238720896,-1,-1,-1
2201,743,1623238720896,-1,-1,-1
2202,759,1623238721898,-1,-1,-1
2203,743,1623238722896,-1,-1,-1
2204,735,1623238723897,-1,-1,-1
2205,743,1623238723897,-1,-1,-1
2206,735,1623238724899,-1,-1,-1
2207,695,1623238725901,-1,-1,-1
2208,727,1623238726894,-1,-1,-1
2209,719,1623238726894,-1,-1,-1
2210,727,1623238727901,-1,-1,-1
2211,743,1623238728898,-1,-1,-1
2212,727,1623238729897,-1,-1,-1
2213,727,1623238729897,-1,-1,-1
2214,743,1623238730891,-1,-1,-1
2215,759,1623238731892,-1,-1,-1
2216,511,1623238731892,-1,-1,-1
2217,951,1623238732898,-1,-1,-1
2218,687,1623238733974,-1,-1,-1
2219,711,1623238734899,-1,-1,-1
2220,727,1623238734899,-1,-1,-1
2221,703,1623238735899,-1,-1,-1
2222,591,1623238737899,-1,-1,-1
2223,831,1623238738896,-1,-1,-1
2224,751,1623238741897,-1,-1,-1
2225,743,1623238742960,-1,-1,-1
2226,735,1623238742960,-1,-1,-1
2227,703,1623238743898,-1,-1,-1
2228,807,1623238744898,-1,-1,-1
2229,727,1623238745897,-1,-1,-1
2230,703,1623238747899,-1,-1,-1
2231,735,1623238747899,-1,-1,-1
2232,703,1623238748899,-1,-1,-1
2233,711,1623238749899,-1,-1,-1
2234,775,1623238750938,-1,-1,-1
2235,903,1623238752896,-1,-1,-1
2236,695,1623238752896,-1,-1,-1
2237,791,1623238753937,-1,-1,-1
2238,735,1623238754894,-1,-1,-1
2239,703,1623238755899,-1,-1,-1
2240,695,1623238757896,-1,-1,-1
2241,671,1623238757896,-1,-1,-1
2242,711,1623238758896,-1,-1,-1
2243,679,1623238759898,-1,-1,-1
2244,727,1623238760899,-1,-1,-1
2245,751,1623238760899,-1,-1,-1
2246,711,1623238761898,-1,-1,-1
2247,679,1623238762898,-1,-1,-1
2248,711,1623238762898,-1,-1,-1
2249,743,1623238763898,-1,-1,-1
2250,711,1623238764896,-1,-1,-1
2251,711,1623238765898,-1,-1,-1
2252,743,1623238765898,-1,-1,-1
2253,735,1623238766938,-1,-1,-1
2254,735,1623238767899,-1,-1,-1
2255,751,1623238768900,-1,-1,-1
2256,751,1623238768900,-1,-1,-1
2257,767,1623238769897,-1,-1,-1
2258,743,1623238770895,-1,-1,-1
2259,743,1623238771897,-1,-1,-1
2260,727,1623238771897,-1,-1,-1
2261,735,1623238772900,-1,-1,-1
2262,759,1623238773940,-1,-1,-1
2263,735,1623238773940,-1,-1,-1
2264,759,1623238774939,-1,-1,-1
2265,767,1623238775898,-1,-1,-1
2266,783,1623238776897,-1,-1,-1
2267,735,1623238777894,-1,-1,-1
2268,775,1623238777894,-1,-1,-1
2269,799,1623238778899,-1,-1,-1
2270,775,1623238779898,-1,-1,-1
2271,807,1623238780896,-1,-1,-1
2272,807,1623238781898,-1,-1,-1
2273,775,1623238781898,-1,-1,-1
2274,775,1623238782898,-1,-1,-1
2275,767,1623238783938,-1,-1,-1
2276,751,1623238784897,-1,-1,-1
2277,751,1623238784897,-1,-1,-1
2278,775,1623238785897,-1,-1,-1
2279,783,1623238786899,-1,-1,-1
2280,503,1623238786899,-1,-1,-1
2281,815,1623238789894,-1,-1,-1
2282,791,1623238792901,-1,-1,-1
2283,695,1623238793898,-1,-1,-1
2284,631,1623238793898,-1,-1,-1
2285,879,1623238794895,-1,-1,-1
2286,687,1623238795895,-1,-1,-1
2287,695,1623238798898,-1,-1,-1
2288,727,1623238799938,-1,-1,-1
2289,775,1623238800900,-1,-1,-1
2290,791,1623238801901,-1,-1,-1
2291,815,1623238802898,-1,-1,-1
2292,799,1623238802898,-1,-1,-1
2293,831,1623238803899,-1,-1,-1
2294,823,1623238804896,-1,-1,-1
2295,527,1623238805898,-1,-1,-1
2296,711,1623238807898,-1,-1,-1
2297,711,1623238808978,-1,-1,-1
2298,743,1623238809898,-1,-1,-1
2299,783,1623238813894,-1,-1,-1
2300,791,1623238814900,-1,-1,-1
2301,735,1623238815979,-1,-1,-1
2302,743,1623238816939,-1,-1,-1
2303,711,1623238816939,-1,-1,-1
2304,711,1623238817893,-1,-1,-1
2305,727,1623238818937,-1,-1,-1
2306,735,1623238818937,-1,-1,-1
2307,727,1623238819896,-1,-1,-1
2308,767,1623238820897,-1,-1,-1
2309,767,1623238821893,-1,-1,-1
2310,775,1623238821893,-1,-1,-1
2311,751,1623238822978,-1,-1,-1
2312,695,1623238826893,-1,-1,-1
