,RR,Timestamp,SensorContact,errorEstimate,blockerBit
0,550,1623430016414,-1,-1,-1
1,434,1623430016414,-1,-1,-1
2,786,1623430017412,-1,-1,-1
3,894,1623430018413,-1,-1,-1
4,532,1623430019357,-1,-1,-1
5,1156,1623430020357,-1,-1,-1
6,764,1623430020358,-1,-1,-1
7,681,1623430021307,-1,-1,-1
8,760,1623430022307,-1,-1,-1
9,730,1623430022307,-1,-1,-1
10,728,1623430023259,-1,-1,-1
11,717,1623430024259,-1,-1,-1
12,622,1623430025211,-1,-1,-1
13,744,1623430026262,-1,-1,-1
14,656,1623430026262,-1,-1,-1
15,581,1623430027208,-1,-1,-1
16,694,1623430028158,-1,-1,-1
17,688,1623430028158,-1,-1,-1
18,663,1623430029159,-1,-1,-1
19,663,1623430029159,-1,-1,-1
20,679,1623430030107,-1,-1,-1
21,688,1623430031109,-1,-1,-1
22,679,1623430031109,-1,-1,-1
23,710,1623430032061,-1,-1,-1
24,739,1623430033057,-1,-1,-1
25,668,1623430034061,-1,-1,-1
26,695,1623430034061,-1,-1,-1
27,730,1623430035061,-1,-1,-1
28,732,1623430036007,-1,-1,-1
29,736,1623430036958,-1,-1,-1
30,688,1623430036958,-1,-1,-1
31,682,1623430037958,-1,-1,-1
32,714,1623430038908,-1,-1,-1
33,674,1623430038908,-1,-1,-1
34,683,1623430039907,-1,-1,-1
35,667,1623430040909,-1,-1,-1
36,593,1623430041857,-1,-1,-1
37,708,1623430041858,-1,-1,-1
38,358,1623430041858,-1,-1,-1
39,295,1623430042857,-1,-1,-1
40,598,1623430042858,-1,-1,-1
41,539,1623430043857,-1,-1,-1
42,667,1623430044806,-1,-1,-1
43,582,1623430044806,-1,-1,-1
44,450,1623430045807,-1,-1,-1
45,314,1623430045807,-1,-1,-1
46,518,1623430046757,-1,-1,-1
47,593,1623430046757,-1,-1,-1
48,699,1623430047811,-1,-1,-1
49,600,1623430048707,-1,-1,-1
50,735,1623430048707,-1,-1,-1
51,553,1623430049707,-1,-1,-1
52,764,1623430050658,-1,-1,-1
53,730,1623430050658,-1,-1,-1
54,718,1623430051657,-1,-1,-1
55,633,1623430052614,-1,-1,-1
56,583,1623430052614,-1,-1,-1
57,597,1623430053610,-1,-1,-1
58,418,1623430053610,-1,-1,-1
59,633,1623430054609,-1,-1,-1
60,538,1623430055566,-1,-1,-1
61,833,1623430055566,-1,-1,-1
62,569,1623430056559,-1,-1,-1
63,611,1623430057507,-1,-1,-1
64,764,1623430057507,-1,-1,-1
65,613,1623430058511,-1,-1,-1
66,675,1623430059459,-1,-1,-1
67,646,1623430059459,-1,-1,-1
68,654,1623430060458,-1,-1,-1
69,326,1623430060458,-1,-1,-1
70,355,1623430061512,-1,-1,-1
71,414,1623430061512,-1,-1,-1
72,363,1623430062409,-1,-1,-1
73,398,1623430062409,-1,-1,-1
74,305,1623430062409,-1,-1,-1
75,634,1623430063407,-1,-1,-1
76,892,1623430064357,-1,-1,-1
77,772,1623430065360,-1,-1,-1
78,442,1623430065360,-1,-1,-1
79,613,1623430066360,-1,-1,-1
80,475,1623430066360,-1,-1,-1
81,420,1623430067308,-1,-1,-1
82,638,1623430067308,-1,-1,-1
83,670,1623430068312,-1,-1,-1
84,663,1623430069257,-1,-1,-1
85,743,1623430069257,-1,-1,-1
86,779,1623430070263,-1,-1,-1
87,727,1623430071211,-1,-1,-1
88,414,1623430072209,-1,-1,-1
89,413,1623430072209,-1,-1,-1
90,742,1623430073208,-1,-1,-1
91,470,1623430073208,-1,-1,-1
92,533,1623430073208,-1,-1,-1
93,298,1623430074161,-1,-1,-1
94,291,1623430074161,-1,-1,-1
95,324,1623430075161,-1,-1,-1
96,672,1623430075162,-1,-1,-1
97,900,1623430076111,-1,-1,-1
98,1123,1623430077161,-1,-1,-1
99,1229,1623430078057,-1,-1,-1
100,744,1623430079059,-1,-1,-1
101,653,1623430080008,-1,-1,-1
102,1188,1623430081059,-1,-1,-1
103,1479,1623430082958,-1,-1,-1
104,822,1623430083958,-1,-1,-1
105,484,1623430083959,-1,-1,-1
106,314,1623430083959,-1,-1,-1
107,692,1623430084907,-1,-1,-1
108,596,1623430085907,-1,-1,-1
109,614,1623430085907,-1,-1,-1
110,522,1623430086857,-1,-1,-1
111,472,1623430087858,-1,-1,-1
112,1051,1623430087858,-1,-1,-1
113,359,1623430088858,-1,-1,-1
114,528,1623430089807,-1,-1,-1
115,728,1623430089807,-1,-1,-1
116,389,1623430089807,-1,-1,-1
117,672,1623430090808,-1,-1,-1
118,1278,1623430092759,-1,-1,-1
119,1668,1623430093707,-1,-1,-1
120,896,1623430094707,-1,-1,-1
121,889,1623430095708,-1,-1,-1
122,770,1623430096658,-1,-1,-1
123,817,1623430097708,-1,-1,-1
124,775,1623430097708,-1,-1,-1
125,711,1623430098658,-1,-1,-1
126,625,1623430099612,-1,-1,-1
127,854,1623430100580,-1,-1,-1
128,536,1623430100580,-1,-1,-1
129,387,1623430101569,-1,-1,-1
130,861,1623430101569,-1,-1,-1
131,673,1623430102565,-1,-1,-1
132,476,1623430103509,-1,-1,-1
133,800,1623430103509,-1,-1,-1
134,945,1623430104507,-1,-1,-1
135,1013,1623430105458,-1,-1,-1
136,593,1623430106460,-1,-1,-1
137,602,1623430107457,-1,-1,-1
138,591,1623430107457,-1,-1,-1
139,683,1623430108408,-1,-1,-1
140,813,1623430109408,-1,-1,-1
141,906,1623430110358,-1,-1,-1
142,821,1623430111364,-1,-1,-1
143,846,1623430111364,-1,-1,-1
144,855,1623430112307,-1,-1,-1
145,776,1623430113309,-1,-1,-1
146,952,1623430115257,-1,-1,-1
147,1202,1623430115257,-1,-1,-1
148,903,1623430116262,-1,-1,-1
149,767,1623430117207,-1,-1,-1
150,497,1623430117208,-1,-1,-1
151,358,1623430118209,-1,-1,-1
152,613,1623430118209,-1,-1,-1
153,607,1623430119157,-1,-1,-1
154,1345,1623430121107,-1,-1,-1
155,1053,1623430122112,-1,-1,-1
156,956,1623430122112,-1,-1,-1
157,304,1623430123061,-1,-1,-1
158,336,1623430123061,-1,-1,-1
159,659,1623430124057,-1,-1,-1
160,692,1623430125057,-1,-1,-1
161,679,1623430125057,-1,-1,-1
162,757,1623430126007,-1,-1,-1
163,687,1623430127008,-1,-1,-1
164,807,1623430127959,-1,-1,-1
165,782,1623430127959,-1,-1,-1
166,830,1623430128957,-1,-1,-1
167,818,1623430130907,-1,-1,-1
168,1404,1623430131907,-1,-1,-1
169,670,1623430131907,-1,-1,-1
170,1251,1623430132857,-1,-1,-1
171,644,1623430133859,-1,-1,-1
172,601,1623430134808,-1,-1,-1
173,623,1623430134808,-1,-1,-1
174,612,1623430135808,-1,-1,-1
175,681,1623430136807,-1,-1,-1
176,1254,1623430138757,-1,-1,-1
177,1588,1623430139707,-1,-1,-1
178,775,1623430139707,-1,-1,-1
179,753,1623430140711,-1,-1,-1
180,729,1623430141658,-1,-1,-1
181,713,1623430142662,-1,-1,-1
182,683,1623430142662,-1,-1,-1
183,728,1623430143658,-1,-1,-1
184,736,1623430144613,-1,-1,-1
185,496,1623430144613,-1,-1,-1
186,767,1623430146567,-1,-1,-1
187,1460,1623430147614,-1,-1,-1
188,800,1623430147614,-1,-1,-1
189,642,1623430148508,-1,-1,-1
190,550,1623430149510,-1,-1,-1
191,714,1623430149510,-1,-1,-1
192,537,1623430150511,-1,-1,-1
193,639,1623430151460,-1,-1,-1
194,493,1623430151460,-1,-1,-1
195,1005,1623430152459,-1,-1,-1
196,857,1623430153408,-1,-1,-1
197,697,1623430154408,-1,-1,-1
198,524,1623430154408,-1,-1,-1
199,362,1623430155357,-1,-1,-1
200,486,1623430155357,-1,-1,-1
201,480,1623430156358,-1,-1,-1
202,1026,1623430157409,-1,-1,-1
203,1004,1623430158310,-1,-1,-1
204,1535,1623430159308,-1,-1,-1
205,665,1623430160259,-1,-1,-1
206,693,1623430161262,-1,-1,-1
207,690,1623430161262,-1,-1,-1
208,704,1623430162212,-1,-1,-1
209,680,1623430163209,-1,-1,-1
210,725,1623430163209,-1,-1,-1
211,731,1623430164211,-1,-1,-1
212,760,1623430165157,-1,-1,-1
213,779,1623430166163,-1,-1,-1
214,806,1623430167108,-1,-1,-1
215,781,1623430167108,-1,-1,-1
216,734,1623430168109,-1,-1,-1
217,692,1623430169057,-1,-1,-1
218,882,1623430170062,-1,-1,-1
219,498,1623430170062,-1,-1,-1
220,597,1623430171058,-1,-1,-1
221,1284,1623430172009,-1,-1,-1
222,949,1623430173008,-1,-1,-1
223,610,1623430173957,-1,-1,-1
224,1197,1623430174958,-1,-1,-1
225,794,1623430175960,-1,-1,-1
226,795,1623430176909,-1,-1,-1
227,729,1623430176909,-1,-1,-1
228,448,1623430177911,-1,-1,-1
229,781,1623430178858,-1,-1,-1
230,1053,1623430179857,-1,-1,-1
231,636,1623430179857,-1,-1,-1
232,660,1623430180861,-1,-1,-1
233,656,1623430181806,-1,-1,-1
234,605,1623430181806,-1,-1,-1
235,629,1623430182807,-1,-1,-1
236,603,1623430183758,-1,-1,-1
237,646,1623430183758,-1,-1,-1
238,685,1623430184757,-1,-1,-1
239,752,1623430185710,-1,-1,-1
240,1028,1623430186707,-1,-1,-1
241,1493,1623430187657,-1,-1,-1
242,908,1623430188658,-1,-1,-1
243,570,1623430189657,-1,-1,-1
244,426,1623430189657,-1,-1,-1
245,717,1623430190612,-1,-1,-1
246,795,1623430191612,-1,-1,-1
247,761,1623430192562,-1,-1,-1
248,743,1623430192562,-1,-1,-1
249,751,1623430193568,-1,-1,-1
250,804,1623430194512,-1,-1,-1
251,748,1623430195658,-1,-1,-1
252,696,1623430195658,-1,-1,-1
253,756,1623430196511,-1,-1,-1
254,675,1623430197511,-1,-1,-1
255,700,1623430198509,-1,-1,-1
256,705,1623430198509,-1,-1,-1
257,719,1623430199511,-1,-1,-1
258,557,1623430200407,-1,-1,-1
259,720,1623430200407,-1,-1,-1
260,861,1623430201361,-1,-1,-1
261,1138,1623430202358,-1,-1,-1
262,304,1623430203357,-1,-1,-1
263,315,1623430203357,-1,-1,-1
264,804,1623430204312,-1,-1,-1
265,628,1623430204313,-1,-1,-1
266,725,1623430205309,-1,-1,-1
267,698,1623430206259,-1,-1,-1
268,699,1623430207258,-1,-1,-1
269,430,1623430207258,-1,-1,-1
270,941,1623430208208,-1,-1,-1
271,542,1623430209208,-1,-1,-1
272,403,1623430209208,-1,-1,-1
273,1228,1623430211259,-1,-1,-1
274,1679,1623430212158,-1,-1,-1
275,843,1623430213111,-1,-1,-1
276,759,1623430214107,-1,-1,-1
277,721,1623430214107,-1,-1,-1
278,668,1623430215058,-1,-1,-1
279,700,1623430216057,-1,-1,-1
280,692,1623430217058,-1,-1,-1
281,687,1623430217058,-1,-1,-1
282,726,1623430218008,-1,-1,-1
283,697,1623430219010,-1,-1,-1
284,696,1623430219010,-1,-1,-1
285,640,1623430219960,-1,-1,-1
286,951,1623430220957,-1,-1,-1
287,1038,1623430221907,-1,-1,-1
288,616,1623430222907,-1,-1,-1
289,616,1623430222907,-1,-1,-1
290,619,1623430223906,-1,-1,-1
291,891,1623430224857,-1,-1,-1
292,1650,1623430226807,-1,-1,-1
293,652,1623430226807,-1,-1,-1
294,425,1623430227806,-1,-1,-1
295,601,1623430227806,-1,-1,-1
296,882,1623430228758,-1,-1,-1
297,770,1623430229757,-1,-1,-1
298,1125,1623430230757,-1,-1,-1
299,703,1623430232707,-1,-1,-1
300,2708,1623430234657,-1,-1,-1
301,689,1623430234657,-1,-1,-1
302,625,1623430235608,-1,-1,-1
303,633,1623430236611,-1,-1,-1
304,609,1623430236611,-1,-1,-1
305,626,1623430237562,-1,-1,-1
306,689,1623430238559,-1,-1,-1
307,613,1623430238560,-1,-1,-1
308,360,1623430239559,-1,-1,-1
309,889,1623430240508,-1,-1,-1
310,899,1623430240508,-1,-1,-1
311,837,1623430241560,-1,-1,-1
312,836,1623430242459,-1,-1,-1
313,842,1623430243458,-1,-1,-1
314,779,1623430244409,-1,-1,-1
315,518,1623430244409,-1,-1,-1
316,334,1623430245407,-1,-1,-1
317,561,1623430245407,-1,-1,-1
318,459,1623430246357,-1,-1,-1
319,359,1623430246357,-1,-1,-1
320,812,1623430247357,-1,-1,-1
321,846,1623430248360,-1,-1,-1
322,336,1623430248360,-1,-1,-1
323,837,1623430249309,-1,-1,-1
324,470,1623430249309,-1,-1,-1
325,299,1623430250307,-1,-1,-1
326,667,1623430251258,-1,-1,-1
327,676,1623430251258,-1,-1,-1
328,382,1623430251258,-1,-1,-1
329,913,1623430253210,-1,-1,-1
330,664,1623430253210,-1,-1,-1
331,581,1623430254211,-1,-1,-1
332,777,1623430254211,-1,-1,-1
333,652,1623430255209,-1,-1,-1
334,753,1623430256158,-1,-1,-1
335,683,1623430257158,-1,-1,-1
336,429,1623430257158,-1,-1,-1
337,375,1623430258110,-1,-1,-1
338,937,1623430259108,-1,-1,-1
339,1188,1623430260058,-1,-1,-1
340,676,1623430260058,-1,-1,-1
341,717,1623430261056,-1,-1,-1
342,654,1623430262009,-1,-1,-1
343,685,1623430262009,-1,-1,-1
344,665,1623430263008,-1,-1,-1
345,659,1623430264009,-1,-1,-1
346,657,1623430264009,-1,-1,-1
347,639,1623430264957,-1,-1,-1
348,666,1623430265957,-1,-1,-1
349,655,1623430265957,-1,-1,-1
350,626,1623430266959,-1,-1,-1
351,688,1623430267907,-1,-1,-1
352,720,1623430268907,-1,-1,-1
353,837,1623430268907,-1,-1,-1
354,1001,1623430270908,-1,-1,-1
355,869,1623430270908,-1,-1,-1
356,768,1623430271807,-1,-1,-1
357,860,1623430272807,-1,-1,-1
358,693,1623430273807,-1,-1,-1
359,757,1623430273807,-1,-1,-1
360,541,1623430274757,-1,-1,-1
361,685,1623430275758,-1,-1,-1
362,674,1623430275758,-1,-1,-1
363,741,1623430276706,-1,-1,-1
364,561,1623430277707,-1,-1,-1
365,647,1623430277707,-1,-1,-1
366,752,1623430278657,-1,-1,-1
367,743,1623430279658,-1,-1,-1
368,603,1623430280658,-1,-1,-1
369,389,1623430280658,-1,-1,-1
370,751,1623430281609,-1,-1,-1
371,707,1623430281609,-1,-1,-1
372,719,1623430282616,-1,-1,-1
373,633,1623430283561,-1,-1,-1
374,675,1623430284559,-1,-1,-1
375,1521,1623430285510,-1,-1,-1
376,480,1623430286508,-1,-1,-1
377,688,1623430286508,-1,-1,-1
378,655,1623430287458,-1,-1,-1
379,626,1623430288457,-1,-1,-1
380,697,1623430288457,-1,-1,-1
381,806,1623430289458,-1,-1,-1
382,708,1623430290408,-1,-1,-1
383,1625,1623430291409,-1,-1,-1
384,696,1623430292409,-1,-1,-1
385,290,1623430292409,-1,-1,-1
386,1027,1623430294359,-1,-1,-1
387,652,1623430294359,-1,-1,-1
388,592,1623430295307,-1,-1,-1
389,712,1623430296308,-1,-1,-1
390,1282,1623430297257,-1,-1,-1
391,560,1623430297257,-1,-1,-1
392,673,1623430298256,-1,-1,-1
393,721,1623430299308,-1,-1,-1
394,608,1623430299308,-1,-1,-1
395,603,1623430300209,-1,-1,-1
396,652,1623430301208,-1,-1,-1
397,755,1623430302160,-1,-1,-1
398,698,1623430302160,-1,-1,-1
399,793,1623430303157,-1,-1,-1
400,672,1623430304109,-1,-1,-1
401,701,1623430304109,-1,-1,-1
402,870,1623430306057,-1,-1,-1
403,1024,1623430306057,-1,-1,-1
404,388,1623430307057,-1,-1,-1
405,660,1623430308059,-1,-1,-1
406,758,1623430308059,-1,-1,-1
407,625,1623430309008,-1,-1,-1
408,668,1623430310058,-1,-1,-1
409,691,1623430310058,-1,-1,-1
410,667,1623430310958,-1,-1,-1
411,622,1623430311960,-1,-1,-1
412,841,1623430312907,-1,-1,-1
413,1189,1623430313907,-1,-1,-1
414,1205,1623430314857,-1,-1,-1
415,983,1623430315859,-1,-1,-1
416,627,1623430316860,-1,-1,-1
417,651,1623430316860,-1,-1,-1
418,654,1623430317806,-1,-1,-1
419,682,1623430318907,-1,-1,-1
420,692,1623430318907,-1,-1,-1
421,680,1623430319757,-1,-1,-1
422,750,1623430320807,-1,-1,-1
423,607,1623430320807,-1,-1,-1
424,762,1623430321707,-1,-1,-1
425,661,1623430322707,-1,-1,-1
426,1455,1623430323657,-1,-1,-1
427,1863,1623430325657,-1,-1,-1
428,630,1623430326608,-1,-1,-1
429,1155,1623430327707,-1,-1,-1
430,1586,1623430329570,-1,-1,-1
431,1746,1623430331512,-1,-1,-1
432,1491,1623430333465,-1,-1,-1
433,1658,1623430334463,-1,-1,-1
434,1169,1623430335408,-1,-1,-1
435,950,1623430336415,-1,-1,-1
436,1129,1623430337356,-1,-1,-1
437,748,1623430338365,-1,-1,-1
438,440,1623430338365,-1,-1,-1
439,743,1623430339358,-1,-1,-1
440,894,1623430340313,-1,-1,-1
441,1673,1623430342259,-1,-1,-1
442,642,1623430342259,-1,-1,-1
443,1208,1623430344214,-1,-1,-1
444,603,1623430344214,-1,-1,-1
445,625,1623430345210,-1,-1,-1
446,600,1623430345210,-1,-1,-1
447,640,1623430346213,-1,-1,-1
448,585,1623430347210,-1,-1,-1
449,620,1623430347210,-1,-1,-1
450,573,1623430348215,-1,-1,-1
451,645,1623430349114,-1,-1,-1
452,577,1623430349114,-1,-1,-1
453,650,1623430350107,-1,-1,-1
454,654,1623430350107,-1,-1,-1
455,690,1623430351061,-1,-1,-1
456,693,1623430352059,-1,-1,-1
457,690,1623430353057,-1,-1,-1
458,707,1623430353057,-1,-1,-1
459,767,1623430354013,-1,-1,-1
460,721,1623430355006,-1,-1,-1
461,732,1623430355957,-1,-1,-1
462,776,1623430355957,-1,-1,-1
463,759,1623430356957,-1,-1,-1
464,745,1623430357907,-1,-1,-1
465,763,1623430358914,-1,-1,-1
466,771,1623430358915,-1,-1,-1
467,753,1623430359913,-1,-1,-1
468,735,1623430360859,-1,-1,-1
469,711,1623430361857,-1,-1,-1
470,708,1623430361857,-1,-1,-1
471,707,1623430362808,-1,-1,-1
472,667,1623430363809,-1,-1,-1
473,692,1623430363809,-1,-1,-1
474,748,1623430364757,-1,-1,-1
475,699,1623430365808,-1,-1,-1
476,986,1623430366761,-1,-1,-1
477,854,1623430367707,-1,-1,-1
478,799,1623430368709,-1,-1,-1
479,778,1623430369657,-1,-1,-1
480,770,1623430369657,-1,-1,-1
481,733,1623430370707,-1,-1,-1
482,881,1623430371610,-1,-1,-1
483,682,1623430372608,-1,-1,-1
484,692,1623430372608,-1,-1,-1
485,756,1623430373611,-1,-1,-1
486,590,1623430374580,-1,-1,-1
487,728,1623430375577,-1,-1,-1
488,688,1623430375577,-1,-1,-1
489,668,1623430376515,-1,-1,-1
490,724,1623430377513,-1,-1,-1
491,696,1623430377513,-1,-1,-1
492,665,1623430378458,-1,-1,-1
493,723,1623430379461,-1,-1,-1
494,730,1623430380464,-1,-1,-1
495,815,1623430380464,-1,-1,-1
496,769,1623430381414,-1,-1,-1
497,724,1623430382465,-1,-1,-1
498,694,1623430383363,-1,-1,-1
499,682,1623430383363,-1,-1,-1
500,651,1623430384359,-1,-1,-1
501,637,1623430385314,-1,-1,-1
502,637,1623430385314,-1,-1,-1
503,648,1623430386312,-1,-1,-1
504,693,1623430387262,-1,-1,-1
505,705,1623430387262,-1,-1,-1
506,752,1623430388260,-1,-1,-1
507,726,1623430389262,-1,-1,-1
508,801,1623430390262,-1,-1,-1
509,744,1623430390262,-1,-1,-1
510,645,1623430391212,-1,-1,-1
511,587,1623430392159,-1,-1,-1
512,1397,1623430393214,-1,-1,-1
513,706,1623430394112,-1,-1,-1
514,714,1623430395110,-1,-1,-1
515,740,1623430395110,-1,-1,-1
516,755,1623430396111,-1,-1,-1
517,784,1623430397062,-1,-1,-1
518,819,1623430398062,-1,-1,-1
519,812,1623430398062,-1,-1,-1
520,884,1623430399013,-1,-1,-1
521,718,1623430400010,-1,-1,-1
522,823,1623430401015,-1,-1,-1
523,1563,1623430403010,-1,-1,-1
524,600,1623430403010,-1,-1,-1
525,885,1623430403909,-1,-1,-1
526,656,1623430404914,-1,-1,-1
527,677,1623430404914,-1,-1,-1
528,703,1623430405862,-1,-1,-1
529,892,1623430406863,-1,-1,-1
530,895,1623430407862,-1,-1,-1
531,845,1623430408812,-1,-1,-1
532,794,1623430409914,-1,-1,-1
533,733,1623430409914,-1,-1,-1
534,733,1623430410762,-1,-1,-1
535,692,1623430411759,-1,-1,-1
536,687,1623430412708,-1,-1,-1
537,712,1623430412708,-1,-1,-1
538,669,1623430413709,-1,-1,-1
539,720,1623430414709,-1,-1,-1
540,673,1623430415659,-1,-1,-1
541,702,1623430415659,-1,-1,-1
542,778,1623430416657,-1,-1,-1
543,757,1623430417609,-1,-1,-1
544,647,1623430417609,-1,-1,-1
545,582,1623430418612,-1,-1,-1
546,1233,1623430420564,-1,-1,-1
547,1045,1623430420564,-1,-1,-1
548,684,1623430421565,-1,-1,-1
549,798,1623430422514,-1,-1,-1
550,1252,1623430424464,-1,-1,-1
551,1346,1623430425464,-1,-1,-1
552,578,1623430425464,-1,-1,-1
553,533,1623430426416,-1,-1,-1
554,864,1623430427413,-1,-1,-1
555,1538,1623430428415,-1,-1,-1
556,716,1623430429363,-1,-1,-1
557,691,1623430430363,-1,-1,-1
558,1451,1623430431313,-1,-1,-1
559,757,1623430432310,-1,-1,-1
560,686,1623430433257,-1,-1,-1
561,699,1623430433258,-1,-1,-1
562,684,1623430434263,-1,-1,-1
563,659,1623430435264,-1,-1,-1
564,709,1623430435264,-1,-1,-1
565,741,1623430436214,-1,-1,-1
566,799,1623430437212,-1,-1,-1
567,801,1623430438163,-1,-1,-1
568,863,1623430439163,-1,-1,-1
569,860,1623430440107,-1,-1,-1
570,813,1623430440107,-1,-1,-1
571,824,1623430441112,-1,-1,-1
572,785,1623430442061,-1,-1,-1
573,773,1623430443109,-1,-1,-1
574,761,1623430444064,-1,-1,-1
575,747,1623430444064,-1,-1,-1
576,776,1623430445014,-1,-1,-1
577,735,1623430446009,-1,-1,-1
578,719,1623430447015,-1,-1,-1
579,748,1623430447015,-1,-1,-1
580,736,1623430447965,-1,-1,-1
581,744,1623430448915,-1,-1,-1
582,727,1623430449914,-1,-1,-1
583,730,1623430449914,-1,-1,-1
584,737,1623430450859,-1,-1,-1
585,703,1623430451863,-1,-1,-1
586,730,1623430452857,-1,-1,-1
587,738,1623430452857,-1,-1,-1
588,732,1623430453812,-1,-1,-1
589,735,1623430454809,-1,-1,-1
590,767,1623430455763,-1,-1,-1
591,752,1623430455763,-1,-1,-1
592,763,1623430456764,-1,-1,-1
593,763,1623430457709,-1,-1,-1
594,728,1623430458712,-1,-1,-1
595,722,1623430458712,-1,-1,-1
596,756,1623430459758,-1,-1,-1
597,758,1623430460662,-1,-1,-1
598,719,1623430461662,-1,-1,-1
599,771,1623430461662,-1,-1,-1
600,794,1623430462610,-1,-1,-1
601,757,1623430463609,-1,-1,-1
602,775,1623430464612,-1,-1,-1
603,805,1623430465575,-1,-1,-1
604,684,1623430465575,-1,-1,-1
605,809,1623430466579,-1,-1,-1
606,755,1623430467514,-1,-1,-1
607,779,1623430468514,-1,-1,-1
608,745,1623430469463,-1,-1,-1
609,1342,1623430470465,-1,-1,-1
610,652,1623430471414,-1,-1,-1
611,684,1623430471415,-1,-1,-1
612,674,1623430472412,-1,-1,-1
613,791,1623430473413,-1,-1,-1
614,1358,1623430474363,-1,-1,-1
615,726,1623430475364,-1,-1,-1
616,824,1623430476313,-1,-1,-1
617,756,1623430477307,-1,-1,-1
618,772,1623430477307,-1,-1,-1
619,875,1623430478262,-1,-1,-1
620,1548,1623430480265,-1,-1,-1
621,718,1623430480265,-1,-1,-1
622,696,1623430481214,-1,-1,-1
623,689,1623430482214,-1,-1,-1
624,700,1623430483164,-1,-1,-1
625,726,1623430483164,-1,-1,-1
626,753,1623430484210,-1,-1,-1
627,760,1623430485111,-1,-1,-1
628,779,1623430486115,-1,-1,-1
629,1039,1623430487164,-1,-1,-1
630,1290,1623430488064,-1,-1,-1
631,795,1623430489063,-1,-1,-1
632,771,1623430490014,-1,-1,-1
633,628,1623430490014,-1,-1,-1
634,782,1623430491014,-1,-1,-1
635,724,1623430491964,-1,-1,-1
636,718,1623430493015,-1,-1,-1
637,743,1623430493015,-1,-1,-1
638,777,1623430493959,-1,-1,-1
639,826,1623430494912,-1,-1,-1
640,780,1623430496008,-1,-1,-1
641,787,1623430496862,-1,-1,-1
642,760,1623430496862,-1,-1,-1
643,756,1623430497912,-1,-1,-1
644,743,1623430498812,-1,-1,-1
645,728,1623430499810,-1,-1,-1
646,741,1623430499810,-1,-1,-1
647,723,1623430500758,-1,-1,-1
648,733,1623430501759,-1,-1,-1
649,759,1623430502764,-1,-1,-1
650,723,1623430503709,-1,-1,-1
651,742,1623430503709,-1,-1,-1
652,739,1623430504712,-1,-1,-1
653,764,1623430505658,-1,-1,-1
654,708,1623430505658,-1,-1,-1
655,750,1623430506659,-1,-1,-1
656,747,1623430507609,-1,-1,-1
657,754,1623430508610,-1,-1,-1
658,753,1623430509610,-1,-1,-1
659,637,1623430509610,-1,-1,-1
660,811,1623430510573,-1,-1,-1
661,705,1623430511574,-1,-1,-1
662,766,1623430512510,-1,-1,-1
663,772,1623430512510,-1,-1,-1
664,750,1623430513508,-1,-1,-1
665,778,1623430514459,-1,-1,-1
666,756,1623430515463,-1,-1,-1
667,745,1623430515463,-1,-1,-1
668,710,1623430516458,-1,-1,-1
669,701,1623430517413,-1,-1,-1
670,828,1623430518410,-1,-1,-1
671,521,1623430518410,-1,-1,-1
672,688,1623430519359,-1,-1,-1
673,703,1623430520365,-1,-1,-1
674,678,1623430520365,-1,-1,-1
675,684,1623430521314,-1,-1,-1
676,697,1623430522314,-1,-1,-1
677,718,1623430523315,-1,-1,-1
678,718,1623430523315,-1,-1,-1
679,696,1623430524258,-1,-1,-1
680,727,1623430525262,-1,-1,-1
681,780,1623430525263,-1,-1,-1
682,729,1623430526214,-1,-1,-1
683,704,1623430527212,-1,-1,-1
684,690,1623430528157,-1,-1,-1
685,675,1623430528157,-1,-1,-1
686,661,1623430529163,-1,-1,-1
687,373,1623430529163,-1,-1,-1
688,987,1623430530164,-1,-1,-1
689,699,1623430531114,-1,-1,-1
690,756,1623430532112,-1,-1,-1
691,711,1623430533161,-1,-1,-1
692,653,1623430533161,-1,-1,-1
693,751,1623430534062,-1,-1,-1
694,757,1623430535064,-1,-1,-1
695,820,1623430536012,-1,-1,-1
696,802,1623430537014,-1,-1,-1
697,812,1623430537014,-1,-1,-1
698,779,1623430537963,-1,-1,-1
699,771,1623430538963,-1,-1,-1
700,736,1623430539914,-1,-1,-1
701,752,1623430539914,-1,-1,-1
702,763,1623430540912,-1,-1,-1
703,696,1623430541864,-1,-1,-1
704,750,1623430542913,-1,-1,-1
705,790,1623430543809,-1,-1,-1
706,737,1623430543809,-1,-1,-1
707,746,1623430544813,-1,-1,-1
708,775,1623430545763,-1,-1,-1
709,801,1623430546758,-1,-1,-1
710,763,1623430546758,-1,-1,-1
711,791,1623430547761,-1,-1,-1
712,805,1623430548709,-1,-1,-1
713,724,1623430549708,-1,-1,-1
714,781,1623430550657,-1,-1,-1
715,774,1623430550657,-1,-1,-1
716,762,1623430551657,-1,-1,-1
717,730,1623430552610,-1,-1,-1
718,767,1623430553610,-1,-1,-1
719,799,1623430554573,-1,-1,-1
720,726,1623430554573,-1,-1,-1
721,793,1623430555572,-1,-1,-1
722,786,1623430556569,-1,-1,-1
723,762,1623430557512,-1,-1,-1
724,786,1623430558514,-1,-1,-1
725,765,1623430558514,-1,-1,-1
726,720,1623430559463,-1,-1,-1
727,731,1623430560514,-1,-1,-1
728,719,1623430560514,-1,-1,-1
729,738,1623430561412,-1,-1,-1
730,703,1623430562414,-1,-1,-1
731,738,1623430563412,-1,-1,-1
732,775,1623430564363,-1,-1,-1
733,793,1623430564363,-1,-1,-1
734,723,1623430565364,-1,-1,-1
735,753,1623430566314,-1,-1,-1
736,765,1623430567312,-1,-1,-1
737,746,1623430567312,-1,-1,-1
738,733,1623430568263,-1,-1,-1
739,758,1623430569264,-1,-1,-1
740,776,1623430570262,-1,-1,-1
741,773,1623430570262,-1,-1,-1
742,817,1623430571213,-1,-1,-1
743,744,1623430572214,-1,-1,-1
744,804,1623430573164,-1,-1,-1
745,825,1623430574163,-1,-1,-1
746,664,1623430574163,-1,-1,-1
747,774,1623430575114,-1,-1,-1
748,708,1623430576163,-1,-1,-1
749,737,1623430577109,-1,-1,-1
750,678,1623430577109,-1,-1,-1
751,719,1623430578057,-1,-1,-1
752,759,1623430579059,-1,-1,-1
753,737,1623430580007,-1,-1,-1
754,815,1623430580007,-1,-1,-1
755,800,1623430581011,-1,-1,-1
756,765,1623430582007,-1,-1,-1
757,833,1623430582962,-1,-1,-1
758,757,1623430583964,-1,-1,-1
759,630,1623430584907,-1,-1,-1
760,575,1623430584907,-1,-1,-1
761,955,1623430585907,-1,-1,-1
762,526,1623430585908,-1,-1,-1
763,937,1623430586858,-1,-1,-1
764,490,1623430587857,-1,-1,-1
765,682,1623430588861,-1,-1,-1
766,655,1623430588861,-1,-1,-1
767,568,1623430589858,-1,-1,-1
768,967,1623430590807,-1,-1,-1
769,717,1623430591761,-1,-1,-1
770,661,1623430591761,-1,-1,-1
771,996,1623430592807,-1,-1,-1
772,627,1623430593707,-1,-1,-1
773,553,1623430593707,-1,-1,-1
774,760,1623430594707,-1,-1,-1
775,489,1623430595658,-1,-1,-1
776,819,1623430596657,-1,-1,-1
777,689,1623430596657,-1,-1,-1
778,684,1623430597709,-1,-1,-1
779,684,1623430598608,-1,-1,-1
780,756,1623430598608,-1,-1,-1
781,804,1623430599607,-1,-1,-1
782,863,1623430600582,-1,-1,-1
783,944,1623430601564,-1,-1,-1
784,893,1623430602514,-1,-1,-1
785,879,1623430603509,-1,-1,-1
786,888,1623430604508,-1,-1,-1
787,819,1623430605459,-1,-1,-1
788,784,1623430606461,-1,-1,-1
789,819,1623430606462,-1,-1,-1
790,845,1623430607414,-1,-1,-1
791,803,1623430608407,-1,-1,-1
792,837,1623430609357,-1,-1,-1
793,842,1623430610361,-1,-1,-1
794,800,1623430611358,-1,-1,-1
795,875,1623430612310,-1,-1,-1
796,852,1623430612310,-1,-1,-1
797,828,1623430613308,-1,-1,-1
798,834,1623430614263,-1,-1,-1
799,794,1623430615258,-1,-1,-1
800,807,1623430616209,-1,-1,-1
801,810,1623430617261,-1,-1,-1
802,812,1623430617262,-1,-1,-1
803,827,1623430618207,-1,-1,-1
804,819,1623430619159,-1,-1,-1
805,821,1623430620158,-1,-1,-1
806,852,1623430621106,-1,-1,-1
807,819,1623430622159,-1,-1,-1
808,822,1623430622159,-1,-1,-1
809,824,1623430623060,-1,-1,-1
810,789,1623430624058,-1,-1,-1
811,804,1623430625006,-1,-1,-1
812,774,1623430626058,-1,-1,-1
813,752,1623430626058,-1,-1,-1
814,764,1623430627017,-1,-1,-1
815,765,1623430627963,-1,-1,-1
816,792,1623430628959,-1,-1,-1
817,803,1623430629907,-1,-1,-1
818,875,1623430630908,-1,-1,-1
819,888,1623430630908,-1,-1,-1
820,837,1623430631859,-1,-1,-1
821,800,1623430632857,-1,-1,-1
822,779,1623430633857,-1,-1,-1
823,780,1623430634811,-1,-1,-1
824,775,1623430635806,-1,-1,-1
825,783,1623430635806,-1,-1,-1
826,801,1623430636758,-1,-1,-1
827,831,1623430637762,-1,-1,-1
828,841,1623430638708,-1,-1,-1
829,880,1623430639711,-1,-1,-1
830,863,1623430640707,-1,-1,-1
831,849,1623430641657,-1,-1,-1
832,837,1623430641657,-1,-1,-1
833,795,1623430642661,-1,-1,-1
834,780,1623430643612,-1,-1,-1
835,764,1623430644623,-1,-1,-1
836,756,1623430645622,-1,-1,-1
837,770,1623430645622,-1,-1,-1
838,799,1623430646566,-1,-1,-1
839,803,1623430647562,-1,-1,-1
840,859,1623430648562,-1,-1,-1
841,897,1623430649507,-1,-1,-1
842,887,1623430650507,-1,-1,-1
843,883,1623430651457,-1,-1,-1
844,855,1623430651457,-1,-1,-1
845,420,1623430652460,-1,-1,-1
846,480,1623430652460,-1,-1,-1
847,788,1623430653409,-1,-1,-1
848,837,1623430654413,-1,-1,-1
849,701,1623430655358,-1,-1,-1
850,756,1623430655358,-1,-1,-1
851,727,1623430656362,-1,-1,-1
852,724,1623430657311,-1,-1,-1
853,715,1623430658360,-1,-1,-1
854,717,1623430658360,-1,-1,-1
855,737,1623430659258,-1,-1,-1
856,831,1623430660256,-1,-1,-1
857,864,1623430661262,-1,-1,-1
858,845,1623430662208,-1,-1,-1
859,861,1623430663208,-1,-1,-1
860,829,1623430664163,-1,-1,-1
861,813,1623430664163,-1,-1,-1
862,805,1623430665159,-1,-1,-1
863,790,1623430666168,-1,-1,-1
864,775,1623430667127,-1,-1,-1
865,788,1623430668123,-1,-1,-1
866,798,1623430668124,-1,-1,-1
867,790,1623430669085,-1,-1,-1
868,792,1623430670058,-1,-1,-1
869,788,1623430671058,-1,-1,-1
870,769,1623430672008,-1,-1,-1
871,764,1623430672008,-1,-1,-1
872,767,1623430673008,-1,-1,-1
873,774,1623430673958,-1,-1,-1
874,781,1623430674958,-1,-1,-1
875,812,1623430675958,-1,-1,-1
876,837,1623430675958,-1,-1,-1
877,818,1623430676909,-1,-1,-1
878,819,1623430677856,-1,-1,-1
879,865,1623430678859,-1,-1,-1
880,826,1623430679857,-1,-1,-1
881,782,1623430680808,-1,-1,-1
882,493,1623430680808,-1,-1,-1
883,311,1623430681809,-1,-1,-1
884,759,1623430681809,-1,-1,-1
885,797,1623430682760,-1,-1,-1
886,817,1623430683759,-1,-1,-1
887,810,1623430684709,-1,-1,-1
888,826,1623430685707,-1,-1,-1
889,828,1623430685707,-1,-1,-1
890,820,1623430686710,-1,-1,-1
891,805,1623430687660,-1,-1,-1
892,815,1623430688657,-1,-1,-1
893,815,1623430689619,-1,-1,-1
894,811,1623430690613,-1,-1,-1
895,809,1623430690613,-1,-1,-1
896,805,1623430691562,-1,-1,-1
897,794,1623430692570,-1,-1,-1
898,795,1623430693509,-1,-1,-1
899,784,1623430694507,-1,-1,-1
900,755,1623430694507,-1,-1,-1
901,751,1623430695507,-1,-1,-1
902,750,1623430696458,-1,-1,-1
903,746,1623430697457,-1,-1,-1
904,761,1623430698414,-1,-1,-1
905,736,1623430698414,-1,-1,-1
906,735,1623430699408,-1,-1,-1
907,769,1623430700406,-1,-1,-1
908,830,1623430701408,-1,-1,-1
909,851,1623430702357,-1,-1,-1
910,843,1623430702357,-1,-1,-1
911,836,1623430703407,-1,-1,-1
912,788,1623430704306,-1,-1,-1
913,815,1623430705256,-1,-1,-1
914,797,1623430706256,-1,-1,-1
915,782,1623430706256,-1,-1,-1
916,796,1623430707214,-1,-1,-1
917,789,1623430708208,-1,-1,-1
918,800,1623430709208,-1,-1,-1
919,791,1623430710160,-1,-1,-1
920,781,1623430711162,-1,-1,-1
921,797,1623430711162,-1,-1,-1
922,817,1623430712108,-1,-1,-1
923,786,1623430713111,-1,-1,-1
924,798,1623430714059,-1,-1,-1
925,836,1623430715056,-1,-1,-1
926,809,1623430716061,-1,-1,-1
927,809,1623430716062,-1,-1,-1
928,809,1623430717008,-1,-1,-1
929,764,1623430718008,-1,-1,-1
930,754,1623430718958,-1,-1,-1
931,761,1623430718958,-1,-1,-1
932,857,1623430719957,-1,-1,-1
933,856,1623430720908,-1,-1,-1
934,796,1623430721908,-1,-1,-1
935,814,1623430722857,-1,-1,-1
936,857,1623430723856,-1,-1,-1
937,818,1623430724858,-1,-1,-1
938,805,1623430724859,-1,-1,-1
939,767,1623430725856,-1,-1,-1
940,745,1623430726807,-1,-1,-1
941,748,1623430727760,-1,-1,-1
942,735,1623430728757,-1,-1,-1
943,756,1623430728757,-1,-1,-1
944,792,1623430729706,-1,-1,-1
945,794,1623430730706,-1,-1,-1
946,831,1623430731711,-1,-1,-1
947,809,1623430732681,-1,-1,-1
948,826,1623430732681,-1,-1,-1
949,825,1623430733665,-1,-1,-1
950,839,1623430734611,-1,-1,-1
951,763,1623430735630,-1,-1,-1
952,738,1623430736562,-1,-1,-1
953,734,1623430736562,-1,-1,-1
954,746,1623430737563,-1,-1,-1
955,864,1623430738561,-1,-1,-1
956,943,1623430739509,-1,-1,-1
957,950,1623430740508,-1,-1,-1
958,901,1623430741458,-1,-1,-1
959,827,1623430742465,-1,-1,-1
960,793,1623430743465,-1,-1,-1
961,773,1623430743465,-1,-1,-1
962,734,1623430744406,-1,-1,-1
963,745,1623430745412,-1,-1,-1
964,741,1623430746363,-1,-1,-1
965,761,1623430746363,-1,-1,-1
966,760,1623430747362,-1,-1,-1
967,755,1623430748413,-1,-1,-1
968,751,1623430749313,-1,-1,-1
969,786,1623430750257,-1,-1,-1
970,859,1623430750257,-1,-1,-1
971,904,1623430751262,-1,-1,-1
972,842,1623430752260,-1,-1,-1
973,799,1623430753206,-1,-1,-1
974,761,1623430754213,-1,-1,-1
975,757,1623430755163,-1,-1,-1
976,744,1623430755163,-1,-1,-1
977,715,1623430756161,-1,-1,-1
978,726,1623430757112,-1,-1,-1
979,720,1623430758113,-1,-1,-1
980,722,1623430758113,-1,-1,-1
981,767,1623430759107,-1,-1,-1
982,842,1623430760058,-1,-1,-1
983,846,1623430761059,-1,-1,-1
984,803,1623430762012,-1,-1,-1
985,772,1623430762012,-1,-1,-1
986,748,1623430763006,-1,-1,-1
987,748,1623430763957,-1,-1,-1
988,752,1623430764958,-1,-1,-1
989,757,1623430764958,-1,-1,-1
990,778,1623430765907,-1,-1,-1
991,779,1623430766908,-1,-1,-1
992,747,1623430767856,-1,-1,-1
993,761,1623430768856,-1,-1,-1
994,725,1623430768856,-1,-1,-1
995,779,1623430769811,-1,-1,-1
996,790,1623430770806,-1,-1,-1
997,722,1623430771807,-1,-1,-1
998,757,1623430771807,-1,-1,-1
999,769,1623430772808,-1,-1,-1
1000,784,1623430773756,-1,-1,-1
1001,788,1623430774708,-1,-1,-1
1002,801,1623430775759,-1,-1,-1
1003,786,1623430775759,-1,-1,-1
1004,803,1623430776658,-1,-1,-1
1005,811,1623430777658,-1,-1,-1
1006,837,1623430778656,-1,-1,-1
1007,771,1623430779658,-1,-1,-1
1008,801,1623430780621,-1,-1,-1
1009,776,1623430780621,-1,-1,-1
1010,761,1623430781562,-1,-1,-1
1011,799,1623430782569,-1,-1,-1
1012,768,1623430783507,-1,-1,-1
1013,744,1623430784515,-1,-1,-1
1014,772,1623430784515,-1,-1,-1
1015,697,1623430785510,-1,-1,-1
1016,713,1623430786456,-1,-1,-1
1017,694,1623430786456,-1,-1,-1
1018,696,1623430787461,-1,-1,-1
1019,750,1623430788406,-1,-1,-1
1020,943,1623430789410,-1,-1,-1
1021,906,1623430790360,-1,-1,-1
1022,890,1623430791357,-1,-1,-1
1023,853,1623430792409,-1,-1,-1
1024,820,1623430792409,-1,-1,-1
1025,784,1623430793358,-1,-1,-1
1026,760,1623430794310,-1,-1,-1
1027,745,1623430795260,-1,-1,-1
1028,752,1623430796264,-1,-1,-1
1029,750,1623430796264,-1,-1,-1
1030,761,1623430797206,-1,-1,-1
1031,777,1623430798207,-1,-1,-1
1032,931,1623430799160,-1,-1,-1
1033,950,1623430800158,-1,-1,-1
1034,792,1623430801207,-1,-1,-1
1035,515,1623430801207,-1,-1,-1
1036,1095,1623430802108,-1,-1,-1
1037,761,1623430803109,-1,-1,-1
1038,772,1623430804071,-1,-1,-1
1039,645,1623430805060,-1,-1,-1
1040,708,1623430805060,-1,-1,-1
1041,746,1623430806060,-1,-1,-1
1042,778,1623430807012,-1,-1,-1
1043,802,1623430808010,-1,-1,-1
1044,836,1623430808010,-1,-1,-1
1045,827,1623430809007,-1,-1,-1
1046,816,1623430809956,-1,-1,-1
1047,836,1623430810911,-1,-1,-1
1048,795,1623430811907,-1,-1,-1
1049,788,1623430812908,-1,-1,-1
1050,755,1623430812908,-1,-1,-1
1051,797,1623430813907,-1,-1,-1
1052,852,1623430814859,-1,-1,-1
1053,891,1623430815809,-1,-1,-1
1054,816,1623430816806,-1,-1,-1
1055,799,1623430817810,-1,-1,-1
1056,773,1623430817810,-1,-1,-1
1057,766,1623430818767,-1,-1,-1
1058,761,1623430819708,-1,-1,-1
1059,758,1623430820707,-1,-1,-1
1060,792,1623430821708,-1,-1,-1
1061,896,1623430822656,-1,-1,-1
1062,1020,1623430823656,-1,-1,-1
1063,961,1623430824609,-1,-1,-1
1064,877,1623430824609,-1,-1,-1
1065,869,1623430825626,-1,-1,-1
1066,861,1623430826616,-1,-1,-1
1067,827,1623430827581,-1,-1,-1
1068,805,1623430828563,-1,-1,-1
1069,819,1623430829508,-1,-1,-1
1070,885,1623430830508,-1,-1,-1
1071,870,1623430831457,-1,-1,-1
1072,904,1623430831457,-1,-1,-1
1073,825,1623430832459,-1,-1,-1
1074,755,1623430833409,-1,-1,-1
1075,816,1623430834407,-1,-1,-1
1076,768,1623430835413,-1,-1,-1
1077,825,1623430836362,-1,-1,-1
1078,853,1623430836362,-1,-1,-1
1079,867,1623430837357,-1,-1,-1
1080,884,1623430838308,-1,-1,-1
1081,816,1623430839307,-1,-1,-1
1082,652,1623430840261,-1,-1,-1
1083,805,1623430841260,-1,-1,-1
1084,593,1623430841260,-1,-1,-1
1085,707,1623430842256,-1,-1,-1
1086,922,1623430843215,-1,-1,-1
1087,600,1623430843215,-1,-1,-1
1088,747,1623430844207,-1,-1,-1
1089,633,1623430845258,-1,-1,-1
1090,635,1623430845258,-1,-1,-1
1091,700,1623430846158,-1,-1,-1
1092,680,1623430847210,-1,-1,-1
1093,681,1623430848108,-1,-1,-1
1094,713,1623430848108,-1,-1,-1
1095,693,1623430849109,-1,-1,-1
1096,698,1623430850058,-1,-1,-1
1097,678,1623430850058,-1,-1,-1
1098,687,1623430851060,-1,-1,-1
1099,676,1623430852010,-1,-1,-1
1100,697,1623430853012,-1,-1,-1
1101,716,1623430853012,-1,-1,-1
1102,731,1623430853960,-1,-1,-1
1103,747,1623430854958,-1,-1,-1
1104,774,1623430855908,-1,-1,-1
1105,818,1623430855908,-1,-1,-1
1106,863,1623430856906,-1,-1,-1
1107,861,1623430857916,-1,-1,-1
1108,870,1623430858912,-1,-1,-1
1109,807,1623430859857,-1,-1,-1
1110,794,1623430860812,-1,-1,-1
1111,787,1623430861808,-1,-1,-1
1112,795,1623430861808,-1,-1,-1
1113,820,1623430862759,-1,-1,-1
1114,842,1623430863757,-1,-1,-1
1115,809,1623430864709,-1,-1,-1
1116,812,1623430865714,-1,-1,-1
1117,817,1623430866708,-1,-1,-1
1118,803,1623430866708,-1,-1,-1
1119,828,1623430867660,-1,-1,-1
1120,821,1623430868658,-1,-1,-1
1121,798,1623430869606,-1,-1,-1
1122,795,1623430870621,-1,-1,-1
1123,801,1623430870621,-1,-1,-1
1124,788,1623430871561,-1,-1,-1
1125,793,1623430872563,-1,-1,-1
1126,787,1623430873565,-1,-1,-1
1127,790,1623430874520,-1,-1,-1
1128,799,1623430875506,-1,-1,-1
1129,778,1623430875506,-1,-1,-1
1130,758,1623430876457,-1,-1,-1
1131,715,1623430877457,-1,-1,-1
1132,699,1623430878407,-1,-1,-1
1133,687,1623430878407,-1,-1,-1
1134,752,1623430879418,-1,-1,-1
1135,985,1623430880420,-1,-1,-1
1136,899,1623430881359,-1,-1,-1
1137,854,1623430882358,-1,-1,-1
1138,763,1623430883308,-1,-1,-1
1139,754,1623430883308,-1,-1,-1
1140,762,1623430884307,-1,-1,-1
1141,787,1623430885267,-1,-1,-1
1142,794,1623430886262,-1,-1,-1
1143,809,1623430887208,-1,-1,-1
1144,744,1623430887208,-1,-1,-1
1145,744,1623430888213,-1,-1,-1
1146,729,1623430889208,-1,-1,-1
1147,737,1623430890162,-1,-1,-1
1148,739,1623430890162,-1,-1,-1
1149,763,1623430891158,-1,-1,-1
1150,810,1623430892159,-1,-1,-1
1151,907,1623430893107,-1,-1,-1
1152,912,1623430894057,-1,-1,-1
1153,855,1623430895109,-1,-1,-1
1154,852,1623430896061,-1,-1,-1
1155,821,1623430896061,-1,-1,-1
1156,782,1623430897008,-1,-1,-1
1157,769,1623430898011,-1,-1,-1
1158,731,1623430898958,-1,-1,-1
1159,706,1623430898958,-1,-1,-1
1160,781,1623430899957,-1,-1,-1
1161,863,1623430900908,-1,-1,-1
1162,949,1623430901909,-1,-1,-1
1163,851,1623430902858,-1,-1,-1
1164,862,1623430903858,-1,-1,-1
1165,834,1623430904858,-1,-1,-1
1166,782,1623430905808,-1,-1,-1
1167,782,1623430905808,-1,-1,-1
1168,771,1623430906809,-1,-1,-1
1169,771,1623430907758,-1,-1,-1
1170,761,1623430908758,-1,-1,-1
1171,745,1623430908758,-1,-1,-1
1172,750,1623430909758,-1,-1,-1
1173,737,1623430910708,-1,-1,-1
1174,736,1623430911711,-1,-1,-1
1175,739,1623430911711,-1,-1,-1
1176,735,1623430912660,-1,-1,-1
1177,724,1623430913658,-1,-1,-1
1178,742,1623430914609,-1,-1,-1
1179,718,1623430914609,-1,-1,-1
1180,703,1623430915610,-1,-1,-1
1181,673,1623430916573,-1,-1,-1
1182,662,1623430917565,-1,-1,-1
1183,652,1623430917565,-1,-1,-1
1184,656,1623430918577,-1,-1,-1
1185,687,1623430919512,-1,-1,-1
1186,728,1623430919512,-1,-1,-1
1187,764,1623430920514,-1,-1,-1
1188,779,1623430921458,-1,-1,-1
1189,815,1623430922462,-1,-1,-1
1190,845,1623430923413,-1,-1,-1
1191,917,1623430924414,-1,-1,-1
1192,842,1623430924415,-1,-1,-1
1193,769,1623430925408,-1,-1,-1
1194,721,1623430926358,-1,-1,-1
1195,700,1623430927363,-1,-1,-1
1196,693,1623430927363,-1,-1,-1
1197,735,1623430928314,-1,-1,-1
1198,951,1623430929312,-1,-1,-1
1199,821,1623430930264,-1,-1,-1
1200,788,1623430931263,-1,-1,-1
1201,794,1623430932216,-1,-1,-1
1202,816,1623430932216,-1,-1,-1
1203,837,1623430933213,-1,-1,-1
1204,795,1623430934215,-1,-1,-1
1205,815,1623430935164,-1,-1,-1
1206,773,1623430936157,-1,-1,-1
1207,766,1623430936157,-1,-1,-1
1208,742,1623430937111,-1,-1,-1
1209,721,1623430938123,-1,-1,-1
1210,709,1623430939070,-1,-1,-1
1211,710,1623430939070,-1,-1,-1
1212,597,1623430940058,-1,-1,-1
1213,778,1623430941060,-1,-1,-1
1214,659,1623430941060,-1,-1,-1
1215,693,1623430942064,-1,-1,-1
1216,673,1623430943010,-1,-1,-1
1217,698,1623430943956,-1,-1,-1
1218,678,1623430943956,-1,-1,-1
1219,671,1623430944963,-1,-1,-1
1220,653,1623430945960,-1,-1,-1
1221,639,1623430945960,-1,-1,-1
1222,641,1623430946914,-1,-1,-1
1223,660,1623430947906,-1,-1,-1
1224,688,1623430947906,-1,-1,-1
1225,728,1623430948856,-1,-1,-1
1226,709,1623430949864,-1,-1,-1
1227,712,1623430950807,-1,-1,-1
1228,698,1623430950807,-1,-1,-1
1229,697,1623430951807,-1,-1,-1
1230,705,1623430952808,-1,-1,-1
1231,706,1623430952809,-1,-1,-1
1232,693,1623430953757,-1,-1,-1
1233,691,1623430954768,-1,-1,-1
1234,702,1623430955757,-1,-1,-1
1235,695,1623430955757,-1,-1,-1
1236,685,1623430956708,-1,-1,-1
1237,690,1623430957656,-1,-1,-1
1238,698,1623430957656,-1,-1,-1
1239,699,1623430958658,-1,-1,-1
1240,712,1623430959656,-1,-1,-1
1241,696,1623430960608,-1,-1,-1
1242,699,1623430960608,-1,-1,-1
1243,694,1623430961608,-1,-1,-1
1244,683,1623430962610,-1,-1,-1
1245,672,1623430962611,-1,-1,-1
1246,659,1623430963566,-1,-1,-1
1247,655,1623430964512,-1,-1,-1
1248,621,1623430964512,-1,-1,-1
1249,672,1623430965506,-1,-1,-1
1250,673,1623430966511,-1,-1,-1
1251,665,1623430966511,-1,-1,-1
1252,686,1623430967462,-1,-1,-1
1253,728,1623430968465,-1,-1,-1
1254,731,1623430969416,-1,-1,-1
1255,732,1623430969416,-1,-1,-1
1256,750,1623430970412,-1,-1,-1
1257,777,1623430971359,-1,-1,-1
1258,775,1623430972356,-1,-1,-1
1259,753,1623430972356,-1,-1,-1
1260,724,1623430973364,-1,-1,-1
1261,743,1623430974307,-1,-1,-1
1262,751,1623430975306,-1,-1,-1
1263,895,1623430976257,-1,-1,-1
1264,830,1623430976257,-1,-1,-1
1265,800,1623430977258,-1,-1,-1
1266,782,1623430978206,-1,-1,-1
1267,773,1623430979222,-1,-1,-1
1268,828,1623430980210,-1,-1,-1
1269,776,1623430981159,-1,-1,-1
1270,798,1623430981159,-1,-1,-1
1271,805,1623430982157,-1,-1,-1
1272,752,1623430983108,-1,-1,-1
1273,774,1623430984108,-1,-1,-1
1274,777,1623430985056,-1,-1,-1
1275,746,1623430985056,-1,-1,-1
1276,744,1623430986060,-1,-1,-1
1277,786,1623430987007,-1,-1,-1
1278,738,1623430988013,-1,-1,-1
1279,772,1623430988013,-1,-1,-1
1280,789,1623430989009,-1,-1,-1
1281,760,1623430989963,-1,-1,-1
1282,765,1623430990958,-1,-1,-1
1283,750,1623430991906,-1,-1,-1
1284,740,1623430991906,-1,-1,-1
1285,774,1623430992959,-1,-1,-1
1286,768,1623430993909,-1,-1,-1
1287,804,1623430994860,-1,-1,-1
1288,814,1623430995858,-1,-1,-1
1289,787,1623430995858,-1,-1,-1
1290,794,1623430996807,-1,-1,-1
1291,759,1623430997807,-1,-1,-1
1292,745,1623430998764,-1,-1,-1
1293,744,1623430998765,-1,-1,-1
1294,788,1623430999756,-1,-1,-1
1295,883,1623431000758,-1,-1,-1
1296,995,1623431001706,-1,-1,-1
1297,875,1623431002711,-1,-1,-1
1298,845,1623431003659,-1,-1,-1
1299,811,1623431004660,-1,-1,-1
1300,755,1623431005616,-1,-1,-1
1301,757,1623431005616,-1,-1,-1
1302,705,1623431006612,-1,-1,-1
1303,727,1623431007612,-1,-1,-1
1304,715,1623431007612,-1,-1,-1
1305,688,1623431008563,-1,-1,-1
1306,695,1623431009563,-1,-1,-1
1307,707,1623431010511,-1,-1,-1
1308,751,1623431010511,-1,-1,-1
1309,797,1623431011508,-1,-1,-1
1310,814,1623431012515,-1,-1,-1
1311,792,1623431013463,-1,-1,-1
1312,747,1623431014462,-1,-1,-1
1313,712,1623431014462,-1,-1,-1
1314,730,1623431015414,-1,-1,-1
1315,678,1623431016415,-1,-1,-1
1316,722,1623431017356,-1,-1,-1
1317,721,1623431017357,-1,-1,-1
1318,704,1623431018361,-1,-1,-1
1319,719,1623431019363,-1,-1,-1
1320,742,1623431019363,-1,-1,-1
1321,769,1623431020306,-1,-1,-1
1322,771,1623431021362,-1,-1,-1
1323,750,1623431022258,-1,-1,-1
1324,716,1623431023256,-1,-1,-1
1325,716,1623431023256,-1,-1,-1
1326,707,1623431024209,-1,-1,-1
1327,713,1623431025210,-1,-1,-1
1328,718,1623431025210,-1,-1,-1
1329,729,1623431026213,-1,-1,-1
1330,716,1623431027161,-1,-1,-1
1331,702,1623431028159,-1,-1,-1
1332,713,1623431028160,-1,-1,-1
1333,687,1623431029110,-1,-1,-1
1334,706,1623431030106,-1,-1,-1
1335,681,1623431030106,-1,-1,-1
1336,683,1623431031056,-1,-1,-1
1337,704,1623431032059,-1,-1,-1
1338,781,1623431033057,-1,-1,-1
1339,831,1623431034058,-1,-1,-1
1340,800,1623431034058,-1,-1,-1
1341,766,1623431035008,-1,-1,-1
1342,751,1623431035957,-1,-1,-1
1343,768,1623431036961,-1,-1,-1
1344,773,1623431037906,-1,-1,-1
1345,780,1623431037906,-1,-1,-1
1346,783,1623431038906,-1,-1,-1
1347,785,1623431039911,-1,-1,-1
1348,790,1623431040955,-1,-1,-1
1349,771,1623431041862,-1,-1,-1
1350,759,1623431041862,-1,-1,-1
1351,768,1623431042811,-1,-1,-1
1352,798,1623431043808,-1,-1,-1
1353,797,1623431044806,-1,-1,-1
1354,812,1623431045759,-1,-1,-1
1355,857,1623431045759,-1,-1,-1
1356,909,1623431046756,-1,-1,-1
1357,830,1623431047712,-1,-1,-1
1358,828,1623431048715,-1,-1,-1
1359,841,1623431049658,-1,-1,-1
1360,803,1623431050657,-1,-1,-1
1361,812,1623431051658,-1,-1,-1
1362,794,1623431051658,-1,-1,-1
1363,786,1623431052611,-1,-1,-1
1364,804,1623431053608,-1,-1,-1
1365,816,1623431054607,-1,-1,-1
1366,844,1623431055565,-1,-1,-1
1367,836,1623431056508,-1,-1,-1
1368,811,1623431056508,-1,-1,-1
1369,837,1623431057513,-1,-1,-1
1370,825,1623431058507,-1,-1,-1
1371,786,1623431059466,-1,-1,-1
1372,783,1623431060460,-1,-1,-1
1373,774,1623431060460,-1,-1,-1
1374,750,1623431061408,-1,-1,-1
1375,753,1623431062406,-1,-1,-1
1376,778,1623431063363,-1,-1,-1
1377,880,1623431064356,-1,-1,-1
1378,881,1623431065312,-1,-1,-1
1379,838,1623431065312,-1,-1,-1
1380,800,1623431066308,-1,-1,-1
1381,718,1623431067256,-1,-1,-1
1382,731,1623431068259,-1,-1,-1
1383,714,1623431069260,-1,-1,-1
1384,700,1623431069261,-1,-1,-1
1385,726,1623431070208,-1,-1,-1
1386,747,1623431071260,-1,-1,-1
1387,746,1623431071260,-1,-1,-1
1388,745,1623431072160,-1,-1,-1
1389,782,1623431073158,-1,-1,-1
1390,818,1623431074107,-1,-1,-1
1391,872,1623431075112,-1,-1,-1
1392,797,1623431076111,-1,-1,-1
1393,750,1623431076111,-1,-1,-1
1394,726,1623431077057,-1,-1,-1
1395,748,1623431078056,-1,-1,-1
1396,787,1623431079006,-1,-1,-1
1397,834,1623431080009,-1,-1,-1
1398,801,1623431080009,-1,-1,-1
1399,789,1623431081008,-1,-1,-1
1400,739,1623431081962,-1,-1,-1
1401,723,1623431082956,-1,-1,-1
1402,685,1623431082956,-1,-1,-1
1403,678,1623431083909,-1,-1,-1
1404,670,1623431084906,-1,-1,-1
1405,684,1623431084906,-1,-1,-1
1406,710,1623431085856,-1,-1,-1
1407,833,1623431086857,-1,-1,-1
1408,933,1623431087861,-1,-1,-1
1409,872,1623431088806,-1,-1,-1
1410,859,1623431089809,-1,-1,-1
1411,810,1623431090758,-1,-1,-1
1412,746,1623431090758,-1,-1,-1
1413,733,1623431091761,-1,-1,-1
1414,786,1623431092707,-1,-1,-1
1415,778,1623431093710,-1,-1,-1
1416,761,1623431093710,-1,-1,-1
1417,764,1623431094707,-1,-1,-1
1418,792,1623431095656,-1,-1,-1
1419,1012,1623431096659,-1,-1,-1
1420,905,1623431097609,-1,-1,-1
1421,864,1623431098608,-1,-1,-1
1422,858,1623431099615,-1,-1,-1
1423,502,1623431099615,-1,-1,-1
1424,346,1623431100562,-1,-1,-1
1425,863,1623431100562,-1,-1,-1
1426,831,1623431101561,-1,-1,-1
1427,861,1623431102508,-1,-1,-1
1428,838,1623431103507,-1,-1,-1
1429,832,1623431104509,-1,-1,-1
1430,813,1623431105458,-1,-1,-1
1431,760,1623431106511,-1,-1,-1
1432,759,1623431106511,-1,-1,-1
1433,730,1623431107407,-1,-1,-1
1434,753,1623431108407,-1,-1,-1
1435,784,1623431109356,-1,-1,-1
1436,817,1623431109356,-1,-1,-1
1437,870,1623431110362,-1,-1,-1
1438,856,1623431111306,-1,-1,-1
1439,856,1623431112319,-1,-1,-1
1440,794,1623431113256,-1,-1,-1
1441,840,1623431114256,-1,-1,-1
1442,743,1623431115256,-1,-1,-1
1443,755,1623431115256,-1,-1,-1
1444,805,1623431116209,-1,-1,-1
1445,782,1623431117206,-1,-1,-1
1446,750,1623431118168,-1,-1,-1
1447,828,1623431119159,-1,-1,-1
1448,789,1623431119160,-1,-1,-1
1449,808,1623431120107,-1,-1,-1
1450,850,1623431121105,-1,-1,-1
1451,795,1623431122057,-1,-1,-1
1452,881,1623431123056,-1,-1,-1
1453,832,1623431124006,-1,-1,-1
1454,791,1623431124006,-1,-1,-1
1455,786,1623431125008,-1,-1,-1
1456,694,1623431126006,-1,-1,-1
1457,771,1623431126961,-1,-1,-1
1458,730,1623431128059,-1,-1,-1
1459,723,1623431128059,-1,-1,-1
1460,707,1623431128908,-1,-1,-1
1461,683,1623431129905,-1,-1,-1
1462,748,1623431129905,-1,-1,-1
1463,783,1623431130859,-1,-1,-1
1464,812,1623431131862,-1,-1,-1
1465,774,1623431132958,-1,-1,-1
1466,755,1623431133806,-1,-1,-1
1467,787,1623431133806,-1,-1,-1
1468,762,1623431134813,-1,-1,-1
1469,744,1623431135755,-1,-1,-1
1470,746,1623431136756,-1,-1,-1
1471,754,1623431136756,-1,-1,-1
1472,702,1623431137755,-1,-1,-1
1473,803,1623431138706,-1,-1,-1
1474,736,1623431139708,-1,-1,-1
1475,742,1623431140655,-1,-1,-1
1476,717,1623431140655,-1,-1,-1
1477,728,1623431141706,-1,-1,-1
1478,726,1623431142606,-1,-1,-1
1479,715,1623431142606,-1,-1,-1
1480,678,1623431143606,-1,-1,-1
1481,722,1623431144560,-1,-1,-1
1482,708,1623431145608,-1,-1,-1
1483,728,1623431145608,-1,-1,-1
1484,735,1623431146511,-1,-1,-1
1485,750,1623431147611,-1,-1,-1
1486,722,1623431148506,-1,-1,-1
1487,750,1623431148506,-1,-1,-1
1488,730,1623431149469,-1,-1,-1
1489,723,1623431150455,-1,-1,-1
1490,715,1623431151407,-1,-1,-1
1491,734,1623431151407,-1,-1,-1
1492,725,1623431152408,-1,-1,-1
1493,740,1623431153358,-1,-1,-1
1494,728,1623431154357,-1,-1,-1
1495,761,1623431154357,-1,-1,-1
1496,736,1623431155356,-1,-1,-1
1497,721,1623431156306,-1,-1,-1
1498,718,1623431157306,-1,-1,-1
1499,745,1623431157306,-1,-1,-1
1500,742,1623431158258,-1,-1,-1
1501,733,1623431159257,-1,-1,-1
1502,734,1623431160206,-1,-1,-1
1503,737,1623431160206,-1,-1,-1
1504,698,1623431161206,-1,-1,-1
1505,712,1623431162156,-1,-1,-1
1506,725,1623431163157,-1,-1,-1
1507,765,1623431163157,-1,-1,-1
1508,711,1623431164206,-1,-1,-1
1509,788,1623431165109,-1,-1,-1
1510,730,1623431166117,-1,-1,-1
1511,754,1623431166117,-1,-1,-1
1512,747,1623431167061,-1,-1,-1
1513,735,1623431168110,-1,-1,-1
1514,741,1623431169008,-1,-1,-1
1515,705,1623431169008,-1,-1,-1
1516,706,1623431170006,-1,-1,-1
1517,746,1623431171006,-1,-1,-1
1518,738,1623431171962,-1,-1,-1
1519,782,1623431171962,-1,-1,-1
1520,802,1623431172962,-1,-1,-1
1521,793,1623431173906,-1,-1,-1
1522,799,1623431174912,-1,-1,-1
1523,701,1623431175856,-1,-1,-1
1524,757,1623431175856,-1,-1,-1
1525,734,1623431176857,-1,-1,-1
1526,678,1623431177861,-1,-1,-1
1527,694,1623431178811,-1,-1,-1
1528,672,1623431178811,-1,-1,-1
1529,710,1623431179810,-1,-1,-1
1530,741,1623431180759,-1,-1,-1
1531,741,1623431180759,-1,-1,-1
1532,801,1623431181808,-1,-1,-1
1533,755,1623431182706,-1,-1,-1
1534,777,1623431183707,-1,-1,-1
1535,738,1623431184659,-1,-1,-1
1536,745,1623431184659,-1,-1,-1
1537,779,1623431185664,-1,-1,-1
1538,713,1623431186658,-1,-1,-1
1539,739,1623431187608,-1,-1,-1
1540,747,1623431187608,-1,-1,-1
1541,761,1623431188608,-1,-1,-1
1542,736,1623431189562,-1,-1,-1
1543,724,1623431190658,-1,-1,-1
1544,741,1623431190658,-1,-1,-1
1545,739,1623431191561,-1,-1,-1
1546,1427,1623431193510,-1,-1,-1
1547,857,1623431194459,-1,-1,-1
1548,771,1623431194459,-1,-1,-1
1549,798,1623431195456,-1,-1,-1
1550,822,1623431196412,-1,-1,-1
1551,822,1623431197412,-1,-1,-1
1552,786,1623431198355,-1,-1,-1
1553,785,1623431198355,-1,-1,-1
1554,782,1623431199356,-1,-1,-1
1555,772,1623431200360,-1,-1,-1
1556,770,1623431201412,-1,-1,-1
1557,779,1623431202305,-1,-1,-1
1558,775,1623431202305,-1,-1,-1
1559,805,1623431203258,-1,-1,-1
1560,806,1623431204258,-1,-1,-1
1561,789,1623431205205,-1,-1,-1
1562,777,1623431206206,-1,-1,-1
1563,762,1623431206206,-1,-1,-1
1564,786,1623431207206,-1,-1,-1
1565,806,1623431208210,-1,-1,-1
1566,788,1623431209157,-1,-1,-1
1567,793,1623431210110,-1,-1,-1
1568,825,1623431211110,-1,-1,-1
1569,812,1623431211110,-1,-1,-1
1570,797,1623431212063,-1,-1,-1
1571,782,1623431213058,-1,-1,-1
1572,750,1623431214006,-1,-1,-1
1573,746,1623431215005,-1,-1,-1
1574,753,1623431215005,-1,-1,-1
1575,746,1623431216006,-1,-1,-1
1576,741,1623431217062,-1,-1,-1
1577,826,1623431217957,-1,-1,-1
1578,1050,1623431218909,-1,-1,-1
1579,890,1623431219909,-1,-1,-1
1580,855,1623431220857,-1,-1,-1
1581,857,1623431220857,-1,-1,-1
1582,845,1623431221862,-1,-1,-1
1583,829,1623431222856,-1,-1,-1
1584,845,1623431223809,-1,-1,-1
1585,831,1623431224808,-1,-1,-1
1586,834,1623431225859,-1,-1,-1
1587,847,1623431226756,-1,-1,-1
1588,853,1623431226756,-1,-1,-1
1589,823,1623431227708,-1,-1,-1
1590,800,1623431228708,-1,-1,-1
1591,790,1623431229705,-1,-1,-1
1592,801,1623431230662,-1,-1,-1
1593,795,1623431231660,-1,-1,-1
1594,869,1623431231660,-1,-1,-1
1595,861,1623431232608,-1,-1,-1
1596,850,1623431233606,-1,-1,-1
1597,780,1623431234609,-1,-1,-1
1598,775,1623431235561,-1,-1,-1
1599,746,1623431236608,-1,-1,-1
1600,714,1623431236608,-1,-1,-1
1601,674,1623431237516,-1,-1,-1
1602,738,1623431238506,-1,-1,-1
1603,739,1623431238506,-1,-1,-1
1604,844,1623431239463,-1,-1,-1
1605,836,1623431240456,-1,-1,-1
1606,870,1623431241405,-1,-1,-1
1607,936,1623431242410,-1,-1,-1
1608,898,1623431243461,-1,-1,-1
1609,877,1623431244356,-1,-1,-1
1610,866,1623431245355,-1,-1,-1
1611,869,1623431246305,-1,-1,-1
1612,841,1623431246305,-1,-1,-1
1613,829,1623431247306,-1,-1,-1
1614,764,1623431248256,-1,-1,-1
1615,784,1623431249306,-1,-1,-1
1616,719,1623431250205,-1,-1,-1
1617,756,1623431250205,-1,-1,-1
1618,699,1623431251208,-1,-1,-1
1619,686,1623431252205,-1,-1,-1
1620,689,1623431253159,-1,-1,-1
1621,735,1623431253159,-1,-1,-1
1622,922,1623431254157,-1,-1,-1
1623,875,1623431255107,-1,-1,-1
1624,845,1623431256105,-1,-1,-1
1625,807,1623431257058,-1,-1,-1
1626,778,1623431258056,-1,-1,-1
1627,747,1623431258056,-1,-1,-1
1628,809,1623431259007,-1,-1,-1
1629,763,1623431260008,-1,-1,-1
1630,768,1623431261008,-1,-1,-1
1631,408,1623431261008,-1,-1,-1
1632,314,1623431261008,-1,-1,-1
1633,761,1623431261959,-1,-1,-1
1634,745,1623431262957,-1,-1,-1
1635,755,1623431263909,-1,-1,-1
1636,821,1623431264908,-1,-1,-1
1637,886,1623431265859,-1,-1,-1
1638,885,1623431265859,-1,-1,-1
1639,800,1623431266858,-1,-1,-1
1640,802,1623431267857,-1,-1,-1
1641,750,1623431268806,-1,-1,-1
1642,738,1623431269806,-1,-1,-1
1643,703,1623431269806,-1,-1,-1
1644,704,1623431270759,-1,-1,-1
1645,705,1623431271761,-1,-1,-1
1646,714,1623431271761,-1,-1,-1
1647,728,1623431272756,-1,-1,-1
1648,672,1623431273711,-1,-1,-1
1649,825,1623431274708,-1,-1,-1
1650,658,1623431274708,-1,-1,-1
1651,729,1623431275759,-1,-1,-1
1652,715,1623431276658,-1,-1,-1
1653,701,1623431277607,-1,-1,-1
1654,726,1623431277607,-1,-1,-1
1655,771,1623431278606,-1,-1,-1
1656,750,1623431279608,-1,-1,-1
1657,755,1623431280562,-1,-1,-1
1658,766,1623431280563,-1,-1,-1
1659,784,1623431281561,-1,-1,-1
1660,927,1623431282505,-1,-1,-1
1661,1359,1623431284456,-1,-1,-1
1662,754,1623431284456,-1,-1,-1
1663,726,1623431285459,-1,-1,-1
1664,739,1623431286458,-1,-1,-1
1665,723,1623431287423,-1,-1,-1
1666,804,1623431288412,-1,-1,-1
1667,686,1623431288412,-1,-1,-1
1668,757,1623431289359,-1,-1,-1
1669,833,1623431290358,-1,-1,-1
1670,1061,1623431291306,-1,-1,-1
1671,904,1623431292314,-1,-1,-1
1672,889,1623431293309,-1,-1,-1
1673,867,1623431294272,-1,-1,-1
1674,777,1623431294272,-1,-1,-1
1675,788,1623431295310,-1,-1,-1
1676,735,1623431296208,-1,-1,-1
1677,696,1623431297210,-1,-1,-1
1678,736,1623431297210,-1,-1,-1
1679,715,1623431298168,-1,-1,-1
1680,386,1623431298168,-1,-1,-1
1681,384,1623431299167,-1,-1,-1
1682,740,1623431300211,-1,-1,-1
1683,665,1623431300212,-1,-1,-1
1684,742,1623431301108,-1,-1,-1
1685,765,1623431302110,-1,-1,-1
1686,790,1623431303058,-1,-1,-1
1687,811,1623431304058,-1,-1,-1
1688,806,1623431304058,-1,-1,-1
1689,758,1623431305011,-1,-1,-1
1690,777,1623431306008,-1,-1,-1
1691,778,1623431306962,-1,-1,-1
1692,734,1623431306962,-1,-1,-1
1693,744,1623431307961,-1,-1,-1
1694,748,1623431309013,-1,-1,-1
1695,740,1623431309908,-1,-1,-1
1696,760,1623431310909,-1,-1,-1
1697,723,1623431310909,-1,-1,-1
1698,708,1623431311869,-1,-1,-1
1699,698,1623431312858,-1,-1,-1
1700,690,1623431312858,-1,-1,-1
1701,695,1623431313859,-1,-1,-1
1702,1287,1623431315815,-1,-1,-1
1703,792,1623431315815,-1,-1,-1
1704,703,1623431316761,-1,-1,-1
1705,721,1623431317766,-1,-1,-1
1706,725,1623431317766,-1,-1,-1
1707,738,1623431318708,-1,-1,-1
1708,773,1623431319706,-1,-1,-1
1709,739,1623431320710,-1,-1,-1
1710,760,1623431321664,-1,-1,-1
1711,742,1623431321668,-1,-1,-1
1712,775,1623431322668,-1,-1,-1
1713,723,1623431323609,-1,-1,-1
1714,711,1623431324613,-1,-1,-1
1715,732,1623431324613,-1,-1,-1
1716,769,1623431325608,-1,-1,-1
1717,854,1623431326613,-1,-1,-1
1718,875,1623431327561,-1,-1,-1
1719,820,1623431328507,-1,-1,-1
1720,792,1623431329512,-1,-1,-1
1721,771,1623431329512,-1,-1,-1
1722,761,1623431330458,-1,-1,-1
1723,757,1623431331463,-1,-1,-1
1724,759,1623431332409,-1,-1,-1
1725,753,1623431332409,-1,-1,-1
1726,752,1623431333458,-1,-1,-1
1727,776,1623431334407,-1,-1,-1
1728,773,1623431335361,-1,-1,-1
1729,777,1623431336361,-1,-1,-1
1730,757,1623431336361,-1,-1,-1
1731,761,1623431337356,-1,-1,-1
1732,774,1623431338465,-1,-1,-1
1733,796,1623431339350,-1,-1,-1
1734,779,1623431339351,-1,-1,-1
1735,782,1623431340258,-1,-1,-1
1736,757,1623431341260,-1,-1,-1
1737,777,1623431342210,-1,-1,-1
1738,732,1623431343210,-1,-1,-1
1739,714,1623431343210,-1,-1,-1
1740,706,1623431344160,-1,-1,-1
1741,737,1623431345158,-1,-1,-1
1742,743,1623431346111,-1,-1,-1
1743,748,1623431346111,-1,-1,-1
1744,779,1623431347108,-1,-1,-1
1745,770,1623431348108,-1,-1,-1
1746,811,1623431349057,-1,-1,-1
1747,745,1623431350059,-1,-1,-1
1748,778,1623431350059,-1,-1,-1
1749,750,1623431351009,-1,-1,-1
1750,751,1623431352014,-1,-1,-1
1751,704,1623431352966,-1,-1,-1
1752,709,1623431352966,-1,-1,-1
1753,718,1623431353964,-1,-1,-1
1754,807,1623431354959,-1,-1,-1
1755,984,1623431355907,-1,-1,-1
1756,466,1623431355907,-1,-1,-1
1757,587,1623431356909,-1,-1,-1
1758,817,1623431357862,-1,-1,-1
1759,896,1623431358857,-1,-1,-1
1760,856,1623431359807,-1,-1,-1
1761,746,1623431359807,-1,-1,-1
1762,713,1623431360807,-1,-1,-1
1763,712,1623431361808,-1,-1,-1
1764,726,1623431362757,-1,-1,-1
1765,774,1623431362757,-1,-1,-1
1766,766,1623431363761,-1,-1,-1
1767,858,1623431364707,-1,-1,-1
1768,988,1623431365707,-1,-1,-1
1769,1341,1623431367657,-1,-1,-1
1770,1134,1623431368710,-1,-1,-1
1771,742,1623431368710,-1,-1,-1
1772,764,1623431369606,-1,-1,-1
1773,787,1623431370609,-1,-1,-1
1774,827,1623431371560,-1,-1,-1
1775,831,1623431372561,-1,-1,-1
1776,877,1623431373513,-1,-1,-1
1777,877,1623431373513,-1,-1,-1
1778,835,1623431375510,-1,-1,-1
1779,868,1623431375511,-1,-1,-1
1780,750,1623431376561,-1,-1,-1
1781,744,1623431377458,-1,-1,-1
1782,775,1623431377459,-1,-1,-1
1783,777,1623431378410,-1,-1,-1
1784,762,1623431379412,-1,-1,-1
1785,755,1623431380360,-1,-1,-1
1786,803,1623431381357,-1,-1,-1
1787,823,1623431381357,-1,-1,-1
1788,763,1623431382360,-1,-1,-1
1789,796,1623431383355,-1,-1,-1
1790,796,1623431384305,-1,-1,-1
1791,824,1623431385259,-1,-1,-1
1792,780,1623431386256,-1,-1,-1
1793,787,1623431386256,-1,-1,-1
1794,760,1623431387207,-1,-1,-1
1795,743,1623431388205,-1,-1,-1
1796,738,1623431389208,-1,-1,-1
1797,732,1623431389208,-1,-1,-1
1798,714,1623431390205,-1,-1,-1
1799,670,1623431391175,-1,-1,-1
1800,727,1623431392156,-1,-1,-1
1801,668,1623431392156,-1,-1,-1
1802,622,1623431393105,-1,-1,-1
1803,642,1623431393105,-1,-1,-1
1804,671,1623431394064,-1,-1,-1
1805,594,1623431395063,-1,-1,-1
1806,645,1623431395063,-1,-1,-1
1807,617,1623431396007,-1,-1,-1
1808,629,1623431397013,-1,-1,-1
1809,631,1623431397013,-1,-1,-1
1810,577,1623431398011,-1,-1,-1
1811,650,1623431398955,-1,-1,-1
1812,635,1623431398955,-1,-1,-1
1813,619,1623431399958,-1,-1,-1
1814,633,1623431400910,-1,-1,-1
1815,630,1623431400910,-1,-1,-1
1816,630,1623431401907,-1,-1,-1
1817,1329,1623431402862,-1,-1,-1
1818,640,1623431403860,-1,-1,-1
1819,670,1623431404860,-1,-1,-1
1820,643,1623431404860,-1,-1,-1
1821,651,1623431405808,-1,-1,-1
1822,682,1623431406805,-1,-1,-1
1823,676,1623431406806,-1,-1,-1
1824,676,1623431407758,-1,-1,-1
1825,694,1623431408758,-1,-1,-1
1826,675,1623431408758,-1,-1,-1
1827,673,1623431409712,-1,-1,-1
1828,676,1623431410714,-1,-1,-1
1829,662,1623431410714,-1,-1,-1
1830,638,1623431411805,-1,-1,-1
1831,669,1623431412658,-1,-1,-1
1832,649,1623431412658,-1,-1,-1
1833,679,1623431413663,-1,-1,-1
1834,674,1623431414607,-1,-1,-1
1835,668,1623431414607,-1,-1,-1
1836,711,1623431415605,-1,-1,-1
1837,656,1623431416611,-1,-1,-1
1838,712,1623431417565,-1,-1,-1
1839,703,1623431417565,-1,-1,-1
1840,700,1623431418561,-1,-1,-1
1841,693,1623431419510,-1,-1,-1
1842,686,1623431419510,-1,-1,-1
1843,683,1623431420509,-1,-1,-1
1844,684,1623431421455,-1,-1,-1
1845,707,1623431422459,-1,-1,-1
1846,708,1623431422460,-1,-1,-1
1847,702,1623431423406,-1,-1,-1
1848,685,1623431424410,-1,-1,-1
1849,696,1623431424410,-1,-1,-1
1850,698,1623431425408,-1,-1,-1
1851,694,1623431426359,-1,-1,-1
1852,705,1623431427355,-1,-1,-1
1853,715,1623431427355,-1,-1,-1
1854,715,1623431428305,-1,-1,-1
1855,715,1623431429410,-1,-1,-1
1856,727,1623431429410,-1,-1,-1
1857,751,1623431430264,-1,-1,-1
1858,745,1623431431259,-1,-1,-1
1859,750,1623431432261,-1,-1,-1
1860,769,1623431433207,-1,-1,-1
1861,765,1623431433207,-1,-1,-1
1862,730,1623431434313,-1,-1,-1
1863,709,1623431435160,-1,-1,-1
1864,725,1623431436206,-1,-1,-1
1865,714,1623431436206,-1,-1,-1
1866,678,1623431437105,-1,-1,-1
1867,734,1623431438105,-1,-1,-1
1868,735,1623431439068,-1,-1,-1
1869,730,1623431439068,-1,-1,-1
1870,757,1623431440058,-1,-1,-1
1871,798,1623431441055,-1,-1,-1
1872,792,1623431442006,-1,-1,-1
1873,755,1623431442006,-1,-1,-1
1874,759,1623431443006,-1,-1,-1
1875,728,1623431443960,-1,-1,-1
1876,762,1623431445009,-1,-1,-1
1877,752,1623431445009,-1,-1,-1
1878,738,1623431445905,-1,-1,-1
1879,732,1623431446915,-1,-1,-1
1880,762,1623431447911,-1,-1,-1
1881,747,1623431448856,-1,-1,-1
1882,780,1623431448856,-1,-1,-1
1883,791,1623431449908,-1,-1,-1
1884,840,1623431450807,-1,-1,-1
1885,815,1623431451855,-1,-1,-1
1886,845,1623431452806,-1,-1,-1
1887,847,1623431453762,-1,-1,-1
1888,793,1623431453762,-1,-1,-1
1889,774,1623431454756,-1,-1,-1
1890,768,1623431455706,-1,-1,-1
1891,795,1623431456705,-1,-1,-1
1892,771,1623431457657,-1,-1,-1
1893,779,1623431457657,-1,-1,-1
1894,761,1623431458659,-1,-1,-1
1895,736,1623431459619,-1,-1,-1
1896,726,1623431460606,-1,-1,-1
1897,716,1623431460606,-1,-1,-1
1898,743,1623431461605,-1,-1,-1
1899,746,1623431462567,-1,-1,-1
1900,760,1623431463560,-1,-1,-1
1901,774,1623431463561,-1,-1,-1
1902,796,1623431464508,-1,-1,-1
1903,805,1623431465568,-1,-1,-1
1904,837,1623431466511,-1,-1,-1
1905,788,1623431467455,-1,-1,-1
1906,807,1623431468459,-1,-1,-1
1907,816,1623431468460,-1,-1,-1
1908,776,1623431469406,-1,-1,-1
1909,761,1623431470408,-1,-1,-1
1910,711,1623431471360,-1,-1,-1
1911,741,1623431471360,-1,-1,-1
1912,680,1623431472359,-1,-1,-1
1913,677,1623431473359,-1,-1,-1
1914,684,1623431474305,-1,-1,-1
1915,720,1623431474305,-1,-1,-1
1916,761,1623431475307,-1,-1,-1
1917,789,1623431476256,-1,-1,-1
1918,791,1623431477256,-1,-1,-1
1919,856,1623431478256,-1,-1,-1
1920,816,1623431478256,-1,-1,-1
1921,772,1623431479219,-1,-1,-1
1922,750,1623431480160,-1,-1,-1
1923,830,1623431481158,-1,-1,-1
1924,760,1623431482108,-1,-1,-1
1925,783,1623431482108,-1,-1,-1
1926,778,1623431483107,-1,-1,-1
1927,760,1623431484114,-1,-1,-1
1928,770,1623431485059,-1,-1,-1
1929,783,1623431486058,-1,-1,-1
1930,748,1623431486058,-1,-1,-1
1931,740,1623431487060,-1,-1,-1
1932,771,1623431488013,-1,-1,-1
1933,799,1623431489011,-1,-1,-1
1934,760,1623431489011,-1,-1,-1
1935,802,1623431489957,-1,-1,-1
1936,826,1623431490964,-1,-1,-1
1937,792,1623431491908,-1,-1,-1
1938,789,1623431492906,-1,-1,-1
1939,745,1623431492906,-1,-1,-1
1940,708,1623431493907,-1,-1,-1
1941,699,1623431494860,-1,-1,-1
1942,703,1623431495907,-1,-1,-1
1943,731,1623431495907,-1,-1,-1
1944,734,1623431496807,-1,-1,-1
1945,818,1623431497805,-1,-1,-1
1946,831,1623431498758,-1,-1,-1
1947,813,1623431499758,-1,-1,-1
1948,759,1623431500712,-1,-1,-1
1949,731,1623431500712,-1,-1,-1
1950,720,1623431501708,-1,-1,-1
1951,1466,1623431502711,-1,-1,-1
1952,771,1623431503658,-1,-1,-1
1953,747,1623431504661,-1,-1,-1
1954,777,1623431505608,-1,-1,-1
1955,735,1623431506613,-1,-1,-1
1956,703,1623431506613,-1,-1,-1
1957,755,1623431507566,-1,-1,-1
1958,761,1623431508572,-1,-1,-1
1959,711,1623431509562,-1,-1,-1
1960,721,1623431509562,-1,-1,-1
1961,713,1623431510509,-1,-1,-1
1962,737,1623431511610,-1,-1,-1
1963,717,1623431511610,-1,-1,-1
1964,733,1623431512459,-1,-1,-1
1965,747,1623431513458,-1,-1,-1
1966,719,1623431514405,-1,-1,-1
1967,755,1623431515413,-1,-1,-1
1968,754,1623431515413,-1,-1,-1
1969,717,1623431516358,-1,-1,-1
1970,730,1623431517359,-1,-1,-1
1971,722,1623431517359,-1,-1,-1
1972,719,1623431518355,-1,-1,-1
1973,700,1623431519314,-1,-1,-1
1974,766,1623431520311,-1,-1,-1
1975,744,1623431520311,-1,-1,-1
1976,738,1623431521257,-1,-1,-1
1977,759,1623431522255,-1,-1,-1
1978,728,1623431523210,-1,-1,-1
1979,737,1623431524207,-1,-1,-1
1980,668,1623431524207,-1,-1,-1
1981,721,1623431525155,-1,-1,-1
1982,694,1623431526155,-1,-1,-1
1983,695,1623431526155,-1,-1,-1
1984,699,1623431527159,-1,-1,-1
1985,713,1623431528118,-1,-1,-1
1986,704,1623431528118,-1,-1,-1
1987,716,1623431529157,-1,-1,-1
1988,729,1623431530063,-1,-1,-1
1989,690,1623431531055,-1,-1,-1
1990,687,1623431531055,-1,-1,-1
1991,688,1623431532010,-1,-1,-1
1992,688,1623431533006,-1,-1,-1
1993,701,1623431533956,-1,-1,-1
1994,701,1623431533956,-1,-1,-1
1995,691,1623431534958,-1,-1,-1
1996,689,1623431535955,-1,-1,-1
1997,679,1623431535955,-1,-1,-1
1998,675,1623431536956,-1,-1,-1
1999,688,1623431537905,-1,-1,-1
2000,656,1623431537905,-1,-1,-1
2001,680,1623431538855,-1,-1,-1
2002,686,1623431539855,-1,-1,-1
2003,707,1623431540855,-1,-1,-1
2004,712,1623431540855,-1,-1,-1
2005,687,1623431541805,-1,-1,-1
2006,684,1623431542809,-1,-1,-1
2007,627,1623431542809,-1,-1,-1
2008,689,1623431543762,-1,-1,-1
2009,686,1623431544755,-1,-1,-1
2010,645,1623431544755,-1,-1,-1
2011,651,1623431545759,-1,-1,-1
2012,745,1623431546705,-1,-1,-1
2013,666,1623431546705,-1,-1,-1
2014,773,1623431547707,-1,-1,-1
2015,774,1623431548656,-1,-1,-1
2016,775,1623431549655,-1,-1,-1
2017,789,1623431550607,-1,-1,-1
2018,787,1623431550607,-1,-1,-1
2019,713,1623431551606,-1,-1,-1
2020,814,1623431552565,-1,-1,-1
2021,720,1623431553564,-1,-1,-1
2022,768,1623431554610,-1,-1,-1
2023,806,1623431554610,-1,-1,-1
2024,919,1623431555507,-1,-1,-1
2025,833,1623431556511,-1,-1,-1
2026,1252,1623431558462,-1,-1,-1
2027,1079,1623431868587,-1,-1,-1
2028,744,1623431869630,-1,-1,-1
2029,773,1623431870529,-1,-1,-1
2030,746,1623431870529,-1,-1,-1
2031,737,1623431871536,-1,-1,-1
2032,702,1623431872530,-1,-1,-1
2033,753,1623431873479,-1,-1,-1
2034,809,1623431874480,-1,-1,-1
2035,794,1623431874480,-1,-1,-1
2036,736,1623431875481,-1,-1,-1
2037,780,1623431876435,-1,-1,-1
2038,784,1623431877380,-1,-1,-1
2039,788,1623431878382,-1,-1,-1
2040,742,1623431878382,-1,-1,-1
2041,732,1623431879389,-1,-1,-1
2042,690,1623431880331,-1,-1,-1
2043,718,1623431880331,-1,-1,-1
2044,736,1623431881334,-1,-1,-1
2045,702,1623431882279,-1,-1,-1
2046,715,1623431883290,-1,-1,-1
2047,695,1623431883290,-1,-1,-1
2048,673,1623431884235,-1,-1,-1
2049,676,1623431885229,-1,-1,-1
2050,677,1623431885230,-1,-1,-1
2051,722,1623431886234,-1,-1,-1
2052,754,1623431887229,-1,-1,-1
2053,735,1623431888182,-1,-1,-1
2054,733,1623431888182,-1,-1,-1
2055,775,1623431889129,-1,-1,-1
2056,798,1623431890136,-1,-1,-1
2057,782,1623431891083,-1,-1,-1
2058,754,1623431892092,-1,-1,-1
2059,742,1623431892092,-1,-1,-1
2060,724,1623431893092,-1,-1,-1
2061,725,1623431894037,-1,-1,-1
2062,757,1623431895030,-1,-1,-1
2063,739,1623431895030,-1,-1,-1
2064,747,1623431895981,-1,-1,-1
2065,756,1623431896982,-1,-1,-1
2066,764,1623431897940,-1,-1,-1
2067,741,1623431898931,-1,-1,-1
2068,729,1623431898931,-1,-1,-1
2069,744,1623431899933,-1,-1,-1
2070,768,1623431900881,-1,-1,-1
2071,741,1623431901933,-1,-1,-1
2072,732,1623431901933,-1,-1,-1
2073,729,1623431902833,-1,-1,-1
2074,779,1623431903884,-1,-1,-1
2075,775,1623431904787,-1,-1,-1
2076,827,1623431905787,-1,-1,-1
2077,824,1623431905787,-1,-1,-1
2078,837,1623431906780,-1,-1,-1
2079,709,1623431907732,-1,-1,-1
2080,781,1623431908730,-1,-1,-1
2081,701,1623431908730,-1,-1,-1
2082,643,1623431909683,-1,-1,-1
2083,647,1623431910681,-1,-1,-1
2084,679,1623431910682,-1,-1,-1
2085,581,1623431911629,-1,-1,-1
2086,605,1623431912630,-1,-1,-1
2087,638,1623431912630,-1,-1,-1
2088,598,1623431913684,-1,-1,-1
2089,603,1623431914596,-1,-1,-1
2090,604,1623431914597,-1,-1,-1
2091,582,1623431915582,-1,-1,-1
2092,579,1623431915583,-1,-1,-1
2093,570,1623431916535,-1,-1,-1
2094,592,1623431917534,-1,-1,-1
2095,585,1623431917534,-1,-1,-1
2096,611,1623431918483,-1,-1,-1
2097,633,1623431918483,-1,-1,-1
2098,627,1623431919481,-1,-1,-1
2099,642,1623431920433,-1,-1,-1
2100,636,1623431920433,-1,-1,-1
2101,642,1623431921434,-1,-1,-1
2102,651,1623431922434,-1,-1,-1
2103,665,1623431922434,-1,-1,-1
2104,641,1623431923440,-1,-1,-1
2105,654,1623431924386,-1,-1,-1
2106,673,1623431924388,-1,-1,-1
2107,672,1623431925330,-1,-1,-1
2108,664,1623431926343,-1,-1,-1
2109,656,1623431926343,-1,-1,-1
2110,656,1623431927292,-1,-1,-1
2111,677,1623431928290,-1,-1,-1
2112,662,1623431928290,-1,-1,-1
2113,661,1623431929283,-1,-1,-1
2114,654,1623431930233,-1,-1,-1
2115,676,1623431930233,-1,-1,-1
2116,654,1623431931231,-1,-1,-1
2117,666,1623431932180,-1,-1,-1
2118,677,1623431933186,-1,-1,-1
2119,693,1623431933187,-1,-1,-1
2120,687,1623431934129,-1,-1,-1
2121,700,1623431935131,-1,-1,-1
2122,739,1623431935131,-1,-1,-1
2123,723,1623431936149,-1,-1,-1
2124,719,1623431937132,-1,-1,-1
2125,654,1623431938083,-1,-1,-1
2126,664,1623431938083,-1,-1,-1
2127,724,1623431939035,-1,-1,-1
2128,648,1623431940029,-1,-1,-1
2129,1342,1623431940980,-1,-1,-1
2130,680,1623431941983,-1,-1,-1
2131,684,1623431941983,-1,-1,-1
2132,681,1623431942932,-1,-1,-1
2133,705,1623431943930,-1,-1,-1
2134,707,1623431944930,-1,-1,-1
2135,707,1623431944930,-1,-1,-1
2136,746,1623431945881,-1,-1,-1
2137,670,1623431946881,-1,-1,-1
2138,734,1623431946881,-1,-1,-1
2139,738,1623431947834,-1,-1,-1
2140,794,1623431948830,-1,-1,-1
2141,770,1623431949781,-1,-1,-1
2142,745,1623431950784,-1,-1,-1
2143,721,1623431950784,-1,-1,-1
2144,712,1623431951779,-1,-1,-1
2145,690,1623431952729,-1,-1,-1
2146,724,1623431953734,-1,-1,-1
2147,691,1623431953734,-1,-1,-1
2148,700,1623431954680,-1,-1,-1
2149,700,1623431955692,-1,-1,-1
2150,715,1623431955693,-1,-1,-1
2151,1413,1623431957635,-1,-1,-1
2152,787,1623431958631,-1,-1,-1
2153,754,1623431958631,-1,-1,-1
2154,733,1623431959585,-1,-1,-1
2155,723,1623431960580,-1,-1,-1
2156,744,1623431961588,-1,-1,-1
2157,761,1623431961588,-1,-1,-1
2158,775,1623431962536,-1,-1,-1
2159,739,1623431963534,-1,-1,-1
2160,739,1623431964482,-1,-1,-1
2161,772,1623431965483,-1,-1,-1
2162,722,1623431965484,-1,-1,-1
2163,743,1623431966434,-1,-1,-1
2164,743,1623431967432,-1,-1,-1
2165,722,1623431968389,-1,-1,-1
2166,741,1623431968389,-1,-1,-1
2167,736,1623431969382,-1,-1,-1
2168,739,1623431970383,-1,-1,-1
2169,736,1623431971431,-1,-1,-1
2170,709,1623431971431,-1,-1,-1
2171,712,1623431972332,-1,-1,-1
2172,731,1623431973332,-1,-1,-1
2173,758,1623431973332,-1,-1,-1
2174,738,1623431974285,-1,-1,-1
2175,776,1623431975232,-1,-1,-1
2176,818,1623431976238,-1,-1,-1
2177,779,1623431977233,-1,-1,-1
2178,790,1623431978185,-1,-1,-1
2179,756,1623431978185,-1,-1,-1
2180,734,1623431979183,-1,-1,-1
2181,691,1623431980128,-1,-1,-1
2182,696,1623431980128,-1,-1,-1
2183,688,1623431981131,-1,-1,-1
2184,691,1623431982086,-1,-1,-1
2185,710,1623431983095,-1,-1,-1
2186,705,1623431983095,-1,-1,-1
2187,721,1623431984084,-1,-1,-1
2188,734,1623431985032,-1,-1,-1
2189,707,1623431985032,-1,-1,-1
2190,678,1623431986031,-1,-1,-1
2191,730,1623431987032,-1,-1,-1
2192,747,1623431987985,-1,-1,-1
2193,787,1623431988929,-1,-1,-1
2194,768,1623431988929,-1,-1,-1
2195,735,1623431989932,-1,-1,-1
2196,690,1623431990929,-1,-1,-1
2197,628,1623431990929,-1,-1,-1
2198,666,1623431991883,-1,-1,-1
2199,656,1623431992881,-1,-1,-1
2200,650,1623431992881,-1,-1,-1
2201,713,1623431993832,-1,-1,-1
2202,728,1623431994830,-1,-1,-1
2203,706,1623431995779,-1,-1,-1
2204,729,1623431995779,-1,-1,-1
2205,737,1623431996781,-1,-1,-1
2206,738,1623431997783,-1,-1,-1
2207,740,1623431998733,-1,-1,-1
2208,746,1623431998733,-1,-1,-1
2209,716,1623431999729,-1,-1,-1
2210,951,1623432000684,-1,-1,-1
2211,489,1623432001684,-1,-1,-1
2212,746,1623432001684,-1,-1,-1
2213,763,1623432002631,-1,-1,-1
2214,779,1623432003628,-1,-1,-1
2215,761,1623432004629,-1,-1,-1
2216,746,1623432005599,-1,-1,-1
2217,748,1623432005599,-1,-1,-1
2218,725,1623432006586,-1,-1,-1
2219,693,1623432007529,-1,-1,-1
2220,702,1623432007529,-1,-1,-1
2221,721,1623432008534,-1,-1,-1
2222,691,1623432009486,-1,-1,-1
2223,732,1623432010479,-1,-1,-1
2224,744,1623432011480,-1,-1,-1
2225,650,1623432011480,-1,-1,-1
2226,746,1623432012429,-1,-1,-1
2227,753,1623432013431,-1,-1,-1
2228,769,1623432013431,-1,-1,-1
2229,762,1623432014382,-1,-1,-1
2230,742,1623432015439,-1,-1,-1
2231,686,1623432016329,-1,-1,-1
2232,688,1623432016329,-1,-1,-1
2233,669,1623432017330,-1,-1,-1
2234,665,1623432018335,-1,-1,-1
2235,657,1623432018335,-1,-1,-1
2236,657,1623432019280,-1,-1,-1
2237,654,1623432020281,-1,-1,-1
2238,673,1623432020281,-1,-1,-1
2239,673,1623432021236,-1,-1,-1
2240,654,1623432022233,-1,-1,-1
2241,623,1623432022233,-1,-1,-1
2242,709,1623432023179,-1,-1,-1
2243,1174,1623432024180,-1,-1,-1
2244,687,1623432025192,-1,-1,-1
2245,1170,1623432026134,-1,-1,-1
2246,620,1623432027132,-1,-1,-1
2247,644,1623432027132,-1,-1,-1
2248,695,1623432028081,-1,-1,-1
2249,754,1623432029085,-1,-1,-1
2250,1649,1623432031089,-1,-1,-1
2251,814,1623432031089,-1,-1,-1
2252,728,1623432032029,-1,-1,-1
2253,709,1623432032989,-1,-1,-1
2254,696,1623432033984,-1,-1,-1
2255,794,1623432033984,-1,-1,-1
2256,462,1623432034929,-1,-1,-1
2257,705,1623432035932,-1,-1,-1
2258,560,1623432035932,-1,-1,-1
2259,729,1623432036929,-1,-1,-1
2260,728,1623432037880,-1,-1,-1
2261,816,1623432038831,-1,-1,-1
2262,835,1623432039831,-1,-1,-1
2263,1400,1623432040832,-1,-1,-1
2264,697,1623432041783,-1,-1,-1
2265,743,1623432041784,-1,-1,-1
2266,708,1623432042783,-1,-1,-1
2267,706,1623432043731,-1,-1,-1
2268,703,1623432043731,-1,-1,-1
2269,682,1623432044733,-1,-1,-1
2270,682,1623432045740,-1,-1,-1
2271,646,1623432046681,-1,-1,-1
2272,1261,1623432047732,-1,-1,-1
2273,1435,1623432048628,-1,-1,-1
2274,634,1623432049632,-1,-1,-1
2275,671,1623432050586,-1,-1,-1
2276,613,1623432050586,-1,-1,-1
2277,619,1623432051587,-1,-1,-1
2278,607,1623432052536,-1,-1,-1
2279,610,1623432052536,-1,-1,-1
2280,606,1623432053530,-1,-1,-1
2281,605,1623432053530,-1,-1,-1
2282,609,1623432054538,-1,-1,-1
2283,609,1623432055485,-1,-1,-1
2284,692,1623432056479,-1,-1,-1
2285,1135,1623432056479,-1,-1,-1
2286,591,1623432057438,-1,-1,-1
2287,652,1623432058432,-1,-1,-1
2288,590,1623432058432,-1,-1,-1
2289,666,1623432059381,-1,-1,-1
2290,658,1623432060380,-1,-1,-1
2291,868,1623432061380,-1,-1,-1
2292,759,1623432061380,-1,-1,-1
2293,779,1623432062334,-1,-1,-1
2294,782,1623432063379,-1,-1,-1
2295,744,1623432064286,-1,-1,-1
2296,734,1623432065282,-1,-1,-1
2297,709,1623432065282,-1,-1,-1
2298,719,1623432066238,-1,-1,-1
2299,677,1623432067230,-1,-1,-1
2300,682,1623432067230,-1,-1,-1
2301,663,1623432068230,-1,-1,-1
2302,656,1623432069184,-1,-1,-1
2303,662,1623432069184,-1,-1,-1
2304,668,1623432070181,-1,-1,-1
2305,692,1623432071130,-1,-1,-1
2306,674,1623432071130,-1,-1,-1
2307,693,1623432072132,-1,-1,-1
2308,710,1623432073134,-1,-1,-1
2309,679,1623432074086,-1,-1,-1
2310,666,1623432074086,-1,-1,-1
2311,676,1623432075083,-1,-1,-1
2312,695,1623432076034,-1,-1,-1
2313,704,1623432076034,-1,-1,-1
2314,799,1623432077035,-1,-1,-1
2315,883,1623432077986,-1,-1,-1
2316,703,1623432078980,-1,-1,-1
2317,730,1623432079930,-1,-1,-1
2318,723,1623432079930,-1,-1,-1
2319,738,1623432080930,-1,-1,-1
2320,741,1623432081929,-1,-1,-1
2321,751,1623432082881,-1,-1,-1
2322,738,1623432082881,-1,-1,-1
2323,766,1623432083889,-1,-1,-1
2324,803,1623432084829,-1,-1,-1
2325,728,1623432085831,-1,-1,-1
2326,736,1623432085831,-1,-1,-1
2327,733,1623432086833,-1,-1,-1
2328,708,1623432087784,-1,-1,-1
2329,679,1623432088733,-1,-1,-1
2330,727,1623432088733,-1,-1,-1
2331,692,1623432089730,-1,-1,-1
2332,693,1623432090731,-1,-1,-1
2333,728,1623432091683,-1,-1,-1
2334,675,1623432091683,-1,-1,-1
2335,718,1623432092683,-1,-1,-1
2336,671,1623432093631,-1,-1,-1
2337,669,1623432093631,-1,-1,-1
2338,677,1623432094632,-1,-1,-1
2339,636,1623432095580,-1,-1,-1
2340,646,1623432095580,-1,-1,-1
2341,692,1623432096588,-1,-1,-1
2342,577,1623432097537,-1,-1,-1
2343,663,1623432097537,-1,-1,-1
2344,665,1623432098538,-1,-1,-1
2345,623,1623432099598,-1,-1,-1
2346,648,1623432099598,-1,-1,-1
2347,643,1623432100530,-1,-1,-1
2348,657,1623432101480,-1,-1,-1
2349,682,1623432101480,-1,-1,-1
2350,621,1623432102435,-1,-1,-1
2351,630,1623432103481,-1,-1,-1
2352,676,1623432103481,-1,-1,-1
2353,685,1623432104387,-1,-1,-1
2354,678,1623432105380,-1,-1,-1
2355,690,1623432105380,-1,-1,-1
2356,656,1623432106334,-1,-1,-1
2357,710,1623432107330,-1,-1,-1
2358,696,1623432108282,-1,-1,-1
2359,689,1623432108282,-1,-1,-1
2360,699,1623432109280,-1,-1,-1
2361,725,1623432110281,-1,-1,-1
2362,694,1623432110282,-1,-1,-1
2363,677,1623432111231,-1,-1,-1
2364,676,1623432112231,-1,-1,-1
2365,667,1623432112231,-1,-1,-1
2366,665,1623432113191,-1,-1,-1
2367,655,1623432114182,-1,-1,-1
2368,632,1623432114182,-1,-1,-1
2369,684,1623432115182,-1,-1,-1
2370,640,1623432116134,-1,-1,-1
2371,660,1623432116134,-1,-1,-1
2372,724,1623432117132,-1,-1,-1
2373,688,1623432118184,-1,-1,-1
2374,692,1623432119080,-1,-1,-1
2375,732,1623432119081,-1,-1,-1
2376,659,1623432120081,-1,-1,-1
2377,736,1623432121030,-1,-1,-1
2378,699,1623432122034,-1,-1,-1
2379,729,1623432122034,-1,-1,-1
2380,718,1623432122980,-1,-1,-1
2381,722,1623432123979,-1,-1,-1
2382,731,1623432123979,-1,-1,-1
2383,699,1623432124931,-1,-1,-1
2384,805,1623432125930,-1,-1,-1
2385,765,1623432126880,-1,-1,-1
2386,753,1623432127885,-1,-1,-1
2387,648,1623432127885,-1,-1,-1
2388,818,1623432128881,-1,-1,-1
2389,705,1623432129833,-1,-1,-1
2390,761,1623432130831,-1,-1,-1
2391,656,1623432130831,-1,-1,-1
2392,726,1623432131783,-1,-1,-1
2393,740,1623432132780,-1,-1,-1
2394,729,1623432133729,-1,-1,-1
2395,744,1623432133729,-1,-1,-1
2396,710,1623432134730,-1,-1,-1
2397,750,1623432135783,-1,-1,-1
2398,738,1623432136680,-1,-1,-1
2399,738,1623432136680,-1,-1,-1
2400,701,1623432137685,-1,-1,-1
2401,681,1623432138630,-1,-1,-1
2402,704,1623432138631,-1,-1,-1
2403,706,1623432139634,-1,-1,-1
2404,740,1623432140592,-1,-1,-1
2405,724,1623432141587,-1,-1,-1
2406,757,1623432141587,-1,-1,-1
2407,765,1623432142582,-1,-1,-1
2408,738,1623432143534,-1,-1,-1
2409,703,1623432144531,-1,-1,-1
2410,714,1623432144531,-1,-1,-1
2411,679,1623432145480,-1,-1,-1
2412,665,1623432146479,-1,-1,-1
2413,679,1623432146479,-1,-1,-1
2414,660,1623432147479,-1,-1,-1
2415,686,1623432148429,-1,-1,-1
2416,686,1623432149430,-1,-1,-1
2417,718,1623432149430,-1,-1,-1
2418,735,1623432150384,-1,-1,-1
2419,716,1623432151380,-1,-1,-1
2420,751,1623432152330,-1,-1,-1
2421,719,1623432152330,-1,-1,-1
2422,740,1623432153328,-1,-1,-1
2423,719,1623432154332,-1,-1,-1
2424,700,1623432154332,-1,-1,-1
2425,715,1623432155280,-1,-1,-1
2426,659,1623432156379,-1,-1,-1
2427,666,1623432157230,-1,-1,-1
2428,602,1623432157230,-1,-1,-1
2429,638,1623432158230,-1,-1,-1
2430,609,1623432158230,-1,-1,-1
2431,652,1623432159229,-1,-1,-1
2432,729,1623432160194,-1,-1,-1
2433,750,1623432161130,-1,-1,-1
2434,818,1623432161130,-1,-1,-1
2435,849,1623432162128,-1,-1,-1
2436,817,1623432163078,-1,-1,-1
2437,776,1623432164084,-1,-1,-1
2438,791,1623432165078,-1,-1,-1
2439,789,1623432166030,-1,-1,-1
2440,750,1623432166030,-1,-1,-1
2441,747,1623432167028,-1,-1,-1
2442,762,1623432167982,-1,-1,-1
2443,694,1623432168980,-1,-1,-1
2444,692,1623432168980,-1,-1,-1
2445,735,1623432169982,-1,-1,-1
2446,786,1623432170947,-1,-1,-1
2447,614,1623432170948,-1,-1,-1
2448,702,1623432171929,-1,-1,-1
2449,695,1623432172879,-1,-1,-1
2450,576,1623432173878,-1,-1,-1
2451,1500,1623432174830,-1,-1,-1
2452,898,1623432175827,-1,-1,-1
2453,525,1623432176782,-1,-1,-1
2454,883,1623432176782,-1,-1,-1
2455,655,1623432177787,-1,-1,-1
2456,719,1623432178728,-1,-1,-1
2457,718,1623432179732,-1,-1,-1
2458,637,1623432179732,-1,-1,-1
2459,688,1623432180727,-1,-1,-1
2460,691,1623432181678,-1,-1,-1
2461,614,1623432181678,-1,-1,-1
2462,796,1623432182680,-1,-1,-1
2463,534,1623432183642,-1,-1,-1
2464,821,1623432184628,-1,-1,-1
2465,2104,1623432186579,-1,-1,-1
2466,647,1623432186579,-1,-1,-1
2467,714,1623432187580,-1,-1,-1
2468,699,1623432188534,-1,-1,-1
2469,725,1623432188535,-1,-1,-1
2470,894,1623432189528,-1,-1,-1
2471,853,1623432190678,-1,-1,-1
2472,835,1623432191588,-1,-1,-1
2473,750,1623432192433,-1,-1,-1
