,RR,Timestamp,SensorContact,errorEstimate,blockerBit
0,791,1627158877403,-1,-1,-1
1,671,1627158877403,-1,-1,-1
2,671,1627158877403,-1,-1,-1
3,759,1627158877403,-1,-1,-1
4,623,1627158877403,-1,-1,-1
5,751,1627158877403,-1,-1,-1
6,615,1627158877403,-1,-1,-1
7,775,1627158877403,-1,-1,-1
8,647,1627158877403,-1,-1,-1
9,663,1627158877907,-1,-1,-1
10,703,1627158877907,-1,-1,-1
11,711,1627158877907,-1,-1,-1
12,687,1627158877907,-1,-1,-1
13,703,1627158878404,-1,-1,-1
14,711,1627158879402,-1,-1,-1
15,735,1627158879402,-1,-1,-1
16,727,1627158880403,-1,-1,-1
17,727,1627158881389,-1,-1,-1
18,663,1627158882388,-1,-1,-1
19,647,1627158882388,-1,-1,-1
20,655,1627158883389,-1,-1,-1
21,631,1627158884391,-1,-1,-1
22,639,1627158884391,-1,-1,-1
23,663,1627158885428,-1,-1,-1
24,663,1627158886388,-1,-1,-1
25,671,1627158886388,-1,-1,-1
26,695,1627158887387,-1,-1,-1
27,759,1627158888388,-1,-1,-1
28,767,1627158888388,-1,-1,-1
29,799,1627158889386,-1,-1,-1
30,807,1627158890389,-1,-1,-1
31,759,1627158891386,-1,-1,-1
32,735,1627158892387,-1,-1,-1
33,743,1627158892387,-1,-1,-1
34,823,1627158893387,-1,-1,-1
35,671,1627158894391,-1,-1,-1
36,679,1627158897389,-1,-1,-1
37,607,1627158897389,-1,-1,-1
38,679,1627158898390,-1,-1,-1
39,631,1627158899388,-1,-1,-1
40,695,1627158899388,-1,-1,-1
41,735,1627158900387,-1,-1,-1
42,951,1627158901428,-1,-1,-1
43,1000,1627158902389,-1,-1,-1
44,1000,1627158903386,-1,-1,-1
45,751,1627158905429,-1,-1,-1
46,671,1627158906388,-1,-1,-1
47,687,1627158907467,-1,-1,-1
48,687,1627158907467,-1,-1,-1
49,759,1627158908387,-1,-1,-1
50,807,1627158912388,-1,-1,-1
51,815,1627158913398,-1,-1,-1
52,799,1627158914388,-1,-1,-1
53,767,1627158915387,-1,-1,-1
54,735,1627158915387,-1,-1,-1
55,711,1627158916388,-1,-1,-1
56,727,1627158918386,-1,-1,-1
57,719,1627158919387,-1,-1,-1
58,687,1627158928390,-1,-1,-1
59,759,1627158929390,-1,-1,-1
60,671,1627158929390,-1,-1,-1
61,639,1627158930391,-1,-1,-1
62,639,1627158931389,-1,-1,-1
63,671,1627158931389,-1,-1,-1
64,687,1627158932387,-1,-1,-1
65,647,1627158933387,-1,-1,-1
66,663,1627158935389,-1,-1,-1
67,615,1627158937428,-1,-1,-1
68,735,1627158940387,-1,-1,-1
69,767,1627158942388,-1,-1,-1
70,735,1627158943395,-1,-1,-1
71,855,1627158944392,-1,-1,-1
72,671,1627158945391,-1,-1,-1
73,743,1627158946389,-1,-1,-1
74,599,1627158946389,-1,-1,-1
75,871,1627158947392,-1,-1,-1
76,687,1627158948387,-1,-1,-1
77,655,1627158948388,-1,-1,-1
78,671,1627158949389,-1,-1,-1
79,671,1627158950387,-1,-1,-1
80,631,1627158950387,-1,-1,-1
81,687,1627158951388,-1,-1,-1
82,647,1627158952387,-1,-1,-1
83,751,1627158952387,-1,-1,-1
84,695,1627158961386,-1,-1,-1
85,671,1627158962386,-1,-1,-1
86,655,1627158962386,-1,-1,-1
87,663,1627158963386,-1,-1,-1
88,663,1627158964387,-1,-1,-1
89,663,1627158964387,-1,-1,-1
90,719,1627158965386,-1,-1,-1
91,791,1627158966386,-1,-1,-1
92,895,1627158967428,-1,-1,-1
93,903,1627158968389,-1,-1,-1
94,847,1627158968389,-1,-1,-1
95,799,1627158969426,-1,-1,-1
96,783,1627158970386,-1,-1,-1
97,759,1627158971390,-1,-1,-1
98,743,1627158972386,-1,-1,-1
99,703,1627158972387,-1,-1,-1
100,711,1627158973389,-1,-1,-1
101,703,1627158974386,-1,-1,-1
102,679,1627158974386,-1,-1,-1
103,759,1627158975388,-1,-1,-1
104,823,1627158976388,-1,-1,-1
105,799,1627158977425,-1,-1,-1
106,783,1627158977426,-1,-1,-1
107,727,1627158978386,-1,-1,-1
108,687,1627158979387,-1,-1,-1
109,679,1627158980388,-1,-1,-1
110,695,1627158980388,-1,-1,-1
111,711,1627158981386,-1,-1,-1
112,711,1627158982389,-1,-1,-1
113,719,1627158982389,-1,-1,-1
114,671,1627158983428,-1,-1,-1
115,687,1627158984388,-1,-1,-1
116,679,1627158984388,-1,-1,-1
117,687,1627158985389,-1,-1,-1
118,567,1627158986388,-1,-1,-1
119,807,1627158987388,-1,-1,-1
120,727,1627158987389,-1,-1,-1
121,711,1627158988388,-1,-1,-1
122,727,1627158989390,-1,-1,-1
123,743,1627158989390,-1,-1,-1
124,687,1627158990386,-1,-1,-1
125,743,1627158991426,-1,-1,-1
126,719,1627158992389,-1,-1,-1
127,727,1627158992389,-1,-1,-1
128,735,1627158995386,-1,-1,-1
129,719,1627158996426,-1,-1,-1
130,695,1627158998387,-1,-1,-1
131,527,1627158998387,-1,-1,-1
132,759,1627159001224,-1,-1,-1
133,775,1627159001433,-1,-1,-1
134,687,1627159002427,-1,-1,-1
135,775,1627159003395,-1,-1,-1
136,751,1627159003395,-1,-1,-1
137,751,1627159004390,-1,-1,-1
138,735,1627159005387,-1,-1,-1
139,767,1627159009387,-1,-1,-1
140,551,1627159009387,-1,-1,-1
141,879,1627159010508,-1,-1,-1
142,727,1627159011387,-1,-1,-1
143,687,1627159011387,-1,-1,-1
144,703,1627159012387,-1,-1,-1
145,519,1627159013387,-1,-1,-1
146,871,1627159013387,-1,-1,-1
147,791,1627159014386,-1,-1,-1
148,719,1627159015388,-1,-1,-1
149,687,1627159018388,-1,-1,-1
150,663,1627159019387,-1,-1,-1
151,703,1627159020393,-1,-1,-1
152,671,1627159020393,-1,-1,-1
153,623,1627159021467,-1,-1,-1
154,679,1627159022386,-1,-1,-1
155,671,1627159022387,-1,-1,-1
156,727,1627159023387,-1,-1,-1
157,671,1627159024387,-1,-1,-1
158,743,1627159025386,-1,-1,-1
159,695,1627159025386,-1,-1,-1
160,719,1627159026388,-1,-1,-1
161,751,1627159027387,-1,-1,-1
162,703,1627159027387,-1,-1,-1
163,735,1627159028389,-1,-1,-1
164,703,1627159029429,-1,-1,-1
165,719,1627159030386,-1,-1,-1
166,695,1627159030386,-1,-1,-1
167,663,1627159031386,-1,-1,-1
168,671,1627159032386,-1,-1,-1
169,695,1627159032386,-1,-1,-1
170,687,1627159033441,-1,-1,-1
171,775,1627159034426,-1,-1,-1
172,759,1627159035388,-1,-1,-1
173,751,1627159035388,-1,-1,-1
174,751,1627159036386,-1,-1,-1
175,791,1627159037389,-1,-1,-1
176,791,1627159038386,-1,-1,-1
177,783,1627159038386,-1,-1,-1
178,783,1627159039386,-1,-1,-1
179,711,1627159040391,-1,-1,-1
180,679,1627159041386,-1,-1,-1
181,679,1627159041386,-1,-1,-1
182,687,1627159042386,-1,-1,-1
183,711,1627159043429,-1,-1,-1
184,703,1627159043429,-1,-1,-1
185,735,1627159044388,-1,-1,-1
186,703,1627159045386,-1,-1,-1
187,743,1627159046386,-1,-1,-1
188,735,1627159046386,-1,-1,-1
189,727,1627159047387,-1,-1,-1
190,719,1627159048386,-1,-1,-1
191,711,1627159048386,-1,-1,-1
192,687,1627159049427,-1,-1,-1
193,727,1627159050385,-1,-1,-1
194,783,1627159051387,-1,-1,-1
195,751,1627159051387,-1,-1,-1
196,719,1627159052385,-1,-1,-1
197,623,1627159055387,-1,-1,-1
198,823,1627159057386,-1,-1,-1
199,855,1627159058386,-1,-1,-1
200,727,1627159059388,-1,-1,-1
201,743,1627159060388,-1,-1,-1
202,687,1627159062387,-1,-1,-1
203,623,1627159062387,-1,-1,-1
204,847,1627159063388,-1,-1,-1
205,751,1627159064425,-1,-1,-1
206,639,1627159065426,-1,-1,-1
207,743,1627159065426,-1,-1,-1
208,727,1627159068388,-1,-1,-1
209,711,1627159069386,-1,-1,-1
210,719,1627159070390,-1,-1,-1
211,711,1627159070390,-1,-1,-1
212,727,1627159071387,-1,-1,-1
213,671,1627159072387,-1,-1,-1
214,767,1627159072387,-1,-1,-1
215,703,1627159074388,-1,-1,-1
216,703,1627159075385,-1,-1,-1
217,743,1627159076385,-1,-1,-1
218,623,1627159077385,-1,-1,-1
219,735,1627159077385,-1,-1,-1
220,711,1627159078387,-1,-1,-1
221,679,1627159079387,-1,-1,-1
222,751,1627159079387,-1,-1,-1
223,791,1627159080387,-1,-1,-1
224,783,1627159081386,-1,-1,-1
225,727,1627159082428,-1,-1,-1
226,679,1627159082428,-1,-1,-1
227,703,1627159083387,-1,-1,-1
228,703,1627159084389,-1,-1,-1
229,663,1627159084390,-1,-1,-1
230,775,1627159085389,-1,-1,-1
231,751,1627159086389,-1,-1,-1
232,703,1627159087386,-1,-1,-1
233,719,1627159087386,-1,-1,-1
234,663,1627159088386,-1,-1,-1
235,671,1627159089385,-1,-1,-1
236,647,1627159089385,-1,-1,-1
237,671,1627159090427,-1,-1,-1
238,671,1627159091389,-1,-1,-1
239,655,1627159091389,-1,-1,-1
240,783,1627159092388,-1,-1,-1
241,879,1627159093388,-1,-1,-1
242,903,1627159094385,-1,-1,-1
243,863,1627159095388,-1,-1,-1
244,879,1627159096387,-1,-1,-1
245,847,1627159097428,-1,-1,-1
246,767,1627159097428,-1,-1,-1
247,727,1627159098388,-1,-1,-1
248,695,1627159099429,-1,-1,-1
249,735,1627159101385,-1,-1,-1
250,743,1627159102386,-1,-1,-1
251,751,1627159102386,-1,-1,-1
252,767,1627159103386,-1,-1,-1
253,751,1627159104389,-1,-1,-1
254,863,1627159105390,-1,-1,-1
255,735,1627159105390,-1,-1,-1
256,711,1627159106386,-1,-1,-1
257,695,1627159107390,-1,-1,-1
258,711,1627159108396,-1,-1,-1
259,719,1627159108396,-1,-1,-1
260,695,1627159109430,-1,-1,-1
261,695,1627159110386,-1,-1,-1
262,703,1627159110386,-1,-1,-1
263,687,1627159111392,-1,-1,-1
264,767,1627159112465,-1,-1,-1
265,919,1627159113386,-1,-1,-1
266,735,1627159114389,-1,-1,-1
267,791,1627159114389,-1,-1,-1
268,727,1627159115435,-1,-1,-1
269,823,1627159116393,-1,-1,-1
270,823,1627159118385,-1,-1,-1
271,639,1627159119388,-1,-1,-1
272,759,1627159120388,-1,-1,-1
273,695,1627159120388,-1,-1,-1
274,647,1627159121387,-1,-1,-1
275,695,1627159122390,-1,-1,-1
276,759,1627159122390,-1,-1,-1
277,679,1627159123390,-1,-1,-1
278,719,1627159124385,-1,-1,-1
279,743,1627159124385,-1,-1,-1
280,711,1627159125385,-1,-1,-1
281,719,1627159126392,-1,-1,-1
282,703,1627159127396,-1,-1,-1
283,687,1627159127397,-1,-1,-1
284,703,1627159128386,-1,-1,-1
285,727,1627159129546,-1,-1,-1
286,703,1627159129546,-1,-1,-1
287,743,1627159130394,-1,-1,-1
288,783,1627159131386,-1,-1,-1
289,775,1627159132426,-1,-1,-1
290,775,1627159132426,-1,-1,-1
291,791,1627159133389,-1,-1,-1
292,791,1627159134389,-1,-1,-1
293,799,1627159135389,-1,-1,-1
294,815,1627159136386,-1,-1,-1
295,783,1627159136386,-1,-1,-1
296,727,1627159139393,-1,-1,-1
297,727,1627159139393,-1,-1,-1
298,679,1627159140393,-1,-1,-1
299,655,1627159141392,-1,-1,-1
300,671,1627159141393,-1,-1,-1
301,695,1627159142385,-1,-1,-1
302,711,1627159143385,-1,-1,-1
303,727,1627159144394,-1,-1,-1
304,791,1627159144394,-1,-1,-1
305,927,1627159145432,-1,-1,-1
306,839,1627159146390,-1,-1,-1
307,727,1627159148426,-1,-1,-1
308,751,1627159149385,-1,-1,-1
309,759,1627159150387,-1,-1,-1
310,719,1627159151391,-1,-1,-1
311,719,1627159151391,-1,-1,-1
312,791,1627159152390,-1,-1,-1
313,775,1627159153391,-1,-1,-1
314,719,1627159154386,-1,-1,-1
315,647,1627159159393,-1,-1,-1
316,671,1627159160389,-1,-1,-1
317,631,1627159160389,-1,-1,-1
318,639,1627159162391,-1,-1,-1
319,639,1627159163393,-1,-1,-1
320,767,1627159165433,-1,-1,-1
321,711,1627159166389,-1,-1,-1
322,711,1627159166389,-1,-1,-1
323,679,1627159167392,-1,-1,-1
324,703,1627159168393,-1,-1,-1
325,703,1627159168393,-1,-1,-1
326,719,1627159169392,-1,-1,-1
327,759,1627159170393,-1,-1,-1
328,807,1627159171392,-1,-1,-1
329,799,1627159172388,-1,-1,-1
330,743,1627159172388,-1,-1,-1
331,815,1627159173386,-1,-1,-1
332,759,1627159174395,-1,-1,-1
333,759,1627159175393,-1,-1,-1
334,711,1627159177393,-1,-1,-1
335,679,1627159178390,-1,-1,-1
336,727,1627159178390,-1,-1,-1
337,727,1627159179392,-1,-1,-1
338,727,1627159180393,-1,-1,-1
339,687,1627159180393,-1,-1,-1
340,719,1627159181432,-1,-1,-1
341,663,1627159182394,-1,-1,-1
342,711,1627159182394,-1,-1,-1
343,623,1627159183386,-1,-1,-1
344,647,1627159185393,-1,-1,-1
345,887,1627159187428,-1,-1,-1
346,631,1627159188386,-1,-1,-1
347,647,1627159188386,-1,-1,-1
348,671,1627159191391,-1,-1,-1
349,727,1627159193431,-1,-1,-1
350,735,1627159194386,-1,-1,-1
351,727,1627159194386,-1,-1,-1
352,711,1627159195472,-1,-1,-1
353,719,1627159196396,-1,-1,-1
354,711,1627159196397,-1,-1,-1
355,727,1627159197393,-1,-1,-1
356,767,1627159198430,-1,-1,-1
357,751,1627159199393,-1,-1,-1
358,775,1627159199393,-1,-1,-1
359,759,1627159200386,-1,-1,-1
360,759,1627159201390,-1,-1,-1
361,767,1627159202386,-1,-1,-1
362,703,1627159202386,-1,-1,-1
363,695,1627159203392,-1,-1,-1
364,703,1627159204392,-1,-1,-1
365,719,1627159205392,-1,-1,-1
366,703,1627159205392,-1,-1,-1
367,759,1627159206392,-1,-1,-1
368,759,1627159207393,-1,-1,-1
369,759,1627159208385,-1,-1,-1
370,775,1627159208385,-1,-1,-1
371,503,1627159209391,-1,-1,-1
372,775,1627159212391,-1,-1,-1
373,735,1627159218389,-1,-1,-1
374,615,1627159219392,-1,-1,-1
375,671,1627159219392,-1,-1,-1
376,671,1627159220386,-1,-1,-1
377,583,1627159221391,-1,-1,-1
378,647,1627159221391,-1,-1,-1
379,543,1627159222394,-1,-1,-1
380,671,1627159222394,-1,-1,-1
381,663,1627159223391,-1,-1,-1
382,719,1627159224386,-1,-1,-1
383,831,1627159225432,-1,-1,-1
384,839,1627159226385,-1,-1,-1
385,783,1627159226385,-1,-1,-1
386,775,1627159227387,-1,-1,-1
387,783,1627159228385,-1,-1,-1
388,791,1627159229391,-1,-1,-1
389,695,1627159229391,-1,-1,-1
390,679,1627159231386,-1,-1,-1
391,719,1627159232388,-1,-1,-1
392,751,1627159235392,-1,-1,-1
393,759,1627159236394,-1,-1,-1
394,695,1627159237386,-1,-1,-1
395,695,1627159237386,-1,-1,-1
396,815,1627159240392,-1,-1,-1
397,687,1627159241395,-1,-1,-1
398,719,1627159242391,-1,-1,-1
399,727,1627159242391,-1,-1,-1
400,775,1627159243385,-1,-1,-1
401,783,1627159244386,-1,-1,-1
402,743,1627159245392,-1,-1,-1
403,719,1627159245392,-1,-1,-1
404,719,1627159246391,-1,-1,-1
405,775,1627159248385,-1,-1,-1
406,871,1627159249386,-1,-1,-1
407,831,1627159250385,-1,-1,-1
408,799,1627159251391,-1,-1,-1
409,727,1627159251391,-1,-1,-1
410,719,1627159252391,-1,-1,-1
411,727,1627159258391,-1,-1,-1
412,767,1627159259396,-1,-1,-1
413,655,1627159259396,-1,-1,-1
414,791,1627159260470,-1,-1,-1
415,695,1627159261391,-1,-1,-1
416,711,1627159262388,-1,-1,-1
417,695,1627159262388,-1,-1,-1
418,703,1627159263432,-1,-1,-1
419,719,1627159264391,-1,-1,-1
420,711,1627159264391,-1,-1,-1
421,711,1627159265431,-1,-1,-1
422,719,1627159266391,-1,-1,-1
423,687,1627159266391,-1,-1,-1
424,703,1627159267390,-1,-1,-1
425,711,1627159268386,-1,-1,-1
426,695,1627159269391,-1,-1,-1
427,711,1627159269391,-1,-1,-1
428,767,1627159270385,-1,-1,-1
429,775,1627159271386,-1,-1,-1
430,791,1627159272391,-1,-1,-1
431,727,1627159272391,-1,-1,-1
432,695,1627159273392,-1,-1,-1
433,727,1627159274385,-1,-1,-1
434,759,1627159275391,-1,-1,-1
435,727,1627159275391,-1,-1,-1
436,775,1627159276392,-1,-1,-1
437,711,1627159277391,-1,-1,-1
438,559,1627159277391,-1,-1,-1
439,807,1627159278393,-1,-1,-1
440,735,1627159279393,-1,-1,-1
441,735,1627159280466,-1,-1,-1
442,727,1627159280466,-1,-1,-1
443,823,1627159281392,-1,-1,-1
444,911,1627159282386,-1,-1,-1
445,575,1627159283388,-1,-1,-1
446,671,1627159283388,-1,-1,-1
447,687,1627159287390,-1,-1,-1
448,671,1627159288385,-1,-1,-1
449,663,1627159290386,-1,-1,-1
450,671,1627159291387,-1,-1,-1
451,655,1627159293386,-1,-1,-1
452,631,1627159293386,-1,-1,-1
453,703,1627159294389,-1,-1,-1
454,711,1627159295386,-1,-1,-1
455,471,1627159297386,-1,-1,-1
456,743,1627159299390,-1,-1,-1
457,735,1627159300389,-1,-1,-1
458,727,1627159301392,-1,-1,-1
459,695,1627159301393,-1,-1,-1
460,687,1627159303385,-1,-1,-1
461,911,1627159304384,-1,-1,-1
462,783,1627159305389,-1,-1,-1
463,791,1627159306389,-1,-1,-1
464,767,1627159307386,-1,-1,-1
465,831,1627159308387,-1,-1,-1
466,791,1627159308387,-1,-1,-1
467,775,1627159309394,-1,-1,-1
468,695,1627159311391,-1,-1,-1
469,671,1627159312393,-1,-1,-1
470,719,1627159313431,-1,-1,-1
471,703,1627159313432,-1,-1,-1
472,631,1627159314395,-1,-1,-1
473,479,1627159317386,-1,-1,-1
474,543,1627159320385,-1,-1,-1
475,847,1627159322385,-1,-1,-1
476,647,1627159322385,-1,-1,-1
477,711,1627159323384,-1,-1,-1
478,759,1627159324385,-1,-1,-1
479,623,1627159324385,-1,-1,-1
480,719,1627159328386,-1,-1,-1
481,735,1627159329433,-1,-1,-1
482,783,1627159329433,-1,-1,-1
483,807,1627159330393,-1,-1,-1
484,775,1627159333395,-1,-1,-1
485,543,1627159334386,-1,-1,-1
486,823,1627159335389,-1,-1,-1
487,695,1627159335389,-1,-1,-1
488,735,1627159336393,-1,-1,-1
489,791,1627159337390,-1,-1,-1
490,503,1627159337391,-1,-1,-1
491,879,1627159340386,-1,-1,-1
492,799,1627159341391,-1,-1,-1
493,783,1627159342391,-1,-1,-1
494,775,1627159343387,-1,-1,-1
495,799,1627159343387,-1,-1,-1
496,735,1627159344392,-1,-1,-1
497,751,1627159345386,-1,-1,-1
498,735,1627159346424,-1,-1,-1
499,727,1627159346424,-1,-1,-1
500,663,1627159347394,-1,-1,-1
501,663,1627159348428,-1,-1,-1
502,679,1627159348428,-1,-1,-1
503,695,1627159349391,-1,-1,-1
504,751,1627159350392,-1,-1,-1
505,735,1627159351387,-1,-1,-1
506,759,1627159351387,-1,-1,-1
507,791,1627159352386,-1,-1,-1
508,815,1627159353426,-1,-1,-1
509,719,1627159355393,-1,-1,-1
510,735,1627159356393,-1,-1,-1
511,711,1627159357393,-1,-1,-1
512,735,1627159357393,-1,-1,-1
513,735,1627159358386,-1,-1,-1
514,799,1627159359386,-1,-1,-1
515,855,1627159360386,-1,-1,-1
516,911,1627159361392,-1,-1,-1
517,823,1627159362431,-1,-1,-1
518,767,1627159362432,-1,-1,-1
519,775,1627159363393,-1,-1,-1
520,735,1627159364387,-1,-1,-1
521,727,1627159366390,-1,-1,-1
522,791,1627159371392,-1,-1,-1
523,863,1627159372386,-1,-1,-1
524,855,1627159373391,-1,-1,-1
525,847,1627159374391,-1,-1,-1
526,759,1627159374391,-1,-1,-1
527,823,1627159381391,-1,-1,-1
528,855,1627159381391,-1,-1,-1
529,767,1627159382390,-1,-1,-1
530,719,1627159383391,-1,-1,-1
531,799,1627159384388,-1,-1,-1
532,831,1627159385430,-1,-1,-1
533,783,1627159385430,-1,-1,-1
534,727,1627159386391,-1,-1,-1
535,903,1627159387389,-1,-1,-1
536,871,1627159390389,-1,-1,-1
537,823,1627159391386,-1,-1,-1
538,823,1627159392391,-1,-1,-1
539,751,1627159393393,-1,-1,-1
540,727,1627159395473,-1,-1,-1
541,679,1627159395473,-1,-1,-1
542,663,1627159396391,-1,-1,-1
543,575,1627159397391,-1,-1,-1
544,687,1627159399391,-1,-1,-1
545,655,1627159399391,-1,-1,-1
546,639,1627159400384,-1,-1,-1
547,767,1627159401393,-1,-1,-1
548,815,1627159402392,-1,-1,-1
549,799,1627159402392,-1,-1,-1
550,839,1627159403390,-1,-1,-1
551,863,1627159404391,-1,-1,-1
552,847,1627159405391,-1,-1,-1
553,855,1627159406428,-1,-1,-1
554,807,1627159407391,-1,-1,-1
555,775,1627159407392,-1,-1,-1
556,759,1627159408393,-1,-1,-1
557,727,1627159409385,-1,-1,-1
558,751,1627159410391,-1,-1,-1
559,751,1627159410391,-1,-1,-1
560,831,1627159411386,-1,-1,-1
561,727,1627159412425,-1,-1,-1
562,831,1627159413389,-1,-1,-1
563,855,1627159414385,-1,-1,-1
564,879,1627159414385,-1,-1,-1
565,847,1627159415391,-1,-1,-1
566,791,1627159416389,-1,-1,-1
567,815,1627159417425,-1,-1,-1
568,751,1627159418387,-1,-1,-1
569,775,1627159418387,-1,-1,-1
570,703,1627159419391,-1,-1,-1
571,735,1627159420393,-1,-1,-1
572,711,1627159421392,-1,-1,-1
573,727,1627159421392,-1,-1,-1
574,743,1627159422391,-1,-1,-1
575,727,1627159423385,-1,-1,-1
576,727,1627159424384,-1,-1,-1
577,759,1627159424384,-1,-1,-1
578,703,1627159425516,-1,-1,-1
579,815,1627159426391,-1,-1,-1
580,743,1627159427432,-1,-1,-1
581,687,1627159427432,-1,-1,-1
582,711,1627159428349,-1,-1,-1
583,775,1627159429350,-1,-1,-1
584,711,1627159429350,-1,-1,-1
585,687,1627159430465,-1,-1,-1
586,671,1627159431432,-1,-1,-1
587,703,1627159433349,-1,-1,-1
588,727,1627159434351,-1,-1,-1
589,551,1627159434351,-1,-1,-1
590,847,1627159435350,-1,-1,-1
591,767,1627159436347,-1,-1,-1
592,855,1627159437351,-1,-1,-1
593,919,1627159438350,-1,-1,-1
594,831,1627159438350,-1,-1,-1
595,791,1627159439351,-1,-1,-1
596,719,1627159440345,-1,-1,-1
597,727,1627159441348,-1,-1,-1
598,759,1627159443348,-1,-1,-1
599,719,1627159444350,-1,-1,-1
600,751,1627159444350,-1,-1,-1
601,711,1627159445351,-1,-1,-1
602,783,1627159446347,-1,-1,-1
603,823,1627159447394,-1,-1,-1
604,775,1627159447394,-1,-1,-1
605,911,1627159448351,-1,-1,-1
606,719,1627159450349,-1,-1,-1
607,759,1627159451351,-1,-1,-1
608,719,1627159452390,-1,-1,-1
609,743,1627159453347,-1,-1,-1
610,687,1627159453347,-1,-1,-1
611,943,1627159454351,-1,-1,-1
612,695,1627159457352,-1,-1,-1
613,663,1627159458391,-1,-1,-1
614,703,1627159458391,-1,-1,-1
615,703,1627159459352,-1,-1,-1
616,743,1627159460347,-1,-1,-1
617,855,1627159461354,-1,-1,-1
618,855,1627159461354,-1,-1,-1
619,855,1627159462351,-1,-1,-1
620,847,1627159463347,-1,-1,-1
621,807,1627159464391,-1,-1,-1
622,799,1627159465345,-1,-1,-1
623,887,1627159467345,-1,-1,-1
624,719,1627159468351,-1,-1,-1
625,759,1627159469386,-1,-1,-1
626,759,1627159469386,-1,-1,-1
627,807,1627159470344,-1,-1,-1
628,799,1627159471347,-1,-1,-1
629,879,1627159472386,-1,-1,-1
630,823,1627159473352,-1,-1,-1
631,823,1627159473352,-1,-1,-1
632,767,1627159474349,-1,-1,-1
633,695,1627159475349,-1,-1,-1
634,807,1627159476352,-1,-1,-1
635,751,1627159476352,-1,-1,-1
636,695,1627159477345,-1,-1,-1
637,743,1627159478344,-1,-1,-1
638,703,1627159479349,-1,-1,-1
639,719,1627159479349,-1,-1,-1
640,727,1627159480390,-1,-1,-1
641,735,1627159481353,-1,-1,-1
642,735,1627159481353,-1,-1,-1
643,759,1627159482350,-1,-1,-1
644,727,1627159483349,-1,-1,-1
645,671,1627159484345,-1,-1,-1
646,863,1627159485352,-1,-1,-1
647,815,1627159485352,-1,-1,-1
648,815,1627159486352,-1,-1,-1
649,807,1627159487346,-1,-1,-1
650,831,1627159488432,-1,-1,-1
651,783,1627159489345,-1,-1,-1
652,807,1627159489345,-1,-1,-1
653,783,1627159490385,-1,-1,-1
654,735,1627159491345,-1,-1,-1
655,735,1627159492344,-1,-1,-1
656,759,1627159492344,-1,-1,-1
657,735,1627159493346,-1,-1,-1
658,743,1627159494346,-1,-1,-1
659,655,1627159495346,-1,-1,-1
660,863,1627159495346,-1,-1,-1
661,751,1627159496344,-1,-1,-1
662,663,1627159497385,-1,-1,-1
663,911,1627159498351,-1,-1,-1
664,751,1627159498351,-1,-1,-1
665,759,1627159499344,-1,-1,-1
666,775,1627159500346,-1,-1,-1
667,751,1627159504345,-1,-1,-1
668,767,1627159505353,-1,-1,-1
669,847,1627159505353,-1,-1,-1
670,735,1627159506352,-1,-1,-1
671,775,1627159511351,-1,-1,-1
672,727,1627159512349,-1,-1,-1
673,759,1627159513427,-1,-1,-1
674,831,1627159514345,-1,-1,-1
675,695,1627159514345,-1,-1,-1
676,847,1627159515351,-1,-1,-1
677,807,1627159516351,-1,-1,-1
678,655,1627159517357,-1,-1,-1
679,711,1627159520346,-1,-1,-1
680,751,1627159521351,-1,-1,-1
681,719,1627159522390,-1,-1,-1
682,583,1627159522390,-1,-1,-1
683,871,1627159523351,-1,-1,-1
684,759,1627159524345,-1,-1,-1
685,791,1627159525345,-1,-1,-1
686,783,1627159525345,-1,-1,-1
687,759,1627159526346,-1,-1,-1
688,767,1627159527347,-1,-1,-1
689,799,1627159528344,-1,-1,-1
690,719,1627159529345,-1,-1,-1
691,711,1627159529345,-1,-1,-1
692,663,1627159530385,-1,-1,-1
693,847,1627159531344,-1,-1,-1
694,719,1627159533352,-1,-1,-1
695,695,1627159534352,-1,-1,-1
696,727,1627159534352,-1,-1,-1
697,703,1627159535356,-1,-1,-1
698,751,1627159536345,-1,-1,-1
699,711,1627159536346,-1,-1,-1
700,735,1627159537345,-1,-1,-1
701,679,1627159538345,-1,-1,-1
702,791,1627159539350,-1,-1,-1
703,767,1627159539350,-1,-1,-1
704,823,1627159540390,-1,-1,-1
705,799,1627159541348,-1,-1,-1
706,855,1627159542345,-1,-1,-1
707,879,1627159543350,-1,-1,-1
708,815,1627159544344,-1,-1,-1
709,807,1627159544344,-1,-1,-1
710,775,1627159545345,-1,-1,-1
711,775,1627159546391,-1,-1,-1
712,759,1627159547351,-1,-1,-1
713,767,1627159548351,-1,-1,-1
714,735,1627159548351,-1,-1,-1
715,767,1627159549346,-1,-1,-1
716,783,1627159550345,-1,-1,-1
717,783,1627159551345,-1,-1,-1
718,799,1627159551345,-1,-1,-1
719,791,1627159552386,-1,-1,-1
720,791,1627159553346,-1,-1,-1
721,791,1627159554392,-1,-1,-1
722,759,1627159555345,-1,-1,-1
723,767,1627159555345,-1,-1,-1
724,767,1627159556345,-1,-1,-1
725,743,1627159557348,-1,-1,-1
726,759,1627159558345,-1,-1,-1
727,751,1627159558345,-1,-1,-1
728,735,1627159559346,-1,-1,-1
729,807,1627159560351,-1,-1,-1
730,783,1627159561349,-1,-1,-1
731,783,1627159561350,-1,-1,-1
732,783,1627159562345,-1,-1,-1
733,775,1627159563352,-1,-1,-1
734,791,1627159564349,-1,-1,-1
735,759,1627159565351,-1,-1,-1
736,783,1627159565351,-1,-1,-1
737,759,1627159566349,-1,-1,-1
738,783,1627159567391,-1,-1,-1
739,743,1627159568345,-1,-1,-1
740,743,1627159568345,-1,-1,-1
741,751,1627159569349,-1,-1,-1
742,751,1627159570351,-1,-1,-1
743,735,1627159571351,-1,-1,-1
744,735,1627159571352,-1,-1,-1
745,751,1627159572351,-1,-1,-1
746,727,1627159573353,-1,-1,-1
747,727,1627159574346,-1,-1,-1
748,727,1627159574346,-1,-1,-1
749,759,1627159575350,-1,-1,-1
750,703,1627159576350,-1,-1,-1
751,759,1627159576351,-1,-1,-1
752,735,1627159577351,-1,-1,-1
753,743,1627159578390,-1,-1,-1
754,743,1627159579391,-1,-1,-1
755,743,1627159579391,-1,-1,-1
756,775,1627159580349,-1,-1,-1
757,807,1627159581350,-1,-1,-1
758,791,1627159582351,-1,-1,-1
759,791,1627159583430,-1,-1,-1
760,791,1627159583430,-1,-1,-1
761,775,1627159584349,-1,-1,-1
762,759,1627159585350,-1,-1,-1
763,775,1627159586466,-1,-1,-1
764,735,1627159586466,-1,-1,-1
765,727,1627159587352,-1,-1,-1
766,735,1627159588350,-1,-1,-1
767,735,1627159589351,-1,-1,-1
768,727,1627159589351,-1,-1,-1
769,743,1627159590344,-1,-1,-1
770,775,1627159591350,-1,-1,-1
771,767,1627159592350,-1,-1,-1
772,775,1627159592350,-1,-1,-1
773,767,1627159593350,-1,-1,-1
774,759,1627159594352,-1,-1,-1
775,759,1627159595351,-1,-1,-1
776,719,1627159595351,-1,-1,-1
777,791,1627159596384,-1,-1,-1
778,855,1627159597353,-1,-1,-1
779,615,1627159598344,-1,-1,-1
780,751,1627159598344,-1,-1,-1
781,767,1627159599350,-1,-1,-1
782,759,1627159600350,-1,-1,-1
783,767,1627159601351,-1,-1,-1
784,807,1627159602348,-1,-1,-1
785,791,1627159602348,-1,-1,-1
786,815,1627159603349,-1,-1,-1
787,767,1627159604345,-1,-1,-1
788,831,1627159605350,-1,-1,-1
789,783,1627159606350,-1,-1,-1
790,791,1627159606350,-1,-1,-1
791,727,1627159607351,-1,-1,-1
792,719,1627159608349,-1,-1,-1
793,687,1627159609351,-1,-1,-1
794,727,1627159609351,-1,-1,-1
795,695,1627159610345,-1,-1,-1
796,719,1627159611349,-1,-1,-1
797,679,1627159611349,-1,-1,-1
798,687,1627159612386,-1,-1,-1
799,719,1627159613351,-1,-1,-1
800,711,1627159613351,-1,-1,-1
801,703,1627159614352,-1,-1,-1
802,751,1627159615346,-1,-1,-1
803,743,1627159616345,-1,-1,-1
804,743,1627159616345,-1,-1,-1
805,743,1627159617350,-1,-1,-1
806,751,1627159618394,-1,-1,-1
807,727,1627159619351,-1,-1,-1
808,751,1627159619351,-1,-1,-1
809,735,1627159620345,-1,-1,-1
810,743,1627159621351,-1,-1,-1
811,727,1627159622344,-1,-1,-1
812,735,1627159622344,-1,-1,-1
813,735,1627159623352,-1,-1,-1
814,735,1627159624350,-1,-1,-1
815,743,1627159625346,-1,-1,-1
816,775,1627159625346,-1,-1,-1
817,767,1627159626351,-1,-1,-1
818,767,1627159627349,-1,-1,-1
819,791,1627159628384,-1,-1,-1
820,775,1627159628384,-1,-1,-1
821,759,1627159629352,-1,-1,-1
822,751,1627159630350,-1,-1,-1
823,743,1627159631350,-1,-1,-1
824,743,1627159631350,-1,-1,-1
825,727,1627159632350,-1,-1,-1
826,711,1627159633348,-1,-1,-1
827,719,1627159634346,-1,-1,-1
828,735,1627159634346,-1,-1,-1
829,735,1627159635353,-1,-1,-1
830,783,1627159636350,-1,-1,-1
831,807,1627159637344,-1,-1,-1
832,823,1627159637344,-1,-1,-1
833,823,1627159638391,-1,-1,-1
834,783,1627159639350,-1,-1,-1
835,791,1627159640344,-1,-1,-1
836,791,1627159641351,-1,-1,-1
837,743,1627159641351,-1,-1,-1
838,743,1627159642346,-1,-1,-1
839,727,1627159643352,-1,-1,-1
840,703,1627159644351,-1,-1,-1
841,735,1627159644351,-1,-1,-1
842,735,1627159645392,-1,-1,-1
843,743,1627159646345,-1,-1,-1
844,759,1627159647354,-1,-1,-1
845,783,1627159647355,-1,-1,-1
846,759,1627159648352,-1,-1,-1
847,807,1627159649353,-1,-1,-1
848,759,1627159650391,-1,-1,-1
849,775,1627159650391,-1,-1,-1
850,751,1627159651351,-1,-1,-1
851,775,1627159652343,-1,-1,-1
852,767,1627159653344,-1,-1,-1
853,775,1627159654351,-1,-1,-1
854,767,1627159654351,-1,-1,-1
855,767,1627159655390,-1,-1,-1
856,783,1627159656351,-1,-1,-1
857,767,1627159657352,-1,-1,-1
858,783,1627159657352,-1,-1,-1
859,783,1627159658344,-1,-1,-1
860,751,1627159659353,-1,-1,-1
861,751,1627159660351,-1,-1,-1
862,751,1627159660351,-1,-1,-1
863,751,1627159661391,-1,-1,-1
864,759,1627159662351,-1,-1,-1
865,767,1627159663349,-1,-1,-1
866,783,1627159663349,-1,-1,-1
867,799,1627159664346,-1,-1,-1
868,823,1627159665351,-1,-1,-1
869,815,1627159666351,-1,-1,-1
870,815,1627159667350,-1,-1,-1
871,815,1627159668345,-1,-1,-1
872,815,1627159668345,-1,-1,-1
873,823,1627159671353,-1,-1,-1
874,759,1627159672391,-1,-1,-1
875,775,1627159672391,-1,-1,-1
876,743,1627159673348,-1,-1,-1
877,687,1627159674350,-1,-1,-1
878,703,1627159674350,-1,-1,-1
879,743,1627159675427,-1,-1,-1
880,767,1627159679351,-1,-1,-1
881,807,1627159680350,-1,-1,-1
882,775,1627159681350,-1,-1,-1
883,839,1627159682385,-1,-1,-1
884,695,1627159682386,-1,-1,-1
885,719,1627159683350,-1,-1,-1
886,655,1627159684352,-1,-1,-1
887,719,1627159684352,-1,-1,-1
888,615,1627159685351,-1,-1,-1
889,719,1627159690344,-1,-1,-1
890,735,1627159694383,-1,-1,-1
891,711,1627159695345,-1,-1,-1
892,711,1627159695346,-1,-1,-1
893,743,1627159696351,-1,-1,-1
894,759,1627159697352,-1,-1,-1
895,759,1627159698351,-1,-1,-1
896,783,1627159699352,-1,-1,-1
897,815,1627159699352,-1,-1,-1
898,615,1627159700345,-1,-1,-1
899,871,1627159701348,-1,-1,-1
900,711,1627159704352,-1,-1,-1
901,767,1627159705352,-1,-1,-1
902,703,1627159705352,-1,-1,-1
903,751,1627159706344,-1,-1,-1
904,719,1627159707352,-1,-1,-1
905,703,1627159708351,-1,-1,-1
906,719,1627159708351,-1,-1,-1
907,727,1627159709390,-1,-1,-1
908,767,1627159710345,-1,-1,-1
909,823,1627159711386,-1,-1,-1
910,791,1627159711386,-1,-1,-1
911,839,1627159712345,-1,-1,-1
912,783,1627159713346,-1,-1,-1
913,775,1627159714393,-1,-1,-1
914,759,1627159714393,-1,-1,-1
915,727,1627159715374,-1,-1,-1
916,703,1627159716345,-1,-1,-1
917,687,1627159717346,-1,-1,-1
918,719,1627159717346,-1,-1,-1
919,679,1627159718346,-1,-1,-1
920,711,1627159719350,-1,-1,-1
921,719,1627159719350,-1,-1,-1
922,735,1627159720393,-1,-1,-1
923,831,1627159721346,-1,-1,-1
924,799,1627159722347,-1,-1,-1
925,871,1627159723351,-1,-1,-1
926,823,1627159724344,-1,-1,-1
927,831,1627159724344,-1,-1,-1
928,807,1627159725350,-1,-1,-1
929,791,1627159726350,-1,-1,-1
930,767,1627159727385,-1,-1,-1
931,783,1627159727385,-1,-1,-1
932,743,1627159728350,-1,-1,-1
933,751,1627159729351,-1,-1,-1
934,751,1627159730344,-1,-1,-1
935,759,1627159731349,-1,-1,-1
936,759,1627159731349,-1,-1,-1
937,735,1627159732345,-1,-1,-1
938,735,1627159733350,-1,-1,-1
939,743,1627159733350,-1,-1,-1
940,743,1627159734428,-1,-1,-1
941,743,1627159735351,-1,-1,-1
942,735,1627159736345,-1,-1,-1
943,743,1627159736345,-1,-1,-1
944,759,1627159737350,-1,-1,-1
945,711,1627159738350,-1,-1,-1
946,727,1627159739349,-1,-1,-1
947,735,1627159739349,-1,-1,-1
948,703,1627159740344,-1,-1,-1
949,679,1627159741351,-1,-1,-1
950,703,1627159741352,-1,-1,-1
951,687,1627159742343,-1,-1,-1
952,695,1627159743346,-1,-1,-1
953,687,1627159744385,-1,-1,-1
954,711,1627159744385,-1,-1,-1
955,727,1627159745350,-1,-1,-1
956,703,1627159746387,-1,-1,-1
957,719,1627159746387,-1,-1,-1
958,655,1627159747350,-1,-1,-1
959,719,1627159748344,-1,-1,-1
960,679,1627159748344,-1,-1,-1
961,663,1627159749353,-1,-1,-1
962,711,1627159750353,-1,-1,-1
963,703,1627159751350,-1,-1,-1
964,703,1627159751350,-1,-1,-1
965,735,1627159752349,-1,-1,-1
966,767,1627159753350,-1,-1,-1
967,751,1627159754344,-1,-1,-1
968,759,1627159754344,-1,-1,-1
969,743,1627159755349,-1,-1,-1
970,735,1627159756348,-1,-1,-1
971,743,1627159756349,-1,-1,-1
972,775,1627159757351,-1,-1,-1
973,751,1627159758351,-1,-1,-1
974,759,1627159759353,-1,-1,-1
975,767,1627159760384,-1,-1,-1
976,743,1627159760384,-1,-1,-1
977,743,1627159761345,-1,-1,-1
978,671,1627159762391,-1,-1,-1
979,679,1627159762391,-1,-1,-1
980,719,1627159763350,-1,-1,-1
981,671,1627159764350,-1,-1,-1
982,695,1627159764350,-1,-1,-1
983,751,1627159765350,-1,-1,-1
984,711,1627159766343,-1,-1,-1
985,735,1627159767350,-1,-1,-1
986,759,1627159767350,-1,-1,-1
987,687,1627159768351,-1,-1,-1
988,703,1627159769351,-1,-1,-1
989,575,1627159769351,-1,-1,-1
990,687,1627159770350,-1,-1,-1
991,679,1627159771349,-1,-1,-1
992,735,1627159772345,-1,-1,-1
993,783,1627159772345,-1,-1,-1
994,847,1627159773349,-1,-1,-1
995,799,1627159774350,-1,-1,-1
996,799,1627159775383,-1,-1,-1
997,655,1627159777393,-1,-1,-1
998,807,1627159779344,-1,-1,-1
999,791,1627159780349,-1,-1,-1
1000,743,1627159781345,-1,-1,-1
1001,703,1627159781345,-1,-1,-1
1002,751,1627159782350,-1,-1,-1
1003,671,1627159784343,-1,-1,-1
1004,727,1627159785350,-1,-1,-1
1005,711,1627159786345,-1,-1,-1
1006,703,1627159786345,-1,-1,-1
1007,711,1627159787351,-1,-1,-1
1008,703,1627159788350,-1,-1,-1
1009,703,1627159789350,-1,-1,-1
1010,719,1627159789350,-1,-1,-1
1011,767,1627159790344,-1,-1,-1
1012,775,1627159791345,-1,-1,-1
1013,807,1627159792351,-1,-1,-1
1014,767,1627159792351,-1,-1,-1
1015,743,1627159793386,-1,-1,-1
1016,703,1627159794349,-1,-1,-1
1017,679,1627159795345,-1,-1,-1
1018,679,1627159795345,-1,-1,-1
1019,711,1627159796345,-1,-1,-1
1020,695,1627159797346,-1,-1,-1
1021,679,1627159797346,-1,-1,-1
1022,687,1627159798345,-1,-1,-1
1023,695,1627159799351,-1,-1,-1
1024,719,1627159799351,-1,-1,-1
1025,743,1627159800346,-1,-1,-1
1026,767,1627159801348,-1,-1,-1
1027,783,1627159802343,-1,-1,-1
1028,783,1627159802343,-1,-1,-1
1029,759,1627159803350,-1,-1,-1
1030,775,1627159804350,-1,-1,-1
1031,735,1627159805351,-1,-1,-1
1032,759,1627159806349,-1,-1,-1
1033,775,1627159806349,-1,-1,-1
1034,767,1627159807350,-1,-1,-1
1035,767,1627159808344,-1,-1,-1
1036,759,1627159809350,-1,-1,-1
1037,871,1627159809350,-1,-1,-1
1038,983,1627159810390,-1,-1,-1
1039,1015,1627159811350,-1,-1,-1
1040,967,1627159812350,-1,-1,-1
1041,911,1627159813350,-1,-1,-1
1042,839,1627159814345,-1,-1,-1
1043,775,1627159815353,-1,-1,-1
1044,735,1627159816430,-1,-1,-1
1045,751,1627159816430,-1,-1,-1
1046,719,1627159817353,-1,-1,-1
1047,631,1627159820348,-1,-1,-1
1048,975,1627159821349,-1,-1,-1
1049,535,1627159821349,-1,-1,-1
1050,927,1627159824349,-1,-1,-1
1051,895,1627159826385,-1,-1,-1
1052,711,1627159826385,-1,-1,-1
1053,887,1627159832349,-1,-1,-1
1054,719,1627159834349,-1,-1,-1
1055,775,1627159835348,-1,-1,-1
1056,743,1627159836351,-1,-1,-1
1057,751,1627159838350,-1,-1,-1
1058,775,1627159839344,-1,-1,-1
1059,711,1627159839344,-1,-1,-1
1060,727,1627159840350,-1,-1,-1
1061,647,1627159841351,-1,-1,-1
1062,703,1627159841352,-1,-1,-1
1063,735,1627159842391,-1,-1,-1
1064,887,1627159843347,-1,-1,-1
1065,983,1627159844347,-1,-1,-1
1066,895,1627159845349,-1,-1,-1
1067,839,1627159846350,-1,-1,-1
1068,791,1627159847351,-1,-1,-1
1069,711,1627159847351,-1,-1,-1
1070,719,1627159848348,-1,-1,-1
1071,727,1627159849350,-1,-1,-1
1072,775,1627159849350,-1,-1,-1
1073,687,1627159850343,-1,-1,-1
1074,695,1627159851349,-1,-1,-1
1075,743,1627159852345,-1,-1,-1
1076,847,1627159852345,-1,-1,-1
1077,815,1627159853344,-1,-1,-1
1078,759,1627159854350,-1,-1,-1
1079,791,1627159855350,-1,-1,-1
1080,807,1627159856344,-1,-1,-1
1081,767,1627159856344,-1,-1,-1
1082,759,1627159857347,-1,-1,-1
1083,759,1627159858346,-1,-1,-1
1084,815,1627159859389,-1,-1,-1
1085,759,1627159859389,-1,-1,-1
1086,719,1627159860351,-1,-1,-1
1087,727,1627159861351,-1,-1,-1
1088,695,1627159862345,-1,-1,-1
1089,791,1627159862345,-1,-1,-1
1090,759,1627159863352,-1,-1,-1
1091,687,1627159865343,-1,-1,-1
1092,663,1627159866350,-1,-1,-1
1093,719,1627159867349,-1,-1,-1
1094,879,1627159868344,-1,-1,-1
1095,871,1627159869353,-1,-1,-1
1096,967,1627159870384,-1,-1,-1
1097,799,1627159871348,-1,-1,-1
1098,879,1627159872348,-1,-1,-1
1099,759,1627159873350,-1,-1,-1
1100,735,1627159874384,-1,-1,-1
1101,695,1627159874384,-1,-1,-1
1102,767,1627159875344,-1,-1,-1
1103,767,1627159876350,-1,-1,-1
1104,783,1627159877343,-1,-1,-1
1105,815,1627159877343,-1,-1,-1
1106,839,1627159878388,-1,-1,-1
1107,847,1627159879350,-1,-1,-1
1108,863,1627159880350,-1,-1,-1
1109,831,1627159881349,-1,-1,-1
1110,767,1627159882350,-1,-1,-1
1111,743,1627159882350,-1,-1,-1
1112,743,1627159883348,-1,-1,-1
1113,735,1627159884349,-1,-1,-1
1114,759,1627159885350,-1,-1,-1
1115,727,1627159885350,-1,-1,-1
1116,839,1627159886353,-1,-1,-1
1117,863,1627159887351,-1,-1,-1
1118,839,1627159888351,-1,-1,-1
1119,775,1627159889343,-1,-1,-1
1120,759,1627159889343,-1,-1,-1
1121,823,1627159890352,-1,-1,-1
1122,791,1627159891351,-1,-1,-1
1123,791,1627159892383,-1,-1,-1
1124,727,1627159893351,-1,-1,-1
1125,767,1627159893351,-1,-1,-1
1126,727,1627159894343,-1,-1,-1
1127,695,1627159895346,-1,-1,-1
1128,703,1627159895346,-1,-1,-1
1129,695,1627159896350,-1,-1,-1
1130,727,1627159897345,-1,-1,-1
1131,847,1627159898343,-1,-1,-1
1132,871,1627159899345,-1,-1,-1
1133,703,1627159899345,-1,-1,-1
1134,599,1627159900343,-1,-1,-1
1135,991,1627159901344,-1,-1,-1
1136,767,1627159904344,-1,-1,-1
1137,639,1627159905343,-1,-1,-1
1138,751,1627159905343,-1,-1,-1
1139,703,1627159906469,-1,-1,-1
1140,775,1627159907346,-1,-1,-1
1141,935,1627159908391,-1,-1,-1
1142,903,1627159909344,-1,-1,-1
1143,823,1627159909344,-1,-1,-1
1144,839,1627159910343,-1,-1,-1
1145,847,1627159911343,-1,-1,-1
1146,839,1627159912350,-1,-1,-1
1147,823,1627159913350,-1,-1,-1
1148,807,1627159914347,-1,-1,-1
1149,711,1627159914347,-1,-1,-1
1150,727,1627159915347,-1,-1,-1
1151,719,1627159916344,-1,-1,-1
1152,751,1627159917343,-1,-1,-1
1153,711,1627159917343,-1,-1,-1
1154,695,1627159918350,-1,-1,-1
1155,711,1627159919343,-1,-1,-1
1156,671,1627159919343,-1,-1,-1
1157,751,1627159920384,-1,-1,-1
1158,815,1627159921352,-1,-1,-1
1159,863,1627159922345,-1,-1,-1
1160,927,1627159923344,-1,-1,-1
1161,791,1627159924350,-1,-1,-1
1162,663,1627159924350,-1,-1,-1
1163,831,1627159925390,-1,-1,-1
1164,815,1627159926350,-1,-1,-1
1165,711,1627159927351,-1,-1,-1
1166,711,1627159927351,-1,-1,-1
1167,687,1627159928346,-1,-1,-1
1168,639,1627159929349,-1,-1,-1
1169,743,1627159931345,-1,-1,-1
1170,751,1627159932351,-1,-1,-1
1171,727,1627159932351,-1,-1,-1
1172,775,1627159935349,-1,-1,-1
1173,687,1627159935349,-1,-1,-1
1174,783,1627159936350,-1,-1,-1
1175,847,1627159937345,-1,-1,-1
1176,847,1627159938390,-1,-1,-1
1177,871,1627159939349,-1,-1,-1
1178,855,1627159940343,-1,-1,-1
1179,847,1627159940343,-1,-1,-1
1180,823,1627159941390,-1,-1,-1
1181,815,1627159942349,-1,-1,-1
1182,783,1627159943350,-1,-1,-1
1183,703,1627159944349,-1,-1,-1
1184,807,1627159946344,-1,-1,-1
1185,751,1627159947349,-1,-1,-1
1186,743,1627159947349,-1,-1,-1
1187,775,1627159948348,-1,-1,-1
1188,767,1627159949350,-1,-1,-1
1189,687,1627159953349,-1,-1,-1
1190,751,1627159955349,-1,-1,-1
1191,711,1627159956350,-1,-1,-1
1192,783,1627159956350,-1,-1,-1
1193,759,1627159959350,-1,-1,-1
1194,799,1627159960347,-1,-1,-1
1195,823,1627159961348,-1,-1,-1
1196,807,1627159962350,-1,-1,-1
1197,783,1627159962350,-1,-1,-1
1198,791,1627159963349,-1,-1,-1
1199,759,1627159964348,-1,-1,-1
1200,711,1627159966346,-1,-1,-1
1201,671,1627159967343,-1,-1,-1
1202,687,1627159968343,-1,-1,-1
1203,727,1627159968344,-1,-1,-1
1204,711,1627159969345,-1,-1,-1
1205,703,1627159970384,-1,-1,-1
1206,743,1627159971344,-1,-1,-1
1207,751,1627159971344,-1,-1,-1
1208,767,1627159972346,-1,-1,-1
1209,775,1627159973343,-1,-1,-1
1210,767,1627159974389,-1,-1,-1
1211,767,1627159974389,-1,-1,-1
1212,735,1627159975349,-1,-1,-1
1213,687,1627159976343,-1,-1,-1
1214,711,1627159976343,-1,-1,-1
1215,719,1627159979344,-1,-1,-1
1216,791,1627159979344,-1,-1,-1
1217,831,1627159980344,-1,-1,-1
1218,839,1627159981349,-1,-1,-1
1219,839,1627159982345,-1,-1,-1
1220,983,1627159985391,-1,-1,-1
1221,535,1627159986350,-1,-1,-1
1222,727,1627159987349,-1,-1,-1
1223,815,1627159987349,-1,-1,-1
1224,839,1627159988428,-1,-1,-1
1225,775,1627159989349,-1,-1,-1
1226,807,1627159990349,-1,-1,-1
1227,783,1627159993347,-1,-1,-1
1228,767,1627159994345,-1,-1,-1
1229,767,1627159994345,-1,-1,-1
1230,775,1627159995351,-1,-1,-1
1231,783,1627159996350,-1,-1,-1
1232,759,1627159997349,-1,-1,-1
1233,743,1627159997349,-1,-1,-1
1234,799,1627159998345,-1,-1,-1
1235,767,1627159999350,-1,-1,-1
1236,751,1627160000346,-1,-1,-1
1237,655,1627160000346,-1,-1,-1
1238,903,1627160001349,-1,-1,-1
1239,791,1627160002390,-1,-1,-1
1240,727,1627160003351,-1,-1,-1
1241,767,1627160005348,-1,-1,-1
1242,807,1627160008350,-1,-1,-1
1243,783,1627160008350,-1,-1,-1
1244,783,1627160009344,-1,-1,-1
1245,775,1627160010347,-1,-1,-1
1246,759,1627160011349,-1,-1,-1
1247,807,1627160011350,-1,-1,-1
1248,791,1627160012353,-1,-1,-1
1249,767,1627160013349,-1,-1,-1
1250,791,1627160014345,-1,-1,-1
1251,775,1627160015353,-1,-1,-1
1252,847,1627160015353,-1,-1,-1
1253,879,1627160016350,-1,-1,-1
