,RR,Timestamp,SensorContact,errorEstimate,blockerBit
0,655,1624005075421,-1,-1,-1
1,679,1624005077400,-1,-1,-1
2,679,1624005078412,-1,-1,-1
3,623,1624005078412,-1,-1,-1
4,575,1624005085394,-1,-1,-1
5,543,1624005086398,-1,-1,-1
6,415,1624005086399,-1,-1,-1
7,775,1624005087484,-1,-1,-1
8,655,1624005087484,-1,-1,-1
9,583,1624005088387,-1,-1,-1
10,623,1624005090420,-1,-1,-1
11,727,1624005091430,-1,-1,-1
12,591,1624005092399,-1,-1,-1
13,687,1624005093418,-1,-1,-1
14,559,1624005094393,-1,-1,-1
15,663,1624005094395,-1,-1,-1
16,575,1624005097384,-1,-1,-1
17,559,1624005101404,-1,-1,-1
18,455,1624005101404,-1,-1,-1
19,615,1624005109426,-1,-1,-1
20,535,1624005109426,-1,-1,-1
21,607,1624005110403,-1,-1,-1
22,591,1624005111412,-1,-1,-1
23,735,1624005111412,-1,-1,-1
24,647,1624005112458,-1,-1,-1
25,615,1624005113396,-1,-1,-1
26,671,1624005113397,-1,-1,-1
27,583,1624005114453,-1,-1,-1
28,559,1624005114453,-1,-1,-1
29,695,1624005115384,-1,-1,-1
30,615,1624005116403,-1,-1,-1
31,479,1624005116403,-1,-1,-1
32,655,1624005118383,-1,-1,-1
33,687,1624005118383,-1,-1,-1
34,639,1624005119397,-1,-1,-1
35,631,1624005120410,-1,-1,-1
36,631,1624005120410,-1,-1,-1
37,711,1624005129410,-1,-1,-1
38,599,1624005131398,-1,-1,-1
39,607,1624005131398,-1,-1,-1
40,687,1624005133394,-1,-1,-1
41,751,1624005134402,-1,-1,-1
42,2751,1624005137479,-1,-1,-1
43,543,1624005137479,-1,-1,-1
44,679,1624005142503,-1,-1,-1
45,727,1624005145394,-1,-1,-1
46,623,1624005145394,-1,-1,-1
47,607,1624005146404,-1,-1,-1
48,567,1624005149434,-1,-1,-1
49,503,1624005152438,-1,-1,-1
50,543,1624005154467,-1,-1,-1
51,527,1624005155408,-1,-1,-1
52,559,1624005155408,-1,-1,-1
53,567,1624005156412,-1,-1,-1
54,551,1624005157423,-1,-1,-1
55,551,1624005157423,-1,-1,-1
56,575,1624005158405,-1,-1,-1
57,559,1624005158406,-1,-1,-1
58,551,1624005159413,-1,-1,-1
59,559,1624005159413,-1,-1,-1
60,575,1624005160390,-1,-1,-1
61,551,1624005161399,-1,-1,-1
62,559,1624005161400,-1,-1,-1
63,551,1624005162408,-1,-1,-1
64,567,1624005162408,-1,-1,-1
65,551,1624005163386,-1,-1,-1
66,543,1624005163387,-1,-1,-1
67,559,1624005164400,-1,-1,-1
68,551,1624005164400,-1,-1,-1
69,567,1624005165454,-1,-1,-1
70,559,1624005166429,-1,-1,-1
71,543,1624005166429,-1,-1,-1
72,551,1624005167437,-1,-1,-1
73,575,1624005167437,-1,-1,-1
74,535,1624005168418,-1,-1,-1
75,543,1624005168418,-1,-1,-1
76,551,1624005169388,-1,-1,-1
77,567,1624005169388,-1,-1,-1
78,551,1624005170402,-1,-1,-1
79,543,1624005171413,-1,-1,-1
80,543,1624005171413,-1,-1,-1
81,551,1624005172387,-1,-1,-1
82,567,1624005172387,-1,-1,-1
83,543,1624005173404,-1,-1,-1
84,527,1624005173404,-1,-1,-1
85,551,1624005174456,-1,-1,-1
86,567,1624005174457,-1,-1,-1
87,591,1624005175429,-1,-1,-1
88,567,1624005176443,-1,-1,-1
89,583,1624005176443,-1,-1,-1
90,543,1624005177414,-1,-1,-1
91,567,1624005177414,-1,-1,-1
92,559,1624005178430,-1,-1,-1
93,583,1624005178430,-1,-1,-1
94,551,1624005179399,-1,-1,-1
95,399,1624005179400,-1,-1,-1
96,623,1624005180490,-1,-1,-1
97,663,1624005181389,-1,-1,-1
98,551,1624005181389,-1,-1,-1
99,535,1624005182514,-1,-1,-1
100,535,1624005182515,-1,-1,-1
101,559,1624005183383,-1,-1,-1
102,551,1624005183383,-1,-1,-1
103,535,1624005184393,-1,-1,-1
104,543,1624005184393,-1,-1,-1
105,543,1624005185402,-1,-1,-1
106,543,1624005186378,-1,-1,-1
107,567,1624005186378,-1,-1,-1
108,719,1624005187387,-1,-1,-1
109,511,1624005187387,-1,-1,-1
110,399,1624005188442,-1,-1,-1
111,527,1624005188442,-1,-1,-1
112,551,1624005190426,-1,-1,-1
113,559,1624005193386,-1,-1,-1
114,535,1624005194405,-1,-1,-1
115,551,1624005194407,-1,-1,-1
116,575,1624005196393,-1,-1,-1
117,559,1624005197399,-1,-1,-1
118,575,1624005197399,-1,-1,-1
119,591,1624005198412,-1,-1,-1
120,639,1624005199385,-1,-1,-1
121,575,1624005199385,-1,-1,-1
122,575,1624005200398,-1,-1,-1
123,583,1624005200398,-1,-1,-1
124,607,1624005201372,-1,-1,-1
125,623,1624005202392,-1,-1,-1
126,583,1624005202392,-1,-1,-1
127,575,1624005203510,-1,-1,-1
128,607,1624005203510,-1,-1,-1
129,599,1624005204379,-1,-1,-1
130,559,1624005204379,-1,-1,-1
131,607,1624005206402,-1,-1,-1
132,591,1624005207417,-1,-1,-1
133,551,1624005207417,-1,-1,-1
134,463,1624005208392,-1,-1,-1
135,791,1624005209400,-1,-1,-1
136,551,1624005209400,-1,-1,-1
137,583,1624005210375,-1,-1,-1
138,455,1624005210375,-1,-1,-1
139,783,1624005211388,-1,-1,-1
140,623,1624005212478,-1,-1,-1
141,527,1624005212478,-1,-1,-1
142,663,1624005213418,-1,-1,-1
143,639,1624005213418,-1,-1,-1
144,639,1624005214391,-1,-1,-1
145,607,1624005215406,-1,-1,-1
146,663,1624005215406,-1,-1,-1
147,543,1624005216493,-1,-1,-1
148,543,1624005219374,-1,-1,-1
149,647,1624005219374,-1,-1,-1
150,591,1624005220501,-1,-1,-1
151,711,1624005221410,-1,-1,-1
152,583,1624005221410,-1,-1,-1
153,567,1624005223427,-1,-1,-1
154,679,1624005223427,-1,-1,-1
155,519,1624005226387,-1,-1,-1
156,591,1624005226387,-1,-1,-1
157,535,1624005227399,-1,-1,-1
158,543,1624005227399,-1,-1,-1
159,623,1624005228373,-1,-1,-1
160,559,1624005228373,-1,-1,-1
161,607,1624005229389,-1,-1,-1
162,639,1624005230397,-1,-1,-1
163,703,1624005230397,-1,-1,-1
164,639,1624005231382,-1,-1,-1
165,623,1624005232393,-1,-1,-1
166,647,1624005232393,-1,-1,-1
167,687,1624005233439,-1,-1,-1
168,591,1624005234417,-1,-1,-1
169,607,1624005236403,-1,-1,-1
170,575,1624005236404,-1,-1,-1
171,623,1624005237415,-1,-1,-1
172,559,1624005237415,-1,-1,-1
173,575,1624005238388,-1,-1,-1
174,583,1624005240413,-1,-1,-1
175,687,1624005240413,-1,-1,-1
176,599,1624005241387,-1,-1,-1
177,591,1624005241387,-1,-1,-1
178,583,1624005242477,-1,-1,-1
179,607,1624005244467,-1,-1,-1
180,559,1624005246380,-1,-1,-1
181,607,1624005247426,-1,-1,-1
182,607,1624005248441,-1,-1,-1
183,551,1624005249445,-1,-1,-1
184,567,1624005249445,-1,-1,-1
185,599,1624005253383,-1,-1,-1
186,607,1624005253383,-1,-1,-1
187,607,1624005254400,-1,-1,-1
188,527,1624005256394,-1,-1,-1
189,535,1624005256394,-1,-1,-1
190,567,1624005257403,-1,-1,-1
191,551,1624005257403,-1,-1,-1
192,575,1624005258375,-1,-1,-1
193,471,1624005258375,-1,-1,-1
194,639,1624005259386,-1,-1,-1
195,543,1624005260476,-1,-1,-1
196,695,1624005262118,-1,-1,-1
197,519,1624005262118,-1,-1,-1
198,775,1624005263421,-1,-1,-1
199,503,1624005264718,-1,-1,-1
200,607,1624005264718,-1,-1,-1
201,559,1624005265392,-1,-1,-1
202,543,1624005266781,-1,-1,-1
203,559,1624005266781,-1,-1,-1
204,551,1624005267602,-1,-1,-1
205,575,1624005267602,-1,-1,-1
206,567,1624005269807,-1,-1,-1
207,567,1624005269807,-1,-1,-1
208,695,1624005272534,-1,-1,-1
209,527,1624005272613,-1,-1,-1
210,551,1624005299629,-1,-1,-1
211,679,1624005299630,-1,-1,-1
212,543,1624005300467,-1,-1,-1
213,527,1624005300467,-1,-1,-1
214,455,1624005301383,-1,-1,-1
215,591,1624005301383,-1,-1,-1
216,495,1624005302377,-1,-1,-1
217,719,1624005303376,-1,-1,-1
218,551,1624005304376,-1,-1,-1
219,591,1624005305401,-1,-1,-1
220,791,1624005306425,-1,-1,-1
221,407,1624005306426,-1,-1,-1
222,607,1624005307372,-1,-1,-1
223,407,1624005307372,-1,-1,-1
224,503,1624005312385,-1,-1,-1
225,535,1624005312385,-1,-1,-1
226,487,1624005317369,-1,-1,-1
227,575,1624005317369,-1,-1,-1
228,511,1624005318363,-1,-1,-1
229,583,1624005318363,-1,-1,-1
230,599,1624005326369,-1,-1,-1
231,575,1624005328369,-1,-1,-1
232,503,1624005336369,-1,-1,-1
233,511,1624005336369,-1,-1,-1
234,535,1624005337367,-1,-1,-1
235,391,1624005339416,-1,-1,-1
236,503,1624005343381,-1,-1,-1
237,567,1624005346398,-1,-1,-1
238,703,1624005348418,-1,-1,-1
239,583,1624005348418,-1,-1,-1
240,351,1624005349359,-1,-1,-1
241,567,1624005350439,-1,-1,-1
242,551,1624005351386,-1,-1,-1
243,575,1624005352384,-1,-1,-1
244,415,1624005353434,-1,-1,-1
245,591,1624005353434,-1,-1,-1
246,751,1624005354404,-1,-1,-1
247,519,1624005355432,-1,-1,-1
248,607,1624005356372,-1,-1,-1
249,535,1624005357371,-1,-1,-1
250,415,1624005357371,-1,-1,-1
251,439,1624005358364,-1,-1,-1
252,423,1624005358364,-1,-1,-1
253,487,1624005359362,-1,-1,-1
254,583,1624005360407,-1,-1,-1
255,447,1624005360407,-1,-1,-1
256,687,1624005361404,-1,-1,-1
257,543,1624005362383,-1,-1,-1
258,511,1624005362383,-1,-1,-1
259,559,1624005366375,-1,-1,-1
260,583,1624005370388,-1,-1,-1
261,559,1624005371358,-1,-1,-1
262,639,1624005372407,-1,-1,-1
263,671,1624005374611,-1,-1,-1
264,407,1624005374611,-1,-1,-1
265,687,1624005375552,-1,-1,-1
266,647,1624005376551,-1,-1,-1
267,663,1624005376551,-1,-1,-1
268,599,1624005377548,-1,-1,-1
269,543,1624005379565,-1,-1,-1
270,735,1624005379565,-1,-1,-1
271,663,1624005381530,-1,-1,-1
272,631,1624005384576,-1,-1,-1
273,407,1624005385547,-1,-1,-1
274,695,1624005387541,-1,-1,-1
275,487,1624005388540,-1,-1,-1
276,783,1624005389539,-1,-1,-1
277,599,1624005390541,-1,-1,-1
278,495,1624005390541,-1,-1,-1
279,791,1624005391535,-1,-1,-1
280,607,1624005392559,-1,-1,-1
281,607,1624005392559,-1,-1,-1
282,647,1624005393531,-1,-1,-1
283,727,1624005394554,-1,-1,-1
284,639,1624005394554,-1,-1,-1
285,815,1624005399570,-1,-1,-1
286,775,1624005403588,-1,-1,-1
287,591,1624005404558,-1,-1,-1
288,527,1624005404558,-1,-1,-1
289,671,1624005405587,-1,-1,-1
290,575,1624005407546,-1,-1,-1
291,711,1624005408549,-1,-1,-1
292,575,1624005409548,-1,-1,-1
293,647,1624005409549,-1,-1,-1
294,471,1624005410594,-1,-1,-1
295,591,1624005410594,-1,-1,-1
296,839,1624005411540,-1,-1,-1
297,631,1624005413534,-1,-1,-1
298,623,1624005414591,-1,-1,-1
299,631,1624005414591,-1,-1,-1
300,607,1624005415557,-1,-1,-1
301,559,1624005415557,-1,-1,-1
302,647,1624005416584,-1,-1,-1
303,599,1624005417547,-1,-1,-1
304,639,1624005417547,-1,-1,-1
305,615,1624005418547,-1,-1,-1
306,527,1624005418547,-1,-1,-1
307,607,1624005419574,-1,-1,-1
308,679,1624005420596,-1,-1,-1
309,551,1624005420596,-1,-1,-1
310,471,1624005421568,-1,-1,-1
311,471,1624005426559,-1,-1,-1
312,743,1624005427550,-1,-1,-1
313,807,1624005428551,-1,-1,-1
314,895,1624005429570,-1,-1,-1
315,591,1624005431540,-1,-1,-1
316,615,1624005432540,-1,-1,-1
317,535,1624005432540,-1,-1,-1
318,791,1624005433594,-1,-1,-1
319,631,1624005434534,-1,-1,-1
320,799,1624005435537,-1,-1,-1
321,599,1624005440545,-1,-1,-1
322,751,1624005441545,-1,-1,-1
323,631,1624005442568,-1,-1,-1
324,631,1624005442568,-1,-1,-1
325,479,1624005443570,-1,-1,-1
326,687,1624005444538,-1,-1,-1
327,671,1624005444538,-1,-1,-1
328,591,1624005446558,-1,-1,-1
329,631,1624005447585,-1,-1,-1
330,591,1624005450547,-1,-1,-1
331,455,1624005450547,-1,-1,-1
332,607,1624005451540,-1,-1,-1
333,487,1624005451540,-1,-1,-1
334,415,1624005453537,-1,-1,-1
335,447,1624005456559,-1,-1,-1
336,631,1624005460548,-1,-1,-1
337,511,1624005463540,-1,-1,-1
338,535,1624005464561,-1,-1,-1
339,639,1624005464561,-1,-1,-1
340,599,1624005465535,-1,-1,-1
341,591,1624005465535,-1,-1,-1
342,575,1624005466532,-1,-1,-1
343,791,1624005468528,-1,-1,-1
344,639,1624005469605,-1,-1,-1
345,687,1624005469605,-1,-1,-1
346,687,1624005471549,-1,-1,-1
347,567,1624005473546,-1,-1,-1
348,527,1624005474567,-1,-1,-1
349,607,1624005478529,-1,-1,-1
350,687,1624005478529,-1,-1,-1
351,695,1624005479554,-1,-1,-1
352,439,1624005480554,-1,-1,-1
353,591,1624005480554,-1,-1,-1
354,751,1624005481549,-1,-1,-1
355,831,1624005490585,-1,-1,-1
356,455,1624005490585,-1,-1,-1
357,655,1624005491553,-1,-1,-1
358,607,1624005494568,-1,-1,-1
359,591,1624005495539,-1,-1,-1
360,503,1624005495539,-1,-1,-1
361,583,1624005496535,-1,-1,-1
362,599,1624005496535,-1,-1,-1
363,559,1624005497536,-1,-1,-1
364,511,1624005498586,-1,-1,-1
365,479,1624005499529,-1,-1,-1
366,575,1624005504541,-1,-1,-1
367,567,1624005505540,-1,-1,-1
368,623,1624005505540,-1,-1,-1
369,647,1624005506596,-1,-1,-1
370,639,1624005507566,-1,-1,-1
371,671,1624005507566,-1,-1,-1
372,599,1624005508532,-1,-1,-1
373,631,1624005508532,-1,-1,-1
374,4175,1624005513571,-1,-1,-1
375,623,1624005515543,-1,-1,-1
376,599,1624005515543,-1,-1,-1
377,735,1624005516538,-1,-1,-1
378,639,1624005517569,-1,-1,-1
379,727,1624005517569,-1,-1,-1
380,711,1624005518590,-1,-1,-1
381,647,1624005519584,-1,-1,-1
382,647,1624005519584,-1,-1,-1
383,463,1624005520557,-1,-1,-1
384,727,1624005521581,-1,-1,-1
385,679,1624005521581,-1,-1,-1
386,607,1624005522526,-1,-1,-1
387,567,1624005522526,-1,-1,-1
388,671,1624005523521,-1,-1,-1
389,679,1624005524574,-1,-1,-1
390,479,1624005526543,-1,-1,-1
391,679,1624005526543,-1,-1,-1
392,807,1624005527586,-1,-1,-1
393,791,1624005529537,-1,-1,-1
394,623,1624005529538,-1,-1,-1
395,519,1624005530559,-1,-1,-1
396,471,1624005530559,-1,-1,-1
397,695,1624005531556,-1,-1,-1
398,575,1624005533525,-1,-1,-1
399,527,1624005533525,-1,-1,-1
400,639,1624005534525,-1,-1,-1
401,607,1624005535596,-1,-1,-1
402,575,1624005535596,-1,-1,-1
403,599,1624005537540,-1,-1,-1
404,399,1624005540561,-1,-1,-1
405,687,1624005541531,-1,-1,-1
406,527,1624005544549,-1,-1,-1
407,719,1624005544549,-1,-1,-1
408,711,1624005545546,-1,-1,-1
409,671,1624005546567,-1,-1,-1
410,639,1624005548540,-1,-1,-1
411,591,1624005549535,-1,-1,-1
412,495,1624005549535,-1,-1,-1
413,623,1624005550537,-1,-1,-1
414,631,1624005552528,-1,-1,-1
415,631,1624005552528,-1,-1,-1
416,623,1624005553555,-1,-1,-1
417,551,1624005554553,-1,-1,-1
418,703,1624005554553,-1,-1,-1
419,527,1624005555519,-1,-1,-1
420,807,1624005556544,-1,-1,-1
421,615,1624005558540,-1,-1,-1
422,623,1624005559586,-1,-1,-1
423,623,1624005559586,-1,-1,-1
424,503,1624005562526,-1,-1,-1
425,615,1624005563525,-1,-1,-1
426,583,1624005563525,-1,-1,-1
427,623,1624005564521,-1,-1,-1
428,615,1624005565522,-1,-1,-1
429,575,1624005565522,-1,-1,-1
430,671,1624005566596,-1,-1,-1
431,711,1624005567542,-1,-1,-1
432,631,1624005567542,-1,-1,-1
433,671,1624005568540,-1,-1,-1
434,655,1624005573530,-1,-1,-1
435,495,1624005575529,-1,-1,-1
436,647,1624005576548,-1,-1,-1
437,655,1624005576548,-1,-1,-1
438,607,1624005577519,-1,-1,-1
439,615,1624005578543,-1,-1,-1
440,639,1624005578543,-1,-1,-1
441,687,1624005579579,-1,-1,-1
442,639,1624005580565,-1,-1,-1
443,663,1624005580565,-1,-1,-1
444,695,1624005581565,-1,-1,-1
445,639,1624005582563,-1,-1,-1
446,727,1624005582563,-1,-1,-1
447,663,1624005583582,-1,-1,-1
448,831,1624005587524,-1,-1,-1
449,607,1624005588516,-1,-1,-1
450,551,1624005588516,-1,-1,-1
451,583,1624005589567,-1,-1,-1
452,639,1624005590538,-1,-1,-1
453,575,1624005590538,-1,-1,-1
454,567,1624005591539,-1,-1,-1
455,631,1624005591539,-1,-1,-1
456,647,1624005592535,-1,-1,-1
457,663,1624005593527,-1,-1,-1
458,631,1624005595529,-1,-1,-1
459,607,1624005601540,-1,-1,-1
460,519,1624005602588,-1,-1,-1
461,567,1624005602588,-1,-1,-1
462,591,1624005603613,-1,-1,-1
463,543,1624005608575,-1,-1,-1
464,479,1624005608575,-1,-1,-1
465,575,1624005610542,-1,-1,-1
466,687,1624005611537,-1,-1,-1
467,623,1624005611537,-1,-1,-1
468,671,1624005612535,-1,-1,-1
469,575,1624005612535,-1,-1,-1
470,575,1624005613533,-1,-1,-1
471,663,1624005614557,-1,-1,-1
472,639,1624005614558,-1,-1,-1
473,591,1624005615531,-1,-1,-1
474,623,1624005616527,-1,-1,-1
475,631,1624005616527,-1,-1,-1
476,631,1624005621542,-1,-1,-1
477,703,1624005622540,-1,-1,-1
478,623,1624005622540,-1,-1,-1
479,655,1624005623587,-1,-1,-1
480,663,1624005625534,-1,-1,-1
481,655,1624005625534,-1,-1,-1
482,623,1624005626527,-1,-1,-1
483,703,1624005627582,-1,-1,-1
484,647,1624005627582,-1,-1,-1
485,615,1624005628546,-1,-1,-1
486,607,1624005629517,-1,-1,-1
487,575,1624005629517,-1,-1,-1
488,695,1624005630517,-1,-1,-1
489,647,1624005631544,-1,-1,-1
490,631,1624005631544,-1,-1,-1
491,599,1624005632535,-1,-1,-1
492,711,1624005633540,-1,-1,-1
493,439,1624005633540,-1,-1,-1
494,679,1624005635564,-1,-1,-1
495,719,1624005635564,-1,-1,-1
496,655,1624005636531,-1,-1,-1
497,591,1624005636531,-1,-1,-1
498,727,1624005637526,-1,-1,-1
499,663,1624005638520,-1,-1,-1
500,647,1624005639525,-1,-1,-1
501,631,1624005639525,-1,-1,-1
502,703,1624005640519,-1,-1,-1
503,615,1624005640519,-1,-1,-1
504,623,1624005641520,-1,-1,-1
505,631,1624005642512,-1,-1,-1
506,631,1624005642512,-1,-1,-1
507,647,1624005643538,-1,-1,-1
508,647,1624005644560,-1,-1,-1
509,615,1624005644560,-1,-1,-1
510,607,1624005645533,-1,-1,-1
511,703,1624005646533,-1,-1,-1
512,591,1624005647528,-1,-1,-1
513,623,1624005648526,-1,-1,-1
514,535,1624005649522,-1,-1,-1
515,679,1624005649522,-1,-1,-1
516,607,1624005650522,-1,-1,-1
517,607,1624005650522,-1,-1,-1
518,607,1624005651516,-1,-1,-1
519,671,1624005652545,-1,-1,-1
520,631,1624005652545,-1,-1,-1
521,703,1624005653536,-1,-1,-1
522,615,1624005654536,-1,-1,-1
523,695,1624005654536,-1,-1,-1
524,679,1624005655534,-1,-1,-1
525,687,1624005656535,-1,-1,-1
526,679,1624005656535,-1,-1,-1
527,607,1624005657531,-1,-1,-1
528,639,1624005658525,-1,-1,-1
529,679,1624005658525,-1,-1,-1
530,591,1624005659523,-1,-1,-1
531,615,1624005660521,-1,-1,-1
532,615,1624005660522,-1,-1,-1
533,655,1624005661520,-1,-1,-1
534,591,1624005661520,-1,-1,-1
535,623,1624005662513,-1,-1,-1
536,639,1624005663516,-1,-1,-1
537,663,1624005663516,-1,-1,-1
538,599,1624005664542,-1,-1,-1
539,695,1624005665537,-1,-1,-1
540,639,1624005665537,-1,-1,-1
541,687,1624005666611,-1,-1,-1
542,623,1624005667528,-1,-1,-1
543,679,1624005667528,-1,-1,-1
544,607,1624005668553,-1,-1,-1
545,719,1624005669522,-1,-1,-1
546,623,1624005669522,-1,-1,-1
547,623,1624005670521,-1,-1,-1
548,695,1624005671517,-1,-1,-1
549,655,1624005671517,-1,-1,-1
550,631,1624005672520,-1,-1,-1
551,655,1624005673542,-1,-1,-1
552,647,1624005673542,-1,-1,-1
553,687,1624005674512,-1,-1,-1
554,591,1624005674512,-1,-1,-1
555,647,1624005675538,-1,-1,-1
556,679,1624005676535,-1,-1,-1
557,655,1624005676535,-1,-1,-1
558,663,1624005678530,-1,-1,-1
559,663,1624005679579,-1,-1,-1
560,527,1624005680549,-1,-1,-1
561,727,1624005680549,-1,-1,-1
562,575,1624005681521,-1,-1,-1
563,655,1624005682519,-1,-1,-1
564,583,1624005682519,-1,-1,-1
565,615,1624005683541,-1,-1,-1
566,599,1624005683541,-1,-1,-1
567,599,1624005684514,-1,-1,-1
568,671,1624005685512,-1,-1,-1
569,671,1624005685512,-1,-1,-1
570,511,1624005686535,-1,-1,-1
571,591,1624005686536,-1,-1,-1
572,719,1624005691552,-1,-1,-1
573,695,1624005692522,-1,-1,-1
574,743,1624005692522,-1,-1,-1
575,559,1624005693546,-1,-1,-1
576,623,1624005694515,-1,-1,-1
577,527,1624005694515,-1,-1,-1
578,647,1624005695516,-1,-1,-1
579,703,1624005696536,-1,-1,-1
580,631,1624005696536,-1,-1,-1
581,551,1624005697560,-1,-1,-1
582,599,1624005697560,-1,-1,-1
583,615,1624005698588,-1,-1,-1
584,615,1624005699582,-1,-1,-1
585,599,1624005699582,-1,-1,-1
586,615,1624005700577,-1,-1,-1
587,639,1624005700577,-1,-1,-1
588,679,1624005701551,-1,-1,-1
589,599,1624005702524,-1,-1,-1
590,703,1624005702524,-1,-1,-1
591,607,1624005703545,-1,-1,-1
592,687,1624005704544,-1,-1,-1
593,663,1624005706510,-1,-1,-1
594,671,1624005706511,-1,-1,-1
595,591,1624005707532,-1,-1,-1
596,647,1624005708584,-1,-1,-1
597,639,1624005708585,-1,-1,-1
598,559,1624005709587,-1,-1,-1
599,615,1624005710526,-1,-1,-1
600,607,1624005710526,-1,-1,-1
601,647,1624005711525,-1,-1,-1
602,623,1624005711525,-1,-1,-1
603,615,1624005712524,-1,-1,-1
604,623,1624005713523,-1,-1,-1
605,631,1624005713523,-1,-1,-1
606,631,1624005714548,-1,-1,-1
607,639,1624005715569,-1,-1,-1
608,703,1624005717509,-1,-1,-1
609,631,1624005717509,-1,-1,-1
610,847,1624005719531,-1,-1,-1
611,631,1624005721528,-1,-1,-1
612,607,1624005722524,-1,-1,-1
613,623,1624005722524,-1,-1,-1
614,695,1624005723522,-1,-1,-1
615,591,1624005725516,-1,-1,-1
616,519,1624005725516,-1,-1,-1
617,559,1624005729532,-1,-1,-1
618,839,1624005729532,-1,-1,-1
619,631,1624005730585,-1,-1,-1
620,655,1624005731528,-1,-1,-1
621,503,1624005731528,-1,-1,-1
622,807,1624005732523,-1,-1,-1
623,623,1624005733572,-1,-1,-1
624,535,1624005733572,-1,-1,-1
625,663,1624005734578,-1,-1,-1
626,647,1624005735518,-1,-1,-1
627,591,1624005735518,-1,-1,-1
628,623,1624005736518,-1,-1,-1
629,559,1624005736518,-1,-1,-1
630,631,1624005737514,-1,-1,-1
631,559,1624005738511,-1,-1,-1
632,647,1624005738511,-1,-1,-1
633,647,1624005739506,-1,-1,-1
634,631,1624005739506,-1,-1,-1
635,695,1624005740533,-1,-1,-1
636,615,1624005741529,-1,-1,-1
637,679,1624005741529,-1,-1,-1
638,647,1624005742524,-1,-1,-1
639,663,1624005743519,-1,-1,-1
640,679,1624005743519,-1,-1,-1
641,639,1624005745545,-1,-1,-1
642,631,1624005746542,-1,-1,-1
643,679,1624005747513,-1,-1,-1
644,639,1624005747513,-1,-1,-1
645,631,1624005748539,-1,-1,-1
646,639,1624005749510,-1,-1,-1
647,647,1624005749510,-1,-1,-1
648,767,1624005751536,-1,-1,-1
649,671,1624005752528,-1,-1,-1
650,655,1624005752528,-1,-1,-1
651,631,1624005753523,-1,-1,-1
652,567,1624005754550,-1,-1,-1
653,727,1624005754550,-1,-1,-1
654,623,1624005755524,-1,-1,-1
655,695,1624005756517,-1,-1,-1
656,655,1624005756517,-1,-1,-1
657,639,1624005757515,-1,-1,-1
658,687,1624005758510,-1,-1,-1
659,607,1624005758510,-1,-1,-1
660,679,1624005759539,-1,-1,-1
661,671,1624005761509,-1,-1,-1
662,647,1624005762581,-1,-1,-1
663,623,1624005762581,-1,-1,-1
664,671,1624005763527,-1,-1,-1
665,639,1624005763527,-1,-1,-1
666,647,1624005764518,-1,-1,-1
667,591,1624005765519,-1,-1,-1
668,719,1624005765519,-1,-1,-1
669,591,1624005766573,-1,-1,-1
670,631,1624005767521,-1,-1,-1
671,647,1624005767521,-1,-1,-1
672,455,1624005768540,-1,-1,-1
673,559,1624005768540,-1,-1,-1
674,631,1624005770506,-1,-1,-1
675,639,1624005770506,-1,-1,-1
676,631,1624005771536,-1,-1,-1
677,607,1624005772531,-1,-1,-1
678,671,1624005772532,-1,-1,-1
679,623,1624005773530,-1,-1,-1
680,591,1624005774528,-1,-1,-1
681,631,1624005774528,-1,-1,-1
682,655,1624005775523,-1,-1,-1
683,679,1624005776548,-1,-1,-1
684,639,1624005776548,-1,-1,-1
685,615,1624005777521,-1,-1,-1
686,647,1624005777521,-1,-1,-1
687,679,1624005778569,-1,-1,-1
688,647,1624005779564,-1,-1,-1
689,727,1624005780512,-1,-1,-1
690,607,1624005781532,-1,-1,-1
691,575,1624005782506,-1,-1,-1
692,639,1624005783531,-1,-1,-1
693,711,1624005783531,-1,-1,-1
694,647,1624005784527,-1,-1,-1
695,639,1624005785554,-1,-1,-1
696,687,1624005785554,-1,-1,-1
697,647,1624005786552,-1,-1,-1
698,719,1624005788518,-1,-1,-1
699,663,1624005789513,-1,-1,-1
700,639,1624005789513,-1,-1,-1
701,679,1624005790515,-1,-1,-1
702,599,1624005790515,-1,-1,-1
703,759,1624005792513,-1,-1,-1
704,615,1624005793534,-1,-1,-1
705,639,1624005794495,-1,-1,-1
706,639,1624005794495,-1,-1,-1
707,655,1624005795525,-1,-1,-1
708,599,1624005796519,-1,-1,-1
709,663,1624005796519,-1,-1,-1
710,575,1624005797521,-1,-1,-1
711,711,1624005797521,-1,-1,-1
712,655,1624005798547,-1,-1,-1
713,711,1624005799515,-1,-1,-1
714,655,1624005799515,-1,-1,-1
715,711,1624005800568,-1,-1,-1
716,583,1624005801562,-1,-1,-1
717,631,1624005801562,-1,-1,-1
718,703,1624005802511,-1,-1,-1
719,663,1624005803534,-1,-1,-1
720,607,1624005803534,-1,-1,-1
721,663,1624005804502,-1,-1,-1
722,671,1624005805553,-1,-1,-1
723,647,1624005805553,-1,-1,-1
724,671,1624005806529,-1,-1,-1
725,487,1624005807542,-1,-1,-1
726,783,1624005807542,-1,-1,-1
727,615,1624005808522,-1,-1,-1
728,735,1624005809514,-1,-1,-1
729,647,1624005809514,-1,-1,-1
730,655,1624005810516,-1,-1,-1
731,743,1624005811510,-1,-1,-1
732,607,1624005811510,-1,-1,-1
733,631,1624005812537,-1,-1,-1
734,663,1624005813507,-1,-1,-1
735,679,1624005813507,-1,-1,-1
736,647,1624005814505,-1,-1,-1
737,623,1624005815500,-1,-1,-1
738,623,1624005815500,-1,-1,-1
739,719,1624005816524,-1,-1,-1
740,623,1624005817577,-1,-1,-1
741,639,1624005817577,-1,-1,-1
742,615,1624005818521,-1,-1,-1
743,671,1624005818521,-1,-1,-1
744,671,1624005819574,-1,-1,-1
745,655,1624005820516,-1,-1,-1
746,583,1624005820516,-1,-1,-1
747,719,1624005821539,-1,-1,-1
748,687,1624005822537,-1,-1,-1
749,695,1624005822537,-1,-1,-1
750,679,1624005823536,-1,-1,-1
751,479,1624005824505,-1,-1,-1
752,647,1624005824505,-1,-1,-1
753,727,1624005825506,-1,-1,-1
754,607,1624005828551,-1,-1,-1
755,751,1624005830518,-1,-1,-1
756,607,1624005831516,-1,-1,-1
757,655,1624005831516,-1,-1,-1
758,655,1624005832512,-1,-1,-1
759,647,1624005833541,-1,-1,-1
760,671,1624005833541,-1,-1,-1
761,671,1624005834505,-1,-1,-1
762,623,1624005835531,-1,-1,-1
763,695,1624005835531,-1,-1,-1
764,647,1624005836499,-1,-1,-1
765,583,1624005836499,-1,-1,-1
766,727,1624005837555,-1,-1,-1
767,623,1624005838527,-1,-1,-1
768,671,1624005839519,-1,-1,-1
769,679,1624005839519,-1,-1,-1
770,655,1624005840520,-1,-1,-1
771,687,1624005841516,-1,-1,-1
772,583,1624005841516,-1,-1,-1
773,759,1624005842516,-1,-1,-1
774,647,1624005843512,-1,-1,-1
775,695,1624005843512,-1,-1,-1
776,591,1624005845509,-1,-1,-1
777,791,1624005846504,-1,-1,-1
778,615,1624005848526,-1,-1,-1
779,711,1624005849573,-1,-1,-1
780,783,1624005851541,-1,-1,-1
781,559,1624005853511,-1,-1,-1
782,767,1624005854504,-1,-1,-1
783,631,1624005854504,-1,-1,-1
784,711,1624005855531,-1,-1,-1
785,647,1624005856554,-1,-1,-1
786,687,1624005856554,-1,-1,-1
787,639,1624005857502,-1,-1,-1
788,647,1624005858500,-1,-1,-1
789,559,1624005858500,-1,-1,-1
790,759,1624005859547,-1,-1,-1
791,631,1624005860520,-1,-1,-1
792,655,1624005860520,-1,-1,-1
793,623,1624005861515,-1,-1,-1
794,623,1624005861515,-1,-1,-1
795,559,1624005862543,-1,-1,-1
796,623,1624005863514,-1,-1,-1
797,567,1624005864512,-1,-1,-1
798,639,1624005865507,-1,-1,-1
799,671,1624005866510,-1,-1,-1
800,607,1624005866510,-1,-1,-1
801,671,1624005867529,-1,-1,-1
802,695,1624005868505,-1,-1,-1
803,655,1624005868505,-1,-1,-1
804,431,1624005869520,-1,-1,-1
805,471,1624005872520,-1,-1,-1
806,807,1624005872520,-1,-1,-1
807,703,1624005873541,-1,-1,-1
808,687,1624005874513,-1,-1,-1
809,735,1624005875510,-1,-1,-1
810,671,1624005875511,-1,-1,-1
811,591,1624005876510,-1,-1,-1
812,711,1624005877505,-1,-1,-1
813,631,1624005878503,-1,-1,-1
814,631,1624005879522,-1,-1,-1
815,647,1624005880526,-1,-1,-1
816,671,1624005880526,-1,-1,-1
817,687,1624005881519,-1,-1,-1
818,671,1624005882520,-1,-1,-1
819,607,1624005882521,-1,-1,-1
820,591,1624005883567,-1,-1,-1
821,703,1624005884514,-1,-1,-1
822,679,1624005884514,-1,-1,-1
823,671,1624005885512,-1,-1,-1
824,479,1624005886512,-1,-1,-1
825,831,1624005886512,-1,-1,-1
826,511,1624005887557,-1,-1,-1
827,743,1624005888503,-1,-1,-1
828,655,1624005888503,-1,-1,-1
829,575,1624005889498,-1,-1,-1
830,767,1624005890495,-1,-1,-1
831,663,1624005890495,-1,-1,-1
832,671,1624005891520,-1,-1,-1
833,631,1624005892518,-1,-1,-1
834,623,1624005894537,-1,-1,-1
835,455,1624005895511,-1,-1,-1
836,599,1624005896507,-1,-1,-1
837,519,1624005898556,-1,-1,-1
838,719,1624005899525,-1,-1,-1
839,647,1624005900522,-1,-1,-1
840,567,1624005900522,-1,-1,-1
841,663,1624005901523,-1,-1,-1
842,623,1624005901523,-1,-1,-1
843,687,1624005902522,-1,-1,-1
844,567,1624005903550,-1,-1,-1
845,591,1624005903550,-1,-1,-1
846,711,1624005904544,-1,-1,-1
847,623,1624005905514,-1,-1,-1
848,583,1624005905514,-1,-1,-1
849,695,1624005906514,-1,-1,-1
850,647,1624005907512,-1,-1,-1
851,687,1624005907512,-1,-1,-1
852,535,1624005908507,-1,-1,-1
853,679,1624005909560,-1,-1,-1
854,679,1624005910528,-1,-1,-1
855,567,1624005911500,-1,-1,-1
856,511,1624005911500,-1,-1,-1
857,879,1624005912496,-1,-1,-1
858,815,1624005913526,-1,-1,-1
859,663,1624005915519,-1,-1,-1
860,623,1624005915519,-1,-1,-1
861,623,1624005916541,-1,-1,-1
862,639,1624005917538,-1,-1,-1
863,671,1624005917538,-1,-1,-1
864,759,1624005918508,-1,-1,-1
865,583,1624005919536,-1,-1,-1
866,703,1624005919536,-1,-1,-1
867,639,1624005920502,-1,-1,-1
868,639,1624005921499,-1,-1,-1
869,615,1624005921499,-1,-1,-1
870,727,1624005922495,-1,-1,-1
871,679,1624005923495,-1,-1,-1
872,655,1624005923495,-1,-1,-1
873,671,1624005924491,-1,-1,-1
874,623,1624005925516,-1,-1,-1
875,719,1624005925516,-1,-1,-1
876,655,1624005926515,-1,-1,-1
877,607,1624005927512,-1,-1,-1
878,695,1624005927512,-1,-1,-1
879,639,1624005928509,-1,-1,-1
880,647,1624005929509,-1,-1,-1
881,639,1624005929509,-1,-1,-1
882,663,1624005943510,-1,-1,-1
883,559,1624005944534,-1,-1,-1
884,727,1624005944534,-1,-1,-1
885,631,1624005945506,-1,-1,-1
886,671,1624005946501,-1,-1,-1
887,679,1624005946502,-1,-1,-1
888,615,1624005947513,-1,-1,-1
889,631,1624005947513,-1,-1,-1
890,575,1624005948565,-1,-1,-1
891,607,1624005949502,-1,-1,-1
892,663,1624005949502,-1,-1,-1
893,671,1624005950511,-1,-1,-1
894,519,1624005952505,-1,-1,-1
895,703,1624005952505,-1,-1,-1
896,607,1624005953513,-1,-1,-1
897,671,1624005954609,-1,-1,-1
898,607,1624005954609,-1,-1,-1
899,687,1624005955575,-1,-1,-1
900,591,1624005956519,-1,-1,-1
901,711,1624005956519,-1,-1,-1
902,719,1624005957600,-1,-1,-1
903,503,1624005958539,-1,-1,-1
904,687,1624005958539,-1,-1,-1
905,575,1624005959553,-1,-1,-1
906,719,1624005960525,-1,-1,-1
907,695,1624005960525,-1,-1,-1
908,543,1624005961499,-1,-1,-1
909,583,1624005961499,-1,-1,-1
910,719,1624005962509,-1,-1,-1
911,695,1624005963571,-1,-1,-1
912,615,1624005963571,-1,-1,-1
913,495,1624005964574,-1,-1,-1
914,735,1624005965590,-1,-1,-1
915,615,1624005965590,-1,-1,-1
916,647,1624005966527,-1,-1,-1
917,655,1624005967508,-1,-1,-1
918,599,1624005967508,-1,-1,-1
919,567,1624005968513,-1,-1,-1
920,615,1624005970499,-1,-1,-1
921,583,1624005970499,-1,-1,-1
922,623,1624005971509,-1,-1,-1
923,639,1624005971509,-1,-1,-1
924,639,1624005972564,-1,-1,-1
925,511,1624005973508,-1,-1,-1
926,615,1624005973508,-1,-1,-1
927,711,1624005974515,-1,-1,-1
928,655,1624005975533,-1,-1,-1
929,551,1624005975535,-1,-1,-1
930,711,1624005976507,-1,-1,-1
931,751,1624005977522,-1,-1,-1
932,639,1624005977522,-1,-1,-1
933,639,1624005978562,-1,-1,-1
934,663,1624005979502,-1,-1,-1
935,671,1624005979502,-1,-1,-1
936,663,1624005980511,-1,-1,-1
937,647,1624005981560,-1,-1,-1
938,623,1624005981560,-1,-1,-1
939,663,1624005982499,-1,-1,-1
940,503,1624005982499,-1,-1,-1
941,679,1624005983518,-1,-1,-1
942,623,1624005984528,-1,-1,-1
943,695,1624005984528,-1,-1,-1
944,583,1624005985505,-1,-1,-1
945,623,1624005986593,-1,-1,-1
946,663,1624005986593,-1,-1,-1
947,535,1624005987530,-1,-1,-1
948,623,1624005987530,-1,-1,-1
949,631,1624005988539,-1,-1,-1
950,575,1624005989517,-1,-1,-1
951,615,1624005989517,-1,-1,-1
952,631,1624005990486,-1,-1,-1
953,687,1624005990486,-1,-1,-1
954,591,1624005991538,-1,-1,-1
955,623,1624005992517,-1,-1,-1
956,623,1624005992517,-1,-1,-1
957,655,1624005993528,-1,-1,-1
958,623,1624005994541,-1,-1,-1
959,639,1624005994541,-1,-1,-1
960,543,1624005995594,-1,-1,-1
961,703,1624005995594,-1,-1,-1
962,647,1624005996529,-1,-1,-1
963,615,1624005997509,-1,-1,-1
964,647,1624005997509,-1,-1,-1
965,607,1624005998551,-1,-1,-1
966,559,1624005999488,-1,-1,-1
967,615,1624005999488,-1,-1,-1
968,655,1624006000502,-1,-1,-1
969,543,1624006000503,-1,-1,-1
970,647,1624006001510,-1,-1,-1
971,599,1624006002524,-1,-1,-1
972,599,1624006002524,-1,-1,-1
973,567,1624006003503,-1,-1,-1
974,583,1624006003503,-1,-1,-1
975,655,1624006004519,-1,-1,-1
976,551,1624006005491,-1,-1,-1
977,591,1624006005491,-1,-1,-1
978,551,1624006006508,-1,-1,-1
979,679,1624006006508,-1,-1,-1
980,623,1624006007516,-1,-1,-1
981,511,1624006008493,-1,-1,-1
982,695,1624006008493,-1,-1,-1
983,631,1624006009502,-1,-1,-1
984,671,1624006010513,-1,-1,-1
985,671,1624006010513,-1,-1,-1
986,503,1624006011487,-1,-1,-1
987,823,1624006012508,-1,-1,-1
988,671,1624006012508,-1,-1,-1
989,687,1624006013516,-1,-1,-1
990,695,1624006014498,-1,-1,-1
991,703,1624006014498,-1,-1,-1
992,703,1624006015503,-1,-1,-1
993,615,1624006016519,-1,-1,-1
994,727,1624006016519,-1,-1,-1
995,663,1624006017491,-1,-1,-1
996,607,1624006019515,-1,-1,-1
997,727,1624006020491,-1,-1,-1
998,655,1624006020491,-1,-1,-1
999,575,1624006021500,-1,-1,-1
1000,743,1624006022551,-1,-1,-1
1001,591,1624006022552,-1,-1,-1
1002,663,1624006023491,-1,-1,-1
1003,671,1624006024506,-1,-1,-1
1004,607,1624006024506,-1,-1,-1
1005,647,1624006025516,-1,-1,-1
1006,687,1624006025516,-1,-1,-1
1007,639,1624006026530,-1,-1,-1
1008,735,1624006027576,-1,-1,-1
1009,663,1624006027576,-1,-1,-1
1010,671,1624006028511,-1,-1,-1
1011,631,1624006029488,-1,-1,-1
1012,663,1624006029488,-1,-1,-1
1013,663,1624006030499,-1,-1,-1
1014,671,1624006031548,-1,-1,-1
1015,647,1624006031548,-1,-1,-1
1016,591,1624006032484,-1,-1,-1
1017,607,1624006033541,-1,-1,-1
1018,607,1624006033541,-1,-1,-1
1019,687,1624006034508,-1,-1,-1
1020,615,1624006035527,-1,-1,-1
1021,591,1624006035527,-1,-1,-1
1022,671,1624006036536,-1,-1,-1
1023,631,1624006036536,-1,-1,-1
1024,631,1624006037548,-1,-1,-1
1025,679,1624006038489,-1,-1,-1
1026,439,1624006038489,-1,-1,-1
1027,847,1624006039576,-1,-1,-1
1028,639,1624006040550,-1,-1,-1
1029,575,1624006040550,-1,-1,-1
1030,679,1624006041488,-1,-1,-1
1031,687,1624006042500,-1,-1,-1
1032,663,1624006042500,-1,-1,-1
1033,655,1624006043509,-1,-1,-1
1034,551,1624006044523,-1,-1,-1
1035,639,1624006044523,-1,-1,-1
1036,711,1624006045505,-1,-1,-1
1037,575,1624006045505,-1,-1,-1
1038,695,1624006046517,-1,-1,-1
1039,615,1624006047489,-1,-1,-1
1040,695,1624006047489,-1,-1,-1
1041,583,1624006048542,-1,-1,-1
1042,703,1624006049516,-1,-1,-1
1043,615,1624006049516,-1,-1,-1
1044,687,1624006050491,-1,-1,-1
1045,623,1624006051502,-1,-1,-1
1046,655,1624006051503,-1,-1,-1
1047,663,1624006052522,-1,-1,-1
1048,647,1624006053488,-1,-1,-1
1049,631,1624006053488,-1,-1,-1
1050,623,1624006054505,-1,-1,-1
1051,615,1624006054505,-1,-1,-1
1052,663,1624006055517,-1,-1,-1
1053,623,1624006057541,-1,-1,-1
1054,583,1624006058520,-1,-1,-1
1055,799,1624006059568,-1,-1,-1
1056,615,1624006059568,-1,-1,-1
1057,607,1624006060577,-1,-1,-1
1058,767,1624006061512,-1,-1,-1
1059,583,1624006061512,-1,-1,-1
1060,719,1624006062490,-1,-1,-1
1061,703,1624006063502,-1,-1,-1
1062,687,1624006063502,-1,-1,-1
1063,711,1624006064555,-1,-1,-1
1064,487,1624006064555,-1,-1,-1
1065,831,1624006065528,-1,-1,-1
1066,679,1624006066504,-1,-1,-1
1067,551,1624006067512,-1,-1,-1
1068,703,1624006067512,-1,-1,-1
1069,447,1624006070518,-1,-1,-1
1070,543,1624006071526,-1,-1,-1
1071,567,1624006074489,-1,-1,-1
1072,687,1624006074489,-1,-1,-1
1073,607,1624006075499,-1,-1,-1
1074,775,1624006076551,-1,-1,-1
1075,679,1624006076551,-1,-1,-1
1076,655,1624006077489,-1,-1,-1
1077,599,1624006078542,-1,-1,-1
1078,759,1624006078543,-1,-1,-1
1079,607,1624006079517,-1,-1,-1
1080,735,1624006080495,-1,-1,-1
1081,623,1624006080495,-1,-1,-1
1082,639,1624006081574,-1,-1,-1
1083,679,1624006082591,-1,-1,-1
1084,671,1624006082591,-1,-1,-1
1085,647,1624006083489,-1,-1,-1
1086,679,1624006084504,-1,-1,-1
1087,695,1624006087502,-1,-1,-1
1088,663,1624006087502,-1,-1,-1
1089,639,1624006088520,-1,-1,-1
1090,615,1624006089494,-1,-1,-1
1091,583,1624006091550,-1,-1,-1
1092,663,1624006093509,-1,-1,-1
1093,527,1624006093509,-1,-1,-1
1094,759,1624006094516,-1,-1,-1
1095,615,1624006096503,-1,-1,-1
1096,639,1624006100514,-1,-1,-1
1097,471,1624006101489,-1,-1,-1
1098,479,1624006101489,-1,-1,-1
1099,759,1624006104491,-1,-1,-1
1100,663,1624006104491,-1,-1,-1
1101,631,1624006106515,-1,-1,-1
1102,695,1624006107486,-1,-1,-1
1103,615,1624006108498,-1,-1,-1
1104,687,1624006108498,-1,-1,-1
1105,599,1624006109514,-1,-1,-1
1106,631,1624006109514,-1,-1,-1
1107,551,1624006110528,-1,-1,-1
1108,743,1624006111507,-1,-1,-1
1109,687,1624006113484,-1,-1,-1
1110,623,1624006113484,-1,-1,-1
1111,615,1624006115510,-1,-1,-1
1112,751,1624006116485,-1,-1,-1
1113,559,1624006117498,-1,-1,-1
1114,639,1624006117498,-1,-1,-1
1115,799,1624006118513,-1,-1,-1
1116,631,1624006119485,-1,-1,-1
1117,655,1624006119485,-1,-1,-1
1118,647,1624006120498,-1,-1,-1
1119,591,1624006120498,-1,-1,-1
1120,639,1624006121513,-1,-1,-1
1121,679,1624006122493,-1,-1,-1
1122,607,1624006122493,-1,-1,-1
1123,575,1624006123576,-1,-1,-1
1124,679,1624006124478,-1,-1,-1
1125,631,1624006124478,-1,-1,-1
1126,655,1624006125489,-1,-1,-1
1127,655,1624006126507,-1,-1,-1
1128,599,1624006126508,-1,-1,-1
1129,663,1624006127517,-1,-1,-1
1130,679,1624006128530,-1,-1,-1
1131,687,1624006128530,-1,-1,-1
1132,599,1624006129503,-1,-1,-1
1133,575,1624006131487,-1,-1,-1
1134,711,1624006131487,-1,-1,-1
1135,623,1624006133476,-1,-1,-1
1136,599,1624006134494,-1,-1,-1
1137,623,1624006135501,-1,-1,-1
1138,711,1624006135502,-1,-1,-1
1139,663,1624006136519,-1,-1,-1
1140,599,1624006137491,-1,-1,-1
1141,647,1624006137491,-1,-1,-1
1142,607,1624006139477,-1,-1,-1
1143,695,1624006140487,-1,-1,-1
1144,671,1624006140487,-1,-1,-1
1145,711,1624006141511,-1,-1,-1
1146,615,1624006142478,-1,-1,-1
1147,599,1624006142478,-1,-1,-1
1148,463,1624006143494,-1,-1,-1
1149,703,1624006146488,-1,-1,-1
1150,671,1624006147540,-1,-1,-1
1151,631,1624006147540,-1,-1,-1
1152,591,1624006148478,-1,-1,-1
1153,679,1624006148478,-1,-1,-1
1154,663,1624006149498,-1,-1,-1
1155,615,1624006150502,-1,-1,-1
1156,631,1624006153579,-1,-1,-1
1157,503,1624006153580,-1,-1,-1
1158,511,1624006154477,-1,-1,-1
1159,823,1624006155570,-1,-1,-1
1160,759,1624006156504,-1,-1,-1
1161,527,1624006156504,-1,-1,-1
1162,767,1624006157483,-1,-1,-1
1163,695,1624006158491,-1,-1,-1
1164,623,1624006158491,-1,-1,-1
1165,663,1624006159581,-1,-1,-1
1166,647,1624006159581,-1,-1,-1
1167,719,1624006160479,-1,-1,-1
1168,607,1624006161485,-1,-1,-1
1169,671,1624006161485,-1,-1,-1
1170,639,1624006162497,-1,-1,-1
1171,719,1624006163475,-1,-1,-1
1172,591,1624006163475,-1,-1,-1
1173,671,1624006164529,-1,-1,-1
1174,607,1624006165502,-1,-1,-1
1175,607,1624006165502,-1,-1,-1
1176,615,1624006166553,-1,-1,-1
1177,679,1624006168504,-1,-1,-1
1178,615,1624006168504,-1,-1,-1
1179,567,1624006170532,-1,-1,-1
1180,711,1624006171501,-1,-1,-1
1181,687,1624006172480,-1,-1,-1
1182,519,1624006172480,-1,-1,-1
1183,767,1624006173486,-1,-1,-1
1184,671,1624006174501,-1,-1,-1
1185,679,1624006174501,-1,-1,-1
1186,583,1624006175476,-1,-1,-1
1187,695,1624006176488,-1,-1,-1
1188,583,1624006176488,-1,-1,-1
1189,535,1624006180548,-1,-1,-1
1190,607,1624006185565,-1,-1,-1
1191,743,1624006188567,-1,-1,-1
1192,615,1624006188567,-1,-1,-1
1193,695,1624006189503,-1,-1,-1
1194,631,1624006190480,-1,-1,-1
1195,679,1624006190480,-1,-1,-1
1196,631,1624006191486,-1,-1,-1
1197,647,1624006192503,-1,-1,-1
1198,575,1624006192503,-1,-1,-1
1199,503,1624006193480,-1,-1,-1
1200,847,1624006193480,-1,-1,-1
1201,551,1624006194489,-1,-1,-1
1202,695,1624006195502,-1,-1,-1
1203,663,1624006197530,-1,-1,-1
1204,679,1624006197531,-1,-1,-1
1205,647,1624006198497,-1,-1,-1
1206,655,1624006199483,-1,-1,-1
1207,671,1624006199483,-1,-1,-1
1208,559,1624006200490,-1,-1,-1
1209,735,1624006201501,-1,-1,-1
1210,687,1624006201501,-1,-1,-1
1211,711,1624006202515,-1,-1,-1
1212,455,1624006203566,-1,-1,-1
1213,839,1624006203566,-1,-1,-1
1214,719,1624006205477,-1,-1,-1
1215,655,1624006206488,-1,-1,-1
1216,663,1624006208474,-1,-1,-1
1217,671,1624006209495,-1,-1,-1
1218,591,1624006209495,-1,-1,-1
1219,655,1624006210503,-1,-1,-1
1220,679,1624006211477,-1,-1,-1
1221,647,1624006211477,-1,-1,-1
1222,695,1624006212489,-1,-1,-1
1223,639,1624006213540,-1,-1,-1
1224,743,1624006213540,-1,-1,-1
1225,679,1624006215488,-1,-1,-1
1226,719,1624006216540,-1,-1,-1
1227,711,1624006217472,-1,-1,-1
1228,743,1624006218491,-1,-1,-1
1229,631,1624006218491,-1,-1,-1
1230,479,1624006220478,-1,-1,-1
1231,735,1624006222536,-1,-1,-1
1232,671,1624006223472,-1,-1,-1
1233,639,1624006224484,-1,-1,-1
1234,655,1624006224485,-1,-1,-1
1235,607,1624006225500,-1,-1,-1
1236,679,1624006225501,-1,-1,-1
1237,647,1624006228507,-1,-1,-1
1238,607,1624006230524,-1,-1,-1
1239,575,1624006231505,-1,-1,-1
1240,647,1624006231505,-1,-1,-1
1241,671,1624006232477,-1,-1,-1
1242,623,1624006232477,-1,-1,-1
1243,599,1624006233491,-1,-1,-1
1244,639,1624006234501,-1,-1,-1
1245,703,1624006234501,-1,-1,-1
1246,671,1624006235512,-1,-1,-1
1247,647,1624006236488,-1,-1,-1
1248,687,1624006236488,-1,-1,-1
1249,871,1624006238478,-1,-1,-1
1250,759,1624006239489,-1,-1,-1
1251,511,1624006240506,-1,-1,-1
1252,791,1624006240506,-1,-1,-1
1253,663,1624006241475,-1,-1,-1
1254,631,1624006242564,-1,-1,-1
1255,615,1624006242564,-1,-1,-1
1256,735,1624006244483,-1,-1,-1
1257,511,1624006245489,-1,-1,-1
1258,487,1624006245490,-1,-1,-1
1259,815,1624006246580,-1,-1,-1
1260,663,1624006247471,-1,-1,-1
1261,695,1624006248489,-1,-1,-1
1262,751,1624006250483,-1,-1,-1
1263,639,1624006250483,-1,-1,-1
1264,607,1624006251522,-1,-1,-1
1265,439,1624006256478,-1,-1,-1
1266,791,1624006257492,-1,-1,-1
1267,639,1624006258539,-1,-1,-1
1268,655,1624006258539,-1,-1,-1
1269,679,1624006259478,-1,-1,-1
1270,671,1624006260533,-1,-1,-1
1271,615,1624006260533,-1,-1,-1
1272,671,1624006261506,-1,-1,-1
1273,679,1624006262480,-1,-1,-1
1274,647,1624006262480,-1,-1,-1
1275,655,1624006263526,-1,-1,-1
1276,527,1624006266485,-1,-1,-1
1277,759,1624006267464,-1,-1,-1
1278,503,1624006267464,-1,-1,-1
1279,695,1624006268480,-1,-1,-1
1280,671,1624006271470,-1,-1,-1
1281,751,1624006272490,-1,-1,-1
1282,591,1624006272490,-1,-1,-1
1283,719,1624006273507,-1,-1,-1
1284,607,1624006273507,-1,-1,-1
1285,727,1624006274478,-1,-1,-1
1286,583,1624006275568,-1,-1,-1
1287,447,1624006275568,-1,-1,-1
1288,655,1624006277476,-1,-1,-1
1289,591,1624006277476,-1,-1,-1
1290,607,1624006278564,-1,-1,-1
1291,623,1624006279542,-1,-1,-1
1292,655,1624006279542,-1,-1,-1
1293,615,1624006280515,-1,-1,-1
1294,615,1624006280515,-1,-1,-1
1295,631,1624006281487,-1,-1,-1
1296,591,1624006282497,-1,-1,-1
1297,679,1624006282497,-1,-1,-1
1298,559,1624006283512,-1,-1,-1
1299,455,1624006283512,-1,-1,-1
1300,671,1624006285503,-1,-1,-1
1301,631,1624006286475,-1,-1,-1
1302,735,1624006286475,-1,-1,-1
1303,719,1624006287490,-1,-1,-1
1304,719,1624006288461,-1,-1,-1
1305,655,1624006289476,-1,-1,-1
1306,663,1624006289476,-1,-1,-1
1307,719,1624006290496,-1,-1,-1
1308,647,1624006291462,-1,-1,-1
1309,631,1624006291462,-1,-1,-1
1310,607,1624006292480,-1,-1,-1
1311,639,1624006292481,-1,-1,-1
1312,647,1624006293490,-1,-1,-1
1313,623,1624006294465,-1,-1,-1
1314,623,1624006296562,-1,-1,-1
1315,487,1624006296562,-1,-1,-1
1316,831,1624006299526,-1,-1,-1
1317,687,1624006300505,-1,-1,-1
1318,655,1624006300505,-1,-1,-1
1319,527,1624006301476,-1,-1,-1
1320,631,1624006301476,-1,-1,-1
1321,815,1624006302527,-1,-1,-1
1322,671,1624006304476,-1,-1,-1
1323,599,1624006305532,-1,-1,-1
1324,623,1624006305534,-1,-1,-1
1325,431,1624006310479,-1,-1,-1
1326,551,1624006315503,-1,-1,-1
1327,719,1624006315503,-1,-1,-1
1328,431,1624006317486,-1,-1,-1
1329,647,1624006318500,-1,-1,-1
1330,607,1624006319481,-1,-1,-1
1331,607,1624006319481,-1,-1,-1
1332,687,1624006321507,-1,-1,-1
1333,623,1624006322475,-1,-1,-1
1334,735,1624006324544,-1,-1,-1
1335,703,1624006324544,-1,-1,-1
1336,711,1624006325481,-1,-1,-1
1337,775,1624006326566,-1,-1,-1
1338,631,1624006327462,-1,-1,-1
1339,783,1624006328474,-1,-1,-1
1340,759,1624006330502,-1,-1,-1
1341,711,1624006331484,-1,-1,-1
1342,671,1624006332491,-1,-1,-1
1343,607,1624006332491,-1,-1,-1
1344,695,1624006333507,-1,-1,-1
1345,679,1624006334477,-1,-1,-1
1346,631,1624006334477,-1,-1,-1
1347,671,1624006335495,-1,-1,-1
1348,679,1624006336466,-1,-1,-1
1349,823,1624006338488,-1,-1,-1
1350,703,1624006338488,-1,-1,-1
1351,799,1624006339464,-1,-1,-1
1352,559,1624006340477,-1,-1,-1
1353,879,1624006341497,-1,-1,-1
1354,751,1624006341497,-1,-1,-1
1355,639,1624006342457,-1,-1,-1
1356,775,1624006343551,-1,-1,-1
1357,503,1624006343551,-1,-1,-1
1358,935,1624006344486,-1,-1,-1
1359,647,1624006345538,-1,-1,-1
1360,711,1624006346516,-1,-1,-1
1361,663,1624006346516,-1,-1,-1
1362,743,1624006347562,-1,-1,-1
1363,703,1624006348461,-1,-1,-1
1364,503,1624006348461,-1,-1,-1
1365,727,1624006349474,-1,-1,-1
1366,743,1624006350491,-1,-1,-1
1367,727,1624006350491,-1,-1,-1
1368,679,1624006351545,-1,-1,-1
1369,687,1624006353566,-1,-1,-1
1370,671,1624006354466,-1,-1,-1
1371,679,1624006354466,-1,-1,-1
1372,679,1624006355480,-1,-1,-1
1373,735,1624006356531,-1,-1,-1
1374,703,1624006357499,-1,-1,-1
1375,671,1624006357499,-1,-1,-1
1376,703,1624006360468,-1,-1,-1
1377,647,1624006361477,-1,-1,-1
1378,679,1624006361477,-1,-1,-1
1379,679,1624006362528,-1,-1,-1
1380,679,1624006364484,-1,-1,-1
1381,455,1624006369462,-1,-1,-1
1382,663,1624006369462,-1,-1,-1
1383,615,1624006370476,-1,-1,-1
1384,767,1624006373514,-1,-1,-1
1385,671,1624006374496,-1,-1,-1
1386,711,1624006375464,-1,-1,-1
1387,639,1624006375464,-1,-1,-1
1388,623,1624006376485,-1,-1,-1
1389,583,1624006377527,-1,-1,-1
1390,663,1624006377527,-1,-1,-1
1391,647,1624006378501,-1,-1,-1
1392,567,1624006378501,-1,-1,-1
1393,591,1624006379549,-1,-1,-1
1394,639,1624006380532,-1,-1,-1
1395,631,1624006380532,-1,-1,-1
1396,647,1624006381461,-1,-1,-1
1397,671,1624006382520,-1,-1,-1
1398,695,1624006382520,-1,-1,-1
1399,727,1624006383490,-1,-1,-1
1400,695,1624006384466,-1,-1,-1
1401,447,1624006388512,-1,-1,-1
1402,447,1624006388512,-1,-1,-1
1403,671,1624006392486,-1,-1,-1
1404,687,1624006393539,-1,-1,-1
1405,623,1624006393539,-1,-1,-1
1406,663,1624006394556,-1,-1,-1
1407,663,1624006395572,-1,-1,-1
1408,535,1624006395572,-1,-1,-1
1409,519,1624006396501,-1,-1,-1
1410,3287,1624006399464,-1,-1,-1
1411,647,1624006404488,-1,-1,-1
1412,743,1624006408460,-1,-1,-1
1413,599,1624006408460,-1,-1,-1
1414,695,1624006409474,-1,-1,-1
1415,639,1624006411463,-1,-1,-1
1416,647,1624006411463,-1,-1,-1
1417,575,1624006412509,-1,-1,-1
1418,455,1624006415476,-1,-1,-1
1419,655,1624006417465,-1,-1,-1
1420,623,1624006418479,-1,-1,-1
1421,655,1624006419487,-1,-1,-1
1422,623,1624006419487,-1,-1,-1
1423,639,1624006420539,-1,-1,-1
1424,615,1624006421475,-1,-1,-1
1425,519,1624006421475,-1,-1,-1
1426,623,1624006423507,-1,-1,-1
1427,559,1624006423507,-1,-1,-1
1428,631,1624006424478,-1,-1,-1
1429,631,1624006426541,-1,-1,-1
1430,639,1624006426541,-1,-1,-1
1431,623,1624006427474,-1,-1,-1
1432,647,1624006428524,-1,-1,-1
1433,695,1624006428524,-1,-1,-1
1434,671,1624006429500,-1,-1,-1
1435,511,1624006430475,-1,-1,-1
1436,775,1624006430475,-1,-1,-1
1437,727,1624006431488,-1,-1,-1
1438,543,1624006432457,-1,-1,-1
1439,687,1624006435462,-1,-1,-1
1440,647,1624006436477,-1,-1,-1
1441,671,1624006436477,-1,-1,-1
1442,4071,1624006442474,-1,-1,-1
1443,719,1624006445553,-1,-1,-1
1444,599,1624006447465,-1,-1,-1
1445,639,1624006448519,-1,-1,-1
1446,623,1624006448519,-1,-1,-1
1447,711,1624006449488,-1,-1,-1
1448,623,1624006450463,-1,-1,-1
1449,759,1624006452527,-1,-1,-1
1450,687,1624006453465,-1,-1,-1
1451,591,1624006456540,-1,-1,-1
1452,639,1624006457515,-1,-1,-1
1453,583,1624006457516,-1,-1,-1
1454,735,1624006458491,-1,-1,-1
1455,591,1624006458491,-1,-1,-1
1456,631,1624006459468,-1,-1,-1
1457,767,1624006460474,-1,-1,-1
1458,671,1624006463513,-1,-1,-1
1459,631,1624006464487,-1,-1,-1
1460,615,1624006464487,-1,-1,-1
1461,687,1624006465497,-1,-1,-1
1462,711,1624006466474,-1,-1,-1
1463,703,1624006467447,-1,-1,-1
1464,751,1624006468461,-1,-1,-1
1465,703,1624006469516,-1,-1,-1
1466,463,1624006470454,-1,-1,-1
1467,887,1624006471501,-1,-1,-1
1468,575,1624006477463,-1,-1,-1
1469,711,1624006478516,-1,-1,-1
1470,623,1624006478516,-1,-1,-1
1471,519,1624006479452,-1,-1,-1
1472,591,1624006480501,-1,-1,-1
1473,703,1624006480501,-1,-1,-1
1474,663,1624006481479,-1,-1,-1
1475,551,1624006481479,-1,-1,-1
1476,623,1624006483464,-1,-1,-1
1477,551,1624006485491,-1,-1,-1
1478,583,1624006486466,-1,-1,-1
1479,687,1624006489464,-1,-1,-1
1480,487,1624006491450,-1,-1,-1
1481,647,1624006493511,-1,-1,-1
1482,615,1624006494450,-1,-1,-1
1483,711,1624006495502,-1,-1,-1
1484,687,1624006495502,-1,-1,-1
1485,623,1624006496477,-1,-1,-1
1486,647,1624006497451,-1,-1,-1
1487,583,1624006497451,-1,-1,-1
1488,647,1624006498465,-1,-1,-1
1489,655,1624006500454,-1,-1,-1
1490,607,1624006501467,-1,-1,-1
1491,535,1624006506451,-1,-1,-1
1492,591,1624006508480,-1,-1,-1
1493,743,1624006509526,-1,-1,-1
1494,623,1624006510466,-1,-1,-1
1495,679,1624006510466,-1,-1,-1
1496,671,1624006511516,-1,-1,-1
1497,479,1624006512488,-1,-1,-1
1498,575,1624006512488,-1,-1,-1
1499,687,1624006514477,-1,-1,-1
1500,559,1624006516470,-1,-1,-1
1501,415,1624006517475,-1,-1,-1
1502,631,1624006517475,-1,-1,-1
1503,575,1624006520555,-1,-1,-1
1504,695,1624006523475,-1,-1,-1
1505,615,1624006524450,-1,-1,-1
1506,639,1624006525502,-1,-1,-1
1507,639,1624006526478,-1,-1,-1
1508,551,1624006526478,-1,-1,-1
1509,735,1624006527453,-1,-1,-1
1510,559,1624006527453,-1,-1,-1
1511,639,1624006532481,-1,-1,-1
1512,615,1624006533450,-1,-1,-1
1513,495,1624006533450,-1,-1,-1
1514,695,1624006535482,-1,-1,-1
1515,671,1624006535482,-1,-1,-1
1516,647,1624006536527,-1,-1,-1
1517,631,1624006537464,-1,-1,-1
1518,511,1624006539450,-1,-1,-1
1519,839,1624006539450,-1,-1,-1
1520,703,1624006540540,-1,-1,-1
1521,623,1624006541476,-1,-1,-1
1522,623,1624006547474,-1,-1,-1
1523,663,1624006550513,-1,-1,-1
1524,607,1624006551526,-1,-1,-1
1525,647,1624006552464,-1,-1,-1
1526,623,1624006557486,-1,-1,-1
1527,631,1624006558465,-1,-1,-1
1528,615,1624006559515,-1,-1,-1
1529,655,1624006559515,-1,-1,-1
1530,503,1624006560454,-1,-1,-1
1531,663,1624006563454,-1,-1,-1
1532,639,1624006564466,-1,-1,-1
1533,639,1624006564466,-1,-1,-1
1534,671,1624006568480,-1,-1,-1
1535,647,1624006569451,-1,-1,-1
1536,599,1624006570466,-1,-1,-1
1537,655,1624006573469,-1,-1,-1
1538,783,1624006574475,-1,-1,-1
1539,639,1624006576464,-1,-1,-1
1540,687,1624006578491,-1,-1,-1
1541,655,1624006579464,-1,-1,-1
1542,591,1624006579464,-1,-1,-1
1543,591,1624006582501,-1,-1,-1
1544,831,1624006582501,-1,-1,-1
1545,599,1624006586474,-1,-1,-1
1546,599,1624006586474,-1,-1,-1
1547,663,1624006588465,-1,-1,-1
1548,519,1624006589555,-1,-1,-1
1549,711,1624006589555,-1,-1,-1
1550,735,1624006598340,-1,-1,-1
1551,607,1624006598340,-1,-1,-1
1552,687,1624006599394,-1,-1,-1
1553,639,1624006600332,-1,-1,-1
1554,655,1624006600332,-1,-1,-1
1555,927,1624006601345,-1,-1,-1
1556,791,1624006602157,-1,-1,-1
1557,671,1624006603103,-1,-1,-1
1558,855,1624006604114,-1,-1,-1
1559,631,1624006606184,-1,-1,-1
1560,647,1624006607114,-1,-1,-1
1561,615,1624006607114,-1,-1,-1
