,RR,Timestamp,SensorContact,errorEstimate,blockerBit
0,607,1623426427802,-1,-1,-1
1,591,1623426427802,-1,-1,-1
2,703,1623426427802,-1,-1,-1
3,719,1623426427802,-1,-1,-1
4,703,1623426427802,-1,-1,-1
5,719,1623426427802,-1,-1,-1
6,679,1623426427802,-1,-1,-1
7,727,1623426427802,-1,-1,-1
8,711,1623426427802,-1,-1,-1
9,647,1623426428307,-1,-1,-1
10,591,1623426428307,-1,-1,-1
11,687,1623426428307,-1,-1,-1
12,727,1623426428801,-1,-1,-1
13,767,1623426428801,-1,-1,-1
14,759,1623426429853,-1,-1,-1
15,719,1623426430817,-1,-1,-1
16,655,1623426431779,-1,-1,-1
17,503,1623426431779,-1,-1,-1
18,927,1623426432777,-1,-1,-1
19,599,1623426433777,-1,-1,-1
20,935,1623426434779,-1,-1,-1
21,815,1623426434779,-1,-1,-1
22,647,1623426441778,-1,-1,-1
23,631,1623426442784,-1,-1,-1
24,623,1623426444785,-1,-1,-1
25,639,1623426445778,-1,-1,-1
26,455,1623426447821,-1,-1,-1
27,751,1623426452784,-1,-1,-1
28,783,1623426453778,-1,-1,-1
29,671,1623426454779,-1,-1,-1
30,719,1623426457780,-1,-1,-1
31,631,1623426459778,-1,-1,-1
32,607,1623426460781,-1,-1,-1
33,519,1623426460781,-1,-1,-1
34,663,1623426461784,-1,-1,-1
35,663,1623426462781,-1,-1,-1
36,615,1623426462782,-1,-1,-1
37,767,1623426463818,-1,-1,-1
38,823,1623426465778,-1,-1,-1
39,767,1623426465778,-1,-1,-1
40,679,1623426466784,-1,-1,-1
41,719,1623426467784,-1,-1,-1
42,727,1623426468780,-1,-1,-1
43,719,1623426468780,-1,-1,-1
44,655,1623426469821,-1,-1,-1
45,471,1623426475782,-1,-1,-1
46,575,1623426479784,-1,-1,-1
47,551,1623426480824,-1,-1,-1
48,655,1623426480824,-1,-1,-1
49,679,1623426481784,-1,-1,-1
50,519,1623426481784,-1,-1,-1
51,767,1623426484784,-1,-1,-1
52,647,1623426487784,-1,-1,-1
53,543,1623426491824,-1,-1,-1
54,599,1623426492783,-1,-1,-1
55,599,1623426492783,-1,-1,-1
56,655,1623426493783,-1,-1,-1
57,679,1623426494782,-1,-1,-1
58,663,1623426494782,-1,-1,-1
59,679,1623426495785,-1,-1,-1
60,695,1623426496825,-1,-1,-1
61,719,1623426496825,-1,-1,-1
62,727,1623426497785,-1,-1,-1
63,679,1623426498778,-1,-1,-1
64,839,1623426499784,-1,-1,-1
65,695,1623426499784,-1,-1,-1
66,679,1623426500784,-1,-1,-1
67,647,1623426501778,-1,-1,-1
68,647,1623426501778,-1,-1,-1
69,671,1623426502779,-1,-1,-1
70,671,1623426503784,-1,-1,-1
71,679,1623426503784,-1,-1,-1
72,719,1623426504780,-1,-1,-1
73,695,1623426505866,-1,-1,-1
74,711,1623426506785,-1,-1,-1
75,783,1623426508785,-1,-1,-1
76,679,1623426514784,-1,-1,-1
77,591,1623426515782,-1,-1,-1
78,679,1623426515782,-1,-1,-1
79,743,1623426521781,-1,-1,-1
80,735,1623426522786,-1,-1,-1
81,783,1623426522786,-1,-1,-1
82,703,1623426523784,-1,-1,-1
83,839,1623426524783,-1,-1,-1
84,767,1623426527784,-1,-1,-1
85,599,1623426532781,-1,-1,-1
86,711,1623426533781,-1,-1,-1
87,631,1623426538780,-1,-1,-1
88,631,1623426538780,-1,-1,-1
89,599,1623426539783,-1,-1,-1
90,647,1623426540782,-1,-1,-1
91,815,1623426547785,-1,-1,-1
92,671,1623426547785,-1,-1,-1
93,583,1623426551784,-1,-1,-1
94,511,1623426552785,-1,-1,-1
95,663,1623426553777,-1,-1,-1
96,767,1623426557780,-1,-1,-1
97,863,1623426558784,-1,-1,-1
98,831,1623426558784,-1,-1,-1
99,799,1623426559778,-1,-1,-1
100,759,1623426560779,-1,-1,-1
101,767,1623426561779,-1,-1,-1
102,799,1623426574778,-1,-1,-1
103,463,1623426575782,-1,-1,-1
104,623,1623426579779,-1,-1,-1
105,615,1623426580777,-1,-1,-1
106,463,1623426580778,-1,-1,-1
107,599,1623426582784,-1,-1,-1
108,599,1623426583778,-1,-1,-1
109,615,1623426584782,-1,-1,-1
110,607,1623426584782,-1,-1,-1
111,591,1623426585779,-1,-1,-1
112,599,1623426604787,-1,-1,-1
113,439,1623426612779,-1,-1,-1
114,671,1623426614781,-1,-1,-1
115,599,1623426615780,-1,-1,-1
116,607,1623426616782,-1,-1,-1
117,631,1623426616782,-1,-1,-1
118,591,1623426617785,-1,-1,-1
119,607,1623426617785,-1,-1,-1
120,623,1623426618780,-1,-1,-1
121,791,1623426624785,-1,-1,-1
122,767,1623426625785,-1,-1,-1
123,759,1623426626783,-1,-1,-1
124,663,1623426629817,-1,-1,-1
125,647,1623426630789,-1,-1,-1
126,671,1623426631782,-1,-1,-1
127,631,1623426631782,-1,-1,-1
128,647,1623426632780,-1,-1,-1
129,671,1623426633779,-1,-1,-1
130,671,1623426633779,-1,-1,-1
131,687,1623426634778,-1,-1,-1
132,719,1623426635784,-1,-1,-1
133,727,1623426635785,-1,-1,-1
134,703,1623426636785,-1,-1,-1
135,727,1623426637785,-1,-1,-1
136,703,1623426637785,-1,-1,-1
137,695,1623426638778,-1,-1,-1
138,719,1623426639777,-1,-1,-1
139,719,1623426640784,-1,-1,-1
140,711,1623426640784,-1,-1,-1
141,735,1623426641781,-1,-1,-1
142,687,1623426642823,-1,-1,-1
143,639,1623426642823,-1,-1,-1
144,647,1623426643784,-1,-1,-1
145,655,1623426644823,-1,-1,-1
146,639,1623426644824,-1,-1,-1
147,671,1623426645864,-1,-1,-1
148,679,1623426646784,-1,-1,-1
149,663,1623426646784,-1,-1,-1
150,655,1623426647784,-1,-1,-1
151,679,1623426648785,-1,-1,-1
152,719,1623426648785,-1,-1,-1
153,815,1623426649784,-1,-1,-1
154,863,1623426650782,-1,-1,-1
155,871,1623426651778,-1,-1,-1
156,847,1623426652779,-1,-1,-1
157,815,1623426653779,-1,-1,-1
158,775,1623426653779,-1,-1,-1
159,703,1623426654785,-1,-1,-1
160,719,1623426655784,-1,-1,-1
161,711,1623426656784,-1,-1,-1
162,719,1623426656784,-1,-1,-1
163,703,1623426657786,-1,-1,-1
164,719,1623426658784,-1,-1,-1
165,727,1623426658784,-1,-1,-1
166,719,1623426659778,-1,-1,-1
167,719,1623426660783,-1,-1,-1
168,735,1623426661825,-1,-1,-1
169,743,1623426661825,-1,-1,-1
170,759,1623426662784,-1,-1,-1
171,743,1623426663784,-1,-1,-1
172,743,1623426664784,-1,-1,-1
173,775,1623426664784,-1,-1,-1
174,663,1623426665784,-1,-1,-1
175,703,1623426666778,-1,-1,-1
176,679,1623426666778,-1,-1,-1
177,735,1623426667781,-1,-1,-1
178,751,1623426668783,-1,-1,-1
179,743,1623426669784,-1,-1,-1
180,751,1623426669784,-1,-1,-1
181,719,1623426670783,-1,-1,-1
182,703,1623426671783,-1,-1,-1
183,695,1623426671783,-1,-1,-1
184,679,1623426672783,-1,-1,-1
185,695,1623426673783,-1,-1,-1
186,679,1623426674784,-1,-1,-1
187,671,1623426674784,-1,-1,-1
188,647,1623426675904,-1,-1,-1
189,639,1623426676783,-1,-1,-1
190,639,1623426676783,-1,-1,-1
191,671,1623426677824,-1,-1,-1
192,799,1623426678784,-1,-1,-1
193,871,1623426678784,-1,-1,-1
194,903,1623426679778,-1,-1,-1
195,871,1623426680823,-1,-1,-1
196,831,1623426681777,-1,-1,-1
197,743,1623426682784,-1,-1,-1
198,703,1623426683784,-1,-1,-1
199,663,1623426683784,-1,-1,-1
200,655,1623426684784,-1,-1,-1
201,743,1623426687779,-1,-1,-1
202,727,1623426688859,-1,-1,-1
203,791,1623426689784,-1,-1,-1
204,775,1623426689784,-1,-1,-1
205,759,1623426690784,-1,-1,-1
206,711,1623426691865,-1,-1,-1
207,743,1623426692783,-1,-1,-1
208,735,1623426692783,-1,-1,-1
209,775,1623426693824,-1,-1,-1
210,735,1623426694822,-1,-1,-1
211,679,1623426695823,-1,-1,-1
212,711,1623426695823,-1,-1,-1
213,639,1623426696779,-1,-1,-1
214,647,1623426698785,-1,-1,-1
215,623,1623426698785,-1,-1,-1
216,631,1623426699783,-1,-1,-1
217,647,1623426700782,-1,-1,-1
218,791,1623426701783,-1,-1,-1
219,871,1623426704784,-1,-1,-1
220,743,1623426705784,-1,-1,-1
221,719,1623426706785,-1,-1,-1
222,687,1623426706785,-1,-1,-1
223,711,1623426707779,-1,-1,-1
224,703,1623426708783,-1,-1,-1
225,727,1623426708783,-1,-1,-1
226,727,1623426709781,-1,-1,-1
227,751,1623426710818,-1,-1,-1
228,695,1623426711779,-1,-1,-1
229,727,1623426711779,-1,-1,-1
230,759,1623426714779,-1,-1,-1
231,751,1623426714779,-1,-1,-1
232,743,1623426715779,-1,-1,-1
233,703,1623426716779,-1,-1,-1
234,679,1623426716779,-1,-1,-1
235,671,1623426717779,-1,-1,-1
236,687,1623426718779,-1,-1,-1
237,703,1623426718779,-1,-1,-1
238,735,1623426719782,-1,-1,-1
239,711,1623426720780,-1,-1,-1
240,735,1623426721782,-1,-1,-1
241,735,1623426721782,-1,-1,-1
242,703,1623426722784,-1,-1,-1
243,711,1623426723824,-1,-1,-1
244,703,1623426723824,-1,-1,-1
245,719,1623426724784,-1,-1,-1
246,695,1623426725825,-1,-1,-1
247,623,1623426726784,-1,-1,-1
248,663,1623426726784,-1,-1,-1
249,663,1623426727822,-1,-1,-1
250,679,1623426728783,-1,-1,-1
251,711,1623426728783,-1,-1,-1
252,703,1623426729784,-1,-1,-1
253,687,1623426730783,-1,-1,-1
254,703,1623426730783,-1,-1,-1
255,703,1623426731783,-1,-1,-1
256,719,1623426732783,-1,-1,-1
257,727,1623426732783,-1,-1,-1
258,703,1623426733784,-1,-1,-1
259,695,1623426734784,-1,-1,-1
260,647,1623426735785,-1,-1,-1
261,679,1623426735785,-1,-1,-1
262,679,1623426736781,-1,-1,-1
263,671,1623426737783,-1,-1,-1
264,703,1623426737783,-1,-1,-1
265,719,1623426738786,-1,-1,-1
266,703,1623426739784,-1,-1,-1
267,671,1623426739784,-1,-1,-1
268,671,1623426740784,-1,-1,-1
269,679,1623426741784,-1,-1,-1
270,695,1623426741784,-1,-1,-1
271,719,1623426742778,-1,-1,-1
272,727,1623426743823,-1,-1,-1
273,735,1623426744784,-1,-1,-1
274,711,1623426744784,-1,-1,-1
275,695,1623426745784,-1,-1,-1
276,703,1623426746893,-1,-1,-1
277,727,1623426746893,-1,-1,-1
278,775,1623426747779,-1,-1,-1
279,783,1623426748792,-1,-1,-1
280,791,1623426749782,-1,-1,-1
281,687,1623426749782,-1,-1,-1
282,671,1623426750784,-1,-1,-1
283,791,1623426751778,-1,-1,-1
284,751,1623426752779,-1,-1,-1
285,751,1623426752779,-1,-1,-1
286,911,1623426755783,-1,-1,-1
287,639,1623426755783,-1,-1,-1
288,719,1623426756783,-1,-1,-1
289,639,1623426759784,-1,-1,-1
290,647,1623426759784,-1,-1,-1
291,655,1623426760860,-1,-1,-1
292,655,1623426761784,-1,-1,-1
293,679,1623426761784,-1,-1,-1
294,711,1623426762781,-1,-1,-1
295,679,1623426763783,-1,-1,-1
296,679,1623426763783,-1,-1,-1
297,727,1623426764777,-1,-1,-1
298,767,1623426765779,-1,-1,-1
299,799,1623426766783,-1,-1,-1
300,767,1623426766783,-1,-1,-1
301,767,1623426767785,-1,-1,-1
302,759,1623426768784,-1,-1,-1
303,751,1623426769785,-1,-1,-1
304,743,1623426769785,-1,-1,-1
305,743,1623426770784,-1,-1,-1
306,719,1623426771784,-1,-1,-1
307,727,1623426772824,-1,-1,-1
308,671,1623426772824,-1,-1,-1
309,679,1623426773783,-1,-1,-1
310,679,1623426774783,-1,-1,-1
311,719,1623426774783,-1,-1,-1
312,719,1623426775784,-1,-1,-1
313,719,1623426776865,-1,-1,-1
314,695,1623426777777,-1,-1,-1
315,663,1623426777777,-1,-1,-1
316,679,1623426778783,-1,-1,-1
317,695,1623426779789,-1,-1,-1
318,711,1623426779789,-1,-1,-1
319,727,1623426781779,-1,-1,-1
320,767,1623426782777,-1,-1,-1
321,623,1623426783822,-1,-1,-1
322,719,1623426784782,-1,-1,-1
323,727,1623426784782,-1,-1,-1
324,751,1623426785778,-1,-1,-1
325,511,1623426786777,-1,-1,-1
326,871,1623426786777,-1,-1,-1
327,679,1623426787784,-1,-1,-1
328,719,1623426788784,-1,-1,-1
329,631,1623426788784,-1,-1,-1
330,687,1623426792784,-1,-1,-1
331,687,1623426793784,-1,-1,-1
332,663,1623426793784,-1,-1,-1
333,711,1623426794781,-1,-1,-1
334,903,1623426796784,-1,-1,-1
335,743,1623426797779,-1,-1,-1
336,695,1623426798784,-1,-1,-1
337,639,1623426801784,-1,-1,-1
338,615,1623426802777,-1,-1,-1
339,487,1623426802777,-1,-1,-1
340,823,1623426803784,-1,-1,-1
341,687,1623426804784,-1,-1,-1
342,727,1623426804784,-1,-1,-1
343,615,1623426805824,-1,-1,-1
344,663,1623426806783,-1,-1,-1
345,687,1623426806783,-1,-1,-1
346,687,1623426807783,-1,-1,-1
347,679,1623426808783,-1,-1,-1
348,663,1623426808783,-1,-1,-1
349,679,1623426809824,-1,-1,-1
350,639,1623426810783,-1,-1,-1
351,679,1623426810783,-1,-1,-1
352,631,1623426811783,-1,-1,-1
353,695,1623426812783,-1,-1,-1
354,719,1623426812783,-1,-1,-1
355,751,1623426813824,-1,-1,-1
356,759,1623426814784,-1,-1,-1
357,799,1623426815783,-1,-1,-1
358,751,1623426816821,-1,-1,-1
359,823,1623426816821,-1,-1,-1
360,639,1623426817782,-1,-1,-1
361,703,1623426818783,-1,-1,-1
362,863,1623426819784,-1,-1,-1
363,679,1623426819784,-1,-1,-1
364,695,1623426820783,-1,-1,-1
365,631,1623426821817,-1,-1,-1
366,647,1623426821817,-1,-1,-1
367,647,1623426822783,-1,-1,-1
368,607,1623426822783,-1,-1,-1
369,623,1623426823783,-1,-1,-1
370,615,1623426824785,-1,-1,-1
371,695,1623426824785,-1,-1,-1
372,735,1623426825784,-1,-1,-1
373,863,1623426826783,-1,-1,-1
374,759,1623426830779,-1,-1,-1
375,743,1623426830779,-1,-1,-1
376,727,1623426831785,-1,-1,-1
377,727,1623426832783,-1,-1,-1
378,671,1623426832783,-1,-1,-1
379,663,1623426833783,-1,-1,-1
380,655,1623426834784,-1,-1,-1
381,655,1623426834784,-1,-1,-1
382,687,1623426835785,-1,-1,-1
383,703,1623426836783,-1,-1,-1
384,703,1623426836783,-1,-1,-1
385,687,1623426837783,-1,-1,-1
386,727,1623426838824,-1,-1,-1
387,679,1623426839784,-1,-1,-1
388,671,1623426839784,-1,-1,-1
389,647,1623426840784,-1,-1,-1
390,631,1623426841784,-1,-1,-1
391,639,1623426841784,-1,-1,-1
392,655,1623426842822,-1,-1,-1
393,639,1623426842822,-1,-1,-1
394,663,1623426843783,-1,-1,-1
395,687,1623426844783,-1,-1,-1
396,719,1623426845783,-1,-1,-1
397,703,1623426845783,-1,-1,-1
398,687,1623426846779,-1,-1,-1
399,687,1623426847782,-1,-1,-1
400,711,1623426847782,-1,-1,-1
401,703,1623426848784,-1,-1,-1
402,703,1623426849779,-1,-1,-1
403,671,1623426849779,-1,-1,-1
404,647,1623426850777,-1,-1,-1
405,687,1623426851783,-1,-1,-1
406,727,1623426851783,-1,-1,-1
407,695,1623426852783,-1,-1,-1
408,703,1623426853743,-1,-1,-1
409,663,1623426854743,-1,-1,-1
410,639,1623426854743,-1,-1,-1
411,623,1623426855740,-1,-1,-1
412,607,1623426855740,-1,-1,-1
413,607,1623426856745,-1,-1,-1
414,623,1623426857744,-1,-1,-1
415,655,1623426857744,-1,-1,-1
416,663,1623426858744,-1,-1,-1
417,655,1623426859745,-1,-1,-1
418,663,1623426859745,-1,-1,-1
419,663,1623426860744,-1,-1,-1
420,679,1623426861781,-1,-1,-1
421,679,1623426861781,-1,-1,-1
422,679,1623426862784,-1,-1,-1
423,671,1623426863743,-1,-1,-1
424,647,1623426863743,-1,-1,-1
425,647,1623426864742,-1,-1,-1
426,623,1623426865743,-1,-1,-1
427,639,1623426865743,-1,-1,-1
428,615,1623426866740,-1,-1,-1
429,607,1623426866740,-1,-1,-1
430,631,1623426867741,-1,-1,-1
431,591,1623426868744,-1,-1,-1
432,623,1623426868744,-1,-1,-1
433,631,1623426869744,-1,-1,-1
434,655,1623426870743,-1,-1,-1
435,631,1623426870743,-1,-1,-1
436,623,1623426871745,-1,-1,-1
437,607,1623426871745,-1,-1,-1
438,631,1623426872738,-1,-1,-1
439,639,1623426873744,-1,-1,-1
440,631,1623426873744,-1,-1,-1
441,655,1623426874781,-1,-1,-1
442,695,1623426875738,-1,-1,-1
443,703,1623426875738,-1,-1,-1
444,735,1623426876743,-1,-1,-1
445,759,1623426877744,-1,-1,-1
446,775,1623426878742,-1,-1,-1
447,775,1623426878742,-1,-1,-1
448,759,1623426879743,-1,-1,-1
449,743,1623426880744,-1,-1,-1
450,719,1623426881743,-1,-1,-1
451,703,1623426881743,-1,-1,-1
452,695,1623426882741,-1,-1,-1
453,671,1623426883783,-1,-1,-1
454,671,1623426883783,-1,-1,-1
455,655,1623426884743,-1,-1,-1
456,647,1623426885743,-1,-1,-1
457,663,1623426885743,-1,-1,-1
458,687,1623426886744,-1,-1,-1
459,727,1623426887743,-1,-1,-1
460,751,1623426888743,-1,-1,-1
461,735,1623426888743,-1,-1,-1
462,703,1623426889743,-1,-1,-1
463,663,1623426890743,-1,-1,-1
464,695,1623426890743,-1,-1,-1
465,703,1623426891742,-1,-1,-1
466,727,1623426892742,-1,-1,-1
467,719,1623426892743,-1,-1,-1
468,719,1623426893743,-1,-1,-1
469,703,1623426894783,-1,-1,-1
470,679,1623426895743,-1,-1,-1
471,687,1623426895743,-1,-1,-1
472,655,1623426896742,-1,-1,-1
473,671,1623426897738,-1,-1,-1
474,655,1623426897738,-1,-1,-1
475,655,1623426898744,-1,-1,-1
476,647,1623426899744,-1,-1,-1
477,663,1623426899744,-1,-1,-1
478,695,1623426900743,-1,-1,-1
479,727,1623426901745,-1,-1,-1
480,751,1623426901745,-1,-1,-1
481,743,1623426902741,-1,-1,-1
482,711,1623426903738,-1,-1,-1
483,719,1623426904741,-1,-1,-1
484,735,1623426904741,-1,-1,-1
485,735,1623426905736,-1,-1,-1
486,743,1623426906738,-1,-1,-1
487,727,1623426907738,-1,-1,-1
488,695,1623426907738,-1,-1,-1
489,679,1623426908739,-1,-1,-1
490,663,1623426909743,-1,-1,-1
491,679,1623426909744,-1,-1,-1
492,695,1623426910739,-1,-1,-1
493,703,1623426911740,-1,-1,-1
494,743,1623426911740,-1,-1,-1
495,719,1623426912743,-1,-1,-1
496,711,1623426913743,-1,-1,-1
497,735,1623426914743,-1,-1,-1
498,719,1623426914743,-1,-1,-1
499,711,1623426915743,-1,-1,-1
500,695,1623426916739,-1,-1,-1
501,655,1623426916739,-1,-1,-1
502,623,1623426917739,-1,-1,-1
503,639,1623426918739,-1,-1,-1
504,639,1623426918739,-1,-1,-1
505,639,1623426919744,-1,-1,-1
506,647,1623426920743,-1,-1,-1
507,647,1623426920743,-1,-1,-1
508,663,1623426921783,-1,-1,-1
509,687,1623426922738,-1,-1,-1
510,775,1623426922738,-1,-1,-1
511,679,1623426923737,-1,-1,-1
512,815,1623426924742,-1,-1,-1
513,759,1623426925744,-1,-1,-1
514,767,1623426925744,-1,-1,-1
515,743,1623426926778,-1,-1,-1
516,711,1623426927790,-1,-1,-1
517,687,1623426927790,-1,-1,-1
518,671,1623426928736,-1,-1,-1
519,671,1623426929741,-1,-1,-1
520,647,1623426929741,-1,-1,-1
521,647,1623426930738,-1,-1,-1
522,647,1623426931744,-1,-1,-1
523,655,1623426931744,-1,-1,-1
524,631,1623426932739,-1,-1,-1
525,679,1623426933744,-1,-1,-1
526,655,1623426933744,-1,-1,-1
527,663,1623426934742,-1,-1,-1
528,655,1623426935738,-1,-1,-1
529,679,1623426935738,-1,-1,-1
530,639,1623426938737,-1,-1,-1
531,711,1623426938737,-1,-1,-1
532,671,1623426939744,-1,-1,-1
533,647,1623426940740,-1,-1,-1
534,615,1623426942745,-1,-1,-1
535,607,1623426942745,-1,-1,-1
536,623,1623426943782,-1,-1,-1
537,583,1623426943782,-1,-1,-1
538,639,1623426944743,-1,-1,-1
539,663,1623426945783,-1,-1,-1
540,663,1623426945783,-1,-1,-1
541,655,1623426946743,-1,-1,-1
542,719,1623426947742,-1,-1,-1
543,631,1623426949740,-1,-1,-1
544,623,1623426949740,-1,-1,-1
545,679,1623426950743,-1,-1,-1
546,583,1623426951742,-1,-1,-1
547,631,1623426951742,-1,-1,-1
548,631,1623426952743,-1,-1,-1
549,639,1623426952743,-1,-1,-1
550,559,1623426953744,-1,-1,-1
551,663,1623426954738,-1,-1,-1
552,623,1623426954738,-1,-1,-1
553,639,1623426955744,-1,-1,-1
554,519,1623426955744,-1,-1,-1
555,631,1623426959743,-1,-1,-1
556,647,1623426960778,-1,-1,-1
557,575,1623426960778,-1,-1,-1
558,615,1623426961781,-1,-1,-1
559,519,1623426961781,-1,-1,-1
560,615,1623426963743,-1,-1,-1
561,623,1623426964744,-1,-1,-1
562,639,1623426965743,-1,-1,-1
563,567,1623426965743,-1,-1,-1
564,567,1623426966743,-1,-1,-1
565,575,1623426966743,-1,-1,-1
566,607,1623426967742,-1,-1,-1
567,583,1623426968743,-1,-1,-1
568,591,1623426968743,-1,-1,-1
569,559,1623426969744,-1,-1,-1
570,615,1623426969744,-1,-1,-1
571,591,1623426970740,-1,-1,-1
572,615,1623426971743,-1,-1,-1
573,575,1623426971743,-1,-1,-1
574,615,1623426972742,-1,-1,-1
575,639,1623426972742,-1,-1,-1
576,591,1623426973742,-1,-1,-1
577,599,1623426974741,-1,-1,-1
578,631,1623426974742,-1,-1,-1
579,623,1623426975741,-1,-1,-1
580,647,1623426975741,-1,-1,-1
581,639,1623426976783,-1,-1,-1
582,663,1623426977742,-1,-1,-1
583,671,1623426977742,-1,-1,-1
584,695,1623426978743,-1,-1,-1
585,647,1623426979736,-1,-1,-1
586,639,1623426979736,-1,-1,-1
587,639,1623426980742,-1,-1,-1
588,615,1623426981743,-1,-1,-1
589,655,1623426981743,-1,-1,-1
590,655,1623426982742,-1,-1,-1
591,687,1623426983744,-1,-1,-1
592,631,1623426983744,-1,-1,-1
593,679,1623426984736,-1,-1,-1
594,687,1623426985743,-1,-1,-1
595,703,1623426985743,-1,-1,-1
596,703,1623426986740,-1,-1,-1
597,711,1623426987742,-1,-1,-1
598,679,1623426987742,-1,-1,-1
599,719,1623426988744,-1,-1,-1
600,679,1623426989778,-1,-1,-1
601,639,1623426990820,-1,-1,-1
602,727,1623426990820,-1,-1,-1
603,655,1623426991742,-1,-1,-1
604,615,1623426992742,-1,-1,-1
605,655,1623426992742,-1,-1,-1
606,623,1623426993783,-1,-1,-1
607,655,1623426993783,-1,-1,-1
608,695,1623426994741,-1,-1,-1
609,743,1623426995742,-1,-1,-1
610,751,1623426996742,-1,-1,-1
611,695,1623426996742,-1,-1,-1
612,711,1623426997742,-1,-1,-1
613,679,1623426998741,-1,-1,-1
614,671,1623426998741,-1,-1,-1
615,639,1623426999744,-1,-1,-1
616,647,1623427000743,-1,-1,-1
617,639,1623427000743,-1,-1,-1
618,671,1623427001736,-1,-1,-1
619,631,1623427002743,-1,-1,-1
620,655,1623427002743,-1,-1,-1
621,647,1623427003782,-1,-1,-1
622,631,1623427004738,-1,-1,-1
623,639,1623427004738,-1,-1,-1
624,647,1623427005740,-1,-1,-1
625,663,1623427006744,-1,-1,-1
626,671,1623427006744,-1,-1,-1
627,759,1623427007742,-1,-1,-1
628,599,1623427008736,-1,-1,-1
629,431,1623427010743,-1,-1,-1
630,775,1623427011738,-1,-1,-1
631,599,1623427011738,-1,-1,-1
632,591,1623427012736,-1,-1,-1
633,575,1623427014744,-1,-1,-1
634,631,1623427014744,-1,-1,-1
635,559,1623427016739,-1,-1,-1
636,407,1623427017740,-1,-1,-1
637,647,1623427017740,-1,-1,-1
638,631,1623427018742,-1,-1,-1
639,487,1623427019742,-1,-1,-1
640,511,1623427019742,-1,-1,-1
641,607,1623427020743,-1,-1,-1
642,615,1623427022783,-1,-1,-1
643,551,1623427022783,-1,-1,-1
644,575,1623427023741,-1,-1,-1
645,575,1623427023741,-1,-1,-1
646,527,1623427024744,-1,-1,-1
647,567,1623427024744,-1,-1,-1
648,599,1623427025741,-1,-1,-1
649,615,1623427026782,-1,-1,-1
650,695,1623427026782,-1,-1,-1
651,711,1623427027744,-1,-1,-1
652,679,1623427028743,-1,-1,-1
653,671,1623427028743,-1,-1,-1
654,735,1623427029738,-1,-1,-1
655,815,1623427034743,-1,-1,-1
656,751,1623427034743,-1,-1,-1
657,711,1623427035742,-1,-1,-1
658,695,1623427036743,-1,-1,-1
659,695,1623427036743,-1,-1,-1
660,711,1623427037737,-1,-1,-1
661,687,1623427038736,-1,-1,-1
662,695,1623427039741,-1,-1,-1
663,695,1623427039741,-1,-1,-1
664,711,1623427040742,-1,-1,-1
665,719,1623427041743,-1,-1,-1
666,727,1623427041743,-1,-1,-1
667,695,1623427042824,-1,-1,-1
668,695,1623427043742,-1,-1,-1
669,679,1623427044744,-1,-1,-1
670,735,1623427044744,-1,-1,-1
671,943,1623427045744,-1,-1,-1
672,871,1623427046746,-1,-1,-1
673,871,1623427047743,-1,-1,-1
674,847,1623427048744,-1,-1,-1
675,799,1623427049742,-1,-1,-1
676,775,1623427049743,-1,-1,-1
677,719,1623427050742,-1,-1,-1
678,703,1623427051744,-1,-1,-1
679,671,1623427051744,-1,-1,-1
680,591,1623427052742,-1,-1,-1
681,623,1623427053737,-1,-1,-1
682,647,1623427053737,-1,-1,-1
683,655,1623427054778,-1,-1,-1
684,663,1623427055743,-1,-1,-1
685,639,1623427055743,-1,-1,-1
686,615,1623427056743,-1,-1,-1
687,615,1623427057741,-1,-1,-1
688,631,1623427057741,-1,-1,-1
689,647,1623427058738,-1,-1,-1
690,695,1623427058738,-1,-1,-1
691,735,1623427059785,-1,-1,-1
692,751,1623427060745,-1,-1,-1
693,735,1623427061740,-1,-1,-1
694,719,1623427061740,-1,-1,-1
695,703,1623427062742,-1,-1,-1
696,695,1623427063739,-1,-1,-1
697,687,1623427064736,-1,-1,-1
698,679,1623427064736,-1,-1,-1
699,679,1623427065744,-1,-1,-1
700,671,1623427066744,-1,-1,-1
701,671,1623427066744,-1,-1,-1
702,647,1623427067743,-1,-1,-1
703,639,1623427068743,-1,-1,-1
704,647,1623427068743,-1,-1,-1
705,671,1623427069742,-1,-1,-1
706,663,1623427069742,-1,-1,-1
707,687,1623427070738,-1,-1,-1
708,663,1623427071742,-1,-1,-1
709,695,1623427072742,-1,-1,-1
710,671,1623427072742,-1,-1,-1
711,647,1623427073743,-1,-1,-1
712,647,1623427074744,-1,-1,-1
713,647,1623427074744,-1,-1,-1
714,663,1623427075783,-1,-1,-1
715,663,1623427075783,-1,-1,-1
716,639,1623427076743,-1,-1,-1
717,655,1623427077743,-1,-1,-1
718,655,1623427077744,-1,-1,-1
719,655,1623427078738,-1,-1,-1
720,631,1623427079780,-1,-1,-1
721,679,1623427079780,-1,-1,-1
722,655,1623427080743,-1,-1,-1
723,639,1623427081744,-1,-1,-1
724,631,1623427081744,-1,-1,-1
725,639,1623427082741,-1,-1,-1
726,639,1623427083743,-1,-1,-1
727,623,1623427083743,-1,-1,-1
728,631,1623427084743,-1,-1,-1
729,615,1623427084743,-1,-1,-1
730,631,1623427085743,-1,-1,-1
731,655,1623427086784,-1,-1,-1
732,671,1623427086784,-1,-1,-1
733,663,1623427087782,-1,-1,-1
734,655,1623427088742,-1,-1,-1
735,671,1623427088742,-1,-1,-1
736,663,1623427089742,-1,-1,-1
737,663,1623427090743,-1,-1,-1
738,647,1623427090744,-1,-1,-1
739,647,1623427091742,-1,-1,-1
740,647,1623427092784,-1,-1,-1
741,623,1623427092784,-1,-1,-1
742,631,1623427093744,-1,-1,-1
743,631,1623427094742,-1,-1,-1
744,639,1623427094742,-1,-1,-1
745,631,1623427095741,-1,-1,-1
746,631,1623427096743,-1,-1,-1
747,631,1623427096743,-1,-1,-1
748,639,1623427097783,-1,-1,-1
749,679,1623427097783,-1,-1,-1
750,695,1623427098738,-1,-1,-1
751,711,1623427099740,-1,-1,-1
752,727,1623427100738,-1,-1,-1
753,711,1623427100738,-1,-1,-1
754,687,1623427101742,-1,-1,-1
755,679,1623427102737,-1,-1,-1
756,671,1623427102737,-1,-1,-1
757,671,1623427103821,-1,-1,-1
758,671,1623427104742,-1,-1,-1
759,663,1623427104742,-1,-1,-1
760,655,1623427105745,-1,-1,-1
761,647,1623427106741,-1,-1,-1
762,655,1623427106741,-1,-1,-1
763,647,1623427107743,-1,-1,-1
764,639,1623427108778,-1,-1,-1
765,615,1623427108778,-1,-1,-1
766,615,1623427109743,-1,-1,-1
767,599,1623427109743,-1,-1,-1
768,607,1623427110743,-1,-1,-1
769,631,1623427111741,-1,-1,-1
770,663,1623427111741,-1,-1,-1
771,687,1623427112743,-1,-1,-1
772,671,1623427113742,-1,-1,-1
773,663,1623427113742,-1,-1,-1
774,639,1623427114744,-1,-1,-1
775,631,1623427115783,-1,-1,-1
776,639,1623427115783,-1,-1,-1
777,607,1623427116742,-1,-1,-1
778,575,1623427116742,-1,-1,-1
779,599,1623427117743,-1,-1,-1
780,591,1623427118778,-1,-1,-1
781,591,1623427118778,-1,-1,-1
782,583,1623427119743,-1,-1,-1
783,575,1623427119743,-1,-1,-1
784,583,1623427120745,-1,-1,-1
785,591,1623427121743,-1,-1,-1
786,655,1623427121743,-1,-1,-1
787,687,1623427122743,-1,-1,-1
788,759,1623427123743,-1,-1,-1
789,775,1623427123743,-1,-1,-1
790,751,1623427124738,-1,-1,-1
791,743,1623427125776,-1,-1,-1
792,719,1623427126744,-1,-1,-1
793,695,1623427126744,-1,-1,-1
794,655,1623427127742,-1,-1,-1
795,631,1623427128744,-1,-1,-1
796,623,1623427128744,-1,-1,-1
797,623,1623427129741,-1,-1,-1
798,631,1623427130737,-1,-1,-1
799,607,1623427130737,-1,-1,-1
800,623,1623427131738,-1,-1,-1
801,607,1623427131738,-1,-1,-1
802,615,1623427132777,-1,-1,-1
803,623,1623427133741,-1,-1,-1
804,647,1623427133741,-1,-1,-1
805,679,1623427134743,-1,-1,-1
806,687,1623427135736,-1,-1,-1
807,703,1623427135736,-1,-1,-1
808,695,1623427136742,-1,-1,-1
809,679,1623427137742,-1,-1,-1
810,687,1623427137742,-1,-1,-1
811,663,1623427138742,-1,-1,-1
812,655,1623427139741,-1,-1,-1
813,647,1623427139741,-1,-1,-1
814,639,1623427140737,-1,-1,-1
815,631,1623427141823,-1,-1,-1
816,655,1623427141823,-1,-1,-1
817,607,1623427142742,-1,-1,-1
818,631,1623427143743,-1,-1,-1
819,647,1623427143743,-1,-1,-1
820,679,1623427144745,-1,-1,-1
821,703,1623427145782,-1,-1,-1
822,703,1623427145782,-1,-1,-1
823,695,1623427146736,-1,-1,-1
824,679,1623427147744,-1,-1,-1
825,679,1623427147744,-1,-1,-1
826,663,1623427148743,-1,-1,-1
827,647,1623427149742,-1,-1,-1
828,647,1623427149742,-1,-1,-1
829,655,1623427150783,-1,-1,-1
830,639,1623427151741,-1,-1,-1
831,639,1623427151741,-1,-1,-1
832,639,1623427152735,-1,-1,-1
833,655,1623427153822,-1,-1,-1
834,663,1623427153822,-1,-1,-1
835,679,1623427154742,-1,-1,-1
836,679,1623427155741,-1,-1,-1
837,687,1623427155741,-1,-1,-1
838,695,1623427156743,-1,-1,-1
839,679,1623427157742,-1,-1,-1
840,663,1623427157742,-1,-1,-1
841,647,1623427158735,-1,-1,-1
842,647,1623427159743,-1,-1,-1
843,647,1623427159743,-1,-1,-1
844,647,1623427160741,-1,-1,-1
845,647,1623427161736,-1,-1,-1
846,679,1623427161736,-1,-1,-1
847,687,1623427162735,-1,-1,-1
848,687,1623427163738,-1,-1,-1
849,671,1623427163738,-1,-1,-1
850,671,1623427164738,-1,-1,-1
851,663,1623427165741,-1,-1,-1
852,671,1623427165741,-1,-1,-1
853,679,1623427166739,-1,-1,-1
854,687,1623427167742,-1,-1,-1
855,679,1623427167742,-1,-1,-1
856,679,1623427168739,-1,-1,-1
857,671,1623427169740,-1,-1,-1
858,663,1623427169740,-1,-1,-1
859,647,1623427170742,-1,-1,-1
860,647,1623427171744,-1,-1,-1
861,639,1623427171744,-1,-1,-1
862,623,1623427172742,-1,-1,-1
863,631,1623427173742,-1,-1,-1
864,623,1623427173742,-1,-1,-1
865,623,1623427174782,-1,-1,-1
866,623,1623427174782,-1,-1,-1
867,615,1623427175742,-1,-1,-1
868,623,1623427176783,-1,-1,-1
869,615,1623427176783,-1,-1,-1
870,663,1623427177743,-1,-1,-1
871,695,1623427178743,-1,-1,-1
872,751,1623427178743,-1,-1,-1
873,751,1623427179743,-1,-1,-1
874,727,1623427180743,-1,-1,-1
875,711,1623427181742,-1,-1,-1
876,703,1623427181742,-1,-1,-1
877,687,1623427182782,-1,-1,-1
878,679,1623427183742,-1,-1,-1
879,671,1623427183742,-1,-1,-1
880,671,1623427184743,-1,-1,-1
881,655,1623427185741,-1,-1,-1
882,655,1623427185741,-1,-1,-1
883,639,1623427186742,-1,-1,-1
884,631,1623427187744,-1,-1,-1
885,623,1623427187744,-1,-1,-1
886,615,1623427188742,-1,-1,-1
887,623,1623427188742,-1,-1,-1
888,647,1623427189742,-1,-1,-1
889,671,1623427190743,-1,-1,-1
890,711,1623427190743,-1,-1,-1
891,743,1623427191740,-1,-1,-1
892,727,1623427192782,-1,-1,-1
893,703,1623427193742,-1,-1,-1
894,671,1623427193742,-1,-1,-1
895,647,1623427194738,-1,-1,-1
896,639,1623427195862,-1,-1,-1
897,623,1623427195862,-1,-1,-1
898,607,1623427196742,-1,-1,-1
899,607,1623427196742,-1,-1,-1
900,607,1623427197743,-1,-1,-1
901,583,1623427198742,-1,-1,-1
902,583,1623427198742,-1,-1,-1
903,575,1623427199740,-1,-1,-1
904,599,1623427199740,-1,-1,-1
905,575,1623427200735,-1,-1,-1
906,599,1623427201736,-1,-1,-1
907,607,1623427201736,-1,-1,-1
908,615,1623427202737,-1,-1,-1
909,647,1623427202737,-1,-1,-1
910,799,1623427206742,-1,-1,-1
911,735,1623427206742,-1,-1,-1
912,639,1623427209736,-1,-1,-1
913,623,1623427210741,-1,-1,-1
914,639,1623427210741,-1,-1,-1
915,607,1623427211775,-1,-1,-1
916,607,1623427212777,-1,-1,-1
917,607,1623427212777,-1,-1,-1
918,607,1623427213736,-1,-1,-1
919,639,1623427213736,-1,-1,-1
920,639,1623427214776,-1,-1,-1
921,639,1623427215736,-1,-1,-1
922,623,1623427215736,-1,-1,-1
923,639,1623427216735,-1,-1,-1
924,687,1623427217747,-1,-1,-1
925,775,1623427218737,-1,-1,-1
926,767,1623427218737,-1,-1,-1
927,767,1623427219735,-1,-1,-1
928,735,1623427220737,-1,-1,-1
929,663,1623427220737,-1,-1,-1
930,727,1623427221737,-1,-1,-1
931,687,1623427222744,-1,-1,-1
932,679,1623427223782,-1,-1,-1
933,687,1623427223782,-1,-1,-1
934,663,1623427224735,-1,-1,-1
935,671,1623427225741,-1,-1,-1
936,655,1623427225741,-1,-1,-1
937,655,1623427226738,-1,-1,-1
938,671,1623427228738,-1,-1,-1
939,703,1623427228738,-1,-1,-1
940,783,1623427229736,-1,-1,-1
941,751,1623427230736,-1,-1,-1
942,743,1623427231735,-1,-1,-1
943,727,1623427231735,-1,-1,-1
944,719,1623427232736,-1,-1,-1
945,711,1623427233736,-1,-1,-1
946,735,1623427234735,-1,-1,-1
947,735,1623427234735,-1,-1,-1
948,727,1623427235735,-1,-1,-1
949,695,1623427236735,-1,-1,-1
950,687,1623427237735,-1,-1,-1
951,727,1623427237735,-1,-1,-1
952,671,1623427238738,-1,-1,-1
953,671,1623427239741,-1,-1,-1
954,687,1623427239741,-1,-1,-1
955,687,1623427240775,-1,-1,-1
956,719,1623427241735,-1,-1,-1
957,671,1623427241735,-1,-1,-1
958,687,1623427242736,-1,-1,-1
959,687,1623427243736,-1,-1,-1
960,695,1623427243736,-1,-1,-1
961,703,1623427244738,-1,-1,-1
962,703,1623427245742,-1,-1,-1
963,695,1623427246785,-1,-1,-1
964,719,1623427246786,-1,-1,-1
965,703,1623427247737,-1,-1,-1
966,695,1623427248735,-1,-1,-1
967,679,1623427248735,-1,-1,-1
968,679,1623427249737,-1,-1,-1
969,671,1623427250740,-1,-1,-1
970,671,1623427250740,-1,-1,-1
971,679,1623427251739,-1,-1,-1
972,623,1623427252737,-1,-1,-1
973,631,1623427252737,-1,-1,-1
974,655,1623427253736,-1,-1,-1
975,647,1623427254738,-1,-1,-1
976,671,1623427254738,-1,-1,-1
977,599,1623427255743,-1,-1,-1
978,647,1623427256776,-1,-1,-1
979,647,1623427256776,-1,-1,-1
980,671,1623427257735,-1,-1,-1
981,695,1623427258743,-1,-1,-1
982,711,1623427258743,-1,-1,-1
983,703,1623427259741,-1,-1,-1
984,655,1623427260736,-1,-1,-1
985,727,1623427260736,-1,-1,-1
986,679,1623427261738,-1,-1,-1
987,575,1623427262735,-1,-1,-1
988,703,1623427262736,-1,-1,-1
989,647,1623427263736,-1,-1,-1
990,655,1623427264742,-1,-1,-1
991,631,1623427264742,-1,-1,-1
992,631,1623427265735,-1,-1,-1
993,623,1623427265735,-1,-1,-1
994,607,1623427266743,-1,-1,-1
995,575,1623427267739,-1,-1,-1
996,591,1623427267740,-1,-1,-1
997,591,1623427268743,-1,-1,-1
998,615,1623427268743,-1,-1,-1
999,623,1623427269738,-1,-1,-1
1000,639,1623427270741,-1,-1,-1
1001,639,1623427270741,-1,-1,-1
1002,647,1623427271738,-1,-1,-1
1003,639,1623427272735,-1,-1,-1
1004,623,1623427272735,-1,-1,-1
1005,639,1623427273776,-1,-1,-1
1006,615,1623427274742,-1,-1,-1
1007,615,1623427274742,-1,-1,-1
1008,623,1623427275738,-1,-1,-1
1009,599,1623427275738,-1,-1,-1
1010,607,1623427276780,-1,-1,-1
1011,623,1623427277742,-1,-1,-1
1012,639,1623427277742,-1,-1,-1
1013,735,1623427278776,-1,-1,-1
1014,791,1623427279735,-1,-1,-1
1015,783,1623427280736,-1,-1,-1
1016,751,1623427280737,-1,-1,-1
1017,711,1623427281737,-1,-1,-1
1018,743,1623427282736,-1,-1,-1
1019,663,1623427282736,-1,-1,-1
1020,639,1623427283736,-1,-1,-1
1021,639,1623427284737,-1,-1,-1
1022,639,1623427284737,-1,-1,-1
1023,647,1623427285738,-1,-1,-1
1024,655,1623427286740,-1,-1,-1
1025,679,1623427286740,-1,-1,-1
1026,711,1623427287736,-1,-1,-1
1027,719,1623427288738,-1,-1,-1
1028,727,1623427288738,-1,-1,-1
1029,743,1623427289778,-1,-1,-1
1030,711,1623427290738,-1,-1,-1
1031,711,1623427291735,-1,-1,-1
1032,703,1623427291735,-1,-1,-1
1033,663,1623427292735,-1,-1,-1
1034,671,1623427293737,-1,-1,-1
1035,679,1623427293737,-1,-1,-1
1036,727,1623427294736,-1,-1,-1
1037,783,1623427295738,-1,-1,-1
1038,775,1623427296736,-1,-1,-1
1039,759,1623427296736,-1,-1,-1
1040,743,1623427297735,-1,-1,-1
1041,727,1623427298738,-1,-1,-1
1042,719,1623427299751,-1,-1,-1
1043,695,1623427299751,-1,-1,-1
1044,711,1623427300740,-1,-1,-1
1045,687,1623427301738,-1,-1,-1
1046,671,1623427301738,-1,-1,-1
1047,655,1623427302742,-1,-1,-1
1048,671,1623427303742,-1,-1,-1
1049,655,1623427303742,-1,-1,-1
1050,639,1623427304736,-1,-1,-1
1051,639,1623427305737,-1,-1,-1
1052,639,1623427305737,-1,-1,-1
1053,639,1623427306781,-1,-1,-1
1054,679,1623427307740,-1,-1,-1
1055,759,1623427307740,-1,-1,-1
1056,791,1623427308739,-1,-1,-1
1057,823,1623427309740,-1,-1,-1
1058,815,1623427310776,-1,-1,-1
1059,799,1623427311746,-1,-1,-1
1060,751,1623427311746,-1,-1,-1
1061,735,1623427312735,-1,-1,-1
1062,711,1623427313736,-1,-1,-1
1063,695,1623427314742,-1,-1,-1
1064,655,1623427314742,-1,-1,-1
1065,615,1623427315738,-1,-1,-1
1066,599,1623427315738,-1,-1,-1
1067,607,1623427316736,-1,-1,-1
1068,615,1623427317737,-1,-1,-1
1069,647,1623427317738,-1,-1,-1
1070,671,1623427318738,-1,-1,-1
1071,695,1623427319739,-1,-1,-1
1072,735,1623427319739,-1,-1,-1
1073,711,1623427320737,-1,-1,-1
1074,695,1623427321739,-1,-1,-1
1075,671,1623427321740,-1,-1,-1
1076,663,1623427322776,-1,-1,-1
1077,687,1623427323736,-1,-1,-1
1078,687,1623427323736,-1,-1,-1
1079,711,1623427324735,-1,-1,-1
1080,687,1623427325736,-1,-1,-1
1081,679,1623427326738,-1,-1,-1
1082,695,1623427326738,-1,-1,-1
1083,687,1623427327736,-1,-1,-1
1084,671,1623427328739,-1,-1,-1
1085,663,1623427328739,-1,-1,-1
1086,663,1623427329740,-1,-1,-1
1087,671,1623427330737,-1,-1,-1
1088,623,1623427330737,-1,-1,-1
1089,631,1623427331740,-1,-1,-1
1090,615,1623427331740,-1,-1,-1
1091,623,1623427332742,-1,-1,-1
1092,647,1623427333741,-1,-1,-1
1093,679,1623427333741,-1,-1,-1
1094,671,1623427334741,-1,-1,-1
1095,655,1623427335741,-1,-1,-1
1096,679,1623427335741,-1,-1,-1
1097,679,1623427336738,-1,-1,-1
1098,671,1623427337736,-1,-1,-1
1099,663,1623427337736,-1,-1,-1
1100,663,1623427338738,-1,-1,-1
1101,647,1623427339779,-1,-1,-1
1102,639,1623427339779,-1,-1,-1
1103,623,1623427340745,-1,-1,-1
1104,615,1623427341740,-1,-1,-1
1105,631,1623427341740,-1,-1,-1
1106,647,1623427342776,-1,-1,-1
1107,687,1623427343737,-1,-1,-1
1108,711,1623427343737,-1,-1,-1
1109,703,1623427344740,-1,-1,-1
1110,711,1623427345739,-1,-1,-1
1111,703,1623427345739,-1,-1,-1
1112,719,1623427346738,-1,-1,-1
1113,703,1623427347736,-1,-1,-1
1114,687,1623427348737,-1,-1,-1
1115,687,1623427348737,-1,-1,-1
1116,679,1623427349740,-1,-1,-1
1117,647,1623427350740,-1,-1,-1
1118,631,1623427350741,-1,-1,-1
1119,639,1623427351738,-1,-1,-1
1120,639,1623427351738,-1,-1,-1
1121,663,1623427352737,-1,-1,-1
1122,679,1623427353737,-1,-1,-1
1123,679,1623427354739,-1,-1,-1
1124,671,1623427354739,-1,-1,-1
1125,679,1623427355777,-1,-1,-1
1126,663,1623427356738,-1,-1,-1
1127,663,1623427356738,-1,-1,-1
1128,663,1623427357739,-1,-1,-1
1129,671,1623427358737,-1,-1,-1
1130,647,1623427358737,-1,-1,-1
1131,655,1623427359740,-1,-1,-1
1132,655,1623427359741,-1,-1,-1
1133,663,1623427360738,-1,-1,-1
1134,663,1623427361738,-1,-1,-1
1135,663,1623427361738,-1,-1,-1
1136,663,1623427362739,-1,-1,-1
1137,671,1623427363738,-1,-1,-1
1138,655,1623427363738,-1,-1,-1
1139,671,1623427364738,-1,-1,-1
1140,655,1623427365741,-1,-1,-1
1141,639,1623427365744,-1,-1,-1
1142,639,1623427366740,-1,-1,-1
1143,655,1623427367738,-1,-1,-1
1144,671,1623427367739,-1,-1,-1
1145,687,1623427368750,-1,-1,-1
1146,687,1623427369737,-1,-1,-1
1147,679,1623427369737,-1,-1,-1
1148,679,1623427370736,-1,-1,-1
1149,687,1623427371739,-1,-1,-1
1150,663,1623427371739,-1,-1,-1
1151,663,1623427372776,-1,-1,-1
1152,655,1623427373737,-1,-1,-1
1153,647,1623427373737,-1,-1,-1
1154,631,1623427374782,-1,-1,-1
1155,639,1623427375739,-1,-1,-1
1156,639,1623427375739,-1,-1,-1
1157,639,1623427376736,-1,-1,-1
1158,623,1623427377737,-1,-1,-1
1159,631,1623427377737,-1,-1,-1
1160,639,1623427378737,-1,-1,-1
1161,647,1623427379738,-1,-1,-1
1162,655,1623427379738,-1,-1,-1
1163,647,1623427380737,-1,-1,-1
1164,671,1623427381738,-1,-1,-1
1165,671,1623427381738,-1,-1,-1
1166,655,1623427382740,-1,-1,-1
1167,663,1623427383740,-1,-1,-1
1168,647,1623427383740,-1,-1,-1
1169,631,1623427384736,-1,-1,-1
1170,639,1623427384736,-1,-1,-1
1171,631,1623427385739,-1,-1,-1
1172,623,1623427386736,-1,-1,-1
1173,615,1623427386736,-1,-1,-1
1174,639,1623427387778,-1,-1,-1
1175,591,1623427388777,-1,-1,-1
1176,615,1623427388777,-1,-1,-1
1177,623,1623427389741,-1,-1,-1
1178,631,1623427389741,-1,-1,-1
1179,607,1623427390738,-1,-1,-1
1180,615,1623427391737,-1,-1,-1
1181,623,1623427391737,-1,-1,-1
1182,639,1623427392741,-1,-1,-1
1183,623,1623427393735,-1,-1,-1
1184,631,1623427393735,-1,-1,-1
1185,631,1623427394736,-1,-1,-1
1186,631,1623427394736,-1,-1,-1
1187,623,1623427395736,-1,-1,-1
1188,615,1623427396736,-1,-1,-1
1189,631,1623427396736,-1,-1,-1
1190,615,1623427397736,-1,-1,-1
1191,615,1623427398740,-1,-1,-1
1192,623,1623427398740,-1,-1,-1
1193,623,1623427399746,-1,-1,-1
1194,631,1623427399746,-1,-1,-1
1195,607,1623427400737,-1,-1,-1
1196,623,1623427401740,-1,-1,-1
1197,631,1623427401740,-1,-1,-1
1198,623,1623427402818,-1,-1,-1
1199,639,1623427403739,-1,-1,-1
1200,639,1623427403739,-1,-1,-1
1201,639,1623427404744,-1,-1,-1
1202,623,1623427404744,-1,-1,-1
1203,631,1623427405821,-1,-1,-1
1204,647,1623427406781,-1,-1,-1
1205,639,1623427406781,-1,-1,-1
1206,655,1623427407743,-1,-1,-1
1207,671,1623427408740,-1,-1,-1
1208,663,1623427408740,-1,-1,-1
1209,671,1623427409737,-1,-1,-1
1210,679,1623427410736,-1,-1,-1
1211,663,1623427410736,-1,-1,-1
1212,671,1623427411742,-1,-1,-1
1213,679,1623427412736,-1,-1,-1
1214,663,1623427412736,-1,-1,-1
1215,655,1623427413739,-1,-1,-1
1216,655,1623427414738,-1,-1,-1
1217,647,1623427414738,-1,-1,-1
1218,623,1623427415736,-1,-1,-1
1219,631,1623427416780,-1,-1,-1
1220,655,1623427416780,-1,-1,-1
1221,591,1623427417744,-1,-1,-1
1222,647,1623427418736,-1,-1,-1
1223,623,1623427418736,-1,-1,-1
1224,663,1623427419743,-1,-1,-1
1225,655,1623427419743,-1,-1,-1
1226,663,1623427420738,-1,-1,-1
1227,679,1623427421776,-1,-1,-1
1228,687,1623427421776,-1,-1,-1
1229,671,1623427422740,-1,-1,-1
1230,679,1623427423738,-1,-1,-1
1231,671,1623427424776,-1,-1,-1
1232,663,1623427424776,-1,-1,-1
1233,663,1623427425738,-1,-1,-1
1234,671,1623427426735,-1,-1,-1
1235,647,1623427426735,-1,-1,-1
1236,647,1623427427818,-1,-1,-1
1237,647,1623427427818,-1,-1,-1
1238,647,1623427428735,-1,-1,-1
1239,631,1623427429738,-1,-1,-1
1240,631,1623427429738,-1,-1,-1
1241,655,1623427430743,-1,-1,-1
1242,647,1623427431741,-1,-1,-1
1243,655,1623427431741,-1,-1,-1
1244,663,1623427432736,-1,-1,-1
1245,671,1623427433737,-1,-1,-1
1246,647,1623427433737,-1,-1,-1
1247,655,1623427434739,-1,-1,-1
1248,663,1623427435737,-1,-1,-1
1249,655,1623427435737,-1,-1,-1
1250,655,1623427436736,-1,-1,-1
1251,663,1623427437736,-1,-1,-1
1252,655,1623427437736,-1,-1,-1
1253,663,1623427438776,-1,-1,-1
1254,655,1623427439739,-1,-1,-1
1255,671,1623427439739,-1,-1,-1
1256,655,1623427440736,-1,-1,-1
1257,663,1623427441737,-1,-1,-1
1258,663,1623427441737,-1,-1,-1
1259,655,1623427442740,-1,-1,-1
1260,655,1623427443747,-1,-1,-1
1261,655,1623427443747,-1,-1,-1
1262,663,1623427444735,-1,-1,-1
1263,655,1623427445739,-1,-1,-1
1264,655,1623427445739,-1,-1,-1
1265,679,1623427446737,-1,-1,-1
1266,679,1623427447744,-1,-1,-1
1267,663,1623427447745,-1,-1,-1
1268,663,1623427448738,-1,-1,-1
1269,671,1623427449740,-1,-1,-1
1270,655,1623427449740,-1,-1,-1
1271,631,1623427450818,-1,-1,-1
1272,615,1623427450818,-1,-1,-1
1273,615,1623427451737,-1,-1,-1
1274,623,1623427452735,-1,-1,-1
1275,655,1623427452735,-1,-1,-1
1276,687,1623427453741,-1,-1,-1
1277,695,1623427454775,-1,-1,-1
1278,703,1623427454775,-1,-1,-1
1279,655,1623427455740,-1,-1,-1
1280,623,1623427456741,-1,-1,-1
1281,655,1623427456741,-1,-1,-1
1282,663,1623427457740,-1,-1,-1
1283,671,1623427458736,-1,-1,-1
1284,695,1623427458736,-1,-1,-1
1285,671,1623427459746,-1,-1,-1
1286,679,1623427460738,-1,-1,-1
1287,671,1623427460738,-1,-1,-1
1288,671,1623427461736,-1,-1,-1
1289,663,1623427462737,-1,-1,-1
1290,639,1623427462737,-1,-1,-1
1291,631,1623427463740,-1,-1,-1
1292,655,1623427464740,-1,-1,-1
1293,679,1623427464740,-1,-1,-1
1294,679,1623427465740,-1,-1,-1
1295,663,1623427466739,-1,-1,-1
1296,679,1623427466739,-1,-1,-1
1297,687,1623427467736,-1,-1,-1
1298,695,1623427468737,-1,-1,-1
1299,671,1623427468737,-1,-1,-1
1300,687,1623427469739,-1,-1,-1
1301,671,1623427470775,-1,-1,-1
1302,679,1623427470775,-1,-1,-1
1303,663,1623427471739,-1,-1,-1
1304,655,1623427472736,-1,-1,-1
1305,639,1623427472736,-1,-1,-1
1306,623,1623427473746,-1,-1,-1
1307,623,1623427474739,-1,-1,-1
1308,647,1623427474739,-1,-1,-1
1309,695,1623427475742,-1,-1,-1
1310,735,1623427476741,-1,-1,-1
1311,735,1623427477740,-1,-1,-1
1312,759,1623427477740,-1,-1,-1
1313,735,1623427478737,-1,-1,-1
1314,743,1623427479736,-1,-1,-1
1315,735,1623427479736,-1,-1,-1
1316,727,1623427480739,-1,-1,-1
1317,711,1623427481741,-1,-1,-1
1318,703,1623427482737,-1,-1,-1
1319,711,1623427482737,-1,-1,-1
1320,679,1623427483736,-1,-1,-1
1321,695,1623427484856,-1,-1,-1
1322,679,1623427484856,-1,-1,-1
1323,687,1623427485740,-1,-1,-1
1324,687,1623427486738,-1,-1,-1
1325,679,1623427486738,-1,-1,-1
1326,671,1623427487776,-1,-1,-1
1327,663,1623427488735,-1,-1,-1
1328,655,1623427488735,-1,-1,-1
1329,687,1623427489735,-1,-1,-1
1330,687,1623427490741,-1,-1,-1
1331,687,1623427491737,-1,-1,-1
1332,687,1623427491737,-1,-1,-1
1333,687,1623427492737,-1,-1,-1
1334,687,1623427493736,-1,-1,-1
1335,679,1623427493736,-1,-1,-1
1336,679,1623427494737,-1,-1,-1
1337,663,1623427495736,-1,-1,-1
1338,663,1623427495736,-1,-1,-1
1339,663,1623427496736,-1,-1,-1
1340,647,1623427497738,-1,-1,-1
1341,655,1623427497738,-1,-1,-1
1342,647,1623427498782,-1,-1,-1
1343,639,1623427499741,-1,-1,-1
1344,631,1623427499741,-1,-1,-1
1345,647,1623427500744,-1,-1,-1
1346,639,1623427500744,-1,-1,-1
1347,631,1623427501741,-1,-1,-1
1348,639,1623427502780,-1,-1,-1
1349,647,1623427502780,-1,-1,-1
1350,639,1623427503775,-1,-1,-1
1351,631,1623427504740,-1,-1,-1
1352,623,1623427504740,-1,-1,-1
1353,631,1623427505735,-1,-1,-1
1354,623,1623427506738,-1,-1,-1
1355,655,1623427506738,-1,-1,-1
1356,711,1623427507741,-1,-1,-1
1357,711,1623427508738,-1,-1,-1
1358,711,1623427508738,-1,-1,-1
1359,719,1623427509738,-1,-1,-1
1360,719,1623427510740,-1,-1,-1
1361,735,1623427510740,-1,-1,-1
1362,695,1623427511742,-1,-1,-1
1363,679,1623427512744,-1,-1,-1
1364,687,1623427513740,-1,-1,-1
1365,679,1623427513740,-1,-1,-1
1366,655,1623427514736,-1,-1,-1
1367,663,1623427515743,-1,-1,-1
1368,663,1623427515743,-1,-1,-1
1369,671,1623427516740,-1,-1,-1
1370,647,1623427517817,-1,-1,-1
1371,631,1623427517817,-1,-1,-1
1372,647,1623427518736,-1,-1,-1
1373,655,1623427518736,-1,-1,-1
1374,687,1623427519744,-1,-1,-1
1375,687,1623427520776,-1,-1,-1
1376,695,1623427521737,-1,-1,-1
1377,703,1623427521737,-1,-1,-1
1378,719,1623427522749,-1,-1,-1
1379,695,1623427523735,-1,-1,-1
1380,679,1623427523735,-1,-1,-1
1381,671,1623427524739,-1,-1,-1
1382,631,1623427525736,-1,-1,-1
1383,639,1623427525736,-1,-1,-1
1384,647,1623427526736,-1,-1,-1
1385,647,1623427527778,-1,-1,-1
1386,647,1623427527778,-1,-1,-1
1387,655,1623427528740,-1,-1,-1
1388,687,1623427529735,-1,-1,-1
1389,687,1623427529735,-1,-1,-1
1390,671,1623427530738,-1,-1,-1
1391,663,1623427531737,-1,-1,-1
1392,687,1623427531737,-1,-1,-1
1393,711,1623427532735,-1,-1,-1
1394,703,1623427533740,-1,-1,-1
1395,711,1623427533740,-1,-1,-1
1396,687,1623427534815,-1,-1,-1
1397,687,1623427535736,-1,-1,-1
1398,687,1623427535736,-1,-1,-1
1399,679,1623427536775,-1,-1,-1
1400,647,1623427537740,-1,-1,-1
1401,655,1623427537740,-1,-1,-1
1402,631,1623427538740,-1,-1,-1
1403,631,1623427539742,-1,-1,-1
1404,623,1623427539742,-1,-1,-1
1405,607,1623427540738,-1,-1,-1
1406,607,1623427541737,-1,-1,-1
1407,607,1623427541737,-1,-1,-1
1408,639,1623427542736,-1,-1,-1
1409,687,1623427542736,-1,-1,-1
1410,791,1623427543737,-1,-1,-1
1411,823,1623427544741,-1,-1,-1
1412,783,1623427545737,-1,-1,-1
1413,735,1623427546738,-1,-1,-1
1414,711,1623427546738,-1,-1,-1
1415,679,1623427547743,-1,-1,-1
1416,671,1623427548743,-1,-1,-1
1417,663,1623427548743,-1,-1,-1
1418,663,1623427549735,-1,-1,-1
1419,639,1623427550739,-1,-1,-1
1420,631,1623427550739,-1,-1,-1
1421,631,1623427551738,-1,-1,-1
1422,623,1623427552737,-1,-1,-1
1423,639,1623427552737,-1,-1,-1
1424,647,1623427553777,-1,-1,-1
1425,655,1623427553777,-1,-1,-1
1426,687,1623427554740,-1,-1,-1
1427,703,1623427555738,-1,-1,-1
1428,711,1623427556739,-1,-1,-1
1429,703,1623427556739,-1,-1,-1
1430,663,1623427557741,-1,-1,-1
1431,679,1623427558742,-1,-1,-1
1432,687,1623427558742,-1,-1,-1
1433,687,1623427559736,-1,-1,-1
1434,687,1623427560740,-1,-1,-1
1435,687,1623427560740,-1,-1,-1
1436,679,1623427561743,-1,-1,-1
1437,671,1623427562736,-1,-1,-1
1438,663,1623427562736,-1,-1,-1
1439,655,1623427563740,-1,-1,-1
1440,647,1623427564747,-1,-1,-1
1441,639,1623427564747,-1,-1,-1
1442,647,1623427565741,-1,-1,-1
1443,639,1623427566775,-1,-1,-1
1444,623,1623427566775,-1,-1,-1
1445,639,1623427567737,-1,-1,-1
1446,631,1623427568735,-1,-1,-1
1447,631,1623427568735,-1,-1,-1
1448,623,1623427569781,-1,-1,-1
1449,623,1623427569781,-1,-1,-1
1450,647,1623427570736,-1,-1,-1
1451,687,1623427571736,-1,-1,-1
1452,711,1623427571736,-1,-1,-1
1453,695,1623427572737,-1,-1,-1
1454,687,1623427573737,-1,-1,-1
1455,655,1623427574736,-1,-1,-1
1456,663,1623427574736,-1,-1,-1
1457,655,1623427575739,-1,-1,-1
1458,663,1623427575739,-1,-1,-1
1459,639,1623427576738,-1,-1,-1
1460,663,1623427577737,-1,-1,-1
1461,639,1623427577737,-1,-1,-1
1462,631,1623427578739,-1,-1,-1
1463,639,1623427579737,-1,-1,-1
1464,631,1623427579737,-1,-1,-1
1465,631,1623427580742,-1,-1,-1
1466,639,1623427581739,-1,-1,-1
1467,623,1623427581739,-1,-1,-1
1468,623,1623427582738,-1,-1,-1
1469,623,1623427582738,-1,-1,-1
1470,655,1623427583739,-1,-1,-1
1471,663,1623427584737,-1,-1,-1
1472,663,1623427584737,-1,-1,-1
1473,679,1623427585737,-1,-1,-1
1474,703,1623427586795,-1,-1,-1
1475,679,1623427587696,-1,-1,-1
1476,687,1623427587696,-1,-1,-1
1477,687,1623427588704,-1,-1,-1
1478,671,1623427589703,-1,-1,-1
1479,663,1623427589703,-1,-1,-1
1480,647,1623427590700,-1,-1,-1
1481,663,1623427591697,-1,-1,-1
1482,647,1623427591697,-1,-1,-1
1483,647,1623427592703,-1,-1,-1
1484,655,1623427593696,-1,-1,-1
1485,647,1623427593696,-1,-1,-1
1486,655,1623427594702,-1,-1,-1
1487,647,1623427594702,-1,-1,-1
1488,639,1623427595712,-1,-1,-1
1489,655,1623427596701,-1,-1,-1
1490,687,1623427596703,-1,-1,-1
1491,711,1623427597696,-1,-1,-1
1492,695,1623427598778,-1,-1,-1
1493,703,1623427599695,-1,-1,-1
1494,703,1623427599695,-1,-1,-1
1495,719,1623427600698,-1,-1,-1
1496,711,1623427601739,-1,-1,-1
1497,695,1623427601739,-1,-1,-1
1498,695,1623427602696,-1,-1,-1
1499,687,1623427603739,-1,-1,-1
1500,695,1623427603739,-1,-1,-1
1501,687,1623427604736,-1,-1,-1
1502,671,1623427605741,-1,-1,-1
1503,679,1623427606695,-1,-1,-1
1504,671,1623427606695,-1,-1,-1
1505,655,1623427607734,-1,-1,-1
1506,647,1623427607734,-1,-1,-1
1507,647,1623427608700,-1,-1,-1
1508,655,1623427609697,-1,-1,-1
1509,671,1623427609697,-1,-1,-1
1510,655,1623427610698,-1,-1,-1
1511,655,1623427611695,-1,-1,-1
1512,671,1623427611696,-1,-1,-1
1513,695,1623427612695,-1,-1,-1
1514,687,1623427613697,-1,-1,-1
1515,695,1623427614697,-1,-1,-1
1516,663,1623427614697,-1,-1,-1
1517,687,1623427615702,-1,-1,-1
1518,679,1623427616707,-1,-1,-1
1519,671,1623427616708,-1,-1,-1
1520,663,1623427617702,-1,-1,-1
1521,639,1623427618776,-1,-1,-1
1522,631,1623427618777,-1,-1,-1
1523,631,1623427619704,-1,-1,-1
1524,615,1623427619704,-1,-1,-1
1525,615,1623427620700,-1,-1,-1
1526,615,1623427621744,-1,-1,-1
1527,623,1623427621744,-1,-1,-1
1528,615,1623427622703,-1,-1,-1
1529,623,1623427623700,-1,-1,-1
1530,631,1623427623700,-1,-1,-1
1531,687,1623427624702,-1,-1,-1
1532,671,1623427624702,-1,-1,-1
1533,679,1623427625703,-1,-1,-1
1534,655,1623427626698,-1,-1,-1
1535,639,1623427626698,-1,-1,-1
1536,615,1623427627698,-1,-1,-1
1537,615,1623427628703,-1,-1,-1
1538,639,1623427628703,-1,-1,-1
1539,615,1623427629742,-1,-1,-1
1540,615,1623427630697,-1,-1,-1
1541,583,1623427630697,-1,-1,-1
1542,631,1623427631703,-1,-1,-1
1543,607,1623427631703,-1,-1,-1
1544,583,1623427632707,-1,-1,-1
1545,583,1623427633700,-1,-1,-1
1546,615,1623427633701,-1,-1,-1
1547,639,1623427634701,-1,-1,-1
1548,663,1623427634701,-1,-1,-1
1549,679,1623427635700,-1,-1,-1
1550,687,1623427636698,-1,-1,-1
1551,695,1623427637702,-1,-1,-1
1552,623,1623427637702,-1,-1,-1
1553,671,1623427638739,-1,-1,-1
1554,671,1623427639748,-1,-1,-1
1555,663,1623427639748,-1,-1,-1
1556,655,1623427640695,-1,-1,-1
1557,647,1623427640695,-1,-1,-1
1558,631,1623427641699,-1,-1,-1
1559,671,1623427642700,-1,-1,-1
1560,607,1623427963766,-1,-1,-1
1561,679,1623427965728,-1,-1,-1
1562,703,1623427966732,-1,-1,-1
1563,767,1623427967767,-1,-1,-1
1564,687,1623427967767,-1,-1,-1
1565,687,1623427968768,-1,-1,-1
1566,687,1623427969728,-1,-1,-1
1567,671,1623427969729,-1,-1,-1
1568,663,1623427970731,-1,-1,-1
1569,663,1623427971738,-1,-1,-1
1570,647,1623427971738,-1,-1,-1
1571,631,1623427972730,-1,-1,-1
1572,599,1623427973725,-1,-1,-1
1573,663,1623427973725,-1,-1,-1
1574,783,1623427974726,-1,-1,-1
1575,727,1623427976733,-1,-1,-1
1576,679,1623427976733,-1,-1,-1
1577,655,1623427977730,-1,-1,-1
1578,631,1623427978765,-1,-1,-1
1579,623,1623427978765,-1,-1,-1
1580,623,1623427979726,-1,-1,-1
1581,639,1623427979727,-1,-1,-1
1582,655,1623427980726,-1,-1,-1
1583,671,1623427981728,-1,-1,-1
1584,679,1623427981728,-1,-1,-1
1585,719,1623427982726,-1,-1,-1
1586,671,1623427983731,-1,-1,-1
1587,703,1623427984766,-1,-1,-1
1588,695,1623427984766,-1,-1,-1
1589,663,1623427985727,-1,-1,-1
1590,655,1623427986729,-1,-1,-1
1591,687,1623427986729,-1,-1,-1
1592,703,1623427987731,-1,-1,-1
1593,759,1623427988731,-1,-1,-1
1594,759,1623427989723,-1,-1,-1
1595,743,1623427989724,-1,-1,-1
1596,623,1623427990731,-1,-1,-1
1597,839,1623427991725,-1,-1,-1
1598,735,1623427991725,-1,-1,-1
1599,695,1623427992725,-1,-1,-1
1600,695,1623427993733,-1,-1,-1
1601,695,1623427994731,-1,-1,-1
1602,655,1623427994731,-1,-1,-1
1603,687,1623427995686,-1,-1,-1
1604,671,1623427996694,-1,-1,-1
1605,663,1623427996694,-1,-1,-1
1606,671,1623427997686,-1,-1,-1
1607,647,1623427998685,-1,-1,-1
1608,615,1623427998685,-1,-1,-1
1609,647,1623427999686,-1,-1,-1
1610,639,1623427999686,-1,-1,-1
1611,663,1623428000685,-1,-1,-1
1612,727,1623428001692,-1,-1,-1
1613,751,1623428002687,-1,-1,-1
1614,711,1623428002687,-1,-1,-1
1615,727,1623428003733,-1,-1,-1
1616,711,1623428004687,-1,-1,-1
1617,719,1623428004687,-1,-1,-1
1618,711,1623428005685,-1,-1,-1
1619,719,1623428006688,-1,-1,-1
1620,719,1623428007686,-1,-1,-1
1621,711,1623428007686,-1,-1,-1
1622,679,1623428008687,-1,-1,-1
1623,671,1623428009691,-1,-1,-1
1624,671,1623428009691,-1,-1,-1
1625,671,1623428010689,-1,-1,-1
1626,655,1623428011683,-1,-1,-1
1627,639,1623428011683,-1,-1,-1
1628,631,1623428012693,-1,-1,-1
1629,655,1623428013686,-1,-1,-1
1630,711,1623428013687,-1,-1,-1
1631,815,1623428014687,-1,-1,-1
1632,783,1623428015687,-1,-1,-1
1633,751,1623428016686,-1,-1,-1
1634,751,1623428016686,-1,-1,-1
1635,743,1623428017687,-1,-1,-1
1636,719,1623428018687,-1,-1,-1
1637,687,1623428019692,-1,-1,-1
1638,703,1623428019692,-1,-1,-1
1639,687,1623428020732,-1,-1,-1
1640,671,1623428021687,-1,-1,-1
1641,679,1623428021687,-1,-1,-1
1642,663,1623428022688,-1,-1,-1
1643,655,1623428023687,-1,-1,-1
1644,655,1623428023687,-1,-1,-1
1645,671,1623428024687,-1,-1,-1
1646,647,1623428025692,-1,-1,-1
1647,639,1623428025692,-1,-1,-1
1648,639,1623428026688,-1,-1,-1
1649,663,1623428027694,-1,-1,-1
1650,711,1623428027694,-1,-1,-1
1651,735,1623428028690,-1,-1,-1
1652,711,1623428029690,-1,-1,-1
1653,695,1623428029690,-1,-1,-1
1654,711,1623428030691,-1,-1,-1
1655,727,1623428031683,-1,-1,-1
1656,719,1623428032693,-1,-1,-1
1657,719,1623428032693,-1,-1,-1
1658,703,1623428033687,-1,-1,-1
1659,679,1623428034686,-1,-1,-1
1660,687,1623428034686,-1,-1,-1
1661,679,1623428035685,-1,-1,-1
1662,687,1623428036730,-1,-1,-1
1663,663,1623428036730,-1,-1,-1
1664,663,1623428037687,-1,-1,-1
1665,671,1623428038686,-1,-1,-1
1666,663,1623428038686,-1,-1,-1
1667,655,1623428039689,-1,-1,-1
1668,655,1623428040685,-1,-1,-1
1669,655,1623428040685,-1,-1,-1
1670,655,1623428041687,-1,-1,-1
1671,655,1623428042689,-1,-1,-1
1672,655,1623428042689,-1,-1,-1
1673,663,1623428043687,-1,-1,-1
1674,655,1623428044685,-1,-1,-1
1675,679,1623428044685,-1,-1,-1
1676,687,1623428045689,-1,-1,-1
1677,671,1623428046687,-1,-1,-1
1678,695,1623428046687,-1,-1,-1
1679,711,1623428047684,-1,-1,-1
1680,743,1623428048723,-1,-1,-1
1681,727,1623428049690,-1,-1,-1
1682,735,1623428049690,-1,-1,-1
1683,719,1623428050684,-1,-1,-1
1684,727,1623428051684,-1,-1,-1
1685,711,1623428051684,-1,-1,-1
1686,719,1623428052685,-1,-1,-1
1687,695,1623428053733,-1,-1,-1
1688,671,1623428054682,-1,-1,-1
1689,655,1623428054683,-1,-1,-1
1690,671,1623428055689,-1,-1,-1
1691,679,1623428056687,-1,-1,-1
1692,671,1623428056687,-1,-1,-1
1693,703,1623428057684,-1,-1,-1
1694,679,1623428058684,-1,-1,-1
1695,711,1623428058684,-1,-1,-1
1696,727,1623428059686,-1,-1,-1
1697,711,1623428060683,-1,-1,-1
1698,727,1623428060683,-1,-1,-1
1699,719,1623428061683,-1,-1,-1
1700,711,1623428062693,-1,-1,-1
1701,703,1623428063683,-1,-1,-1
1702,719,1623428063683,-1,-1,-1
1703,727,1623428064683,-1,-1,-1
1704,711,1623428065684,-1,-1,-1
1705,687,1623428065684,-1,-1,-1
1706,695,1623428066683,-1,-1,-1
1707,695,1623428067690,-1,-1,-1
1708,679,1623428068683,-1,-1,-1
1709,695,1623428068683,-1,-1,-1
1710,711,1623428069727,-1,-1,-1
1711,687,1623428070683,-1,-1,-1
1712,703,1623428070683,-1,-1,-1
1713,711,1623428071685,-1,-1,-1
1714,695,1623428072695,-1,-1,-1
1715,655,1623428072695,-1,-1,-1
1716,679,1623428073686,-1,-1,-1
1717,687,1623428074690,-1,-1,-1
1718,703,1623428074690,-1,-1,-1
1719,687,1623428075684,-1,-1,-1
1720,695,1623428076691,-1,-1,-1
1721,703,1623428077683,-1,-1,-1
1722,687,1623428077683,-1,-1,-1
1723,679,1623428078690,-1,-1,-1
1724,687,1623428079687,-1,-1,-1
1725,663,1623428079687,-1,-1,-1
1726,679,1623428080683,-1,-1,-1
1727,679,1623428081686,-1,-1,-1
1728,671,1623428081687,-1,-1,-1
1729,655,1623428082689,-1,-1,-1
1730,663,1623428083685,-1,-1,-1
1731,671,1623428083685,-1,-1,-1
1732,655,1623428084725,-1,-1,-1
1733,631,1623428085683,-1,-1,-1
1734,647,1623428085683,-1,-1,-1
1735,671,1623428086730,-1,-1,-1
1736,703,1623428087687,-1,-1,-1
1737,711,1623428087688,-1,-1,-1
1738,695,1623428088691,-1,-1,-1
1739,711,1623428089724,-1,-1,-1
1740,711,1623428089724,-1,-1,-1
1741,719,1623428090684,-1,-1,-1
1742,711,1623428091687,-1,-1,-1
1743,743,1623428092688,-1,-1,-1
1744,719,1623428092688,-1,-1,-1
1745,711,1623428093686,-1,-1,-1
1746,711,1623428094684,-1,-1,-1
1747,711,1623428094684,-1,-1,-1
1748,695,1623428095689,-1,-1,-1
1749,687,1623428096685,-1,-1,-1
1750,655,1623428097699,-1,-1,-1
1751,655,1623428097699,-1,-1,-1
1752,639,1623428098698,-1,-1,-1
1753,639,1623428098698,-1,-1,-1
1754,639,1623428099693,-1,-1,-1
1755,615,1623428100683,-1,-1,-1
1756,679,1623428100683,-1,-1,-1
1757,663,1623428101726,-1,-1,-1
1758,783,1623428102730,-1,-1,-1
1759,799,1623428103687,-1,-1,-1
1760,831,1623428103687,-1,-1,-1
1761,847,1623428104687,-1,-1,-1
1762,823,1623428105683,-1,-1,-1
1763,791,1623428106685,-1,-1,-1
1764,727,1623428107686,-1,-1,-1
1765,735,1623428107686,-1,-1,-1
1766,727,1623428108685,-1,-1,-1
1767,711,1623428109686,-1,-1,-1
1768,711,1623428110693,-1,-1,-1
1769,695,1623428110693,-1,-1,-1
1770,679,1623428111688,-1,-1,-1
1771,679,1623428112692,-1,-1,-1
1772,679,1623428112692,-1,-1,-1
1773,671,1623428113689,-1,-1,-1
1774,655,1623428114685,-1,-1,-1
1775,647,1623428114686,-1,-1,-1
1776,663,1623428115684,-1,-1,-1
1777,647,1623428116688,-1,-1,-1
1778,679,1623428116688,-1,-1,-1
1779,639,1623428117690,-1,-1,-1
1780,647,1623428118691,-1,-1,-1
1781,663,1623428118692,-1,-1,-1
1782,695,1623428119690,-1,-1,-1
1783,703,1623428120728,-1,-1,-1
1784,711,1623428120728,-1,-1,-1
1785,695,1623428121684,-1,-1,-1
1786,703,1623428122686,-1,-1,-1
1787,711,1623428122686,-1,-1,-1
1788,695,1623428123765,-1,-1,-1
1789,687,1623428124684,-1,-1,-1
1790,687,1623428125686,-1,-1,-1
1791,671,1623428125686,-1,-1,-1
1792,679,1623428126691,-1,-1,-1
1793,655,1623428127685,-1,-1,-1
1794,647,1623428127685,-1,-1,-1
1795,663,1623428128692,-1,-1,-1
1796,647,1623428128692,-1,-1,-1
1797,663,1623428129688,-1,-1,-1
1798,679,1623428130688,-1,-1,-1
1799,639,1623428130688,-1,-1,-1
1800,663,1623428131693,-1,-1,-1
1801,687,1623428132692,-1,-1,-1
1802,719,1623428133697,-1,-1,-1
1803,695,1623428133697,-1,-1,-1
1804,703,1623428134767,-1,-1,-1
1805,703,1623428135724,-1,-1,-1
1806,687,1623428135724,-1,-1,-1
1807,703,1623428136688,-1,-1,-1
1808,687,1623428137685,-1,-1,-1
1809,679,1623428137685,-1,-1,-1
1810,671,1623428138685,-1,-1,-1
1811,671,1623428139686,-1,-1,-1
1812,671,1623428139686,-1,-1,-1
1813,655,1623428140686,-1,-1,-1
1814,663,1623428141690,-1,-1,-1
1815,671,1623428141690,-1,-1,-1
1816,663,1623428142692,-1,-1,-1
1817,663,1623428143687,-1,-1,-1
1818,647,1623428143687,-1,-1,-1
1819,639,1623428144692,-1,-1,-1
1820,663,1623428145686,-1,-1,-1
1821,687,1623428145686,-1,-1,-1
1822,687,1623428146687,-1,-1,-1
1823,695,1623428147689,-1,-1,-1
1824,695,1623428147689,-1,-1,-1
1825,735,1623428148685,-1,-1,-1
1826,719,1623428149688,-1,-1,-1
1827,719,1623428150727,-1,-1,-1
1828,703,1623428150727,-1,-1,-1
1829,711,1623428151693,-1,-1,-1
1830,703,1623428152694,-1,-1,-1
1831,695,1623428152694,-1,-1,-1
1832,671,1623428153690,-1,-1,-1
1833,663,1623428154684,-1,-1,-1
1834,663,1623428154684,-1,-1,-1
1835,663,1623428155698,-1,-1,-1
1836,647,1623428156687,-1,-1,-1
1837,655,1623428156687,-1,-1,-1
1838,655,1623428157701,-1,-1,-1
1839,663,1623428158690,-1,-1,-1
1840,655,1623428158690,-1,-1,-1
1841,631,1623428159687,-1,-1,-1
1842,687,1623428160687,-1,-1,-1
1843,695,1623428160687,-1,-1,-1
1844,695,1623428161698,-1,-1,-1
1845,703,1623428162685,-1,-1,-1
1846,711,1623428163687,-1,-1,-1
1847,719,1623428163687,-1,-1,-1
1848,719,1623428164726,-1,-1,-1
1849,719,1623428165688,-1,-1,-1
1850,703,1623428165688,-1,-1,-1
1851,703,1623428166682,-1,-1,-1
1852,695,1623428167684,-1,-1,-1
1853,687,1623428167684,-1,-1,-1
1854,663,1623428168729,-1,-1,-1
1855,663,1623428169688,-1,-1,-1
1856,663,1623428169688,-1,-1,-1
1857,647,1623428170689,-1,-1,-1
1858,647,1623428171685,-1,-1,-1
1859,663,1623428171685,-1,-1,-1
1860,663,1623428172690,-1,-1,-1
1861,655,1623428173697,-1,-1,-1
1862,655,1623428173697,-1,-1,-1
1863,679,1623428174684,-1,-1,-1
1864,703,1623428175691,-1,-1,-1
1865,695,1623428175691,-1,-1,-1
1866,695,1623428176686,-1,-1,-1
1867,719,1623428177690,-1,-1,-1
1868,711,1623428178690,-1,-1,-1
1869,687,1623428178690,-1,-1,-1
1870,703,1623428179686,-1,-1,-1
1871,703,1623428180688,-1,-1,-1
1872,703,1623428180688,-1,-1,-1
1873,695,1623428181730,-1,-1,-1
1874,663,1623428182689,-1,-1,-1
1875,663,1623428182689,-1,-1,-1
1876,679,1623428183691,-1,-1,-1
1877,671,1623428184725,-1,-1,-1
1878,655,1623428184726,-1,-1,-1
1879,679,1623428185684,-1,-1,-1
1880,671,1623428186691,-1,-1,-1
1881,679,1623428186691,-1,-1,-1
1882,687,1623428187683,-1,-1,-1
1883,687,1623428188687,-1,-1,-1
1884,671,1623428189684,-1,-1,-1
1885,671,1623428189685,-1,-1,-1
1886,711,1623428190685,-1,-1,-1
1887,775,1623428191689,-1,-1,-1
1888,831,1623428192685,-1,-1,-1
1889,791,1623428192685,-1,-1,-1
1890,735,1623428193684,-1,-1,-1
1891,727,1623428194687,-1,-1,-1
1892,727,1623428195687,-1,-1,-1
1893,727,1623428195687,-1,-1,-1
1894,711,1623428196686,-1,-1,-1
1895,719,1623428197699,-1,-1,-1
1896,727,1623428197699,-1,-1,-1
1897,703,1623428198689,-1,-1,-1
1898,695,1623428199685,-1,-1,-1
1899,695,1623428199685,-1,-1,-1
1900,711,1623428200724,-1,-1,-1
1901,711,1623428201730,-1,-1,-1
1902,703,1623428202691,-1,-1,-1
1903,727,1623428202691,-1,-1,-1
1904,735,1623428203688,-1,-1,-1
1905,703,1623428204686,-1,-1,-1
1906,711,1623428204687,-1,-1,-1
1907,711,1623428205687,-1,-1,-1
1908,679,1623428206687,-1,-1,-1
1909,687,1623428207685,-1,-1,-1
1910,679,1623428207685,-1,-1,-1
1911,679,1623428208685,-1,-1,-1
1912,663,1623428209687,-1,-1,-1
1913,655,1623428209687,-1,-1,-1
1914,671,1623428210691,-1,-1,-1
1915,687,1623428211686,-1,-1,-1
1916,671,1623428211686,-1,-1,-1
1917,679,1623428212689,-1,-1,-1
1918,703,1623428213689,-1,-1,-1
1919,711,1623428213689,-1,-1,-1
1920,711,1623428214692,-1,-1,-1
1921,703,1623428215687,-1,-1,-1
1922,695,1623428215687,-1,-1,-1
1923,695,1623428216688,-1,-1,-1
1924,679,1623428217726,-1,-1,-1
1925,695,1623428218688,-1,-1,-1
1926,695,1623428218688,-1,-1,-1
1927,679,1623428219690,-1,-1,-1
1928,671,1623428220686,-1,-1,-1
1929,663,1623428220686,-1,-1,-1
1930,671,1623428221727,-1,-1,-1
1931,663,1623428222685,-1,-1,-1
1932,647,1623428222686,-1,-1,-1
1933,663,1623428223686,-1,-1,-1
1934,663,1623428224687,-1,-1,-1
1935,655,1623428224687,-1,-1,-1
1936,647,1623428225689,-1,-1,-1
1937,663,1623428226689,-1,-1,-1
1938,655,1623428226689,-1,-1,-1
1939,663,1623428227688,-1,-1,-1
1940,631,1623428228687,-1,-1,-1
1941,631,1623428228687,-1,-1,-1
1942,639,1623428229687,-1,-1,-1
1943,671,1623428229687,-1,-1,-1
1944,703,1623428230689,-1,-1,-1
1945,703,1623428231685,-1,-1,-1
1946,679,1623428232689,-1,-1,-1
1947,695,1623428232689,-1,-1,-1
1948,695,1623428233696,-1,-1,-1
1949,687,1623428234727,-1,-1,-1
1950,687,1623428234727,-1,-1,-1
1951,687,1623428235689,-1,-1,-1
1952,671,1623428236685,-1,-1,-1
1953,663,1623428236685,-1,-1,-1
1954,655,1623428237684,-1,-1,-1
1955,655,1623428238686,-1,-1,-1
1956,639,1623428238686,-1,-1,-1
1957,615,1623428239683,-1,-1,-1
1958,631,1623428240686,-1,-1,-1
1959,647,1623428240686,-1,-1,-1
1960,623,1623428241685,-1,-1,-1
1961,623,1623428241685,-1,-1,-1
1962,639,1623428242684,-1,-1,-1
1963,647,1623428243690,-1,-1,-1
1964,663,1623428243690,-1,-1,-1
1965,663,1623428244685,-1,-1,-1
1966,671,1623428245726,-1,-1,-1
1967,671,1623428245726,-1,-1,-1
1968,671,1623428246685,-1,-1,-1
1969,687,1623428247687,-1,-1,-1
1970,607,1623428247687,-1,-1,-1
1971,655,1623428248725,-1,-1,-1
1972,647,1623428249688,-1,-1,-1
1973,631,1623428249688,-1,-1,-1
1974,639,1623428250733,-1,-1,-1
1975,655,1623428251684,-1,-1,-1
1976,727,1623428251684,-1,-1,-1
1977,871,1623428252686,-1,-1,-1
1978,783,1623428253682,-1,-1,-1
1979,791,1623428254682,-1,-1,-1
1980,791,1623428255683,-1,-1,-1
1981,767,1623428255683,-1,-1,-1
1982,759,1623428256690,-1,-1,-1
1983,735,1623428257689,-1,-1,-1
1984,719,1623428258724,-1,-1,-1
1985,687,1623428258724,-1,-1,-1
1986,687,1623428259683,-1,-1,-1
1987,679,1623428260685,-1,-1,-1
1988,679,1623428260685,-1,-1,-1
1989,663,1623428261686,-1,-1,-1
1990,663,1623428262684,-1,-1,-1
1991,695,1623428262684,-1,-1,-1
1992,727,1623428263686,-1,-1,-1
1993,735,1623428264687,-1,-1,-1
1994,711,1623428264687,-1,-1,-1
1995,735,1623428265683,-1,-1,-1
1996,783,1623428266684,-1,-1,-1
1997,799,1623428267722,-1,-1,-1
1998,783,1623428268688,-1,-1,-1
1999,767,1623428268688,-1,-1,-1
2000,735,1623428269687,-1,-1,-1
2001,703,1623428270707,-1,-1,-1
2002,759,1623428271702,-1,-1,-1
2003,703,1623428271702,-1,-1,-1
2004,663,1623428272689,-1,-1,-1
2005,655,1623428273683,-1,-1,-1
2006,639,1623428273683,-1,-1,-1
2007,647,1623428274689,-1,-1,-1
2008,647,1623428275690,-1,-1,-1
2009,687,1623428275690,-1,-1,-1
