,RR,Timestamp,SensorContact,errorEstimate,blockerBit
0,770,1623241593562,-1,-1,-1
1,655,1623241594575,-1,-1,-1
2,770,1623241595560,-1,-1,-1
3,701,1623241595560,-1,-1,-1
4,701,1623241596611,-1,-1,-1
5,708,1623241597612,-1,-1,-1
6,693,1623241597612,-1,-1,-1
7,686,1623241598611,-1,-1,-1
8,708,1623241599614,-1,-1,-1
9,693,1623241600610,-1,-1,-1
10,701,1623241600610,-1,-1,-1
11,724,1623241601622,-1,-1,-1
12,732,1623241602724,-1,-1,-1
13,739,1623241603612,-1,-1,-1
14,732,1623241603612,-1,-1,-1
15,739,1623241604661,-1,-1,-1
16,747,1623241605610,-1,-1,-1
17,732,1623241606610,-1,-1,-1
18,747,1623241606610,-1,-1,-1
19,747,1623241607615,-1,-1,-1
20,670,1623241622612,-1,-1,-1
21,708,1623241622612,-1,-1,-1
22,670,1623241622612,-1,-1,-1
23,724,1623241622612,-1,-1,-1
24,724,1623241623612,-1,-1,-1
25,701,1623241624614,-1,-1,-1
26,716,1623241624614,-1,-1,-1
27,708,1623241625612,-1,-1,-1
28,693,1623241626618,-1,-1,-1
29,701,1623241626618,-1,-1,-1
30,693,1623241627614,-1,-1,-1
31,701,1623241628613,-1,-1,-1
32,686,1623241629610,-1,-1,-1
33,739,1623241629610,-1,-1,-1
34,747,1623241630618,-1,-1,-1
35,770,1623241631617,-1,-1,-1
36,792,1623241632616,-1,-1,-1
37,716,1623241633611,-1,-1,-1
38,846,1623241633611,-1,-1,-1
39,670,1623241640611,-1,-1,-1
40,701,1623241640611,-1,-1,-1
41,732,1623241640611,-1,-1,-1
42,724,1623241640611,-1,-1,-1
43,701,1623241641619,-1,-1,-1
44,686,1623241642611,-1,-1,-1
45,670,1623241642611,-1,-1,-1
46,686,1623241643611,-1,-1,-1
47,701,1623241644660,-1,-1,-1
48,708,1623241645674,-1,-1,-1
49,708,1623241645674,-1,-1,-1
50,732,1623241646665,-1,-1,-1
51,739,1623241647675,-1,-1,-1
52,716,1623241648661,-1,-1,-1
53,716,1623241648661,-1,-1,-1
54,732,1623241649661,-1,-1,-1
55,739,1623241650662,-1,-1,-1
56,739,1623241651665,-1,-1,-1
57,747,1623241651665,-1,-1,-1
58,739,1623241652668,-1,-1,-1
59,747,1623241653666,-1,-1,-1
60,747,1623241654667,-1,-1,-1
61,747,1623241654667,-1,-1,-1
62,754,1623241655666,-1,-1,-1
63,770,1623241656711,-1,-1,-1
64,777,1623241657666,-1,-1,-1
65,739,1623241658676,-1,-1,-1
66,739,1623241658676,-1,-1,-1
67,747,1623241659676,-1,-1,-1
68,724,1623241660669,-1,-1,-1
69,708,1623241661668,-1,-1,-1
70,708,1623241661668,-1,-1,-1
71,716,1623241662669,-1,-1,-1
72,724,1623241663674,-1,-1,-1
73,739,1623241664674,-1,-1,-1
74,762,1623241664675,-1,-1,-1
75,762,1623241665718,-1,-1,-1
76,739,1623241666668,-1,-1,-1
77,747,1623241667661,-1,-1,-1
78,732,1623241667661,-1,-1,-1
79,747,1623241668675,-1,-1,-1
80,739,1623241669674,-1,-1,-1
81,716,1623241670661,-1,-1,-1
82,708,1623241670661,-1,-1,-1
83,724,1623241671661,-1,-1,-1
84,708,1623241672676,-1,-1,-1
85,708,1623241673661,-1,-1,-1
86,732,1623241673661,-1,-1,-1
87,739,1623241674665,-1,-1,-1
88,732,1623241675664,-1,-1,-1
89,739,1623241676661,-1,-1,-1
90,686,1623241688663,-1,-1,-1
91,739,1623241688663,-1,-1,-1
92,739,1623241688663,-1,-1,-1
93,693,1623241688663,-1,-1,-1
94,708,1623241689675,-1,-1,-1
95,693,1623241689675,-1,-1,-1
96,708,1623241690727,-1,-1,-1
97,716,1623241691712,-1,-1,-1
98,716,1623241691713,-1,-1,-1
99,732,1623241692718,-1,-1,-1
100,739,1623241693726,-1,-1,-1
101,732,1623241694718,-1,-1,-1
102,739,1623241694718,-1,-1,-1
103,732,1623241695712,-1,-1,-1
104,732,1623241696713,-1,-1,-1
105,716,1623241697729,-1,-1,-1
106,708,1623241697730,-1,-1,-1
107,732,1623241698727,-1,-1,-1
108,724,1623241699714,-1,-1,-1
109,732,1623241700716,-1,-1,-1
110,739,1623241700716,-1,-1,-1
111,732,1623241701715,-1,-1,-1
112,724,1623241702719,-1,-1,-1
113,739,1623241703721,-1,-1,-1
114,724,1623241703721,-1,-1,-1
115,724,1623241704726,-1,-1,-1
116,708,1623241705727,-1,-1,-1
117,716,1623241706718,-1,-1,-1
118,708,1623241706718,-1,-1,-1
119,724,1623241707718,-1,-1,-1
120,724,1623241708716,-1,-1,-1
121,716,1623241709723,-1,-1,-1
122,708,1623241709723,-1,-1,-1
123,716,1623241710726,-1,-1,-1
124,716,1623241711777,-1,-1,-1
125,708,1623241711777,-1,-1,-1
126,708,1623241712713,-1,-1,-1
127,708,1623241713725,-1,-1,-1
128,708,1623241714721,-1,-1,-1
129,701,1623241714721,-1,-1,-1
130,708,1623241715725,-1,-1,-1
131,708,1623241716712,-1,-1,-1
132,823,1623241717726,-1,-1,-1
133,632,1623241717727,-1,-1,-1
134,754,1623241725761,-1,-1,-1
135,846,1623241725761,-1,-1,-1
136,808,1623241725761,-1,-1,-1
137,754,1623241725761,-1,-1,-1
138,708,1623241754775,-1,-1,-1
139,708,1623241754776,-1,-1,-1
140,732,1623241754776,-1,-1,-1
141,648,1623241754776,-1,-1,-1
142,670,1623241754777,-1,-1,-1
143,648,1623241755776,-1,-1,-1
144,625,1623241756776,-1,-1,-1
145,617,1623241756776,-1,-1,-1
146,617,1623241757771,-1,-1,-1
147,632,1623241758775,-1,-1,-1
148,648,1623241758775,-1,-1,-1
149,670,1623241759778,-1,-1,-1
150,708,1623241760776,-1,-1,-1
151,739,1623241760776,-1,-1,-1
152,762,1623241761776,-1,-1,-1
153,770,1623241762825,-1,-1,-1
154,754,1623241763775,-1,-1,-1
155,739,1623241764775,-1,-1,-1
156,724,1623241764775,-1,-1,-1
157,716,1623241765774,-1,-1,-1
158,701,1623241766773,-1,-1,-1
159,686,1623241766773,-1,-1,-1
160,686,1623241767772,-1,-1,-1
161,708,1623241768774,-1,-1,-1
162,747,1623241769772,-1,-1,-1
163,785,1623241769773,-1,-1,-1
164,846,1623241770774,-1,-1,-1
165,861,1623241771769,-1,-1,-1
166,861,1623241772775,-1,-1,-1
167,663,1623241906874,-1,-1,-1
168,556,1623241906874,-1,-1,-1
169,640,1623241906874,-1,-1,-1
170,632,1623241906874,-1,-1,-1
171,640,1623241906874,-1,-1,-1
172,632,1623241907876,-1,-1,-1
173,648,1623241908862,-1,-1,-1
174,655,1623241908862,-1,-1,-1
175,648,1623241909912,-1,-1,-1
176,663,1623241910913,-1,-1,-1
177,663,1623241910913,-1,-1,-1
178,670,1623241911911,-1,-1,-1
179,655,1623241912915,-1,-1,-1
180,670,1623241912915,-1,-1,-1
181,670,1623241913962,-1,-1,-1
182,686,1623241914911,-1,-1,-1
183,701,1623241914911,-1,-1,-1
184,732,1623241915924,-1,-1,-1
185,762,1623241916923,-1,-1,-1
186,785,1623241917923,-1,-1,-1
187,708,1623241918925,-1,-1,-1
188,770,1623241921925,-1,-1,-1
189,670,1623241921925,-1,-1,-1
190,686,1623241921925,-1,-1,-1
191,640,1623241921925,-1,-1,-1
192,754,1623241922911,-1,-1,-1
193,724,1623241923912,-1,-1,-1
194,502,1623241923912,-1,-1,-1
195,937,1623241924926,-1,-1,-1
196,732,1623241931926,-1,-1,-1
197,617,1623241931926,-1,-1,-1
198,663,1623241931926,-1,-1,-1
199,655,1623241931926,-1,-1,-1
200,655,1623241932912,-1,-1,-1
201,655,1623241977973,-1,-1,-1
202,617,1623241977973,-1,-1,-1
203,579,1623241977973,-1,-1,-1
204,770,1623241977973,-1,-1,-1
205,823,1623241978962,-1,-1,-1
206,754,1623241979974,-1,-1,-1
207,792,1623241980975,-1,-1,-1
208,708,1623241980975,-1,-1,-1
209,747,1623241981978,-1,-1,-1
210,648,1623241982975,-1,-1,-1
211,655,1623241982975,-1,-1,-1
212,632,1623241983967,-1,-1,-1
213,602,1623241984976,-1,-1,-1
214,610,1623241984976,-1,-1,-1
215,617,1623241985978,-1,-1,-1
216,632,1623241986974,-1,-1,-1
217,648,1623241986974,-1,-1,-1
218,548,1623241987976,-1,-1,-1
219,617,1623242066074,-1,-1,-1
220,564,1623242066074,-1,-1,-1
221,617,1623242066075,-1,-1,-1
222,594,1623242066075,-1,-1,-1
223,617,1623242066075,-1,-1,-1
224,648,1623242067074,-1,-1,-1
225,602,1623242068062,-1,-1,-1
226,617,1623242068062,-1,-1,-1
227,610,1623242077065,-1,-1,-1
228,610,1623242077065,-1,-1,-1
229,556,1623242077065,-1,-1,-1
230,991,1623242077065,-1,-1,-1
231,686,1623242079064,-1,-1,-1
232,670,1623242080074,-1,-1,-1
233,808,1623242081076,-1,-1,-1
234,739,1623242084077,-1,-1,-1
235,708,1623242084077,-1,-1,-1
236,648,1623242084077,-1,-1,-1
237,617,1623242084077,-1,-1,-1
238,610,1623242085076,-1,-1,-1
239,632,1623242085076,-1,-1,-1
240,579,1623242086076,-1,-1,-1
241,586,1623242087074,-1,-1,-1
242,617,1623242087074,-1,-1,-1
243,625,1623242088072,-1,-1,-1
244,632,1623242089065,-1,-1,-1
245,670,1623242089065,-1,-1,-1
246,686,1623242090075,-1,-1,-1
247,678,1623242091065,-1,-1,-1
248,693,1623242091065,-1,-1,-1
249,686,1623242092062,-1,-1,-1
250,648,1623242096062,-1,-1,-1
251,648,1623242097063,-1,-1,-1
252,670,1623242097063,-1,-1,-1
253,670,1623242098074,-1,-1,-1
254,686,1623242099063,-1,-1,-1
255,632,1623242099063,-1,-1,-1
256,663,1623242110079,-1,-1,-1
257,625,1623242110079,-1,-1,-1
258,640,1623242110079,-1,-1,-1
259,754,1623242110079,-1,-1,-1
260,648,1623242110079,-1,-1,-1
261,693,1623242111073,-1,-1,-1
262,670,1623242112073,-1,-1,-1
263,648,1623242112073,-1,-1,-1
264,617,1623242116075,-1,-1,-1
265,579,1623242116075,-1,-1,-1
266,617,1623242116075,-1,-1,-1
267,579,1623242116076,-1,-1,-1
268,632,1623242117076,-1,-1,-1
269,625,1623242117076,-1,-1,-1
270,670,1623242118074,-1,-1,-1
271,670,1623242119128,-1,-1,-1
272,594,1623242582471,-1,-1,-1
273,541,1623242582472,-1,-1,-1
274,617,1623242582472,-1,-1,-1
275,602,1623242582472,-1,-1,-1
276,571,1623242607512,-1,-1,-1
277,564,1623242607512,-1,-1,-1
278,564,1623242607512,-1,-1,-1
279,564,1623242607512,-1,-1,-1
280,556,1623242608515,-1,-1,-1
281,564,1623242608516,-1,-1,-1
282,564,1623242609510,-1,-1,-1
283,556,1623242609511,-1,-1,-1
284,548,1623242610510,-1,-1,-1
285,556,1623242611522,-1,-1,-1
286,564,1623242611522,-1,-1,-1
287,548,1623242612526,-1,-1,-1
288,556,1623242612526,-1,-1,-1
289,556,1623242613510,-1,-1,-1
290,571,1623242613510,-1,-1,-1
291,556,1623242614525,-1,-1,-1
292,556,1623242614525,-1,-1,-1
293,571,1623242615512,-1,-1,-1
294,564,1623242616513,-1,-1,-1
295,564,1623242616513,-1,-1,-1
296,564,1623242617525,-1,-1,-1
297,571,1623242617525,-1,-1,-1
298,571,1623242618566,-1,-1,-1
299,541,1623242619527,-1,-1,-1
300,571,1623242620513,-1,-1,-1
301,564,1623242620513,-1,-1,-1
302,564,1623242621521,-1,-1,-1
303,571,1623242621521,-1,-1,-1
304,586,1623242631520,-1,-1,-1
305,548,1623242631520,-1,-1,-1
306,526,1623242631520,-1,-1,-1
307,586,1623242631520,-1,-1,-1
308,533,1623242632520,-1,-1,-1
309,571,1623242632520,-1,-1,-1
310,548,1623242633514,-1,-1,-1
311,556,1623242634526,-1,-1,-1
312,541,1623242634526,-1,-1,-1
313,564,1623242635524,-1,-1,-1
314,533,1623242635524,-1,-1,-1
315,556,1623242636512,-1,-1,-1
316,579,1623242636512,-1,-1,-1
317,556,1623242642573,-1,-1,-1
318,808,1623242642573,-1,-1,-1
319,442,1623242643562,-1,-1,-1
320,571,1623242646569,-1,-1,-1
321,655,1623242646569,-1,-1,-1
322,594,1623242646569,-1,-1,-1
323,571,1623242646569,-1,-1,-1
324,610,1623242647564,-1,-1,-1
325,602,1623242676561,-1,-1,-1
326,686,1623242676561,-1,-1,-1
327,617,1623242676561,-1,-1,-1
328,594,1623242676561,-1,-1,-1
329,617,1623242676561,-1,-1,-1
330,617,1623242677560,-1,-1,-1
331,594,1623242678561,-1,-1,-1
332,625,1623242678561,-1,-1,-1
333,510,1623242679561,-1,-1,-1
334,800,1623242679561,-1,-1,-1
335,663,1623242685561,-1,-1,-1
336,579,1623242685561,-1,-1,-1
337,632,1623242685561,-1,-1,-1
338,640,1623242685561,-1,-1,-1
339,625,1623242686561,-1,-1,-1
340,648,1623242687562,-1,-1,-1
341,648,1623242687562,-1,-1,-1
342,655,1623242688612,-1,-1,-1
343,670,1623242689562,-1,-1,-1
344,686,1623242689562,-1,-1,-1
345,678,1623242690562,-1,-1,-1
346,670,1623242691564,-1,-1,-1
347,678,1623242691564,-1,-1,-1
348,686,1623242692560,-1,-1,-1
349,655,1623242693661,-1,-1,-1
350,686,1623242693661,-1,-1,-1
351,663,1623242694561,-1,-1,-1
352,670,1623242695561,-1,-1,-1
353,648,1623242695561,-1,-1,-1
354,678,1623242696564,-1,-1,-1
355,678,1623242697561,-1,-1,-1
356,708,1623242698564,-1,-1,-1
357,678,1623242698564,-1,-1,-1
358,701,1623242699561,-1,-1,-1
359,708,1623242700661,-1,-1,-1
360,693,1623242700661,-1,-1,-1
361,693,1623242701611,-1,-1,-1
362,701,1623242702611,-1,-1,-1
363,670,1623242703761,-1,-1,-1
364,693,1623242703761,-1,-1,-1
365,693,1623242704613,-1,-1,-1
366,724,1623242705662,-1,-1,-1
367,625,1623242705662,-1,-1,-1
368,732,1623242706612,-1,-1,-1
369,686,1623242707611,-1,-1,-1
370,648,1623242707611,-1,-1,-1
371,686,1623242708614,-1,-1,-1
372,670,1623242709613,-1,-1,-1
373,663,1623242710611,-1,-1,-1
374,655,1623242710611,-1,-1,-1
375,655,1623242711612,-1,-1,-1
376,655,1623242712611,-1,-1,-1
377,648,1623242712611,-1,-1,-1
378,655,1623242713613,-1,-1,-1
379,648,1623242714616,-1,-1,-1
380,648,1623242714616,-1,-1,-1
381,640,1623242715621,-1,-1,-1
382,625,1623242715621,-1,-1,-1
383,610,1623242716611,-1,-1,-1
384,648,1623242717616,-1,-1,-1
385,640,1623242717616,-1,-1,-1
386,617,1623242718614,-1,-1,-1
387,640,1623242719613,-1,-1,-1
388,663,1623242719613,-1,-1,-1
389,670,1623242720668,-1,-1,-1
390,625,1623242721610,-1,-1,-1
391,701,1623242721610,-1,-1,-1
392,655,1623242722756,-1,-1,-1
393,686,1623242723615,-1,-1,-1
394,678,1623242724611,-1,-1,-1
395,701,1623242724611,-1,-1,-1
396,686,1623242725613,-1,-1,-1
397,708,1623242725613,-1,-1,-1
398,686,1623242726611,-1,-1,-1
399,708,1623242727662,-1,-1,-1
400,655,1623242728613,-1,-1,-1
401,670,1623242728613,-1,-1,-1
402,548,1623242729612,-1,-1,-1
403,785,1623242730612,-1,-1,-1
404,625,1623242730612,-1,-1,-1
405,670,1623242731612,-1,-1,-1
406,670,1623242732615,-1,-1,-1
407,670,1623242732615,-1,-1,-1
408,678,1623242733616,-1,-1,-1
409,663,1623242734611,-1,-1,-1
410,655,1623242734612,-1,-1,-1
411,648,1623242735612,-1,-1,-1
412,655,1623242736618,-1,-1,-1
413,648,1623242736618,-1,-1,-1
414,655,1623242737666,-1,-1,-1
415,670,1623242738614,-1,-1,-1
416,670,1623242738614,-1,-1,-1
417,663,1623242739615,-1,-1,-1
418,686,1623242740611,-1,-1,-1
419,693,1623242740611,-1,-1,-1
420,663,1623242741614,-1,-1,-1
421,670,1623242742613,-1,-1,-1
422,670,1623242743713,-1,-1,-1
423,648,1623242743713,-1,-1,-1
424,655,1623242744615,-1,-1,-1
425,655,1623242745612,-1,-1,-1
426,655,1623242745612,-1,-1,-1
427,663,1623242746612,-1,-1,-1
428,663,1623242747664,-1,-1,-1
429,670,1623242747664,-1,-1,-1
430,693,1623242748662,-1,-1,-1
431,670,1623242749661,-1,-1,-1
432,693,1623242749661,-1,-1,-1
433,663,1623242750665,-1,-1,-1
434,648,1623242751714,-1,-1,-1
435,655,1623242751714,-1,-1,-1
436,640,1623242752660,-1,-1,-1
437,648,1623242753665,-1,-1,-1
438,625,1623242753665,-1,-1,-1
439,648,1623242754660,-1,-1,-1
440,640,1623242755662,-1,-1,-1
441,632,1623242755662,-1,-1,-1
442,625,1623242756660,-1,-1,-1
443,632,1623242757710,-1,-1,-1
444,648,1623242757710,-1,-1,-1
445,648,1623242758663,-1,-1,-1
446,663,1623242759662,-1,-1,-1
447,693,1623242759662,-1,-1,-1
448,693,1623242760661,-1,-1,-1
449,686,1623242761662,-1,-1,-1
450,701,1623242761662,-1,-1,-1
451,701,1623242762663,-1,-1,-1
452,670,1623242763665,-1,-1,-1
453,686,1623242764660,-1,-1,-1
454,693,1623242764660,-1,-1,-1
455,678,1623242765663,-1,-1,-1
456,686,1623242766671,-1,-1,-1
457,708,1623242766671,-1,-1,-1
458,678,1623242767662,-1,-1,-1
459,670,1623242768792,-1,-1,-1
460,678,1623242768792,-1,-1,-1
461,648,1623242769730,-1,-1,-1
462,648,1623242770662,-1,-1,-1
463,655,1623242770662,-1,-1,-1
464,655,1623242771662,-1,-1,-1
465,648,1623242772661,-1,-1,-1
466,663,1623242772661,-1,-1,-1
467,678,1623242773664,-1,-1,-1
468,686,1623242774663,-1,-1,-1
469,678,1623242775662,-1,-1,-1
470,670,1623242775662,-1,-1,-1
471,686,1623242776668,-1,-1,-1
472,678,1623242777662,-1,-1,-1
473,663,1623242777662,-1,-1,-1
474,678,1623242778663,-1,-1,-1
475,663,1623242779664,-1,-1,-1
476,655,1623242779664,-1,-1,-1
477,655,1623242780662,-1,-1,-1
478,663,1623242781664,-1,-1,-1
479,663,1623242781664,-1,-1,-1
480,701,1623242782663,-1,-1,-1
481,678,1623242783663,-1,-1,-1
482,670,1623242784660,-1,-1,-1
483,663,1623242784660,-1,-1,-1
484,663,1623242785661,-1,-1,-1
485,648,1623242786663,-1,-1,-1
486,648,1623242786663,-1,-1,-1
487,655,1623242787666,-1,-1,-1
488,655,1623242788664,-1,-1,-1
489,670,1623242788664,-1,-1,-1
490,693,1623242789661,-1,-1,-1
491,708,1623242790712,-1,-1,-1
492,708,1623242790712,-1,-1,-1
493,701,1623242791762,-1,-1,-1
494,693,1623242792661,-1,-1,-1
495,693,1623242793661,-1,-1,-1
496,663,1623242793661,-1,-1,-1
497,670,1623242794664,-1,-1,-1
498,663,1623242795664,-1,-1,-1
499,655,1623242795664,-1,-1,-1
500,655,1623242796669,-1,-1,-1
501,640,1623242797660,-1,-1,-1
502,640,1623242797660,-1,-1,-1
503,648,1623242798712,-1,-1,-1
504,678,1623242799661,-1,-1,-1
505,655,1623242799661,-1,-1,-1
506,663,1623242800711,-1,-1,-1
507,663,1623242801712,-1,-1,-1
508,670,1623242801712,-1,-1,-1
509,663,1623242802714,-1,-1,-1
510,655,1623242803713,-1,-1,-1
511,670,1623242803713,-1,-1,-1
512,655,1623242804710,-1,-1,-1
513,655,1623242805716,-1,-1,-1
514,663,1623242805716,-1,-1,-1
515,648,1623242806714,-1,-1,-1
516,640,1623242807710,-1,-1,-1
517,648,1623242807710,-1,-1,-1
518,640,1623242808764,-1,-1,-1
519,648,1623242809710,-1,-1,-1
520,655,1623242809710,-1,-1,-1
521,678,1623242810710,-1,-1,-1
522,678,1623242811715,-1,-1,-1
523,693,1623242811715,-1,-1,-1
524,686,1623242812714,-1,-1,-1
525,670,1623242813711,-1,-1,-1
526,663,1623242814712,-1,-1,-1
527,670,1623242814712,-1,-1,-1
528,663,1623242815711,-1,-1,-1
529,663,1623242816720,-1,-1,-1
530,655,1623242816721,-1,-1,-1
531,648,1623242817713,-1,-1,-1
532,655,1623242818714,-1,-1,-1
533,670,1623242818714,-1,-1,-1
534,655,1623242819715,-1,-1,-1
535,655,1623242820711,-1,-1,-1
536,655,1623242820711,-1,-1,-1
537,648,1623242821716,-1,-1,-1
538,625,1623242822710,-1,-1,-1
539,648,1623242822710,-1,-1,-1
540,632,1623242823715,-1,-1,-1
541,632,1623242824715,-1,-1,-1
542,617,1623242824715,-1,-1,-1
543,610,1623242825717,-1,-1,-1
544,610,1623242825717,-1,-1,-1
545,610,1623242826714,-1,-1,-1
546,617,1623242827711,-1,-1,-1
547,617,1623242827711,-1,-1,-1
548,632,1623242828711,-1,-1,-1
549,655,1623242829713,-1,-1,-1
550,655,1623242829713,-1,-1,-1
551,655,1623242830711,-1,-1,-1
552,648,1623242831865,-1,-1,-1
553,663,1623242831865,-1,-1,-1
554,670,1623242832719,-1,-1,-1
555,655,1623242833760,-1,-1,-1
556,648,1623242833760,-1,-1,-1
557,663,1623242834711,-1,-1,-1
558,663,1623242835711,-1,-1,-1
559,655,1623242835711,-1,-1,-1
560,655,1623242836763,-1,-1,-1
561,655,1623242837710,-1,-1,-1
562,648,1623242837710,-1,-1,-1
563,655,1623242838718,-1,-1,-1
564,648,1623242839720,-1,-1,-1
565,648,1623242839720,-1,-1,-1
566,655,1623242840713,-1,-1,-1
567,663,1623242841712,-1,-1,-1
568,648,1623242841712,-1,-1,-1
569,686,1623242842715,-1,-1,-1
570,648,1623242843710,-1,-1,-1
571,663,1623242843710,-1,-1,-1
572,670,1623242844710,-1,-1,-1
573,686,1623242845710,-1,-1,-1
574,686,1623242846712,-1,-1,-1
575,670,1623242846712,-1,-1,-1
576,686,1623242847713,-1,-1,-1
577,678,1623242848710,-1,-1,-1
578,670,1623242848710,-1,-1,-1
579,678,1623242849760,-1,-1,-1
580,670,1623242850762,-1,-1,-1
581,663,1623242850762,-1,-1,-1
582,663,1623242851763,-1,-1,-1
583,663,1623242851763,-1,-1,-1
584,655,1623242852761,-1,-1,-1
585,678,1623242853763,-1,-1,-1
586,693,1623242854767,-1,-1,-1
587,693,1623242854767,-1,-1,-1
588,701,1623242855764,-1,-1,-1
589,693,1623242856763,-1,-1,-1
590,693,1623242856763,-1,-1,-1
591,678,1623242857768,-1,-1,-1
592,693,1623242858810,-1,-1,-1
593,663,1623242859762,-1,-1,-1
594,670,1623242859762,-1,-1,-1
595,663,1623242860768,-1,-1,-1
596,678,1623242861767,-1,-1,-1
597,655,1623242861767,-1,-1,-1
598,655,1623242862772,-1,-1,-1
599,663,1623242863765,-1,-1,-1
600,655,1623242863765,-1,-1,-1
601,663,1623242864762,-1,-1,-1
602,670,1623242865768,-1,-1,-1
603,678,1623242865768,-1,-1,-1
604,670,1623242866816,-1,-1,-1
605,701,1623242867760,-1,-1,-1
606,701,1623242867760,-1,-1,-1
607,670,1623242868760,-1,-1,-1
608,693,1623242869761,-1,-1,-1
609,678,1623242870762,-1,-1,-1
610,663,1623242870762,-1,-1,-1
611,655,1623242871760,-1,-1,-1
612,670,1623242872760,-1,-1,-1
613,648,1623242872761,-1,-1,-1
614,663,1623242873765,-1,-1,-1
615,663,1623242874768,-1,-1,-1
616,663,1623242874768,-1,-1,-1
617,670,1623242875775,-1,-1,-1
618,670,1623242876764,-1,-1,-1
619,670,1623242876764,-1,-1,-1
620,655,1623242877762,-1,-1,-1
621,663,1623242878766,-1,-1,-1
622,655,1623242878766,-1,-1,-1
623,648,1623242879760,-1,-1,-1
624,640,1623242880811,-1,-1,-1
625,632,1623242880811,-1,-1,-1
626,648,1623242881760,-1,-1,-1
627,708,1623242882768,-1,-1,-1
628,686,1623242882768,-1,-1,-1
629,632,1623242883760,-1,-1,-1
630,648,1623242884764,-1,-1,-1
631,625,1623242884764,-1,-1,-1
632,610,1623242885760,-1,-1,-1
633,625,1623242886765,-1,-1,-1
634,625,1623242886765,-1,-1,-1
635,648,1623242887763,-1,-1,-1
636,655,1623242888761,-1,-1,-1
637,670,1623242888761,-1,-1,-1
638,670,1623242889764,-1,-1,-1
639,678,1623242890760,-1,-1,-1
640,686,1623242890760,-1,-1,-1
641,693,1623242891768,-1,-1,-1
642,693,1623242892763,-1,-1,-1
643,686,1623242893765,-1,-1,-1
644,708,1623242893765,-1,-1,-1
645,686,1623242894767,-1,-1,-1
646,701,1623242895761,-1,-1,-1
647,678,1623242895761,-1,-1,-1
648,686,1623242896762,-1,-1,-1
649,678,1623242897762,-1,-1,-1
650,678,1623242897762,-1,-1,-1
651,663,1623242898760,-1,-1,-1
652,663,1623242899809,-1,-1,-1
653,670,1623242900762,-1,-1,-1
654,655,1623242900762,-1,-1,-1
655,648,1623242901810,-1,-1,-1
656,663,1623242902812,-1,-1,-1
657,655,1623242902812,-1,-1,-1
658,663,1623242903810,-1,-1,-1
659,670,1623242904871,-1,-1,-1
660,678,1623242904871,-1,-1,-1
661,678,1623242905810,-1,-1,-1
662,678,1623242906814,-1,-1,-1
663,693,1623242906814,-1,-1,-1
664,678,1623242907821,-1,-1,-1
665,686,1623242908810,-1,-1,-1
666,678,1623242908810,-1,-1,-1
667,686,1623242909817,-1,-1,-1
668,678,1623242910814,-1,-1,-1
669,686,1623242911816,-1,-1,-1
670,678,1623242911816,-1,-1,-1
671,663,1623242912864,-1,-1,-1
672,670,1623242913811,-1,-1,-1
673,663,1623242913811,-1,-1,-1
674,655,1623242914817,-1,-1,-1
675,663,1623242915816,-1,-1,-1
676,663,1623242915816,-1,-1,-1
677,663,1623242916865,-1,-1,-1
678,670,1623242917812,-1,-1,-1
679,670,1623242917812,-1,-1,-1
680,686,1623242918809,-1,-1,-1
681,678,1623242919811,-1,-1,-1
682,670,1623242919811,-1,-1,-1
683,670,1623242920814,-1,-1,-1
684,663,1623242921819,-1,-1,-1
685,663,1623242922810,-1,-1,-1
686,663,1623242922810,-1,-1,-1
687,663,1623242923815,-1,-1,-1
688,670,1623242924819,-1,-1,-1
689,701,1623242924819,-1,-1,-1
690,701,1623242925814,-1,-1,-1
691,701,1623242926810,-1,-1,-1
692,693,1623242926810,-1,-1,-1
693,678,1623242927813,-1,-1,-1
694,663,1623242928812,-1,-1,-1
695,655,1623242928812,-1,-1,-1
696,648,1623242929810,-1,-1,-1
697,648,1623242930811,-1,-1,-1
698,648,1623242930811,-1,-1,-1
699,670,1623242931815,-1,-1,-1
700,686,1623242932815,-1,-1,-1
701,708,1623242933810,-1,-1,-1
702,724,1623242933810,-1,-1,-1
703,739,1623242934819,-1,-1,-1
704,739,1623242935817,-1,-1,-1
705,716,1623242936810,-1,-1,-1
706,678,1623242936810,-1,-1,-1
707,693,1623242937810,-1,-1,-1
708,686,1623242938810,-1,-1,-1
709,678,1623242938810,-1,-1,-1
710,655,1623242939809,-1,-1,-1
711,648,1623242940810,-1,-1,-1
712,655,1623242940810,-1,-1,-1
713,648,1623242941812,-1,-1,-1
714,648,1623242942815,-1,-1,-1
715,640,1623242942815,-1,-1,-1
716,762,1623242943820,-1,-1,-1
717,655,1623242950861,-1,-1,-1
718,648,1623242950861,-1,-1,-1
719,495,1623242950861,-1,-1,-1
720,785,1623242950861,-1,-1,-1
721,594,1623242950861,-1,-1,-1
722,632,1623242951910,-1,-1,-1
723,640,1623242952941,-1,-1,-1
724,640,1623242952941,-1,-1,-1
725,632,1623242953860,-1,-1,-1
726,640,1623242954860,-1,-1,-1
727,655,1623242954860,-1,-1,-1
728,648,1623242955868,-1,-1,-1
729,648,1623242956865,-1,-1,-1
730,625,1623242956865,-1,-1,-1
731,640,1623242957864,-1,-1,-1
732,632,1623242958860,-1,-1,-1
733,632,1623242958860,-1,-1,-1
734,663,1623242959861,-1,-1,-1
735,670,1623242960862,-1,-1,-1
736,739,1623242960862,-1,-1,-1
737,777,1623242961866,-1,-1,-1
738,762,1623242962861,-1,-1,-1
739,678,1623242963872,-1,-1,-1
740,808,1623242963872,-1,-1,-1
741,716,1623242964872,-1,-1,-1
742,747,1623242965911,-1,-1,-1
743,716,1623242966860,-1,-1,-1
744,716,1623242966860,-1,-1,-1
745,708,1623242967874,-1,-1,-1
746,678,1623242968861,-1,-1,-1
747,670,1623242968861,-1,-1,-1
748,678,1623242969860,-1,-1,-1
749,655,1623242970863,-1,-1,-1
750,655,1623242970863,-1,-1,-1
751,678,1623242971861,-1,-1,-1
752,670,1623242972869,-1,-1,-1
753,693,1623242973910,-1,-1,-1
754,724,1623242973910,-1,-1,-1
755,716,1623242974860,-1,-1,-1
756,732,1623242975913,-1,-1,-1
757,724,1623242975913,-1,-1,-1
758,708,1623242976865,-1,-1,-1
759,701,1623242977860,-1,-1,-1
760,686,1623242977860,-1,-1,-1
761,708,1623242978870,-1,-1,-1
762,686,1623242979871,-1,-1,-1
763,670,1623242980860,-1,-1,-1
764,693,1623242980860,-1,-1,-1
765,663,1623242981860,-1,-1,-1
766,663,1623242982862,-1,-1,-1
767,678,1623242982862,-1,-1,-1
768,678,1623242983869,-1,-1,-1
769,648,1623242984868,-1,-1,-1
770,670,1623242984868,-1,-1,-1
771,663,1623242985864,-1,-1,-1
772,663,1623242986860,-1,-1,-1
773,670,1623242986860,-1,-1,-1
774,678,1623242987862,-1,-1,-1
775,678,1623242988860,-1,-1,-1
776,686,1623242989861,-1,-1,-1
777,701,1623242989861,-1,-1,-1
778,678,1623242990859,-1,-1,-1
779,693,1623242991864,-1,-1,-1
780,708,1623242991865,-1,-1,-1
781,686,1623242992866,-1,-1,-1
782,678,1623242993864,-1,-1,-1
783,678,1623242993864,-1,-1,-1
784,693,1623242994964,-1,-1,-1
785,670,1623242995860,-1,-1,-1
786,663,1623242996865,-1,-1,-1
787,686,1623242996865,-1,-1,-1
788,670,1623242997860,-1,-1,-1
789,678,1623242998860,-1,-1,-1
790,663,1623242998860,-1,-1,-1
791,678,1623242999861,-1,-1,-1
792,670,1623243000867,-1,-1,-1
793,663,1623243000867,-1,-1,-1
794,678,1623243001860,-1,-1,-1
795,678,1623243002864,-1,-1,-1
796,670,1623243002864,-1,-1,-1
797,670,1623243003862,-1,-1,-1
798,678,1623243004862,-1,-1,-1
799,670,1623243005863,-1,-1,-1
800,663,1623243005863,-1,-1,-1
801,670,1623243006859,-1,-1,-1
802,678,1623243007859,-1,-1,-1
803,670,1623243007860,-1,-1,-1
804,678,1623243008910,-1,-1,-1
805,701,1623243009866,-1,-1,-1
806,693,1623243009866,-1,-1,-1
807,678,1623243010862,-1,-1,-1
808,708,1623243011868,-1,-1,-1
809,670,1623243012960,-1,-1,-1
810,670,1623243012960,-1,-1,-1
811,670,1623243013861,-1,-1,-1
812,655,1623243014860,-1,-1,-1
813,648,1623243014860,-1,-1,-1
814,663,1623243015961,-1,-1,-1
815,678,1623243016861,-1,-1,-1
816,678,1623243016861,-1,-1,-1
817,693,1623243017861,-1,-1,-1
818,701,1623243018860,-1,-1,-1
819,670,1623243018860,-1,-1,-1
820,701,1623243019862,-1,-1,-1
821,617,1623243020861,-1,-1,-1
822,510,1623243078911,-1,-1,-1
823,526,1623243078911,-1,-1,-1
824,526,1623243078911,-1,-1,-1
825,526,1623243078911,-1,-1,-1
826,518,1623243079910,-1,-1,-1
827,510,1623243079910,-1,-1,-1
828,526,1623243080911,-1,-1,-1
829,526,1623243080911,-1,-1,-1
830,541,1623243081912,-1,-1,-1
831,533,1623243082922,-1,-1,-1
832,548,1623243082922,-1,-1,-1
833,548,1623243083910,-1,-1,-1
834,556,1623243083910,-1,-1,-1
835,571,1623243084910,-1,-1,-1
836,571,1623243084910,-1,-1,-1
837,586,1623243085910,-1,-1,-1
838,594,1623243086911,-1,-1,-1
839,594,1623243086911,-1,-1,-1
840,586,1623243087912,-1,-1,-1
841,670,1623243098964,-1,-1,-1
842,632,1623243098964,-1,-1,-1
843,617,1623243098964,-1,-1,-1
844,625,1623243098964,-1,-1,-1
845,617,1623243098964,-1,-1,-1
846,617,1623243099959,-1,-1,-1
847,617,1623243100970,-1,-1,-1
848,648,1623243100970,-1,-1,-1
849,632,1623243101960,-1,-1,-1
850,663,1623243102960,-1,-1,-1
851,655,1623243102960,-1,-1,-1
852,686,1623243103960,-1,-1,-1
853,670,1623243104961,-1,-1,-1
854,663,1623243104961,-1,-1,-1
855,670,1623243105960,-1,-1,-1
856,686,1623243106959,-1,-1,-1
857,678,1623243106960,-1,-1,-1
858,678,1623243107961,-1,-1,-1
859,670,1623243109010,-1,-1,-1
860,686,1623243109960,-1,-1,-1
861,686,1623243109960,-1,-1,-1
862,693,1623243110961,-1,-1,-1
863,701,1623243111960,-1,-1,-1
864,708,1623243111960,-1,-1,-1
865,716,1623243112960,-1,-1,-1
866,724,1623243113960,-1,-1,-1
867,678,1623243118965,-1,-1,-1
868,708,1623243118965,-1,-1,-1
869,648,1623243118965,-1,-1,-1
870,747,1623243118965,-1,-1,-1
871,747,1623243123972,-1,-1,-1
872,648,1623243123972,-1,-1,-1
873,716,1623243123972,-1,-1,-1
874,701,1623243123972,-1,-1,-1
875,693,1623243124965,-1,-1,-1
876,701,1623243124965,-1,-1,-1
877,708,1623243125965,-1,-1,-1
878,708,1623243126977,-1,-1,-1
879,708,1623243126977,-1,-1,-1
880,724,1623243127964,-1,-1,-1
881,716,1623243128971,-1,-1,-1
882,708,1623243129966,-1,-1,-1
883,724,1623243129966,-1,-1,-1
884,716,1623243130972,-1,-1,-1
885,716,1623243131975,-1,-1,-1
886,732,1623243133026,-1,-1,-1
887,732,1623243133026,-1,-1,-1
888,724,1623243134026,-1,-1,-1
889,739,1623243135023,-1,-1,-1
890,754,1623243136022,-1,-1,-1
891,732,1623243136023,-1,-1,-1
892,747,1623243137023,-1,-1,-1
893,747,1623243138025,-1,-1,-1
894,724,1623243139025,-1,-1,-1
895,739,1623243139025,-1,-1,-1
896,747,1623243140025,-1,-1,-1
897,739,1623243141017,-1,-1,-1
898,739,1623243142011,-1,-1,-1
899,777,1623243142011,-1,-1,-1
900,754,1623243143025,-1,-1,-1
901,754,1623243144011,-1,-1,-1
902,762,1623243145023,-1,-1,-1
903,739,1623243146016,-1,-1,-1
904,724,1623243146016,-1,-1,-1
905,739,1623243147030,-1,-1,-1
906,724,1623243148061,-1,-1,-1
907,732,1623243149011,-1,-1,-1
908,747,1623243149011,-1,-1,-1
909,716,1623243150011,-1,-1,-1
910,724,1623243151011,-1,-1,-1
911,739,1623243152015,-1,-1,-1
912,724,1623243152015,-1,-1,-1
913,724,1623243153014,-1,-1,-1
914,739,1623243154011,-1,-1,-1
915,739,1623243155020,-1,-1,-1
916,716,1623243155020,-1,-1,-1
917,732,1623243156012,-1,-1,-1
918,708,1623243157020,-1,-1,-1
919,693,1623243157020,-1,-1,-1
920,716,1623243158012,-1,-1,-1
921,701,1623243159011,-1,-1,-1
922,701,1623243160026,-1,-1,-1
923,701,1623243160026,-1,-1,-1
924,708,1623243161011,-1,-1,-1
925,701,1623243162026,-1,-1,-1
926,701,1623243163025,-1,-1,-1
927,724,1623243163025,-1,-1,-1
928,716,1623243164027,-1,-1,-1
929,686,1623243172025,-1,-1,-1
930,678,1623243172026,-1,-1,-1
931,686,1623243172026,-1,-1,-1
932,693,1623243172026,-1,-1,-1
933,678,1623243173025,-1,-1,-1
934,678,1623243173025,-1,-1,-1
935,678,1623243174011,-1,-1,-1
936,686,1623243175027,-1,-1,-1
937,670,1623243175027,-1,-1,-1
938,693,1623243176011,-1,-1,-1
939,670,1623243177025,-1,-1,-1
940,686,1623243177025,-1,-1,-1
941,686,1623243178026,-1,-1,-1
942,678,1623243179011,-1,-1,-1
943,663,1623243180028,-1,-1,-1
944,701,1623243180028,-1,-1,-1
945,686,1623243181111,-1,-1,-1
946,686,1623243182011,-1,-1,-1
947,701,1623243182011,-1,-1,-1
948,693,1623243183027,-1,-1,-1
949,678,1623243184075,-1,-1,-1
950,686,1623243184076,-1,-1,-1
951,693,1623243185076,-1,-1,-1
952,686,1623243186077,-1,-1,-1
953,686,1623243187068,-1,-1,-1
954,708,1623243187068,-1,-1,-1
955,678,1623243188075,-1,-1,-1
956,678,1623243189081,-1,-1,-1
957,701,1623243189081,-1,-1,-1
958,678,1623243190061,-1,-1,-1
959,686,1623243191061,-1,-1,-1
960,678,1623243192076,-1,-1,-1
961,678,1623243192076,-1,-1,-1
962,678,1623243193072,-1,-1,-1
963,686,1623243194120,-1,-1,-1
964,701,1623243194121,-1,-1,-1
965,678,1623243195066,-1,-1,-1
966,701,1623243196064,-1,-1,-1
967,693,1623243196064,-1,-1,-1
968,670,1623243197070,-1,-1,-1
969,686,1623243198060,-1,-1,-1
970,701,1623243199066,-1,-1,-1
971,678,1623243199066,-1,-1,-1
972,686,1623243200076,-1,-1,-1
973,701,1623243201071,-1,-1,-1
974,701,1623243201071,-1,-1,-1
975,670,1623243202067,-1,-1,-1
976,686,1623243203072,-1,-1,-1
977,670,1623243203072,-1,-1,-1
978,678,1623243204086,-1,-1,-1
979,693,1623243205067,-1,-1,-1
980,678,1623243206061,-1,-1,-1
981,678,1623243206061,-1,-1,-1
982,693,1623243207076,-1,-1,-1
983,701,1623243208075,-1,-1,-1
984,686,1623243208076,-1,-1,-1
985,708,1623243209061,-1,-1,-1
986,716,1623243210076,-1,-1,-1
987,686,1623243211076,-1,-1,-1
988,708,1623243211076,-1,-1,-1
989,693,1623243212080,-1,-1,-1
990,693,1623243213076,-1,-1,-1
991,701,1623243213076,-1,-1,-1
992,693,1623243214061,-1,-1,-1
993,678,1623243215079,-1,-1,-1
994,693,1623243216061,-1,-1,-1
995,686,1623243216061,-1,-1,-1
996,670,1623243217076,-1,-1,-1
997,693,1623243218061,-1,-1,-1
998,693,1623243218061,-1,-1,-1
999,678,1623243219078,-1,-1,-1
1000,663,1623243220074,-1,-1,-1
1001,663,1623243220075,-1,-1,-1
1002,648,1623243221061,-1,-1,-1
1003,655,1623243222060,-1,-1,-1
1004,686,1623243222060,-1,-1,-1
1005,640,1623243223076,-1,-1,-1
1006,663,1623243224060,-1,-1,-1
1007,663,1623243224060,-1,-1,-1
1008,663,1623243225076,-1,-1,-1
1009,693,1623243226061,-1,-1,-1
1010,686,1623243227122,-1,-1,-1
1011,678,1623243227122,-1,-1,-1
1012,739,1623243228078,-1,-1,-1
1013,770,1623243229076,-1,-1,-1
1014,747,1623243230075,-1,-1,-1
1015,854,1623243230075,-1,-1,-1
1016,777,1623243231066,-1,-1,-1
1017,747,1623243232071,-1,-1,-1
1018,708,1623243233066,-1,-1,-1
1019,708,1623243233066,-1,-1,-1
1020,670,1623243237064,-1,-1,-1
1021,625,1623243252122,-1,-1,-1
1022,678,1623243252122,-1,-1,-1
1023,663,1623243252122,-1,-1,-1
1024,670,1623243252122,-1,-1,-1
1025,663,1623243253123,-1,-1,-1
1026,663,1623243254121,-1,-1,-1
1027,663,1623243254121,-1,-1,-1
1028,655,1623243255122,-1,-1,-1
1029,648,1623243256111,-1,-1,-1
1030,632,1623243256111,-1,-1,-1
1031,648,1623243257173,-1,-1,-1
1032,640,1623243258122,-1,-1,-1
1033,640,1623243258122,-1,-1,-1
1034,655,1623243259114,-1,-1,-1
1035,670,1623243260123,-1,-1,-1
1036,670,1623243260123,-1,-1,-1
1037,670,1623243261122,-1,-1,-1
1038,686,1623243262111,-1,-1,-1
1039,678,1623243262111,-1,-1,-1
1040,670,1623243263122,-1,-1,-1
1041,670,1623243264123,-1,-1,-1
1042,663,1623243264123,-1,-1,-1
1043,655,1623243265122,-1,-1,-1
1044,655,1623243266123,-1,-1,-1
1045,655,1623243266123,-1,-1,-1
1046,663,1623243267122,-1,-1,-1
1047,670,1623243268112,-1,-1,-1
1048,640,1623243269111,-1,-1,-1
1049,556,1623243279122,-1,-1,-1
1050,716,1623243279122,-1,-1,-1
1051,701,1623243279122,-1,-1,-1
1052,701,1623243279122,-1,-1,-1
1053,686,1623243280120,-1,-1,-1
1054,625,1623243281159,-1,-1,-1
1055,747,1623243281159,-1,-1,-1
1056,602,1623243282110,-1,-1,-1
1057,670,1623243283114,-1,-1,-1
1058,617,1623243283114,-1,-1,-1
1059,663,1623243284118,-1,-1,-1
1060,610,1623243285163,-1,-1,-1
1061,640,1623243285163,-1,-1,-1
1062,640,1623243286166,-1,-1,-1
1063,640,1623243287163,-1,-1,-1
1064,632,1623243287163,-1,-1,-1
1065,655,1623243288167,-1,-1,-1
1066,655,1623243289161,-1,-1,-1
1067,655,1623243289161,-1,-1,-1
1068,648,1623243290162,-1,-1,-1
1069,655,1623243291159,-1,-1,-1
1070,640,1623243291159,-1,-1,-1
1071,655,1623243292161,-1,-1,-1
1072,625,1623243293161,-1,-1,-1
1073,732,1623243293161,-1,-1,-1
1074,693,1623243303212,-1,-1,-1
1075,663,1623243303212,-1,-1,-1
1076,655,1623243303213,-1,-1,-1
1077,648,1623243303213,-1,-1,-1
1078,640,1623243304162,-1,-1,-1
1079,625,1623243305166,-1,-1,-1
1080,625,1623243305166,-1,-1,-1
1081,617,1623243306165,-1,-1,-1
1082,1189,1623243319160,-1,-1,-1
1083,411,1623243319160,-1,-1,-1
1084,655,1623243319160,-1,-1,-1
1085,556,1623243319160,-1,-1,-1
1086,770,1623243319160,-1,-1,-1
1087,747,1623243321170,-1,-1,-1
1088,716,1623243322159,-1,-1,-1
1089,724,1623243322159,-1,-1,-1
1090,708,1623243323163,-1,-1,-1
1091,693,1623243324159,-1,-1,-1
1092,693,1623243325165,-1,-1,-1
1093,678,1623243325165,-1,-1,-1
1094,693,1623243326160,-1,-1,-1
1095,693,1623243327161,-1,-1,-1
1096,678,1623243327161,-1,-1,-1
