,RR,Timestamp,SensorContact,errorEstimate,blockerBit
0,703,1626957878617,-1,-1,-1
1,791,1626957881609,-1,-1,-1
2,815,1626957883603,-1,-1,-1
3,791,1626957884613,-1,-1,-1
4,847,1626957886600,-1,-1,-1
5,687,1626957891626,-1,-1,-1
6,695,1626957902618,-1,-1,-1
7,735,1626957905619,-1,-1,-1
8,671,1626957913601,-1,-1,-1
9,559,1626957913601,-1,-1,-1
10,591,1626957915593,-1,-1,-1
11,679,1626957938611,-1,-1,-1
12,695,1626957939590,-1,-1,-1
13,783,1626957940679,-1,-1,-1
14,751,1626957940679,-1,-1,-1
15,823,1626957941613,-1,-1,-1
16,735,1626957942589,-1,-1,-1
17,727,1626957947650,-1,-1,-1
18,791,1626957950614,-1,-1,-1
19,767,1626957951597,-1,-1,-1
20,759,1626957952678,-1,-1,-1
21,623,1626957952678,-1,-1,-1
22,847,1626957963590,-1,-1,-1
23,871,1626957965614,-1,-1,-1
24,631,1626957965614,-1,-1,-1
25,639,1626957974616,-1,-1,-1
26,815,1626957975589,-1,-1,-1
27,959,1626957976675,-1,-1,-1
28,567,1626957977616,-1,-1,-1
29,735,1626957977616,-1,-1,-1
30,567,1626957978589,-1,-1,-1
31,935,1626957979604,-1,-1,-1
32,791,1626957980653,-1,-1,-1
33,775,1626957984591,-1,-1,-1
34,719,1626957985612,-1,-1,-1
35,703,1626957985612,-1,-1,-1
36,671,1626957986617,-1,-1,-1
37,735,1626957988678,-1,-1,-1
38,695,1626957989612,-1,-1,-1
39,639,1626957990589,-1,-1,-1
40,679,1626957990589,-1,-1,-1
41,887,1626957991600,-1,-1,-1
42,719,1626957992650,-1,-1,-1
43,751,1626957993666,-1,-1,-1
44,767,1626957993666,-1,-1,-1
45,647,1626957994606,-1,-1,-1
46,807,1626958009642,-1,-1,-1
47,559,1626958010619,-1,-1,-1
48,647,1626958011594,-1,-1,-1
49,599,1626958012605,-1,-1,-1
50,615,1626958013652,-1,-1,-1
51,519,1626958017589,-1,-1,-1
52,599,1626958018606,-1,-1,-1
53,519,1626958020592,-1,-1,-1
54,687,1626958020592,-1,-1,-1
55,783,1626958025659,-1,-1,-1
56,711,1626958026590,-1,-1,-1
57,535,1626958026590,-1,-1,-1
58,583,1626958027604,-1,-1,-1
59,615,1626958029593,-1,-1,-1
60,479,1626958030638,-1,-1,-1
61,695,1626958031612,-1,-1,-1
62,623,1626958038595,-1,-1,-1
63,647,1626958039606,-1,-1,-1
64,543,1626958043619,-1,-1,-1
65,559,1626958050589,-1,-1,-1
66,631,1626958052582,-1,-1,-1
67,575,1626958053594,-1,-1,-1
68,679,1626958054606,-1,-1,-1
69,495,1626958056594,-1,-1,-1
70,647,1626958064581,-1,-1,-1
71,503,1626958064581,-1,-1,-1
72,415,1626958069606,-1,-1,-1
73,583,1626958072606,-1,-1,-1
74,511,1626958073582,-1,-1,-1
75,647,1626958073582,-1,-1,-1
76,479,1626958074595,-1,-1,-1
77,591,1626958074595,-1,-1,-1
78,455,1626958075606,-1,-1,-1
79,623,1626958076618,-1,-1,-1
80,487,1626958076618,-1,-1,-1
81,551,1626958077593,-1,-1,-1
82,479,1626958077593,-1,-1,-1
83,567,1626958078606,-1,-1,-1
84,527,1626958078606,-1,-1,-1
85,535,1626958079576,-1,-1,-1
86,551,1626958080628,-1,-1,-1
87,719,1626958082619,-1,-1,-1
88,567,1626958083593,-1,-1,-1
89,511,1626958083593,-1,-1,-1
90,567,1626958084602,-1,-1,-1
91,527,1626958084602,-1,-1,-1
92,479,1626958085579,-1,-1,-1
93,623,1626958087604,-1,-1,-1
94,551,1626958088582,-1,-1,-1
95,423,1626958089594,-1,-1,-1
96,655,1626958089594,-1,-1,-1
97,503,1626958090607,-1,-1,-1
98,551,1626958090607,-1,-1,-1
99,455,1626958091656,-1,-1,-1
100,551,1626958091656,-1,-1,-1
101,511,1626958092591,-1,-1,-1
102,559,1626958093605,-1,-1,-1
103,471,1626958093605,-1,-1,-1
104,607,1626958094584,-1,-1,-1
105,423,1626958094584,-1,-1,-1
106,599,1626958095590,-1,-1,-1
107,487,1626958095590,-1,-1,-1
108,623,1626958096715,-1,-1,-1
109,495,1626958096715,-1,-1,-1
110,751,1626958097578,-1,-1,-1
111,471,1626958097578,-1,-1,-1
112,487,1626958099607,-1,-1,-1
113,759,1626958101629,-1,-1,-1
114,639,1626958106581,-1,-1,-1
115,495,1626958107593,-1,-1,-1
116,551,1626958107593,-1,-1,-1
117,527,1626958108681,-1,-1,-1
118,567,1626958109579,-1,-1,-1
119,487,1626958110591,-1,-1,-1
120,551,1626958110591,-1,-1,-1
121,439,1626958111603,-1,-1,-1
122,543,1626958111603,-1,-1,-1
123,559,1626958112582,-1,-1,-1
124,583,1626958113633,-1,-1,-1
125,663,1626958115662,-1,-1,-1
126,463,1626958115662,-1,-1,-1
127,639,1626958117602,-1,-1,-1
128,519,1626958117602,-1,-1,-1
129,631,1626958120641,-1,-1,-1
130,439,1626958121575,-1,-1,-1
131,599,1626958121575,-1,-1,-1
132,463,1626958123605,-1,-1,-1
133,567,1626958124578,-1,-1,-1
134,495,1626958125589,-1,-1,-1
135,583,1626958125589,-1,-1,-1
136,495,1626958126678,-1,-1,-1
137,551,1626958126678,-1,-1,-1
138,431,1626958127615,-1,-1,-1
139,623,1626958127615,-1,-1,-1
140,463,1626958128590,-1,-1,-1
141,623,1626958131668,-1,-1,-1
142,639,1626958133578,-1,-1,-1
143,463,1626958133578,-1,-1,-1
144,543,1626958134591,-1,-1,-1
145,431,1626958134592,-1,-1,-1
146,495,1626958135605,-1,-1,-1
147,599,1626958135605,-1,-1,-1
148,567,1626958136655,-1,-1,-1
149,511,1626958136655,-1,-1,-1
150,567,1626958137665,-1,-1,-1
151,519,1626958138604,-1,-1,-1
152,479,1626958139578,-1,-1,-1
153,559,1626958139578,-1,-1,-1
154,415,1626958140593,-1,-1,-1
155,599,1626958140593,-1,-1,-1
156,583,1626958141680,-1,-1,-1
157,455,1626958141680,-1,-1,-1
158,607,1626958143591,-1,-1,-1
159,535,1626958144601,-1,-1,-1
160,623,1626958144601,-1,-1,-1
161,447,1626958145579,-1,-1,-1
162,639,1626958146709,-1,-1,-1
163,519,1626958147606,-1,-1,-1
164,551,1626958147606,-1,-1,-1
165,511,1626958148578,-1,-1,-1
166,575,1626958148578,-1,-1,-1
167,479,1626958149594,-1,-1,-1
168,503,1626958149594,-1,-1,-1
169,551,1626958150602,-1,-1,-1
170,559,1626958150602,-1,-1,-1
171,455,1626958151650,-1,-1,-1
172,575,1626958153604,-1,-1,-1
173,463,1626958153604,-1,-1,-1
174,583,1626958154581,-1,-1,-1
175,471,1626958154581,-1,-1,-1
176,479,1626958156682,-1,-1,-1
177,583,1626958156682,-1,-1,-1
178,583,1626958157577,-1,-1,-1
179,447,1626958157577,-1,-1,-1
180,615,1626958160580,-1,-1,-1
181,543,1626958160580,-1,-1,-1
182,567,1626958161667,-1,-1,-1
183,535,1626958162679,-1,-1,-1
184,519,1626958162679,-1,-1,-1
185,487,1626958163580,-1,-1,-1
186,583,1626958166652,-1,-1,-1
187,487,1626958167667,-1,-1,-1
188,567,1626958168604,-1,-1,-1
189,511,1626958169577,-1,-1,-1
190,543,1626958169577,-1,-1,-1
191,495,1626958170593,-1,-1,-1
192,559,1626958170593,-1,-1,-1
193,503,1626958171680,-1,-1,-1
194,527,1626958171680,-1,-1,-1
195,535,1626958172656,-1,-1,-1
196,559,1626958173591,-1,-1,-1
197,495,1626958173591,-1,-1,-1
198,551,1626958174602,-1,-1,-1
199,447,1626958174602,-1,-1,-1
200,599,1626958175577,-1,-1,-1
201,479,1626958175577,-1,-1,-1
202,567,1626958176591,-1,-1,-1
203,551,1626958177602,-1,-1,-1
204,631,1626958178578,-1,-1,-1
205,495,1626958178578,-1,-1,-1
206,543,1626958179628,-1,-1,-1
207,567,1626958180603,-1,-1,-1
208,535,1626958181578,-1,-1,-1
209,487,1626958181578,-1,-1,-1
210,463,1626958182667,-1,-1,-1
211,583,1626958183602,-1,-1,-1
212,599,1626958183602,-1,-1,-1
213,559,1626958184613,-1,-1,-1
214,863,1626958185590,-1,-1,-1
215,679,1626958189600,-1,-1,-1
216,551,1626958192638,-1,-1,-1
217,463,1626958192638,-1,-1,-1
218,599,1626958193612,-1,-1,-1
219,439,1626958193612,-1,-1,-1
220,679,1626958194590,-1,-1,-1
221,735,1626958196616,-1,-1,-1
222,639,1626958198679,-1,-1,-1
223,559,1626958198679,-1,-1,-1
224,735,1626958199654,-1,-1,-1
225,607,1626958200602,-1,-1,-1
226,751,1626958200602,-1,-1,-1
227,591,1626958201607,-1,-1,-1
228,607,1626958201607,-1,-1,-1
229,679,1626958202578,-1,-1,-1
230,855,1626958204680,-1,-1,-1
231,463,1626958205653,-1,-1,-1
232,703,1626958205653,-1,-1,-1
233,567,1626958207604,-1,-1,-1
234,551,1626958208580,-1,-1,-1
235,575,1626958208580,-1,-1,-1
236,711,1626958209589,-1,-1,-1
237,599,1626958212631,-1,-1,-1
238,575,1626958212633,-1,-1,-1
239,567,1626958213601,-1,-1,-1
240,455,1626958213601,-1,-1,-1
241,615,1626958217578,-1,-1,-1
242,655,1626958218595,-1,-1,-1
243,431,1626958219606,-1,-1,-1
244,623,1626958219606,-1,-1,-1
245,503,1626958220577,-1,-1,-1
246,567,1626958220577,-1,-1,-1
247,415,1626958221667,-1,-1,-1
248,695,1626958221667,-1,-1,-1
249,583,1626958224593,-1,-1,-1
250,615,1626958228641,-1,-1,-1
251,487,1626958228641,-1,-1,-1
252,591,1626958229618,-1,-1,-1
253,503,1626958230593,-1,-1,-1
254,591,1626958231603,-1,-1,-1
255,535,1626958232581,-1,-1,-1
256,567,1626958232581,-1,-1,-1
257,519,1626958233592,-1,-1,-1
258,503,1626958233592,-1,-1,-1
259,583,1626958234605,-1,-1,-1
260,567,1626958234605,-1,-1,-1
261,527,1626958235579,-1,-1,-1
262,559,1626958235579,-1,-1,-1
263,431,1626958236594,-1,-1,-1
264,623,1626958236594,-1,-1,-1
265,527,1626958237602,-1,-1,-1
266,551,1626958238579,-1,-1,-1
267,527,1626958238579,-1,-1,-1
268,559,1626958239593,-1,-1,-1
269,463,1626958239593,-1,-1,-1
270,623,1626958240602,-1,-1,-1
271,431,1626958240602,-1,-1,-1
272,631,1626958241579,-1,-1,-1
273,479,1626958241579,-1,-1,-1
274,583,1626958242593,-1,-1,-1
275,495,1626958242593,-1,-1,-1
276,559,1626958243605,-1,-1,-1
277,495,1626958243605,-1,-1,-1
278,655,1626958245592,-1,-1,-1
279,575,1626958247579,-1,-1,-1
280,463,1626958248594,-1,-1,-1
281,623,1626958248594,-1,-1,-1
282,559,1626958249605,-1,-1,-1
283,535,1626958249605,-1,-1,-1
284,527,1626958250655,-1,-1,-1
285,431,1626958250655,-1,-1,-1
286,631,1626958251636,-1,-1,-1
287,551,1626958252605,-1,-1,-1
288,503,1626958252605,-1,-1,-1
289,583,1626958253579,-1,-1,-1
290,591,1626958254591,-1,-1,-1
291,551,1626958255644,-1,-1,-1
292,495,1626958255645,-1,-1,-1
293,583,1626958256617,-1,-1,-1
294,423,1626958256617,-1,-1,-1
295,623,1626958257593,-1,-1,-1
296,583,1626958257593,-1,-1,-1
297,567,1626958258604,-1,-1,-1
298,503,1626958259579,-1,-1,-1
299,575,1626958259579,-1,-1,-1
300,439,1626958260667,-1,-1,-1
301,655,1626958260667,-1,-1,-1
302,511,1626958261642,-1,-1,-1
303,527,1626958261642,-1,-1,-1
304,551,1626958262616,-1,-1,-1
305,495,1626958262616,-1,-1,-1
306,519,1626958263592,-1,-1,-1
307,727,1626958264602,-1,-1,-1
308,559,1626958266593,-1,-1,-1
309,559,1626958267565,-1,-1,-1
310,527,1626958267565,-1,-1,-1
311,535,1626958268582,-1,-1,-1
312,511,1626958268583,-1,-1,-1
313,591,1626958269591,-1,-1,-1
314,543,1626958269591,-1,-1,-1
315,511,1626958270568,-1,-1,-1
316,583,1626958270568,-1,-1,-1
317,455,1626958271579,-1,-1,-1
318,631,1626958272593,-1,-1,-1
319,599,1626958272593,-1,-1,-1
320,519,1626958273568,-1,-1,-1
321,535,1626958273568,-1,-1,-1
322,479,1626958274580,-1,-1,-1
323,599,1626958274580,-1,-1,-1
324,607,1626958275594,-1,-1,-1
325,495,1626958275594,-1,-1,-1
326,623,1626958276567,-1,-1,-1
327,623,1626958278629,-1,-1,-1
328,543,1626958278629,-1,-1,-1
329,799,1626958279568,-1,-1,-1
330,471,1626958280580,-1,-1,-1
331,815,1626958281594,-1,-1,-1
332,615,1626958283580,-1,-1,-1
333,463,1626958283580,-1,-1,-1
334,607,1626958284591,-1,-1,-1
335,567,1626958284591,-1,-1,-1
336,495,1626958285566,-1,-1,-1
337,599,1626958285566,-1,-1,-1
338,503,1626958286581,-1,-1,-1
339,559,1626958287591,-1,-1,-1
340,567,1626958287591,-1,-1,-1
341,543,1626958288569,-1,-1,-1
342,559,1626958288569,-1,-1,-1
343,551,1626958289580,-1,-1,-1
344,447,1626958289580,-1,-1,-1
345,639,1626958290590,-1,-1,-1
346,551,1626958290590,-1,-1,-1
347,583,1626958291566,-1,-1,-1
348,479,1626958291566,-1,-1,-1
349,631,1626958292579,-1,-1,-1
350,447,1626958293592,-1,-1,-1
351,639,1626958293592,-1,-1,-1
352,543,1626958294570,-1,-1,-1
353,823,1626958295618,-1,-1,-1
354,879,1626958295618,-1,-1,-1
355,455,1626958296591,-1,-1,-1
356,607,1626958297567,-1,-1,-1
357,479,1626958297568,-1,-1,-1
358,631,1626958298582,-1,-1,-1
359,511,1626958298582,-1,-1,-1
360,647,1626958299593,-1,-1,-1
361,455,1626958299593,-1,-1,-1
362,591,1626958300569,-1,-1,-1
363,567,1626958300569,-1,-1,-1
364,599,1626958301581,-1,-1,-1
365,543,1626958302592,-1,-1,-1
366,543,1626958302593,-1,-1,-1
367,543,1626958304581,-1,-1,-1
368,567,1626958304581,-1,-1,-1
369,527,1626958305591,-1,-1,-1
370,567,1626958305591,-1,-1,-1
371,471,1626958306569,-1,-1,-1
372,591,1626958306569,-1,-1,-1
373,559,1626958307580,-1,-1,-1
374,575,1626958308593,-1,-1,-1
375,503,1626958308593,-1,-1,-1
376,559,1626958309566,-1,-1,-1
377,471,1626958309566,-1,-1,-1
378,663,1626958310578,-1,-1,-1
379,551,1626958310578,-1,-1,-1
380,759,1626958311631,-1,-1,-1
381,839,1626958312607,-1,-1,-1
382,495,1626958312607,-1,-1,-1
383,671,1626958313583,-1,-1,-1
384,543,1626958314592,-1,-1,-1
385,535,1626958314592,-1,-1,-1
386,527,1626958315566,-1,-1,-1
387,591,1626958315566,-1,-1,-1
388,471,1626958317594,-1,-1,-1
389,631,1626958317594,-1,-1,-1
390,495,1626958318570,-1,-1,-1
391,639,1626958319583,-1,-1,-1
392,559,1626958321563,-1,-1,-1
393,799,1626958327568,-1,-1,-1
394,647,1626958327568,-1,-1,-1
395,559,1626958328616,-1,-1,-1
396,583,1626958328616,-1,-1,-1
397,439,1626958329592,-1,-1,-1
398,647,1626958330567,-1,-1,-1
399,543,1626958331579,-1,-1,-1
400,599,1626958332595,-1,-1,-1
401,543,1626958332595,-1,-1,-1
402,703,1626958334578,-1,-1,-1
403,471,1626958334578,-1,-1,-1
404,623,1626958335591,-1,-1,-1
405,439,1626958335591,-1,-1,-1
406,591,1626958336566,-1,-1,-1
407,487,1626958338593,-1,-1,-1
408,607,1626958340579,-1,-1,-1
409,527,1626958341591,-1,-1,-1
410,591,1626958341591,-1,-1,-1
411,503,1626958342570,-1,-1,-1
412,647,1626958344631,-1,-1,-1
413,575,1626958344631,-1,-1,-1
414,615,1626958345607,-1,-1,-1
415,503,1626958345607,-1,-1,-1
416,575,1626958346582,-1,-1,-1
417,551,1626958347590,-1,-1,-1
418,583,1626958348569,-1,-1,-1
419,503,1626958349582,-1,-1,-1
420,631,1626958349582,-1,-1,-1
421,575,1626958351570,-1,-1,-1
422,599,1626958351570,-1,-1,-1
423,439,1626958352582,-1,-1,-1
424,599,1626958353590,-1,-1,-1
425,607,1626958354569,-1,-1,-1
426,575,1626958355581,-1,-1,-1
427,479,1626958355581,-1,-1,-1
428,583,1626958356594,-1,-1,-1
429,511,1626958357570,-1,-1,-1
430,615,1626958358581,-1,-1,-1
431,495,1626958358581,-1,-1,-1
432,567,1626958359593,-1,-1,-1
433,463,1626958359593,-1,-1,-1
434,671,1626958360567,-1,-1,-1
435,463,1626958360567,-1,-1,-1
436,559,1626958361620,-1,-1,-1
437,599,1626958365593,-1,-1,-1
438,551,1626958367581,-1,-1,-1
439,447,1626958367581,-1,-1,-1
440,615,1626958368592,-1,-1,-1
441,487,1626958368592,-1,-1,-1
442,671,1626958370581,-1,-1,-1
443,471,1626958371593,-1,-1,-1
444,543,1626958371593,-1,-1,-1
445,511,1626958373580,-1,-1,-1
446,559,1626958374594,-1,-1,-1
447,495,1626958376578,-1,-1,-1
448,543,1626958376578,-1,-1,-1
449,487,1626958378607,-1,-1,-1
450,847,1626958379585,-1,-1,-1
451,519,1626958381567,-1,-1,-1
452,495,1626958382581,-1,-1,-1
453,583,1626958382581,-1,-1,-1
454,671,1626958385582,-1,-1,-1
455,471,1626958385582,-1,-1,-1
456,591,1626958388582,-1,-1,-1
457,527,1626958388582,-1,-1,-1
458,527,1626958390570,-1,-1,-1
459,439,1626958390570,-1,-1,-1
460,583,1626958393568,-1,-1,-1
461,719,1626958396566,-1,-1,-1
462,535,1626958397580,-1,-1,-1
463,615,1626958398593,-1,-1,-1
464,519,1626958399570,-1,-1,-1
465,799,1626958399570,-1,-1,-1
466,647,1626958400582,-1,-1,-1
467,583,1626958401593,-1,-1,-1
468,719,1626958402570,-1,-1,-1
469,447,1626958403582,-1,-1,-1
470,591,1626958403582,-1,-1,-1
471,463,1626958404594,-1,-1,-1
472,631,1626958405570,-1,-1,-1
473,607,1626958408569,-1,-1,-1
474,863,1626958408569,-1,-1,-1
475,631,1626958411608,-1,-1,-1
476,519,1626958411608,-1,-1,-1
477,575,1626958413554,-1,-1,-1
478,487,1626958413554,-1,-1,-1
479,551,1626958414571,-1,-1,-1
480,463,1626958414571,-1,-1,-1
481,527,1626958415582,-1,-1,-1
482,447,1626958415582,-1,-1,-1
483,591,1626958416554,-1,-1,-1
484,471,1626958419554,-1,-1,-1
485,599,1626958421580,-1,-1,-1
486,503,1626958421580,-1,-1,-1
487,511,1626958423569,-1,-1,-1
488,551,1626958425557,-1,-1,-1
489,439,1626958425557,-1,-1,-1
490,591,1626958426570,-1,-1,-1
491,535,1626958426571,-1,-1,-1
492,847,1626958427619,-1,-1,-1
493,519,1626958429570,-1,-1,-1
494,615,1626958430583,-1,-1,-1
495,639,1626958431554,-1,-1,-1
496,511,1626958432570,-1,-1,-1
497,551,1626958433582,-1,-1,-1
498,431,1626958434557,-1,-1,-1
499,591,1626958434557,-1,-1,-1
500,463,1626958435571,-1,-1,-1
501,687,1626958436583,-1,-1,-1
502,447,1626958437557,-1,-1,-1
503,623,1626958437557,-1,-1,-1
504,487,1626958438570,-1,-1,-1
505,607,1626958439582,-1,-1,-1
506,583,1626958440558,-1,-1,-1
507,599,1626958440558,-1,-1,-1
508,431,1626958441568,-1,-1,-1
509,567,1626958441568,-1,-1,-1
510,591,1626958443568,-1,-1,-1
511,591,1626958444607,-1,-1,-1
512,455,1626958444607,-1,-1,-1
513,615,1626958446556,-1,-1,-1
514,479,1626958446556,-1,-1,-1
515,639,1626958449557,-1,-1,-1
516,415,1626958449557,-1,-1,-1
517,759,1626958450572,-1,-1,-1
518,607,1626958452558,-1,-1,-1
519,591,1626958452558,-1,-1,-1
520,543,1626958453570,-1,-1,-1
521,503,1626958453570,-1,-1,-1
522,559,1626958454583,-1,-1,-1
523,503,1626958455557,-1,-1,-1
524,591,1626958458555,-1,-1,-1
525,511,1626958459570,-1,-1,-1
526,551,1626958459570,-1,-1,-1
527,471,1626958460622,-1,-1,-1
528,543,1626958460622,-1,-1,-1
529,431,1626958461595,-1,-1,-1
530,583,1626958461595,-1,-1,-1
531,479,1626958462569,-1,-1,-1
532,615,1626958462569,-1,-1,-1
533,447,1626958463583,-1,-1,-1
534,639,1626958464558,-1,-1,-1
535,519,1626958465569,-1,-1,-1
536,575,1626958465569,-1,-1,-1
537,487,1626958466583,-1,-1,-1
538,623,1626958467555,-1,-1,-1
539,519,1626958469579,-1,-1,-1
540,495,1626958470560,-1,-1,-1
541,527,1626958470560,-1,-1,-1
542,503,1626958471569,-1,-1,-1
543,559,1626958472579,-1,-1,-1
544,487,1626958472579,-1,-1,-1
545,559,1626958473556,-1,-1,-1
546,455,1626958473556,-1,-1,-1
547,519,1626958474573,-1,-1,-1
548,479,1626958474573,-1,-1,-1
549,591,1626958475582,-1,-1,-1
550,479,1626958475582,-1,-1,-1
551,623,1626958478582,-1,-1,-1
552,455,1626958478582,-1,-1,-1
553,655,1626958480571,-1,-1,-1
554,503,1626958480571,-1,-1,-1
555,575,1626958481582,-1,-1,-1
556,543,1626958483570,-1,-1,-1
557,583,1626958484582,-1,-1,-1
558,495,1626958485555,-1,-1,-1
559,535,1626958485555,-1,-1,-1
560,487,1626958486644,-1,-1,-1
561,495,1626958486644,-1,-1,-1
562,559,1626958487581,-1,-1,-1
563,607,1626958487581,-1,-1,-1
564,479,1626958488564,-1,-1,-1
565,439,1626958489569,-1,-1,-1
566,583,1626958490580,-1,-1,-1
567,591,1626958490580,-1,-1,-1
568,503,1626958491556,-1,-1,-1
569,527,1626958491556,-1,-1,-1
570,511,1626958493580,-1,-1,-1
571,575,1626958494592,-1,-1,-1
572,503,1626958494592,-1,-1,-1
573,615,1626958496581,-1,-1,-1
574,503,1626958496581,-1,-1,-1
575,639,1626958499582,-1,-1,-1
576,535,1626958499582,-1,-1,-1
577,551,1626958500558,-1,-1,-1
578,471,1626958500558,-1,-1,-1
579,631,1626958503555,-1,-1,-1
580,415,1626958503555,-1,-1,-1
581,639,1626958504568,-1,-1,-1
582,495,1626958505581,-1,-1,-1
583,551,1626958505581,-1,-1,-1
584,535,1626958507570,-1,-1,-1
585,583,1626958507570,-1,-1,-1
586,511,1626958508584,-1,-1,-1
587,759,1626958509554,-1,-1,-1
588,639,1626958511582,-1,-1,-1
589,591,1626958512558,-1,-1,-1
590,583,1626958512558,-1,-1,-1
591,623,1626958513570,-1,-1,-1
592,503,1626958513570,-1,-1,-1
593,543,1626958514583,-1,-1,-1
594,519,1626958514583,-1,-1,-1
595,567,1626958515556,-1,-1,-1
596,439,1626958515556,-1,-1,-1
597,615,1626958516571,-1,-1,-1
598,543,1626958517583,-1,-1,-1
599,631,1626958517583,-1,-1,-1
600,487,1626958518556,-1,-1,-1
601,671,1626958520583,-1,-1,-1
602,543,1626958521554,-1,-1,-1
603,623,1626958521554,-1,-1,-1
604,463,1626958522571,-1,-1,-1
605,615,1626958523584,-1,-1,-1
606,487,1626958523584,-1,-1,-1
607,575,1626958524559,-1,-1,-1
608,399,1626958524559,-1,-1,-1
609,639,1626958525571,-1,-1,-1
610,535,1626958525571,-1,-1,-1
611,551,1626958526583,-1,-1,-1
612,551,1626958526583,-1,-1,-1
613,567,1626958527595,-1,-1,-1
614,527,1626958527595,-1,-1,-1
615,519,1626958528569,-1,-1,-1
616,535,1626958528569,-1,-1,-1
617,591,1626958529585,-1,-1,-1
618,479,1626958530558,-1,-1,-1
619,559,1626958530559,-1,-1,-1
620,535,1626958531567,-1,-1,-1
621,679,1626958532580,-1,-1,-1
622,671,1626958540576,-1,-1,-1
623,695,1626958541662,-1,-1,-1
624,447,1626958542556,-1,-1,-1
625,487,1626958543610,-1,-1,-1
626,591,1626958544583,-1,-1,-1
627,479,1626958544583,-1,-1,-1
628,575,1626958545557,-1,-1,-1
629,463,1626958545557,-1,-1,-1
630,559,1626958546573,-1,-1,-1
631,479,1626958547585,-1,-1,-1
632,599,1626958548556,-1,-1,-1
633,495,1626958549570,-1,-1,-1
634,567,1626958549570,-1,-1,-1
635,519,1626958551556,-1,-1,-1
636,591,1626958551556,-1,-1,-1
637,487,1626958552570,-1,-1,-1
638,559,1626958552570,-1,-1,-1
639,463,1626958553546,-1,-1,-1
640,463,1626958553546,-1,-1,-1
641,575,1626958554559,-1,-1,-1
642,607,1626958554559,-1,-1,-1
643,471,1626958555571,-1,-1,-1
644,551,1626958556544,-1,-1,-1
645,511,1626958558571,-1,-1,-1
646,663,1626958561570,-1,-1,-1
647,519,1626958561570,-1,-1,-1
648,575,1626958562543,-1,-1,-1
649,415,1626958562543,-1,-1,-1
650,423,1626958564568,-1,-1,-1
651,599,1626958564568,-1,-1,-1
652,575,1626958565547,-1,-1,-1
653,487,1626958565547,-1,-1,-1
654,639,1626958568546,-1,-1,-1
655,519,1626958568546,-1,-1,-1
656,575,1626958569559,-1,-1,-1
657,455,1626958569559,-1,-1,-1
658,591,1626958572558,-1,-1,-1
659,447,1626958573571,-1,-1,-1
660,775,1626958573571,-1,-1,-1
661,639,1626958576609,-1,-1,-1
662,527,1626958577583,-1,-1,-1
663,615,1626958580547,-1,-1,-1
664,511,1626958581559,-1,-1,-1
665,623,1626958582572,-1,-1,-1
666,415,1626958582572,-1,-1,-1
667,631,1626958585571,-1,-1,-1
668,527,1626958585571,-1,-1,-1
669,623,1626958588572,-1,-1,-1
670,511,1626958588572,-1,-1,-1
671,623,1626958589547,-1,-1,-1
672,615,1626958591571,-1,-1,-1
673,551,1626958591571,-1,-1,-1
674,591,1626958592547,-1,-1,-1
675,559,1626958593597,-1,-1,-1
676,599,1626958593597,-1,-1,-1
677,463,1626958594568,-1,-1,-1
678,599,1626958596559,-1,-1,-1
679,471,1626958597568,-1,-1,-1
680,631,1626958599559,-1,-1,-1
681,439,1626958600572,-1,-1,-1
682,599,1626958602559,-1,-1,-1
683,487,1626958603572,-1,-1,-1
684,607,1626958604546,-1,-1,-1
685,455,1626958604546,-1,-1,-1
686,639,1626958607548,-1,-1,-1
687,543,1626958607548,-1,-1,-1
688,583,1626958608560,-1,-1,-1
689,471,1626958608560,-1,-1,-1
690,607,1626958611560,-1,-1,-1
691,447,1626958611560,-1,-1,-1
692,615,1626958614559,-1,-1,-1
693,487,1626958615571,-1,-1,-1
694,823,1626958615571,-1,-1,-1
695,631,1626958620560,-1,-1,-1
696,471,1626958621572,-1,-1,-1
697,839,1626958622546,-1,-1,-1
698,631,1626958624572,-1,-1,-1
699,487,1626958624572,-1,-1,-1
700,647,1626958627571,-1,-1,-1
701,503,1626958627571,-1,-1,-1
702,599,1626958628548,-1,-1,-1
703,447,1626958628548,-1,-1,-1
704,543,1626958633570,-1,-1,-1
705,511,1626958636575,-1,-1,-1
706,559,1626958637558,-1,-1,-1
707,719,1626958638556,-1,-1,-1
708,647,1626958642571,-1,-1,-1
709,471,1626958642571,-1,-1,-1
710,687,1626958643584,-1,-1,-1
711,663,1626958647559,-1,-1,-1
712,511,1626958647559,-1,-1,-1
713,727,1626958648571,-1,-1,-1
714,607,1626958652544,-1,-1,-1
715,551,1626958653556,-1,-1,-1
716,679,1626958654570,-1,-1,-1
717,423,1626958654570,-1,-1,-1
718,815,1626958655545,-1,-1,-1
719,583,1626958657573,-1,-1,-1
720,679,1626958658544,-1,-1,-1
721,855,1626958660572,-1,-1,-1
722,631,1626958660572,-1,-1,-1
723,727,1626958665560,-1,-1,-1
724,567,1626958666570,-1,-1,-1
725,591,1626958670546,-1,-1,-1
726,503,1626958673549,-1,-1,-1
727,447,1626958673549,-1,-1,-1
728,767,1626958674560,-1,-1,-1
729,663,1626958674560,-1,-1,-1
730,471,1626958675572,-1,-1,-1
731,679,1626958677556,-1,-1,-1
732,455,1626958678572,-1,-1,-1
733,615,1626958678572,-1,-1,-1
734,679,1626958681573,-1,-1,-1
735,503,1626958683557,-1,-1,-1
736,591,1626958684571,-1,-1,-1
737,495,1626958684571,-1,-1,-1
738,759,1626958686560,-1,-1,-1
739,495,1626958686561,-1,-1,-1
740,623,1626958690572,-1,-1,-1
741,431,1626958690572,-1,-1,-1
742,679,1626958691548,-1,-1,-1
743,655,1626958692598,-1,-1,-1
744,447,1626958694547,-1,-1,-1
745,535,1626958702535,-1,-1,-1
746,719,1626958703548,-1,-1,-1
747,527,1626958703548,-1,-1,-1
748,743,1626958704560,-1,-1,-1
749,519,1626958707559,-1,-1,-1
750,751,1626958708534,-1,-1,-1
751,615,1626958708534,-1,-1,-1
752,439,1626958713560,-1,-1,-1
753,879,1626958714536,-1,-1,-1
754,559,1626958715548,-1,-1,-1
755,695,1626958715548,-1,-1,-1
756,423,1626958722560,-1,-1,-1
757,823,1626958723535,-1,-1,-1
758,663,1626958725560,-1,-1,-1
759,767,1626958734569,-1,-1,-1
760,583,1626958740558,-1,-1,-1
761,543,1626958741535,-1,-1,-1
762,471,1626958741535,-1,-1,-1
763,559,1626958743560,-1,-1,-1
764,591,1626958743560,-1,-1,-1
765,695,1626958744536,-1,-1,-1
766,599,1626958747535,-1,-1,-1
767,503,1626958748548,-1,-1,-1
768,551,1626958748548,-1,-1,-1
769,591,1626958767557,-1,-1,-1
770,535,1626958775619,-1,-1,-1
771,775,1626958775619,-1,-1,-1
772,623,1626958776558,-1,-1,-1
773,655,1626958777533,-1,-1,-1
774,599,1626958782559,-1,-1,-1
775,591,1626958785561,-1,-1,-1
776,663,1626958786570,-1,-1,-1
777,615,1626958787623,-1,-1,-1
778,663,1626958788563,-1,-1,-1
779,623,1626958789571,-1,-1,-1
780,639,1626958790543,-1,-1,-1
781,631,1626958792533,-1,-1,-1
782,711,1626958792533,-1,-1,-1
783,655,1626958793622,-1,-1,-1
784,655,1626958794631,-1,-1,-1
785,647,1626958794631,-1,-1,-1
786,535,1626958795531,-1,-1,-1
787,663,1626958797558,-1,-1,-1
788,655,1626958798607,-1,-1,-1
789,647,1626958798607,-1,-1,-1
790,695,1626958799548,-1,-1,-1
791,647,1626958800558,-1,-1,-1
792,647,1626958802548,-1,-1,-1
793,703,1626958803563,-1,-1,-1
794,711,1626958804571,-1,-1,-1
795,663,1626958804571,-1,-1,-1
796,679,1626958805620,-1,-1,-1
797,655,1626958806558,-1,-1,-1
798,655,1626958806558,-1,-1,-1
799,743,1626958807532,-1,-1,-1
800,695,1626958808586,-1,-1,-1
801,575,1626958808586,-1,-1,-1
802,695,1626958812560,-1,-1,-1
803,847,1626958813534,-1,-1,-1
804,647,1626958814619,-1,-1,-1
805,711,1626958815631,-1,-1,-1
806,671,1626958815631,-1,-1,-1
807,495,1626958816535,-1,-1,-1
808,679,1626958818559,-1,-1,-1
809,703,1626958819533,-1,-1,-1
810,711,1626958819533,-1,-1,-1
811,679,1626958820547,-1,-1,-1
812,671,1626958821560,-1,-1,-1
813,703,1626958821560,-1,-1,-1
