,RR,Timestamp,SensorContact,errorEstimate,blockerBit
0,799,1626184494005,-1,-1,-1
1,695,1626184494005,-1,-1,-1
2,743,1626184494604,-1,-1,-1
3,831,1626184494604,-1,-1,-1
4,751,1626184495503,-1,-1,-1
5,895,1626184498515,-1,-1,-1
6,903,1626184499516,-1,-1,-1
7,871,1626184500555,-1,-1,-1
8,895,1626184501514,-1,-1,-1
9,591,1626184506556,-1,-1,-1
10,663,1626184507516,-1,-1,-1
11,759,1626184507516,-1,-1,-1
12,1023,1626184508515,-1,-1,-1
13,959,1626184509556,-1,-1,-1
14,871,1626184510515,-1,-1,-1
15,903,1626184511516,-1,-1,-1
16,903,1626184512554,-1,-1,-1
17,959,1626184513515,-1,-1,-1
18,855,1626184514515,-1,-1,-1
19,903,1626184515554,-1,-1,-1
20,719,1626184515554,-1,-1,-1
21,927,1626184516556,-1,-1,-1
22,743,1626184517514,-1,-1,-1
23,719,1626184518554,-1,-1,-1
24,639,1626184518554,-1,-1,-1
25,751,1626184519516,-1,-1,-1
26,735,1626184525516,-1,-1,-1
27,727,1626184528514,-1,-1,-1
28,847,1626184528514,-1,-1,-1
29,879,1626184529515,-1,-1,-1
30,959,1626184530517,-1,-1,-1
31,863,1626184531513,-1,-1,-1
32,743,1626184532514,-1,-1,-1
33,799,1626184533553,-1,-1,-1
34,895,1626184533553,-1,-1,-1
35,719,1626184535516,-1,-1,-1
36,959,1626184537517,-1,-1,-1
37,847,1626184538514,-1,-1,-1
38,887,1626184539510,-1,-1,-1
39,943,1626184540514,-1,-1,-1
40,919,1626184541514,-1,-1,-1
41,743,1626184542515,-1,-1,-1
42,831,1626184543515,-1,-1,-1
43,863,1626184551513,-1,-1,-1
44,559,1626184552513,-1,-1,-1
45,663,1626184554516,-1,-1,-1
46,791,1626184555518,-1,-1,-1
47,671,1626184556517,-1,-1,-1
48,671,1626184556517,-1,-1,-1
49,703,1626184557520,-1,-1,-1
50,791,1626184559513,-1,-1,-1
51,551,1626184560519,-1,-1,-1
52,551,1626184560519,-1,-1,-1
53,823,1626184561512,-1,-1,-1
54,751,1626184564512,-1,-1,-1
55,807,1626184565513,-1,-1,-1
56,695,1626184567513,-1,-1,-1
57,623,1626184567513,-1,-1,-1
58,751,1626184571515,-1,-1,-1
59,791,1626184571515,-1,-1,-1
60,967,1626184572512,-1,-1,-1
61,655,1626184577515,-1,-1,-1
62,815,1626184578516,-1,-1,-1
63,783,1626184579514,-1,-1,-1
64,823,1626184583517,-1,-1,-1
65,783,1626184584520,-1,-1,-1
66,559,1626184584520,-1,-1,-1
67,767,1626184589515,-1,-1,-1
68,631,1626184590515,-1,-1,-1
69,671,1626184595515,-1,-1,-1
70,679,1626184595516,-1,-1,-1
71,711,1626184596516,-1,-1,-1
72,791,1626184597516,-1,-1,-1
73,767,1626184598515,-1,-1,-1
74,703,1626184598515,-1,-1,-1
75,679,1626184599559,-1,-1,-1
76,759,1626184600516,-1,-1,-1
77,695,1626184600516,-1,-1,-1
78,671,1626184601516,-1,-1,-1
79,695,1626184602516,-1,-1,-1
80,703,1626184602517,-1,-1,-1
81,695,1626184603513,-1,-1,-1
82,711,1626184604516,-1,-1,-1
83,751,1626184605518,-1,-1,-1
84,847,1626184605518,-1,-1,-1
85,799,1626184606512,-1,-1,-1
86,503,1626184608513,-1,-1,-1
87,799,1626184609510,-1,-1,-1
88,775,1626184609510,-1,-1,-1
89,751,1626184610516,-1,-1,-1
90,655,1626184611517,-1,-1,-1
91,719,1626184613516,-1,-1,-1
92,767,1626184614513,-1,-1,-1
93,919,1626184615555,-1,-1,-1
94,895,1626184616516,-1,-1,-1
95,551,1626184619513,-1,-1,-1
96,831,1626184621512,-1,-1,-1
97,871,1626184622512,-1,-1,-1
98,871,1626184623514,-1,-1,-1
99,879,1626184624512,-1,-1,-1
100,1000,1626184625513,-1,-1,-1
101,791,1626184626514,-1,-1,-1
102,679,1626184626514,-1,-1,-1
103,719,1626184629514,-1,-1,-1
104,759,1626184630515,-1,-1,-1
105,839,1626184630515,-1,-1,-1
106,887,1626184631516,-1,-1,-1
107,711,1626184634514,-1,-1,-1
108,799,1626184635514,-1,-1,-1
109,847,1626184638510,-1,-1,-1
110,911,1626184639509,-1,-1,-1
111,791,1626184640509,-1,-1,-1
112,935,1626184640509,-1,-1,-1
113,799,1626184647510,-1,-1,-1
114,799,1626184649511,-1,-1,-1
115,783,1626184650511,-1,-1,-1
116,871,1626184651512,-1,-1,-1
117,655,1626184652515,-1,-1,-1
118,847,1626184652515,-1,-1,-1
119,607,1626184655508,-1,-1,-1
120,759,1626184661513,-1,-1,-1
121,783,1626184662514,-1,-1,-1
122,927,1626184665549,-1,-1,-1
123,559,1626184666510,-1,-1,-1
124,767,1626184668509,-1,-1,-1
125,1031,1626184669515,-1,-1,-1
126,1135,1626184670512,-1,-1,-1
127,815,1626184671511,-1,-1,-1
128,879,1626184672512,-1,-1,-1
129,847,1626184672512,-1,-1,-1
130,799,1626184673511,-1,-1,-1
131,767,1626184677511,-1,-1,-1
132,839,1626184679512,-1,-1,-1
133,807,1626184680512,-1,-1,-1
134,759,1626184681553,-1,-1,-1
135,783,1626184686512,-1,-1,-1
136,799,1626184687508,-1,-1,-1
137,815,1626184691511,-1,-1,-1
138,799,1626184692512,-1,-1,-1
139,783,1626184692512,-1,-1,-1
140,767,1626184693515,-1,-1,-1
141,751,1626184694513,-1,-1,-1
142,911,1626184697509,-1,-1,-1
143,847,1626184703513,-1,-1,-1
144,799,1626184704511,-1,-1,-1
145,1063,1626184705512,-1,-1,-1
146,671,1626184706509,-1,-1,-1
147,695,1626184707507,-1,-1,-1
148,1000,1626184708506,-1,-1,-1
149,831,1626184717509,-1,-1,-1
150,735,1626184718509,-1,-1,-1
151,719,1626184718509,-1,-1,-1
152,1079,1626184719509,-1,-1,-1
153,559,1626184720509,-1,-1,-1
154,751,1626184721508,-1,-1,-1
155,871,1626184722509,-1,-1,-1
156,847,1626184722509,-1,-1,-1
157,727,1626184723507,-1,-1,-1
158,879,1626184724507,-1,-1,-1
159,695,1626184725507,-1,-1,-1
160,535,1626184727509,-1,-1,-1
161,927,1626184728508,-1,-1,-1
162,967,1626184729508,-1,-1,-1
163,799,1626184730509,-1,-1,-1
164,703,1626184730509,-1,-1,-1
165,927,1626184731550,-1,-1,-1
166,815,1626184732509,-1,-1,-1
167,951,1626184733510,-1,-1,-1
168,767,1626184734507,-1,-1,-1
169,847,1626184735509,-1,-1,-1
170,903,1626184736508,-1,-1,-1
171,639,1626184736508,-1,-1,-1
172,1119,1626184737508,-1,-1,-1
173,863,1626184738508,-1,-1,-1
174,911,1626184739503,-1,-1,-1
175,879,1626184742511,-1,-1,-1
176,975,1626184744509,-1,-1,-1
177,751,1626184750504,-1,-1,-1
178,927,1626184750504,-1,-1,-1
179,815,1626184751506,-1,-1,-1
180,631,1626184752506,-1,-1,-1
181,1095,1626184753507,-1,-1,-1
182,719,1626184759507,-1,-1,-1
183,831,1626184760507,-1,-1,-1
184,647,1626184760507,-1,-1,-1
185,967,1626184761505,-1,-1,-1
186,751,1626184764544,-1,-1,-1
187,791,1626184765501,-1,-1,-1
188,551,1626184766502,-1,-1,-1
189,1000,1626184767504,-1,-1,-1
190,775,1626184768504,-1,-1,-1
191,607,1626184768504,-1,-1,-1
192,751,1626184771504,-1,-1,-1
193,695,1626184772505,-1,-1,-1
194,647,1626184773504,-1,-1,-1
195,823,1626184773504,-1,-1,-1
196,815,1626184777507,-1,-1,-1
197,775,1626184777507,-1,-1,-1
198,815,1626184778506,-1,-1,-1
199,791,1626184779505,-1,-1,-1
200,607,1626184781502,-1,-1,-1
201,695,1626184782503,-1,-1,-1
202,783,1626184786506,-1,-1,-1
203,751,1626184787507,-1,-1,-1
204,687,1626184787507,-1,-1,-1
205,807,1626184788509,-1,-1,-1
206,687,1626184789512,-1,-1,-1
207,751,1626184796507,-1,-1,-1
208,743,1626184796508,-1,-1,-1
209,695,1626184797548,-1,-1,-1
210,1031,1626184810506,-1,-1,-1
211,639,1626184813547,-1,-1,-1
212,807,1626184814507,-1,-1,-1
213,767,1626184817507,-1,-1,-1
214,719,1626184828502,-1,-1,-1
215,791,1626184831500,-1,-1,-1
216,607,1626184832506,-1,-1,-1
217,991,1626184833503,-1,-1,-1
218,951,1626184839504,-1,-1,-1
219,711,1626184840503,-1,-1,-1
220,751,1626184840503,-1,-1,-1
221,727,1626184841500,-1,-1,-1
222,767,1626184845505,-1,-1,-1
223,823,1626184846545,-1,-1,-1
224,767,1626184847506,-1,-1,-1
225,743,1626184847506,-1,-1,-1
226,767,1626184851505,-1,-1,-1
227,847,1626184851505,-1,-1,-1
228,567,1626184854504,-1,-1,-1
229,983,1626184855505,-1,-1,-1
230,815,1626184857505,-1,-1,-1
231,903,1626184858501,-1,-1,-1
232,727,1626184859504,-1,-1,-1
233,1015,1626184860503,-1,-1,-1
234,591,1626184865504,-1,-1,-1
235,783,1626184866502,-1,-1,-1
236,911,1626184870505,-1,-1,-1
237,607,1626184872503,-1,-1,-1
238,775,1626184873504,-1,-1,-1
239,863,1626184874503,-1,-1,-1
240,831,1626184876505,-1,-1,-1
241,751,1626184877502,-1,-1,-1
242,775,1626184878504,-1,-1,-1
243,911,1626184880501,-1,-1,-1
244,831,1626184881504,-1,-1,-1
245,695,1626184885503,-1,-1,-1
246,919,1626184886503,-1,-1,-1
247,743,1626184887505,-1,-1,-1
248,1007,1626184888506,-1,-1,-1
249,847,1626184890504,-1,-1,-1
250,951,1626184891503,-1,-1,-1
251,1055,1626184892503,-1,-1,-1
252,735,1626184897503,-1,-1,-1
253,911,1626184902506,-1,-1,-1
254,767,1626184903503,-1,-1,-1
255,655,1626184905504,-1,-1,-1
256,679,1626184906503,-1,-1,-1
257,783,1626184906503,-1,-1,-1
258,895,1626184907503,-1,-1,-1
259,743,1626184908501,-1,-1,-1
260,815,1626184909501,-1,-1,-1
261,855,1626184910499,-1,-1,-1
262,719,1626184910499,-1,-1,-1
263,767,1626184911502,-1,-1,-1
264,783,1626184919500,-1,-1,-1
265,799,1626184920501,-1,-1,-1
266,775,1626184920501,-1,-1,-1
267,639,1626184921501,-1,-1,-1
268,847,1626184922502,-1,-1,-1
269,951,1626184927499,-1,-1,-1
270,727,1626184927500,-1,-1,-1
271,759,1626184932500,-1,-1,-1
272,551,1626184936500,-1,-1,-1
273,1023,1626184937498,-1,-1,-1
274,815,1626184938503,-1,-1,-1
275,775,1626184939502,-1,-1,-1
276,583,1626184939502,-1,-1,-1
277,599,1626184944501,-1,-1,-1
278,751,1626184945539,-1,-1,-1
279,543,1626184945539,-1,-1,-1
280,735,1626184946498,-1,-1,-1
281,799,1626184947501,-1,-1,-1
282,719,1626184960498,-1,-1,-1
283,735,1626184961502,-1,-1,-1
284,639,1626184966502,-1,-1,-1
285,503,1626184968501,-1,-1,-1
286,639,1626184969499,-1,-1,-1
287,791,1626184971500,-1,-1,-1
288,567,1626184971500,-1,-1,-1
289,791,1626184972499,-1,-1,-1
290,695,1626184974502,-1,-1,-1
291,687,1626184980501,-1,-1,-1
292,591,1626184983499,-1,-1,-1
293,775,1626184984503,-1,-1,-1
294,783,1626184985499,-1,-1,-1
295,743,1626184991501,-1,-1,-1
296,927,1626185001499,-1,-1,-1
297,887,1626185002498,-1,-1,-1
298,807,1626185005497,-1,-1,-1
299,1079,1626185006500,-1,-1,-1
300,927,1626185008501,-1,-1,-1
301,895,1626185011541,-1,-1,-1
302,791,1626185014500,-1,-1,-1
303,775,1626185017502,-1,-1,-1
304,775,1626185018501,-1,-1,-1
305,927,1626185020500,-1,-1,-1
306,783,1626185021503,-1,-1,-1
307,743,1626185024501,-1,-1,-1
308,807,1626185025499,-1,-1,-1
309,751,1626185026503,-1,-1,-1
310,591,1626185026503,-1,-1,-1
311,751,1626185027500,-1,-1,-1
312,855,1626185032502,-1,-1,-1
313,791,1626185034499,-1,-1,-1
314,711,1626185035501,-1,-1,-1
315,991,1626185036499,-1,-1,-1
316,759,1626185042499,-1,-1,-1
317,775,1626185045502,-1,-1,-1
318,919,1626185047500,-1,-1,-1
319,815,1626185048499,-1,-1,-1
320,823,1626185049498,-1,-1,-1
321,1015,1626185050499,-1,-1,-1
322,687,1626185058497,-1,-1,-1
323,599,1626185061540,-1,-1,-1
324,631,1626185065496,-1,-1,-1
325,983,1626185071497,-1,-1,-1
326,631,1626185072496,-1,-1,-1
327,815,1626185076499,-1,-1,-1
328,679,1626185078498,-1,-1,-1
329,839,1626185079498,-1,-1,-1
330,1023,1626185080500,-1,-1,-1
331,703,1626185087497,-1,-1,-1
332,863,1626185091499,-1,-1,-1
333,607,1626185091499,-1,-1,-1
334,967,1626185092500,-1,-1,-1
335,759,1626185096500,-1,-1,-1
336,919,1626185097501,-1,-1,-1
337,855,1626185098497,-1,-1,-1
338,591,1626185099500,-1,-1,-1
339,623,1626185102500,-1,-1,-1
340,1079,1626185103500,-1,-1,-1
341,791,1626185104500,-1,-1,-1
342,671,1626185104500,-1,-1,-1
343,823,1626185107499,-1,-1,-1
344,799,1626185107500,-1,-1,-1
345,791,1626185108501,-1,-1,-1
346,623,1626185109498,-1,-1,-1
347,679,1626185115498,-1,-1,-1
348,975,1626185116500,-1,-1,-1
349,559,1626185123497,-1,-1,-1
350,975,1626185126500,-1,-1,-1
351,983,1626185127499,-1,-1,-1
352,639,1626185128498,-1,-1,-1
353,903,1626185128499,-1,-1,-1
354,639,1626185129500,-1,-1,-1
355,639,1626185138460,-1,-1,-1
356,823,1626185139459,-1,-1,-1
357,727,1626185140459,-1,-1,-1
358,663,1626185142462,-1,-1,-1
359,919,1626185143461,-1,-1,-1
360,591,1626185145458,-1,-1,-1
361,767,1626185146496,-1,-1,-1
362,759,1626185149459,-1,-1,-1
363,695,1626185150459,-1,-1,-1
364,727,1626185151457,-1,-1,-1
365,783,1626185151457,-1,-1,-1
366,719,1626185152458,-1,-1,-1
367,647,1626185153461,-1,-1,-1
368,743,1626185154459,-1,-1,-1
369,663,1626185154459,-1,-1,-1
370,791,1626185155458,-1,-1,-1
371,743,1626185157460,-1,-1,-1
372,775,1626185163459,-1,-1,-1
373,767,1626185164459,-1,-1,-1
374,839,1626185165460,-1,-1,-1
375,847,1626185165460,-1,-1,-1
376,655,1626185166458,-1,-1,-1
377,967,1626185169458,-1,-1,-1
378,935,1626185170540,-1,-1,-1
379,831,1626185172456,-1,-1,-1
380,919,1626185173460,-1,-1,-1
381,631,1626185176457,-1,-1,-1
382,887,1626185177458,-1,-1,-1
383,791,1626185177458,-1,-1,-1
384,567,1626185180461,-1,-1,-1
385,1047,1626185181459,-1,-1,-1
386,895,1626185185458,-1,-1,-1
387,1023,1626185186459,-1,-1,-1
388,863,1626185188459,-1,-1,-1
389,919,1626185193459,-1,-1,-1
390,863,1626185196460,-1,-1,-1
391,847,1626185197459,-1,-1,-1
392,775,1626185197459,-1,-1,-1
393,863,1626185200459,-1,-1,-1
394,631,1626185200459,-1,-1,-1
395,871,1626185201458,-1,-1,-1
396,791,1626185202459,-1,-1,-1
397,967,1626185203459,-1,-1,-1
398,623,1626185204458,-1,-1,-1
399,735,1626185204458,-1,-1,-1
400,807,1626185207461,-1,-1,-1
401,783,1626185208454,-1,-1,-1
402,919,1626185209458,-1,-1,-1
403,743,1626185210458,-1,-1,-1
404,815,1626185210458,-1,-1,-1
405,783,1626185215457,-1,-1,-1
406,807,1626185216456,-1,-1,-1
407,911,1626185217459,-1,-1,-1
408,831,1626185217459,-1,-1,-1
409,767,1626185220458,-1,-1,-1
410,727,1626185220458,-1,-1,-1
411,791,1626185221460,-1,-1,-1
412,679,1626185222459,-1,-1,-1
413,487,1626185225460,-1,-1,-1
414,935,1626185226458,-1,-1,-1
415,535,1626185229458,-1,-1,-1
416,655,1626185233459,-1,-1,-1
417,783,1626185234459,-1,-1,-1
418,1015,1626185235456,-1,-1,-1
419,751,1626185236459,-1,-1,-1
420,839,1626185237459,-1,-1,-1
421,831,1626185238461,-1,-1,-1
422,623,1626185238461,-1,-1,-1
423,1047,1626185239461,-1,-1,-1
424,959,1626185240459,-1,-1,-1
425,799,1626185241463,-1,-1,-1
426,599,1626185242458,-1,-1,-1
427,855,1626185243461,-1,-1,-1
428,759,1626185250465,-1,-1,-1
429,639,1626185258458,-1,-1,-1
430,815,1626185259465,-1,-1,-1
431,1015,1626185275462,-1,-1,-1
432,847,1626185276460,-1,-1,-1
433,583,1626185276460,-1,-1,-1
434,655,1626185280462,-1,-1,-1
435,831,1626185283453,-1,-1,-1
436,663,1626185286462,-1,-1,-1
437,815,1626185286463,-1,-1,-1
438,727,1626185287461,-1,-1,-1
439,743,1626185288462,-1,-1,-1
440,1047,1626185293457,-1,-1,-1
441,767,1626185294493,-1,-1,-1
442,807,1626185294493,-1,-1,-1
443,879,1626185301462,-1,-1,-1
444,1071,1626185303456,-1,-1,-1
445,815,1626185304460,-1,-1,-1
446,695,1626185305461,-1,-1,-1
447,879,1626185306463,-1,-1,-1
448,655,1626185310502,-1,-1,-1
449,719,1626185315463,-1,-1,-1
450,615,1626185316459,-1,-1,-1
451,871,1626185317455,-1,-1,-1
452,855,1626185318463,-1,-1,-1
453,671,1626185319462,-1,-1,-1
454,903,1626185320461,-1,-1,-1
455,967,1626185327511,-1,-1,-1
456,887,1626185328461,-1,-1,-1
457,807,1626185329462,-1,-1,-1
458,839,1626185330461,-1,-1,-1
459,775,1626185331461,-1,-1,-1
460,895,1626185335461,-1,-1,-1
461,799,1626185336460,-1,-1,-1
462,983,1626185345459,-1,-1,-1
463,775,1626185345459,-1,-1,-1
464,799,1626185346454,-1,-1,-1
465,703,1626185348458,-1,-1,-1
466,791,1626185349456,-1,-1,-1
467,935,1626185351458,-1,-1,-1
468,599,1626185352459,-1,-1,-1
469,631,1626185353459,-1,-1,-1
470,687,1626185357456,-1,-1,-1
471,663,1626185357456,-1,-1,-1
472,727,1626185358458,-1,-1,-1
473,727,1626185359457,-1,-1,-1
474,799,1626185362447,-1,-1,-1
475,775,1626185363457,-1,-1,-1
476,799,1626185364456,-1,-1,-1
477,799,1626185365456,-1,-1,-1
478,791,1626185366455,-1,-1,-1
479,695,1626185366455,-1,-1,-1
480,783,1626185367456,-1,-1,-1
481,719,1626185368457,-1,-1,-1
482,575,1626185368457,-1,-1,-1
483,855,1626185369456,-1,-1,-1
484,951,1626185372455,-1,-1,-1
485,823,1626185372455,-1,-1,-1
486,535,1626185373451,-1,-1,-1
487,903,1626185374454,-1,-1,-1
488,791,1626185375453,-1,-1,-1
489,759,1626185375453,-1,-1,-1
490,679,1626185376496,-1,-1,-1
491,727,1626185377453,-1,-1,-1
492,695,1626185378455,-1,-1,-1
493,719,1626185381455,-1,-1,-1
494,831,1626185381455,-1,-1,-1
495,759,1626185382454,-1,-1,-1
496,767,1626185383457,-1,-1,-1
497,839,1626185384457,-1,-1,-1
498,807,1626185385457,-1,-1,-1
499,583,1626185385457,-1,-1,-1
500,967,1626185388453,-1,-1,-1
501,735,1626185390453,-1,-1,-1
502,703,1626185391453,-1,-1,-1
503,815,1626185392446,-1,-1,-1
504,695,1626185393455,-1,-1,-1
505,719,1626185393455,-1,-1,-1
506,927,1626185394452,-1,-1,-1
507,935,1626185396453,-1,-1,-1
508,567,1626185397452,-1,-1,-1
509,735,1626185397452,-1,-1,-1
510,919,1626185398453,-1,-1,-1
511,503,1626185399451,-1,-1,-1
512,639,1626185399451,-1,-1,-1
513,631,1626185400451,-1,-1,-1
514,887,1626185401454,-1,-1,-1
515,511,1626185402451,-1,-1,-1
516,767,1626185402451,-1,-1,-1
517,831,1626185405451,-1,-1,-1
518,959,1626185406450,-1,-1,-1
519,711,1626185419449,-1,-1,-1
520,887,1626185420450,-1,-1,-1
521,911,1626185421445,-1,-1,-1
522,895,1626185423453,-1,-1,-1
523,567,1626185424448,-1,-1,-1
524,1087,1626185425487,-1,-1,-1
525,943,1626185426447,-1,-1,-1
526,791,1626185427451,-1,-1,-1
527,1079,1626185434449,-1,-1,-1
528,879,1626185436446,-1,-1,-1
529,815,1626185437443,-1,-1,-1
530,911,1626185438448,-1,-1,-1
531,975,1626185439442,-1,-1,-1
532,943,1626185440449,-1,-1,-1
533,671,1626185442486,-1,-1,-1
534,895,1626185446445,-1,-1,-1
535,871,1626185447446,-1,-1,-1
536,951,1626185451450,-1,-1,-1
537,767,1626185456446,-1,-1,-1
538,775,1626185456446,-1,-1,-1
539,895,1626185457447,-1,-1,-1
540,983,1626185459447,-1,-1,-1
541,855,1626185460444,-1,-1,-1
542,775,1626185461443,-1,-1,-1
543,583,1626185467435,-1,-1,-1
544,847,1626185468436,-1,-1,-1
545,1039,1626185469436,-1,-1,-1
