,RR,Timestamp,SensorContact,errorEstimate,blockerBit
0,991,1624047936011,-1,-1,-1
1,943,1624047942957,-1,-1,-1
2,951,1624047943933,-1,-1,-1
3,879,1624047943933,-1,-1,-1
4,1079,1624047946933,-1,-1,-1
5,847,1624047947948,-1,-1,-1
6,903,1624047950949,-1,-1,-1
7,935,1624047951958,-1,-1,-1
8,911,1624047952931,-1,-1,-1
9,919,1624047952931,-1,-1,-1
10,919,1624047953947,-1,-1,-1
11,935,1624047954957,-1,-1,-1
12,911,1624047957959,-1,-1,-1
13,887,1624047958935,-1,-1,-1
14,895,1624047959946,-1,-1,-1
15,871,1624047960957,-1,-1,-1
16,911,1624047961932,-1,-1,-1
17,951,1624047962946,-1,-1,-1
18,935,1624047962946,-1,-1,-1
19,927,1624047963957,-1,-1,-1
20,975,1624047964932,-1,-1,-1
21,911,1624047965945,-1,-1,-1
22,943,1624047966957,-1,-1,-1
23,911,1624047967932,-1,-1,-1
24,975,1624047968944,-1,-1,-1
25,879,1624047969958,-1,-1,-1
26,911,1624047970933,-1,-1,-1
27,1000,1624047971984,-1,-1,-1
28,871,1624047972956,-1,-1,-1
29,719,1624047973933,-1,-1,-1
30,975,1624047983946,-1,-1,-1
31,1000,1624047984957,-1,-1,-1
32,919,1624047985932,-1,-1,-1
33,911,1624047986945,-1,-1,-1
34,927,1624047987956,-1,-1,-1
35,679,1624047992944,-1,-1,-1
36,879,1624047995945,-1,-1,-1
37,879,1624047996956,-1,-1,-1
38,895,1624047997932,-1,-1,-1
39,919,1624047998945,-1,-1,-1
40,839,1624047999957,-1,-1,-1
41,927,1624048000932,-1,-1,-1
42,879,1624048000932,-1,-1,-1
43,847,1624048001944,-1,-1,-1
44,855,1624048002957,-1,-1,-1
45,831,1624048003934,-1,-1,-1
46,895,1624048010943,-1,-1,-1
47,895,1624048011958,-1,-1,-1
48,927,1624048012932,-1,-1,-1
49,871,1624048013944,-1,-1,-1
50,911,1624048014957,-1,-1,-1
51,967,1624048015936,-1,-1,-1
52,799,1624048016945,-1,-1,-1
53,927,1624048018932,-1,-1,-1
54,911,1624048019943,-1,-1,-1
55,935,1624048020961,-1,-1,-1
56,919,1624048021968,-1,-1,-1
57,927,1624048022944,-1,-1,-1
58,935,1624048023960,-1,-1,-1
59,975,1624048024932,-1,-1,-1
60,871,1624048025945,-1,-1,-1
61,983,1624048026956,-1,-1,-1
62,927,1624048027931,-1,-1,-1
63,935,1624048028944,-1,-1,-1
64,991,1624048029956,-1,-1,-1
65,983,1624048034945,-1,-1,-1
66,847,1624048034945,-1,-1,-1
67,967,1624048037982,-1,-1,-1
68,927,1624048038957,-1,-1,-1
69,903,1624048039931,-1,-1,-1
70,1000,1624048040945,-1,-1,-1
71,839,1624048041956,-1,-1,-1
72,967,1624048042934,-1,-1,-1
73,895,1624048043945,-1,-1,-1
74,919,1624048044960,-1,-1,-1
75,895,1624048046009,-1,-1,-1
76,1007,1624048046945,-1,-1,-1
77,919,1624048048932,-1,-1,-1
78,911,1624048049944,-1,-1,-1
79,959,1624048050956,-1,-1,-1
80,991,1624048051933,-1,-1,-1
81,951,1624048053016,-1,-1,-1
82,975,1624048053955,-1,-1,-1
83,1000,1624048054970,-1,-1,-1
84,959,1624048055944,-1,-1,-1
85,983,1624048058942,-1,-1,-1
86,1175,1624048059954,-1,-1,-1
87,967,1624048060931,-1,-1,-1
88,967,1624048063932,-1,-1,-1
89,919,1624048065958,-1,-1,-1
90,887,1624048066935,-1,-1,-1
91,943,1624048067945,-1,-1,-1
92,919,1624048068958,-1,-1,-1
93,967,1624048069931,-1,-1,-1
94,911,1624048070945,-1,-1,-1
95,943,1624048071958,-1,-1,-1
96,927,1624048072932,-1,-1,-1
97,911,1624048074019,-1,-1,-1
98,927,1624048074922,-1,-1,-1
99,935,1624048075932,-1,-1,-1
100,887,1624048076946,-1,-1,-1
101,935,1624048077919,-1,-1,-1
102,935,1624048077919,-1,-1,-1
103,895,1624048078932,-1,-1,-1
104,911,1624048079946,-1,-1,-1
105,871,1624048083925,-1,-1,-1
106,919,1624048084944,-1,-1,-1
107,919,1624048085944,-1,-1,-1
108,935,1624048086920,-1,-1,-1
109,951,1624048087969,-1,-1,-1
110,871,1624048089922,-1,-1,-1
111,935,1624048092924,-1,-1,-1
112,935,1624048094120,-1,-1,-1
113,935,1624048094949,-1,-1,-1
114,927,1624048095923,-1,-1,-1
115,927,1624048096933,-1,-1,-1
116,911,1624048097944,-1,-1,-1
117,927,1624048098920,-1,-1,-1
118,943,1624048099932,-1,-1,-1
119,887,1624048100952,-1,-1,-1
120,983,1624048101919,-1,-1,-1
121,935,1624048102932,-1,-1,-1
122,911,1624048102932,-1,-1,-1
123,951,1624048103945,-1,-1,-1
124,1000,1624048104956,-1,-1,-1
125,983,1624048105933,-1,-1,-1
126,855,1624048106946,-1,-1,-1
127,991,1624048111933,-1,-1,-1
128,975,1624048115945,-1,-1,-1
129,935,1624048116921,-1,-1,-1
130,959,1624048117933,-1,-1,-1
131,655,1624048118944,-1,-1,-1
132,1231,1624048119918,-1,-1,-1
133,911,1624048120970,-1,-1,-1
134,959,1624048121943,-1,-1,-1
135,1007,1624048126931,-1,-1,-1
136,991,1624048129933,-1,-1,-1
137,959,1624048130945,-1,-1,-1
138,967,1624048131919,-1,-1,-1
139,959,1624048132933,-1,-1,-1
140,959,1624048133948,-1,-1,-1
141,1000,1624048134997,-1,-1,-1
142,991,1624048135934,-1,-1,-1
143,983,1624048136943,-1,-1,-1
144,1023,1624048137956,-1,-1,-1
145,671,1624048140921,-1,-1,-1
146,1207,1624048141932,-1,-1,-1
147,943,1624048142946,-1,-1,-1
148,943,1624048143921,-1,-1,-1
149,927,1624048144934,-1,-1,-1
150,911,1624048148945,-1,-1,-1
151,1143,1624048155020,-1,-1,-1
152,711,1624048156002,-1,-1,-1
153,959,1624048156934,-1,-1,-1
154,1007,1624048160944,-1,-1,-1
155,943,1624048161919,-1,-1,-1
156,1000,1624048162934,-1,-1,-1
157,959,1624048163943,-1,-1,-1
158,1000,1624048164920,-1,-1,-1
159,983,1624048165936,-1,-1,-1
160,975,1624048166944,-1,-1,-1
161,983,1624048167919,-1,-1,-1
162,935,1624048167920,-1,-1,-1
163,863,1624048170959,-1,-1,-1
164,1000,1624048171933,-1,-1,-1
165,1000,1624048172946,-1,-1,-1
166,1031,1624048173919,-1,-1,-1
167,879,1624048175007,-1,-1,-1
168,1111,1624048175945,-1,-1,-1
169,919,1624048178944,-1,-1,-1
170,1015,1624048179919,-1,-1,-1
171,1087,1624048180932,-1,-1,-1
172,855,1624048181946,-1,-1,-1
173,983,1624048182921,-1,-1,-1
174,975,1624048183934,-1,-1,-1
175,983,1624048184944,-1,-1,-1
176,911,1624048188920,-1,-1,-1
177,887,1624048189932,-1,-1,-1
178,887,1624048190946,-1,-1,-1
179,847,1624048190946,-1,-1,-1
180,863,1624048191920,-1,-1,-1
181,831,1624048192934,-1,-1,-1
182,903,1624048193946,-1,-1,-1
183,1000,1624048194921,-1,-1,-1
184,1015,1624048196008,-1,-1,-1
185,1015,1624048196981,-1,-1,-1
186,1071,1624048197920,-1,-1,-1
187,1000,1624048198941,-1,-1,-1
188,1000,1624048199943,-1,-1,-1
189,1055,1624048200921,-1,-1,-1
190,1031,1624048201932,-1,-1,-1
191,959,1624048204936,-1,-1,-1
192,959,1624048205907,-1,-1,-1
193,1007,1624048206920,-1,-1,-1
194,1015,1624048207934,-1,-1,-1
195,1000,1624048208908,-1,-1,-1
196,991,1624048209919,-1,-1,-1
197,959,1624048210931,-1,-1,-1
198,1007,1624048211910,-1,-1,-1
199,1151,1624048215998,-1,-1,-1
200,1087,1624048218921,-1,-1,-1
201,1039,1624048219932,-1,-1,-1
202,943,1624048220945,-1,-1,-1
203,1071,1624048221922,-1,-1,-1
204,1031,1624048224919,-1,-1,-1
205,967,1624048225932,-1,-1,-1
206,967,1624048229907,-1,-1,-1
207,1199,1624048232909,-1,-1,-1
208,983,1624048233921,-1,-1,-1
209,1000,1624048234933,-1,-1,-1
210,903,1624048235982,-1,-1,-1
211,1103,1624048236995,-1,-1,-1
212,983,1624048237934,-1,-1,-1
213,1023,1624048238907,-1,-1,-1
214,991,1624048241908,-1,-1,-1
215,911,1624048242920,-1,-1,-1
216,951,1624048245920,-1,-1,-1
217,1000,1624048246933,-1,-1,-1
218,1071,1624048250915,-1,-1,-1
219,1023,1624048251919,-1,-1,-1
220,1000,1624048252934,-1,-1,-1
221,959,1624048253944,-1,-1,-1
222,1000,1624048254920,-1,-1,-1
223,943,1624048257996,-1,-1,-1
224,927,1624048258931,-1,-1,-1
225,951,1624048260919,-1,-1,-1
226,767,1624048261935,-1,-1,-1
227,1199,1624048262907,-1,-1,-1
228,991,1624048263920,-1,-1,-1
229,943,1624048264933,-1,-1,-1
230,1015,1624048265909,-1,-1,-1
231,735,1624048266922,-1,-1,-1
232,1183,1624048267939,-1,-1,-1
233,951,1624048268911,-1,-1,-1
234,1039,1624048269957,-1,-1,-1
235,927,1624048270933,-1,-1,-1
236,919,1624048275920,-1,-1,-1
237,1039,1624048278921,-1,-1,-1
238,839,1624048279933,-1,-1,-1
239,831,1624048280911,-1,-1,-1
240,719,1624048281921,-1,-1,-1
241,1151,1624048284921,-1,-1,-1
242,695,1624048284921,-1,-1,-1
243,1119,1624048285934,-1,-1,-1
244,911,1624048286944,-1,-1,-1
245,943,1624048287922,-1,-1,-1
246,1031,1624048288936,-1,-1,-1
247,1263,1624048293922,-1,-1,-1
248,975,1624048294932,-1,-1,-1
249,983,1624048295912,-1,-1,-1
250,943,1624048296920,-1,-1,-1
251,1047,1624048297934,-1,-1,-1
252,1047,1624048298908,-1,-1,-1
253,1000,1624048299921,-1,-1,-1
254,975,1624048300932,-1,-1,-1
255,951,1624048301907,-1,-1,-1
256,983,1624048302957,-1,-1,-1
257,983,1624048303931,-1,-1,-1
258,839,1624048304908,-1,-1,-1
259,935,1624048308920,-1,-1,-1
260,927,1624048309932,-1,-1,-1
261,943,1624048310909,-1,-1,-1
262,935,1624048310909,-1,-1,-1
263,583,1624048311921,-1,-1,-1
264,967,1624048313909,-1,-1,-1
265,943,1624048314921,-1,-1,-1
266,983,1624048318933,-1,-1,-1
267,1031,1624048322907,-1,-1,-1
268,983,1624048323919,-1,-1,-1
269,967,1624048324936,-1,-1,-1
270,967,1624048328908,-1,-1,-1
271,951,1624048329925,-1,-1,-1
272,943,1624048330931,-1,-1,-1
273,967,1624048331907,-1,-1,-1
274,983,1624048332921,-1,-1,-1
275,943,1624048333933,-1,-1,-1
276,951,1624048334909,-1,-1,-1
277,991,1624048335921,-1,-1,-1
278,991,1624048336935,-1,-1,-1
279,991,1624048337910,-1,-1,-1
280,1031,1624048338998,-1,-1,-1
281,1000,1624048339935,-1,-1,-1
282,983,1624048340908,-1,-1,-1
283,1007,1624048341920,-1,-1,-1
284,967,1624048344923,-1,-1,-1
285,1023,1624048345933,-1,-1,-1
286,671,1624048345933,-1,-1,-1
287,967,1624048351933,-1,-1,-1
288,1071,1624048353921,-1,-1,-1
289,983,1624048357936,-1,-1,-1
290,943,1624048357936,-1,-1,-1
291,983,1624048358946,-1,-1,-1
292,1023,1624048360896,-1,-1,-1
293,1000,1624048361912,-1,-1,-1
294,983,1624048363933,-1,-1,-1
295,959,1624048366897,-1,-1,-1
296,951,1624048367908,-1,-1,-1
297,967,1624048368922,-1,-1,-1
298,903,1624048369934,-1,-1,-1
299,1000,1624048370910,-1,-1,-1
300,951,1624048371922,-1,-1,-1
301,975,1624048372932,-1,-1,-1
302,919,1624048373913,-1,-1,-1
303,959,1624048374920,-1,-1,-1
304,959,1624048375897,-1,-1,-1
305,959,1624048376913,-1,-1,-1
306,951,1624048377923,-1,-1,-1
307,967,1624048378900,-1,-1,-1
308,967,1624048379945,-1,-1,-1
309,935,1624048380921,-1,-1,-1
310,983,1624048384904,-1,-1,-1
311,967,1624048384904,-1,-1,-1
312,791,1624048385947,-1,-1,-1
313,1103,1624048386921,-1,-1,-1
314,967,1624048387900,-1,-1,-1
315,911,1624048388909,-1,-1,-1
316,983,1624048389920,-1,-1,-1
317,807,1624048390900,-1,-1,-1
318,911,1624048394910,-1,-1,-1
319,903,1624048395922,-1,-1,-1
320,919,1624048396898,-1,-1,-1
321,927,1624048397907,-1,-1,-1
322,919,1624048397907,-1,-1,-1
323,695,1624048398923,-1,-1,-1
324,1135,1624048399932,-1,-1,-1
325,935,1624048400909,-1,-1,-1
326,935,1624048401920,-1,-1,-1
327,927,1624048402933,-1,-1,-1
328,919,1624048403907,-1,-1,-1
329,943,1624048406908,-1,-1,-1
330,1239,1624048409907,-1,-1,-1
331,679,1624048409907,-1,-1,-1
332,951,1624048415909,-1,-1,-1
333,911,1624048416927,-1,-1,-1
334,831,1624048417896,-1,-1,-1
335,1079,1624048418947,-1,-1,-1
336,671,1624048420899,-1,-1,-1
337,951,1624048423902,-1,-1,-1
338,1007,1624048424909,-1,-1,-1
339,1007,1624048427910,-1,-1,-1
340,911,1624048428919,-1,-1,-1
341,943,1624048432897,-1,-1,-1
342,911,1624048434921,-1,-1,-1
343,935,1624048435932,-1,-1,-1
344,959,1624048436910,-1,-1,-1
345,967,1624048440995,-1,-1,-1
346,927,1624048441901,-1,-1,-1
347,703,1624048442908,-1,-1,-1
348,1183,1624048443921,-1,-1,-1
349,935,1624048444896,-1,-1,-1
350,927,1624048445908,-1,-1,-1
351,911,1624048446920,-1,-1,-1
352,927,1624048447895,-1,-1,-1
353,615,1624048447895,-1,-1,-1
354,1175,1624048448908,-1,-1,-1
355,879,1624048449921,-1,-1,-1
356,855,1624048450899,-1,-1,-1
357,775,1624048453895,-1,-1,-1
358,1063,1624048459898,-1,-1,-1
359,967,1624048460983,-1,-1,-1
360,943,1624048462327,-1,-1,-1
361,1007,1624048462933,-1,-1,-1
362,1023,1624048463907,-1,-1,-1
363,1015,1624048464919,-1,-1,-1
364,1039,1624048465899,-1,-1,-1
365,1031,1624048466908,-1,-1,-1
366,1007,1624048467921,-1,-1,-1
367,1015,1624048468933,-1,-1,-1
368,1039,1624048469906,-1,-1,-1
369,1015,1624048470920,-1,-1,-1
370,1039,1624048471893,-1,-1,-1
371,1055,1624048472982,-1,-1,-1
372,1047,1624048473917,-1,-1,-1
373,871,1624048474893,-1,-1,-1
374,1151,1624048475905,-1,-1,-1
375,799,1624048476922,-1,-1,-1
376,919,1624048482922,-1,-1,-1
377,935,1624048485921,-1,-1,-1
378,927,1624048486894,-1,-1,-1
379,943,1624048487907,-1,-1,-1
380,935,1624048488919,-1,-1,-1
381,943,1624048488919,-1,-1,-1
382,911,1624048489896,-1,-1,-1
383,943,1624048490907,-1,-1,-1
384,983,1624048491922,-1,-1,-1
385,1000,1624048492897,-1,-1,-1
386,927,1624048493907,-1,-1,-1
387,983,1624048494921,-1,-1,-1
388,1000,1624048495895,-1,-1,-1
389,895,1624048500920,-1,-1,-1
390,983,1624048501932,-1,-1,-1
391,927,1624048507895,-1,-1,-1
392,903,1624048507895,-1,-1,-1
393,911,1624048508910,-1,-1,-1
394,935,1624048511908,-1,-1,-1
395,927,1624048512920,-1,-1,-1
396,935,1624048513938,-1,-1,-1
397,935,1624048514908,-1,-1,-1
398,959,1624048515921,-1,-1,-1
399,943,1624048516894,-1,-1,-1
400,951,1624048517907,-1,-1,-1
401,975,1624048518924,-1,-1,-1
402,975,1624048519894,-1,-1,-1
403,959,1624048520909,-1,-1,-1
404,967,1624048521919,-1,-1,-1
405,855,1624048522898,-1,-1,-1
406,1087,1624048523908,-1,-1,-1
407,975,1624048525896,-1,-1,-1
408,943,1624048526909,-1,-1,-1
409,943,1624048527919,-1,-1,-1
410,1047,1624048528895,-1,-1,-1
411,1007,1624048533920,-1,-1,-1
412,983,1624048534932,-1,-1,-1
413,735,1624048538907,-1,-1,-1
414,775,1624048541907,-1,-1,-1
415,807,1624048542922,-1,-1,-1
416,831,1624048549895,-1,-1,-1
417,911,1624048551920,-1,-1,-1
418,919,1624048552898,-1,-1,-1
419,935,1624048553906,-1,-1,-1
420,951,1624048554919,-1,-1,-1
421,967,1624048555894,-1,-1,-1
422,951,1624048556907,-1,-1,-1
423,951,1624048557919,-1,-1,-1
424,935,1624048558895,-1,-1,-1
425,927,1624048559908,-1,-1,-1
426,943,1624048560883,-1,-1,-1
427,935,1624048561895,-1,-1,-1
428,943,1624048562908,-1,-1,-1
429,935,1624048563882,-1,-1,-1
430,943,1624048564970,-1,-1,-1
431,951,1624048565908,-1,-1,-1
432,983,1624048566884,-1,-1,-1
433,935,1624048567895,-1,-1,-1
434,959,1624048567895,-1,-1,-1
435,1207,1624048569882,-1,-1,-1
436,719,1624048569882,-1,-1,-1
437,959,1624048572883,-1,-1,-1
438,935,1624048573902,-1,-1,-1
439,911,1624048574907,-1,-1,-1
440,935,1624048575886,-1,-1,-1
441,919,1624048576895,-1,-1,-1
442,959,1624048577909,-1,-1,-1
443,943,1624048578883,-1,-1,-1
444,967,1624048579897,-1,-1,-1
445,983,1624048580909,-1,-1,-1
446,1023,1624048581883,-1,-1,-1
447,927,1624048582902,-1,-1,-1
448,959,1624048583910,-1,-1,-1
449,975,1624048584919,-1,-1,-1
450,919,1624048585896,-1,-1,-1
451,1039,1624048586907,-1,-1,-1
452,1023,1624048587882,-1,-1,-1
453,959,1624048588898,-1,-1,-1
454,1007,1624048589911,-1,-1,-1
455,975,1624048590882,-1,-1,-1
456,975,1624048592906,-1,-1,-1
457,927,1624048593885,-1,-1,-1
458,951,1624048594935,-1,-1,-1
459,903,1624048595908,-1,-1,-1
460,927,1624048596882,-1,-1,-1
461,935,1624048597896,-1,-1,-1
462,903,1624048598909,-1,-1,-1
463,911,1624048599884,-1,-1,-1
464,935,1624048600898,-1,-1,-1
465,927,1624048601913,-1,-1,-1
466,943,1624048602882,-1,-1,-1
467,935,1624048603896,-1,-1,-1
468,935,1624048604907,-1,-1,-1
469,935,1624048605888,-1,-1,-1
470,911,1624048605888,-1,-1,-1
471,943,1624048606899,-1,-1,-1
472,959,1624048607906,-1,-1,-1
473,943,1624048608882,-1,-1,-1
474,927,1624048609898,-1,-1,-1
475,951,1624048610908,-1,-1,-1
476,951,1624048611882,-1,-1,-1
477,903,1624048612897,-1,-1,-1
478,927,1624048613906,-1,-1,-1
479,935,1624048614883,-1,-1,-1
480,943,1624048615970,-1,-1,-1
481,935,1624048616907,-1,-1,-1
482,975,1624048617919,-1,-1,-1
483,959,1624048618896,-1,-1,-1
484,975,1624048619908,-1,-1,-1
485,967,1624048620883,-1,-1,-1
486,959,1624048621898,-1,-1,-1
487,967,1624048622907,-1,-1,-1
488,935,1624048627897,-1,-1,-1
489,919,1624048628907,-1,-1,-1
490,879,1624048629885,-1,-1,-1
491,919,1624048630895,-1,-1,-1
492,967,1624048631910,-1,-1,-1
493,903,1624048632885,-1,-1,-1
494,887,1624048633899,-1,-1,-1
495,911,1624048634908,-1,-1,-1
496,847,1624048634908,-1,-1,-1
497,927,1624048635957,-1,-1,-1
498,919,1624048636898,-1,-1,-1
499,879,1624048637909,-1,-1,-1
500,943,1624048638884,-1,-1,-1
501,911,1624048639895,-1,-1,-1
502,903,1624048640908,-1,-1,-1
503,975,1624048641882,-1,-1,-1
504,735,1624048642894,-1,-1,-1
505,863,1624048644883,-1,-1,-1
506,895,1624048645897,-1,-1,-1
507,871,1624048646907,-1,-1,-1
508,895,1624048647883,-1,-1,-1
509,751,1624048650921,-1,-1,-1
510,727,1624048654897,-1,-1,-1
511,783,1624048655908,-1,-1,-1
512,927,1624048658907,-1,-1,-1
513,615,1624048658907,-1,-1,-1
514,607,1624048659884,-1,-1,-1
515,855,1624048662883,-1,-1,-1
516,863,1624048665882,-1,-1,-1
517,839,1624048666896,-1,-1,-1
518,871,1624048667907,-1,-1,-1
519,551,1624048668885,-1,-1,-1
520,895,1624048671882,-1,-1,-1
521,1159,1624048682907,-1,-1,-1
522,839,1624048683920,-1,-1,-1
523,871,1624048684896,-1,-1,-1
524,871,1624048685907,-1,-1,-1
525,895,1624048686883,-1,-1,-1
526,879,1624048686883,-1,-1,-1
527,919,1624048687897,-1,-1,-1
528,951,1624048690895,-1,-1,-1
529,951,1624048691909,-1,-1,-1
530,1023,1624048694906,-1,-1,-1
531,1015,1624048695886,-1,-1,-1
532,1015,1624048696971,-1,-1,-1
533,1007,1624048697945,-1,-1,-1
534,879,1624048698885,-1,-1,-1
535,1023,1624048703909,-1,-1,-1
536,1055,1624048704882,-1,-1,-1
537,1015,1624048708901,-1,-1,-1
538,967,1624048709908,-1,-1,-1
539,959,1624048712908,-1,-1,-1
540,951,1624048712908,-1,-1,-1
541,919,1624048713887,-1,-1,-1
542,847,1624048714893,-1,-1,-1
543,887,1624048718910,-1,-1,-1
544,975,1624048719883,-1,-1,-1
545,975,1624048720897,-1,-1,-1
546,1000,1624048721870,-1,-1,-1
547,959,1624048722886,-1,-1,-1
548,959,1624048723895,-1,-1,-1
549,935,1624048724874,-1,-1,-1
550,967,1624048725886,-1,-1,-1
551,959,1624048726894,-1,-1,-1
552,967,1624048727870,-1,-1,-1
553,1007,1624048728884,-1,-1,-1
554,1015,1624048729896,-1,-1,-1
555,975,1624048730874,-1,-1,-1
556,1055,1624048731884,-1,-1,-1
557,1023,1624048732895,-1,-1,-1
558,1007,1624048733908,-1,-1,-1
559,991,1624048734885,-1,-1,-1
560,975,1624048735900,-1,-1,-1
561,991,1624048736872,-1,-1,-1
562,1031,1624048737887,-1,-1,-1
563,1000,1624048738971,-1,-1,-1
564,983,1624048739874,-1,-1,-1
565,1023,1624048740889,-1,-1,-1
566,983,1624048741897,-1,-1,-1
567,983,1624048742874,-1,-1,-1
568,1031,1624048743889,-1,-1,-1
569,1047,1624048744898,-1,-1,-1
570,1000,1624048745876,-1,-1,-1
571,1007,1624048746887,-1,-1,-1
572,1015,1624048747897,-1,-1,-1
573,1023,1624048748873,-1,-1,-1
574,967,1624048749885,-1,-1,-1
575,983,1624048750897,-1,-1,-1
576,991,1624048751875,-1,-1,-1
577,959,1624048752890,-1,-1,-1
578,1023,1624048753897,-1,-1,-1
579,919,1624048754880,-1,-1,-1
580,1039,1624048755890,-1,-1,-1
581,903,1624048756907,-1,-1,-1
582,951,1624048757873,-1,-1,-1
583,935,1624048758957,-1,-1,-1
584,1015,1624048759974,-1,-1,-1
585,807,1624048759974,-1,-1,-1
586,1007,1624048764881,-1,-1,-1
587,887,1624048771898,-1,-1,-1
588,967,1624048775868,-1,-1,-1
589,847,1624048776882,-1,-1,-1
590,927,1624048777901,-1,-1,-1
591,1000,1624048781870,-1,-1,-1
592,1023,1624048782883,-1,-1,-1
593,839,1624048783896,-1,-1,-1
594,1071,1624048784870,-1,-1,-1
595,1191,1624048787872,-1,-1,-1
596,935,1624048788883,-1,-1,-1
597,1015,1624048789971,-1,-1,-1
598,871,1624048793873,-1,-1,-1
599,847,1624048794883,-1,-1,-1
600,719,1624048795896,-1,-1,-1
601,959,1624048797884,-1,-1,-1
602,1023,1624048798970,-1,-1,-1
603,1007,1624048799907,-1,-1,-1
604,975,1624048800884,-1,-1,-1
605,1000,1624048801895,-1,-1,-1
606,911,1624048802871,-1,-1,-1
607,1095,1624048803884,-1,-1,-1
608,871,1624048804894,-1,-1,-1
609,911,1624048805872,-1,-1,-1
610,727,1624048806884,-1,-1,-1
611,1087,1624048807895,-1,-1,-1
612,959,1624048808870,-1,-1,-1
613,967,1624048809887,-1,-1,-1
614,1000,1624048810895,-1,-1,-1
615,615,1624048812883,-1,-1,-1
616,1039,1624048818960,-1,-1,-1
617,887,1624048825895,-1,-1,-1
618,831,1624048826871,-1,-1,-1
619,935,1624048827882,-1,-1,-1
620,679,1624048827882,-1,-1,-1
621,1007,1624048830885,-1,-1,-1
622,1087,1624048831895,-1,-1,-1
623,1000,1624048832874,-1,-1,-1
624,1047,1624048833882,-1,-1,-1
625,1079,1624048834896,-1,-1,-1
626,655,1624048835871,-1,-1,-1
627,991,1624048837897,-1,-1,-1
628,791,1624048838946,-1,-1,-1
629,927,1624048839885,-1,-1,-1
630,815,1624048844873,-1,-1,-1
631,1000,1624048851884,-1,-1,-1
632,983,1624048852896,-1,-1,-1
633,959,1624048853870,-1,-1,-1
634,983,1624048854890,-1,-1,-1
635,983,1624048855894,-1,-1,-1
636,967,1624048858896,-1,-1,-1
637,983,1624048859868,-1,-1,-1
638,791,1624048862869,-1,-1,-1
639,911,1624048866884,-1,-1,-1
640,903,1624048867895,-1,-1,-1
641,887,1624048868870,-1,-1,-1
642,799,1624048869882,-1,-1,-1
643,1135,1624048872882,-1,-1,-1
644,839,1624048873897,-1,-1,-1
645,1039,1624048874870,-1,-1,-1
646,991,1624048875882,-1,-1,-1
647,887,1624048875882,-1,-1,-1
648,983,1624048876935,-1,-1,-1
649,967,1624048877870,-1,-1,-1
650,991,1624048878882,-1,-1,-1
651,935,1624048879934,-1,-1,-1
652,967,1624048880871,-1,-1,-1
653,1000,1624048881882,-1,-1,-1
654,1007,1624048882897,-1,-1,-1
655,1167,1624048887885,-1,-1,-1
656,1015,1624048890882,-1,-1,-1
657,959,1624048891897,-1,-1,-1
658,983,1624048892872,-1,-1,-1
659,967,1624048893882,-1,-1,-1
660,1000,1624048896883,-1,-1,-1
661,927,1624048899884,-1,-1,-1
662,967,1624048900896,-1,-1,-1
663,959,1624048901871,-1,-1,-1
664,839,1624048903895,-1,-1,-1
665,1119,1624048904870,-1,-1,-1
666,951,1624048905882,-1,-1,-1
667,903,1624048906896,-1,-1,-1
668,967,1624048907871,-1,-1,-1
669,943,1624048908885,-1,-1,-1
670,967,1624048909858,-1,-1,-1
671,975,1624048910869,-1,-1,-1
672,959,1624048911883,-1,-1,-1
673,975,1624048914882,-1,-1,-1
674,959,1624048915896,-1,-1,-1
675,807,1624048916870,-1,-1,-1
676,959,1624048917884,-1,-1,-1
677,1255,1624048918866,-1,-1,-1
678,991,1624048921857,-1,-1,-1
679,935,1624048922870,-1,-1,-1
680,991,1624048923883,-1,-1,-1
681,1023,1624048926883,-1,-1,-1
682,959,1624048927857,-1,-1,-1
683,959,1624048928869,-1,-1,-1
684,1015,1624048929921,-1,-1,-1
685,1063,1624048932886,-1,-1,-1
686,991,1624048933858,-1,-1,-1
687,927,1624048934869,-1,-1,-1
688,983,1624048938885,-1,-1,-1
689,1000,1624048943857,-1,-1,-1
690,927,1624048944871,-1,-1,-1
691,983,1624048947908,-1,-1,-1
692,791,1624048948883,-1,-1,-1
693,1159,1624048949858,-1,-1,-1
694,983,1624048950874,-1,-1,-1
695,975,1624048951883,-1,-1,-1
696,983,1624048952860,-1,-1,-1
697,1215,1624048955860,-1,-1,-1
698,951,1624048956871,-1,-1,-1
699,1000,1624048957959,-1,-1,-1
700,1103,1624048960886,-1,-1,-1
701,991,1624048960886,-1,-1,-1
702,815,1624048963885,-1,-1,-1
703,991,1624048964898,-1,-1,-1
704,1255,1624048967858,-1,-1,-1
705,1175,1624048969883,-1,-1,-1
706,735,1624048971871,-1,-1,-1
707,1231,1624048973858,-1,-1,-1
708,655,1624048973858,-1,-1,-1
709,887,1624048974872,-1,-1,-1
710,1279,1624048978885,-1,-1,-1
711,983,1624048983870,-1,-1,-1
712,975,1624048984884,-1,-1,-1
713,951,1624048984884,-1,-1,-1
714,1031,1624048986871,-1,-1,-1
715,951,1624048986871,-1,-1,-1
716,1047,1624048988858,-1,-1,-1
717,975,1624048988858,-1,-1,-1
718,959,1624048989871,-1,-1,-1
719,951,1624048990884,-1,-1,-1
720,927,1624048991857,-1,-1,-1
721,903,1624048992871,-1,-1,-1
722,903,1624048993884,-1,-1,-1
723,719,1624048994858,-1,-1,-1
724,1239,1624048995871,-1,-1,-1
725,1015,1624049001872,-1,-1,-1
726,1007,1624049002882,-1,-1,-1
727,1007,1624049003858,-1,-1,-1
728,1023,1624049004872,-1,-1,-1
729,1023,1624049005883,-1,-1,-1
730,1015,1624049006862,-1,-1,-1
731,1071,1624049007874,-1,-1,-1
732,879,1624049008883,-1,-1,-1
733,1215,1624049009859,-1,-1,-1
734,1031,1624049010871,-1,-1,-1
735,1039,1624049011882,-1,-1,-1
736,1047,1624049012857,-1,-1,-1
737,1063,1624049013871,-1,-1,-1
738,983,1624049014882,-1,-1,-1
739,815,1624049015857,-1,-1,-1
740,1255,1624049016874,-1,-1,-1
741,695,1624049017961,-1,-1,-1
742,1375,1624049019870,-1,-1,-1
743,1031,1624049020882,-1,-1,-1
744,1231,1624049025870,-1,-1,-1
745,983,1624049026883,-1,-1,-1
746,735,1624049026883,-1,-1,-1
747,991,1624049031870,-1,-1,-1
748,935,1624049032885,-1,-1,-1
749,1031,1624049033858,-1,-1,-1
750,983,1624049034872,-1,-1,-1
751,959,1624049035885,-1,-1,-1
752,991,1624049036857,-1,-1,-1
753,975,1624049040872,-1,-1,-1
754,1007,1624049041883,-1,-1,-1
755,943,1624049042857,-1,-1,-1
756,983,1624049043870,-1,-1,-1
757,807,1624049044883,-1,-1,-1
758,1223,1624049045857,-1,-1,-1
759,679,1624049046872,-1,-1,-1
760,1319,1624049047883,-1,-1,-1
761,1039,1624049048857,-1,-1,-1
762,1119,1624049051862,-1,-1,-1
763,991,1624049052872,-1,-1,-1
764,1007,1624049053846,-1,-1,-1
765,967,1624049054859,-1,-1,-1
766,1311,1624049056849,-1,-1,-1
767,967,1624049058950,-1,-1,-1
768,983,1624049059846,-1,-1,-1
769,991,1624049060862,-1,-1,-1
770,1000,1624049061872,-1,-1,-1
771,959,1624049062851,-1,-1,-1
772,991,1624049063896,-1,-1,-1
773,983,1624049064870,-1,-1,-1
774,1007,1624049065846,-1,-1,-1
775,983,1624049066857,-1,-1,-1
776,1047,1624049067872,-1,-1,-1
777,991,1624049068848,-1,-1,-1
778,1007,1624049069857,-1,-1,-1
779,959,1624049070871,-1,-1,-1
780,1007,1624049071853,-1,-1,-1
781,983,1624049072857,-1,-1,-1
782,991,1624049073870,-1,-1,-1
783,991,1624049074846,-1,-1,-1
784,1039,1624049082874,-1,-1,-1
785,935,1624049083846,-1,-1,-1
786,743,1624049087860,-1,-1,-1
787,895,1624049098884,-1,-1,-1
788,895,1624049099934,-1,-1,-1
789,903,1624049100947,-1,-1,-1
790,855,1624049100947,-1,-1,-1
791,871,1624049101882,-1,-1,-1
792,887,1624049102858,-1,-1,-1
793,887,1624049103872,-1,-1,-1
794,903,1624049104848,-1,-1,-1
795,927,1624049105858,-1,-1,-1
796,951,1624049106870,-1,-1,-1
797,943,1624049107846,-1,-1,-1
798,967,1624049108868,-1,-1,-1
799,975,1624049109871,-1,-1,-1
800,1000,1624049110848,-1,-1,-1
801,983,1624049111858,-1,-1,-1
802,975,1624049112871,-1,-1,-1
803,983,1624049113884,-1,-1,-1
804,1047,1624049114858,-1,-1,-1
805,1047,1624049115871,-1,-1,-1
806,1007,1624049116846,-1,-1,-1
807,1023,1624049117857,-1,-1,-1
808,1031,1624049118870,-1,-1,-1
809,1023,1624049119921,-1,-1,-1
810,1000,1624049120934,-1,-1,-1
811,1015,1624049121872,-1,-1,-1
812,671,1624049123859,-1,-1,-1
813,919,1624049126857,-1,-1,-1
814,911,1624049135858,-1,-1,-1
815,967,1624049136873,-1,-1,-1
816,983,1624049137846,-1,-1,-1
817,1000,1624049138859,-1,-1,-1
818,959,1624049139947,-1,-1,-1
819,1015,1624049140846,-1,-1,-1
820,983,1624049141858,-1,-1,-1
821,975,1624049142874,-1,-1,-1
822,959,1624049143846,-1,-1,-1
823,935,1624049144861,-1,-1,-1
824,943,1624049145875,-1,-1,-1
825,935,1624049146884,-1,-1,-1
826,951,1624049147858,-1,-1,-1
827,935,1624049148872,-1,-1,-1
828,951,1624049149847,-1,-1,-1
829,1000,1624049150858,-1,-1,-1
830,959,1624049151872,-1,-1,-1
831,991,1624049152846,-1,-1,-1
832,887,1624049152846,-1,-1,-1
833,959,1624049153858,-1,-1,-1
834,951,1624049164845,-1,-1,-1
835,951,1624049165857,-1,-1,-1
836,919,1624049166871,-1,-1,-1
837,959,1624049167845,-1,-1,-1
838,959,1624049167845,-1,-1,-1
839,935,1624049168861,-1,-1,-1
840,967,1624049169876,-1,-1,-1
841,911,1624049170846,-1,-1,-1
842,975,1624049171860,-1,-1,-1
843,1031,1624049172872,-1,-1,-1
844,879,1624049175877,-1,-1,-1
845,919,1624049176847,-1,-1,-1
846,943,1624049177859,-1,-1,-1
847,983,1624049178872,-1,-1,-1
848,951,1624049179885,-1,-1,-1
849,879,1624049180862,-1,-1,-1
850,1079,1624049181874,-1,-1,-1
851,863,1624049182845,-1,-1,-1
852,1015,1624049183862,-1,-1,-1
853,767,1624049183862,-1,-1,-1
854,1135,1624049185845,-1,-1,-1
855,967,1624049187872,-1,-1,-1
856,1039,1624049188845,-1,-1,-1
857,1007,1624049189859,-1,-1,-1
858,1000,1624049190870,-1,-1,-1
859,991,1624049191847,-1,-1,-1
860,1023,1624049192859,-1,-1,-1
861,1055,1624049194846,-1,-1,-1
862,975,1624049195860,-1,-1,-1
863,1015,1624049196873,-1,-1,-1
864,1007,1624049197845,-1,-1,-1
865,983,1624049198857,-1,-1,-1
866,983,1624049199870,-1,-1,-1
867,1000,1624049200847,-1,-1,-1
868,1007,1624049201859,-1,-1,-1
869,983,1624049204860,-1,-1,-1
870,927,1624049206845,-1,-1,-1
871,975,1624049207859,-1,-1,-1
872,959,1624049208874,-1,-1,-1
873,991,1624049209845,-1,-1,-1
874,1007,1624049210858,-1,-1,-1
875,967,1624049211871,-1,-1,-1
876,975,1624049212882,-1,-1,-1
877,1007,1624049213860,-1,-1,-1
878,1000,1624049214871,-1,-1,-1
879,975,1624049215846,-1,-1,-1
880,1000,1624049216860,-1,-1,-1
881,959,1624049217873,-1,-1,-1
882,975,1624049218850,-1,-1,-1
883,991,1624049219859,-1,-1,-1
884,1007,1624049220873,-1,-1,-1
885,1271,1624049221845,-1,-1,-1
886,639,1624049222861,-1,-1,-1
887,927,1624049223872,-1,-1,-1
888,951,1624049224849,-1,-1,-1
889,831,1624049225935,-1,-1,-1
890,1223,1624049226872,-1,-1,-1
891,791,1624049227846,-1,-1,-1
892,975,1624049228867,-1,-1,-1
893,959,1624049229873,-1,-1,-1
894,911,1624049232872,-1,-1,-1
895,1175,1624049233845,-1,-1,-1
896,1023,1624049236846,-1,-1,-1
897,991,1624049236846,-1,-1,-1
898,983,1624049237858,-1,-1,-1
899,1007,1624049238873,-1,-1,-1
900,991,1624049239847,-1,-1,-1
901,943,1624049240859,-1,-1,-1
902,1023,1624049241874,-1,-1,-1
903,1015,1624049242849,-1,-1,-1
904,1000,1624049243857,-1,-1,-1
905,1007,1624049244874,-1,-1,-1
906,983,1624049245886,-1,-1,-1
907,983,1624049246858,-1,-1,-1
908,1095,1624049249859,-1,-1,-1
909,1095,1624049250874,-1,-1,-1
910,1231,1624049252859,-1,-1,-1
911,983,1624049254845,-1,-1,-1
912,927,1624049255859,-1,-1,-1
913,919,1624049256874,-1,-1,-1
914,1143,1624049259834,-1,-1,-1
915,919,1624049260884,-1,-1,-1
916,919,1624049261858,-1,-1,-1
917,927,1624049262873,-1,-1,-1
918,919,1624049263846,-1,-1,-1
919,911,1624049264858,-1,-1,-1
920,911,1624049264858,-1,-1,-1
921,951,1624049265833,-1,-1,-1
922,943,1624049266847,-1,-1,-1
923,967,1624049267860,-1,-1,-1
924,975,1624049268833,-1,-1,-1
925,951,1624049269846,-1,-1,-1
926,943,1624049270860,-1,-1,-1
927,903,1624049271833,-1,-1,-1
928,903,1624049272848,-1,-1,-1
929,1255,1624049273858,-1,-1,-1
930,927,1624049277834,-1,-1,-1
931,895,1624049279859,-1,-1,-1
932,847,1624049280834,-1,-1,-1
933,975,1624049281847,-1,-1,-1
934,903,1624049282936,-1,-1,-1
935,887,1624049283833,-1,-1,-1
936,919,1624049284845,-1,-1,-1
937,975,1624049285858,-1,-1,-1
938,991,1624049286835,-1,-1,-1
939,1007,1624049287846,-1,-1,-1
940,983,1624049288859,-1,-1,-1
941,951,1624049289833,-1,-1,-1
942,983,1624049290846,-1,-1,-1
943,991,1624049291860,-1,-1,-1
944,1000,1624049292833,-1,-1,-1
945,983,1624049293846,-1,-1,-1
946,959,1624049294858,-1,-1,-1
947,1000,1624049295871,-1,-1,-1
948,1031,1624049296846,-1,-1,-1
949,1023,1624049297859,-1,-1,-1
950,967,1624049298833,-1,-1,-1
951,943,1624049299847,-1,-1,-1
952,959,1624049300861,-1,-1,-1
953,935,1624049301834,-1,-1,-1
954,967,1624049302847,-1,-1,-1
955,1031,1624049303859,-1,-1,-1
956,967,1624049304834,-1,-1,-1
957,975,1624049305848,-1,-1,-1
958,871,1624049305848,-1,-1,-1
959,951,1624049306861,-1,-1,-1
960,1167,1624049309859,-1,-1,-1
961,967,1624049310834,-1,-1,-1
962,935,1624049320849,-1,-1,-1
963,935,1624049321858,-1,-1,-1
964,991,1624049322836,-1,-1,-1
965,975,1624049323847,-1,-1,-1
966,975,1624049324859,-1,-1,-1
967,1031,1624049325833,-1,-1,-1
968,1047,1624049326847,-1,-1,-1
969,1055,1624049327860,-1,-1,-1
970,1055,1624049328871,-1,-1,-1
971,1015,1624049329849,-1,-1,-1
972,951,1624049332848,-1,-1,-1
973,967,1624049333859,-1,-1,-1
974,975,1624049337834,-1,-1,-1
975,983,1624049338846,-1,-1,-1
976,783,1624049339859,-1,-1,-1
977,1279,1624049340834,-1,-1,-1
978,935,1624049341846,-1,-1,-1
979,967,1624049342859,-1,-1,-1
980,1000,1624049343832,-1,-1,-1
981,1047,1624049344845,-1,-1,-1
982,1071,1624049345860,-1,-1,-1
983,1079,1624049346833,-1,-1,-1
984,1071,1624049347846,-1,-1,-1
985,1039,1624049348858,-1,-1,-1
986,1015,1624049349834,-1,-1,-1
987,1047,1624049350846,-1,-1,-1
988,1087,1624049351858,-1,-1,-1
989,1039,1624049352833,-1,-1,-1
990,1079,1624049353847,-1,-1,-1
991,1023,1624049354858,-1,-1,-1
992,1031,1624049355832,-1,-1,-1
993,1055,1624049356846,-1,-1,-1
994,1031,1624049357860,-1,-1,-1
995,1367,1624049362846,-1,-1,-1
996,1071,1624049365863,-1,-1,-1
997,1031,1624049366859,-1,-1,-1
998,1031,1624049369859,-1,-1,-1
999,959,1624049370834,-1,-1,-1
1000,1007,1624049371849,-1,-1,-1
1001,1031,1624049372860,-1,-1,-1
1002,1031,1624049373834,-1,-1,-1
1003,1000,1624049374845,-1,-1,-1
1004,975,1624049375896,-1,-1,-1
1005,1047,1624049376834,-1,-1,-1
1006,951,1624049377846,-1,-1,-1
1007,951,1624049378860,-1,-1,-1
1008,967,1624049379833,-1,-1,-1
1009,991,1624049380847,-1,-1,-1
1010,967,1624049381858,-1,-1,-1
1011,959,1624049382834,-1,-1,-1
1012,983,1624049383847,-1,-1,-1
1013,991,1624049384859,-1,-1,-1
1014,1000,1624049385833,-1,-1,-1
1015,991,1624049386846,-1,-1,-1
1016,1007,1624049387860,-1,-1,-1
1017,1007,1624049388834,-1,-1,-1
1018,1000,1624049389846,-1,-1,-1
1019,935,1624049390858,-1,-1,-1
1020,1015,1624049391836,-1,-1,-1
1021,911,1624049392846,-1,-1,-1
1022,943,1624049392846,-1,-1,-1
1023,959,1624049393820,-1,-1,-1
1024,951,1624049394833,-1,-1,-1
1025,1000,1624049395846,-1,-1,-1
1026,959,1624049396821,-1,-1,-1
1027,943,1624049397833,-1,-1,-1
1028,935,1624049398848,-1,-1,-1
1029,983,1624049399821,-1,-1,-1
1030,991,1624049400837,-1,-1,-1
1031,975,1624049401847,-1,-1,-1
1032,983,1624049402821,-1,-1,-1
1033,967,1624049403835,-1,-1,-1
1034,1007,1624049407846,-1,-1,-1
1035,1015,1624049408822,-1,-1,-1
1036,1015,1624049414820,-1,-1,-1
1037,975,1624049415834,-1,-1,-1
1038,935,1624049416846,-1,-1,-1
1039,943,1624049419847,-1,-1,-1
1040,903,1624049420820,-1,-1,-1
1041,951,1624049421834,-1,-1,-1
1042,935,1624049426823,-1,-1,-1
1043,959,1624049427837,-1,-1,-1
1044,951,1624049428847,-1,-1,-1
1045,967,1624049429821,-1,-1,-1
1046,943,1624049430835,-1,-1,-1
1047,983,1624049431845,-1,-1,-1
1048,1015,1624049432822,-1,-1,-1
1049,1079,1624049433836,-1,-1,-1
1050,983,1624049434846,-1,-1,-1
1051,1023,1624049435820,-1,-1,-1
1052,1023,1624049436832,-1,-1,-1
1053,1000,1624049437848,-1,-1,-1
1054,1007,1624049438821,-1,-1,-1
1055,1023,1624049439834,-1,-1,-1
1056,1007,1624049440846,-1,-1,-1
1057,983,1624049441822,-1,-1,-1
1058,975,1624049442833,-1,-1,-1
1059,1039,1624049443847,-1,-1,-1
1060,1047,1624049444862,-1,-1,-1
1061,1031,1624049445833,-1,-1,-1
1062,983,1624049446848,-1,-1,-1
1063,1039,1624049447822,-1,-1,-1
1064,1015,1624049448834,-1,-1,-1
1065,1039,1624049449847,-1,-1,-1
1066,1000,1624049450822,-1,-1,-1
1067,983,1624049451834,-1,-1,-1
1068,991,1624049452846,-1,-1,-1
1069,983,1624049453822,-1,-1,-1
1070,975,1624049454835,-1,-1,-1
1071,983,1624049455846,-1,-1,-1
1072,1000,1624049456823,-1,-1,-1
1073,1015,1624049457834,-1,-1,-1
1074,1031,1624049458846,-1,-1,-1
1075,1023,1624049459823,-1,-1,-1
1076,1095,1624049460833,-1,-1,-1
1077,959,1624049461845,-1,-1,-1
1078,1023,1624049462824,-1,-1,-1
1079,1047,1624049464846,-1,-1,-1
1080,1063,1624049465822,-1,-1,-1
1081,1039,1624049466835,-1,-1,-1
1082,1023,1624049467845,-1,-1,-1
1083,1047,1624049468821,-1,-1,-1
1084,1031,1624049469834,-1,-1,-1
1085,1031,1624049470846,-1,-1,-1
1086,1007,1624049471825,-1,-1,-1
1087,1015,1624049472833,-1,-1,-1
1088,1023,1624049473845,-1,-1,-1
1089,991,1624049474821,-1,-1,-1
1090,1007,1624049477859,-1,-1,-1
1091,1039,1624049478834,-1,-1,-1
1092,983,1624049479847,-1,-1,-1
1093,1023,1624049480822,-1,-1,-1
1094,1007,1624049481832,-1,-1,-1
1095,959,1624049482846,-1,-1,-1
1096,959,1624049483822,-1,-1,-1
1097,943,1624049484833,-1,-1,-1
1098,943,1624049485847,-1,-1,-1
1099,983,1624049486822,-1,-1,-1
1100,847,1624049487833,-1,-1,-1
1101,1119,1624049488848,-1,-1,-1
1102,1007,1624049489824,-1,-1,-1
1103,1015,1624049490833,-1,-1,-1
1104,1023,1624049491847,-1,-1,-1
1105,967,1624049492823,-1,-1,-1
1106,983,1624049493833,-1,-1,-1
1107,1007,1624049494845,-1,-1,-1
1108,1015,1624049495820,-1,-1,-1
1109,959,1624049496833,-1,-1,-1
1110,1031,1624049497847,-1,-1,-1
1111,1047,1624049498822,-1,-1,-1
1112,959,1624049499834,-1,-1,-1
1113,1015,1624049500847,-1,-1,-1
1114,1095,1624049501821,-1,-1,-1
1115,935,1624049502832,-1,-1,-1
1116,887,1624049503846,-1,-1,-1
1117,1031,1624049504821,-1,-1,-1
1118,1047,1624049507823,-1,-1,-1
1119,1047,1624049508836,-1,-1,-1
1120,1000,1624049509847,-1,-1,-1
1121,943,1624049510859,-1,-1,-1
1122,975,1624049511834,-1,-1,-1
1123,1023,1624049512847,-1,-1,-1
1124,1055,1624049513822,-1,-1,-1
1125,1039,1624049514833,-1,-1,-1
1126,1151,1624049515846,-1,-1,-1
1127,815,1624049516822,-1,-1,-1
1128,983,1624049517834,-1,-1,-1
1129,919,1624049518846,-1,-1,-1
1130,1103,1624049519822,-1,-1,-1
1131,1015,1624049520835,-1,-1,-1
1132,991,1624049521846,-1,-1,-1
1133,967,1624049522822,-1,-1,-1
1134,991,1624049523833,-1,-1,-1
1135,1000,1624049524848,-1,-1,-1
1136,1000,1624049525821,-1,-1,-1
1137,1007,1624049526834,-1,-1,-1
1138,855,1624049527847,-1,-1,-1
1139,1311,1624049528822,-1,-1,-1
1140,1239,1624049529836,-1,-1,-1
1141,959,1624049532835,-1,-1,-1
1142,943,1624049533847,-1,-1,-1
1143,943,1624049534822,-1,-1,-1
1144,959,1624049535833,-1,-1,-1
1145,967,1624049536846,-1,-1,-1
1146,1071,1624049539848,-1,-1,-1
1147,1039,1624049540822,-1,-1,-1
1148,1015,1624049541833,-1,-1,-1
1149,951,1624049542845,-1,-1,-1
1150,895,1624049543821,-1,-1,-1
1151,879,1624049545846,-1,-1,-1
1152,1031,1624049549820,-1,-1,-1
1153,1047,1624049550836,-1,-1,-1
1154,1031,1624049553834,-1,-1,-1
1155,991,1624049554846,-1,-1,-1
1156,1023,1624049555820,-1,-1,-1
1157,975,1624049558822,-1,-1,-1
1158,1000,1624049559834,-1,-1,-1
1159,983,1624049560846,-1,-1,-1
1160,1055,1624049561822,-1,-1,-1
1161,1055,1624049562834,-1,-1,-1
1162,1047,1624049563846,-1,-1,-1
1163,1055,1624049565833,-1,-1,-1
1164,1007,1624049566846,-1,-1,-1
1165,1023,1624049567821,-1,-1,-1
1166,1023,1624049568834,-1,-1,-1
1167,959,1624049569846,-1,-1,-1
1168,991,1624049570821,-1,-1,-1
1169,1015,1624049571836,-1,-1,-1
1170,967,1624049572846,-1,-1,-1
1171,1015,1624049573821,-1,-1,-1
1172,1015,1624049574835,-1,-1,-1
1173,1023,1624049575846,-1,-1,-1
1174,1031,1624049576821,-1,-1,-1
1175,1031,1624049577834,-1,-1,-1
1176,1031,1624049578847,-1,-1,-1
1177,1000,1624049579822,-1,-1,-1
1178,959,1624049582821,-1,-1,-1
1179,943,1624049583834,-1,-1,-1
1180,943,1624049584847,-1,-1,-1
1181,943,1624049585821,-1,-1,-1
1182,863,1624049585821,-1,-1,-1
1183,951,1624049586834,-1,-1,-1
1184,919,1624049587848,-1,-1,-1
1185,983,1624049588822,-1,-1,-1
1186,935,1624049589833,-1,-1,-1
1187,927,1624049590885,-1,-1,-1
1188,911,1624049591821,-1,-1,-1
1189,919,1624049592835,-1,-1,-1
1190,895,1624049593846,-1,-1,-1
1191,991,1624049594821,-1,-1,-1
1192,951,1624049595833,-1,-1,-1
1193,903,1624049596846,-1,-1,-1
1194,967,1624049597822,-1,-1,-1
1195,887,1624049598835,-1,-1,-1
1196,903,1624049598835,-1,-1,-1
1197,927,1624049599850,-1,-1,-1
1198,943,1624049600823,-1,-1,-1
1199,967,1624049601833,-1,-1,-1
1200,975,1624049602846,-1,-1,-1
1201,967,1624049603823,-1,-1,-1
1202,975,1624049604834,-1,-1,-1
1203,887,1624049605845,-1,-1,-1
1204,1063,1624049606825,-1,-1,-1
1205,951,1624049607834,-1,-1,-1
1206,919,1624049608811,-1,-1,-1
1207,1007,1624049609824,-1,-1,-1
1208,879,1624049610834,-1,-1,-1
1209,903,1624049611809,-1,-1,-1
1210,807,1624049612820,-1,-1,-1
1211,927,1624049615820,-1,-1,-1
1212,943,1624049616835,-1,-1,-1
1213,967,1624049616835,-1,-1,-1
1214,943,1624049617809,-1,-1,-1
1215,975,1624049618821,-1,-1,-1
1216,919,1624049619833,-1,-1,-1
1217,975,1624049620811,-1,-1,-1
1218,967,1624049621821,-1,-1,-1
1219,943,1624049622834,-1,-1,-1
1220,895,1624049623809,-1,-1,-1
1221,1000,1624049624823,-1,-1,-1
1222,951,1624049625836,-1,-1,-1
1223,943,1624049626847,-1,-1,-1
1224,967,1624049627823,-1,-1,-1
1225,919,1624049628834,-1,-1,-1
1226,927,1624049629810,-1,-1,-1
1227,951,1624049630820,-1,-1,-1
1228,831,1624049631833,-1,-1,-1
1229,847,1624049631833,-1,-1,-1
1230,807,1624049632811,-1,-1,-1
1231,815,1624049633821,-1,-1,-1
1232,831,1624049634836,-1,-1,-1
1233,847,1624049635809,-1,-1,-1
1234,943,1624049636823,-1,-1,-1
1235,1063,1624049637834,-1,-1,-1
1236,1023,1624049638809,-1,-1,-1
1237,983,1624049639821,-1,-1,-1
1238,975,1624049640873,-1,-1,-1
1239,927,1624049645858,-1,-1,-1
1240,943,1624049646836,-1,-1,-1
1241,983,1624049647809,-1,-1,-1
1242,1000,1624049648820,-1,-1,-1
1243,1000,1624049649836,-1,-1,-1
1244,991,1624049650809,-1,-1,-1
1245,1000,1624049651820,-1,-1,-1
1246,991,1624049652834,-1,-1,-1
1247,991,1624049653811,-1,-1,-1
1248,983,1624049656810,-1,-1,-1
1249,991,1624049657822,-1,-1,-1
1250,967,1624049658834,-1,-1,-1
1251,975,1624049659808,-1,-1,-1
1252,983,1624049660822,-1,-1,-1
1253,1007,1624049661834,-1,-1,-1
1254,1047,1624049662811,-1,-1,-1
1255,1000,1624049663822,-1,-1,-1
1256,1047,1624049664833,-1,-1,-1
1257,1007,1624049665808,-1,-1,-1
1258,1023,1624049666820,-1,-1,-1
1259,1023,1624049667837,-1,-1,-1
1260,1007,1624049668809,-1,-1,-1
1261,1055,1624049669821,-1,-1,-1
1262,1039,1624049670835,-1,-1,-1
1263,1023,1624049671809,-1,-1,-1
1264,1055,1624049674808,-1,-1,-1
1265,1431,1624049675822,-1,-1,-1
1266,927,1624049676834,-1,-1,-1
1267,983,1624049679833,-1,-1,-1
1268,1007,1624049680808,-1,-1,-1
1269,1039,1624049681821,-1,-1,-1
1270,1015,1624049682835,-1,-1,-1
1271,1023,1624049683808,-1,-1,-1
1272,1031,1624049684821,-1,-1,-1
1273,1007,1624049685834,-1,-1,-1
1274,751,1624049686808,-1,-1,-1
1275,919,1624049689808,-1,-1,-1
1276,879,1624049690821,-1,-1,-1
1277,887,1624049691834,-1,-1,-1
1278,919,1624049692810,-1,-1,-1
1279,799,1624049692810,-1,-1,-1
1280,855,1624049693821,-1,-1,-1
1281,847,1624049694834,-1,-1,-1
1282,839,1624049695808,-1,-1,-1
1283,775,1624049696820,-1,-1,-1
1284,799,1624049697835,-1,-1,-1
1285,847,1624049697835,-1,-1,-1
1286,943,1624049698809,-1,-1,-1
1287,927,1624049699822,-1,-1,-1
1288,631,1624049702820,-1,-1,-1
1289,847,1624049707809,-1,-1,-1
1290,959,1624049708822,-1,-1,-1
1291,983,1624049709833,-1,-1,-1
1292,1047,1624049710809,-1,-1,-1
1293,1031,1624049711822,-1,-1,-1
1294,1023,1624049712834,-1,-1,-1
1295,983,1624049713809,-1,-1,-1
1296,943,1624049714823,-1,-1,-1
1297,871,1624049715834,-1,-1,-1
1298,919,1624049716814,-1,-1,-1
1299,919,1624049717822,-1,-1,-1
1300,895,1624049717822,-1,-1,-1
1301,855,1624049718833,-1,-1,-1
1302,975,1624049719847,-1,-1,-1
1303,959,1624049720821,-1,-1,-1
1304,1007,1624049721834,-1,-1,-1
1305,855,1624049724833,-1,-1,-1
1306,935,1624049725812,-1,-1,-1
1307,919,1624049726820,-1,-1,-1
1308,943,1624049727833,-1,-1,-1
1309,951,1624049728810,-1,-1,-1
1310,959,1624049729821,-1,-1,-1
1311,935,1624049730834,-1,-1,-1
1312,871,1624049731813,-1,-1,-1
1313,1095,1624049732820,-1,-1,-1
1314,887,1624049732820,-1,-1,-1
1315,967,1624049733833,-1,-1,-1
1316,711,1624049734809,-1,-1,-1
1317,1175,1624049735822,-1,-1,-1
1318,983,1624049736835,-1,-1,-1
1319,983,1624049737811,-1,-1,-1
1320,911,1624049738822,-1,-1,-1
1321,983,1624049739874,-1,-1,-1
1322,927,1624049742835,-1,-1,-1
1323,759,1624049743811,-1,-1,-1
1324,1000,1624049750823,-1,-1,-1
1325,927,1624049751795,-1,-1,-1
1326,983,1624049752810,-1,-1,-1
1327,1023,1624049753822,-1,-1,-1
1328,975,1624049754799,-1,-1,-1
1329,991,1624049757799,-1,-1,-1
1330,1087,1624049760801,-1,-1,-1
1331,1047,1624049761812,-1,-1,-1
1332,887,1624049762823,-1,-1,-1
1333,887,1624049763795,-1,-1,-1
1334,1015,1624049769796,-1,-1,-1
1335,943,1624049770809,-1,-1,-1
1336,815,1624049770809,-1,-1,-1
1337,1207,1624049772798,-1,-1,-1
1338,975,1624049773811,-1,-1,-1
1339,991,1624049774823,-1,-1,-1
1340,975,1624049775796,-1,-1,-1
1341,1015,1624049776809,-1,-1,-1
1342,935,1624049777823,-1,-1,-1
1343,1031,1624049778797,-1,-1,-1
1344,1000,1624049779812,-1,-1,-1
1345,959,1624049780823,-1,-1,-1
1346,1023,1624049781796,-1,-1,-1
1347,839,1624049785812,-1,-1,-1
1348,967,1624049786820,-1,-1,-1
1349,951,1624049791810,-1,-1,-1
1350,1007,1624049792821,-1,-1,-1
1351,991,1624049793801,-1,-1,-1
1352,991,1624049794811,-1,-1,-1
1353,815,1624049795822,-1,-1,-1
1354,927,1624049799810,-1,-1,-1
1355,935,1624049802803,-1,-1,-1
1356,975,1624049803812,-1,-1,-1
1357,991,1624049804823,-1,-1,-1
1358,1039,1624049805797,-1,-1,-1
1359,967,1624049806809,-1,-1,-1
1360,927,1624049807820,-1,-1,-1
1361,1000,1624049808796,-1,-1,-1
1362,583,1624049808796,-1,-1,-1
1363,807,1624049810821,-1,-1,-1
1364,855,1624049811796,-1,-1,-1
1365,871,1624049812814,-1,-1,-1
1366,927,1624049813821,-1,-1,-1
1367,1007,1624049814797,-1,-1,-1
1368,1039,1624049815812,-1,-1,-1
1369,1047,1624049816821,-1,-1,-1
1370,1031,1624049817797,-1,-1,-1
1371,1007,1624049818814,-1,-1,-1
1372,1000,1624049819825,-1,-1,-1
1373,1015,1624049822860,-1,-1,-1
1374,975,1624049826798,-1,-1,-1
1375,983,1624049827810,-1,-1,-1
1376,751,1624049828821,-1,-1,-1
1377,1063,1624049831822,-1,-1,-1
1378,975,1624049834822,-1,-1,-1
1379,959,1624049835799,-1,-1,-1
1380,983,1624049836810,-1,-1,-1
1381,1047,1624049837822,-1,-1,-1
