,RR,Timestamp,SensorContact,errorEstimate,blockerBit
0,577,1623248690927,-1,-1,-1
1,582,1623248690927,-1,-1,-1
2,582,1623248690927,-1,-1,-1
3,603,1623248690927,-1,-1,-1
4,615,1623248690927,-1,-1,-1
5,602,1623248691929,-1,-1,-1
6,589,1623248691929,-1,-1,-1
7,601,1623248692882,-1,-1,-1
8,597,1623248692883,-1,-1,-1
9,582,1623248693880,-1,-1,-1
10,584,1623248694883,-1,-1,-1
11,567,1623248694883,-1,-1,-1
12,568,1623248695828,-1,-1,-1
13,569,1623248695828,-1,-1,-1
14,561,1623248696829,-1,-1,-1
15,595,1623248697784,-1,-1,-1
16,603,1623248697784,-1,-1,-1
17,618,1623248698784,-1,-1,-1
18,615,1623248698784,-1,-1,-1
19,605,1623248699735,-1,-1,-1
20,595,1623248700731,-1,-1,-1
21,586,1623248700731,-1,-1,-1
22,570,1623248701684,-1,-1,-1
23,552,1623248701684,-1,-1,-1
24,590,1623248703681,-1,-1,-1
25,1128,1623248703681,-1,-1,-1
26,508,1623248704634,-1,-1,-1
27,550,1623248704634,-1,-1,-1
28,634,1623248705633,-1,-1,-1
29,769,1623248706588,-1,-1,-1
30,807,1623248707585,-1,-1,-1
31,753,1623248707585,-1,-1,-1
32,752,1623248708532,-1,-1,-1
33,742,1623248709529,-1,-1,-1
34,758,1623248710534,-1,-1,-1
35,778,1623248710534,-1,-1,-1
36,663,1623248711478,-1,-1,-1
37,690,1623248712528,-1,-1,-1
38,670,1623248712528,-1,-1,-1
39,616,1623248713429,-1,-1,-1
40,607,1623248714432,-1,-1,-1
41,616,1623248714432,-1,-1,-1
42,1113,1623248715484,-1,-1,-1
43,1120,1623248717378,-1,-1,-1
44,655,1623248717378,-1,-1,-1
45,1002,1623248718330,-1,-1,-1
46,590,1623248720283,-1,-1,-1
47,1279,1623248720283,-1,-1,-1
48,796,1623248721279,-1,-1,-1
49,910,1623248722278,-1,-1,-1
50,732,1623248723236,-1,-1,-1
51,623,1623248723236,-1,-1,-1
52,603,1623248724238,-1,-1,-1
53,585,1623248725234,-1,-1,-1
54,556,1623248725234,-1,-1,-1
55,565,1623248726184,-1,-1,-1
56,569,1623248726184,-1,-1,-1
57,633,1623248727136,-1,-1,-1
58,560,1623248728134,-1,-1,-1
59,449,1623248728134,-1,-1,-1
60,565,1623248729080,-1,-1,-1
61,571,1623248729080,-1,-1,-1
62,534,1623248730087,-1,-1,-1
63,525,1623248730087,-1,-1,-1
64,534,1623248731084,-1,-1,-1
65,548,1623248731084,-1,-1,-1
66,789,1623248732132,-1,-1,-1
67,1288,1623248733983,-1,-1,-1
68,1059,1623248734983,-1,-1,-1
69,503,1623248734983,-1,-1,-1
70,570,1623248735984,-1,-1,-1
71,774,1623248735984,-1,-1,-1
72,599,1623248736936,-1,-1,-1
73,780,1623248737935,-1,-1,-1
74,595,1623248738887,-1,-1,-1
75,793,1623248738887,-1,-1,-1
76,768,1623248739886,-1,-1,-1
77,509,1623248740835,-1,-1,-1
78,1055,1623248741832,-1,-1,-1
79,565,1623248741832,-1,-1,-1
80,561,1623248742833,-1,-1,-1
81,1415,1623248743786,-1,-1,-1
82,1645,1623248745729,-1,-1,-1
83,408,1623248745729,-1,-1,-1
84,801,1623248746737,-1,-1,-1
85,518,1623248747679,-1,-1,-1
86,554,1623248747679,-1,-1,-1
87,551,1623248748684,-1,-1,-1
88,557,1623248748684,-1,-1,-1
89,542,1623248749632,-1,-1,-1
90,553,1623248749632,-1,-1,-1
91,556,1623248750628,-1,-1,-1
92,564,1623248751634,-1,-1,-1
93,579,1623248751634,-1,-1,-1
94,584,1623248752584,-1,-1,-1
95,601,1623248752584,-1,-1,-1
96,585,1623248753582,-1,-1,-1
97,585,1623248754533,-1,-1,-1
98,582,1623248754533,-1,-1,-1
99,578,1623248755581,-1,-1,-1
100,572,1623248755581,-1,-1,-1
101,554,1623248756480,-1,-1,-1
102,558,1623248757484,-1,-1,-1
103,556,1623248757484,-1,-1,-1
104,588,1623248758487,-1,-1,-1
105,602,1623248758487,-1,-1,-1
106,642,1623248759427,-1,-1,-1
107,698,1623248760429,-1,-1,-1
108,692,1623248760429,-1,-1,-1
109,675,1623248761382,-1,-1,-1
110,652,1623248762380,-1,-1,-1
111,650,1623248762380,-1,-1,-1
112,681,1623248763381,-1,-1,-1
113,638,1623248764328,-1,-1,-1
114,621,1623248764328,-1,-1,-1
115,585,1623248765381,-1,-1,-1
116,576,1623248766279,-1,-1,-1
117,582,1623248766279,-1,-1,-1
118,533,1623248767328,-1,-1,-1
119,548,1623248767328,-1,-1,-1
120,547,1623248768238,-1,-1,-1
121,533,1623248768238,-1,-1,-1
122,562,1623248769237,-1,-1,-1
123,570,1623248770184,-1,-1,-1
124,609,1623248770184,-1,-1,-1
125,636,1623248771184,-1,-1,-1
126,729,1623248772182,-1,-1,-1
127,750,1623248772182,-1,-1,-1
128,716,1623248773134,-1,-1,-1
129,713,1623248774133,-1,-1,-1
130,655,1623248775083,-1,-1,-1
131,665,1623248775083,-1,-1,-1
132,623,1623248776085,-1,-1,-1
133,620,1623248776085,-1,-1,-1
134,580,1623248777034,-1,-1,-1
135,588,1623248778035,-1,-1,-1
136,595,1623248778035,-1,-1,-1
137,570,1623248779034,-1,-1,-1
138,611,1623248779985,-1,-1,-1
139,525,1623248779985,-1,-1,-1
140,588,1623248780983,-1,-1,-1
141,563,1623248780983,-1,-1,-1
142,541,1623248781934,-1,-1,-1
143,537,1623248781934,-1,-1,-1
144,527,1623248782934,-1,-1,-1
145,542,1623248782934,-1,-1,-1
146,534,1623248783879,-1,-1,-1
147,575,1623248784880,-1,-1,-1
148,680,1623248784880,-1,-1,-1
149,997,1623248785828,-1,-1,-1
150,873,1623248786830,-1,-1,-1
151,859,1623248787835,-1,-1,-1
152,862,1623248788884,-1,-1,-1
153,815,1623248789783,-1,-1,-1
154,777,1623248790736,-1,-1,-1
155,714,1623248790736,-1,-1,-1
156,684,1623248791733,-1,-1,-1
157,651,1623248792684,-1,-1,-1
158,662,1623248792684,-1,-1,-1
159,625,1623248793684,-1,-1,-1
160,663,1623248794682,-1,-1,-1
161,625,1623248794682,-1,-1,-1
162,648,1623248795707,-1,-1,-1
163,632,1623248796629,-1,-1,-1
164,647,1623248796629,-1,-1,-1
165,613,1623248797579,-1,-1,-1
166,661,1623248798628,-1,-1,-1
167,617,1623248798628,-1,-1,-1
168,603,1623248799580,-1,-1,-1
169,600,1623248799580,-1,-1,-1
170,609,1623248800528,-1,-1,-1
171,594,1623248801528,-1,-1,-1
172,614,1623248801528,-1,-1,-1
173,583,1623248802478,-1,-1,-1
174,616,1623248803528,-1,-1,-1
175,618,1623248803528,-1,-1,-1
176,612,1623248804436,-1,-1,-1
177,613,1623248804436,-1,-1,-1
178,600,1623248805429,-1,-1,-1
179,618,1623248806380,-1,-1,-1
180,605,1623248806380,-1,-1,-1
181,598,1623248807381,-1,-1,-1
182,617,1623248807381,-1,-1,-1
183,606,1623248808378,-1,-1,-1
184,610,1623248809330,-1,-1,-1
185,598,1623248809330,-1,-1,-1
186,606,1623248810328,-1,-1,-1
187,595,1623248811278,-1,-1,-1
188,615,1623248811278,-1,-1,-1
189,615,1623248812281,-1,-1,-1
190,607,1623248813280,-1,-1,-1
191,612,1623248813280,-1,-1,-1
192,602,1623248814279,-1,-1,-1
193,601,1623248814279,-1,-1,-1
194,620,1623248815229,-1,-1,-1
195,605,1623248816183,-1,-1,-1
196,602,1623248816183,-1,-1,-1
197,597,1623248817184,-1,-1,-1
198,600,1623248817184,-1,-1,-1
199,581,1623248818134,-1,-1,-1
200,612,1623248819135,-1,-1,-1
201,566,1623248819135,-1,-1,-1
202,608,1623248820127,-1,-1,-1
203,595,1623248820127,-1,-1,-1
204,592,1623248821085,-1,-1,-1
205,580,1623248822085,-1,-1,-1
206,605,1623248822085,-1,-1,-1
207,589,1623248823034,-1,-1,-1
208,608,1623248823034,-1,-1,-1
209,594,1623248824034,-1,-1,-1
210,602,1623248825028,-1,-1,-1
211,633,1623248825028,-1,-1,-1
212,595,1623248825986,-1,-1,-1
213,600,1623248826984,-1,-1,-1
214,606,1623248826984,-1,-1,-1
215,604,1623248827936,-1,-1,-1
216,603,1623248827936,-1,-1,-1
217,602,1623248828936,-1,-1,-1
218,589,1623248829884,-1,-1,-1
219,611,1623248829884,-1,-1,-1
220,563,1623248830883,-1,-1,-1
221,592,1623248830883,-1,-1,-1
222,582,1623248831884,-1,-1,-1
223,604,1623248832834,-1,-1,-1
224,560,1623248832834,-1,-1,-1
225,591,1623248833828,-1,-1,-1
226,578,1623248833828,-1,-1,-1
227,602,1623248834785,-1,-1,-1
228,625,1623248835784,-1,-1,-1
229,627,1623248835784,-1,-1,-1
230,625,1623248836734,-1,-1,-1
231,615,1623248837783,-1,-1,-1
232,606,1623248837783,-1,-1,-1
233,609,1623248838734,-1,-1,-1
234,582,1623248838734,-1,-1,-1
235,578,1623248839686,-1,-1,-1
236,576,1623248840683,-1,-1,-1
237,575,1623248840683,-1,-1,-1
238,579,1623248841633,-1,-1,-1
239,579,1623248841633,-1,-1,-1
240,563,1623248842630,-1,-1,-1
241,571,1623248843631,-1,-1,-1
242,567,1623248843631,-1,-1,-1
243,594,1623248844579,-1,-1,-1
244,627,1623248844579,-1,-1,-1
245,673,1623248845587,-1,-1,-1
246,899,1623248846528,-1,-1,-1
247,871,1623248847534,-1,-1,-1
248,821,1623248848483,-1,-1,-1
249,783,1623248848483,-1,-1,-1
250,695,1623248849484,-1,-1,-1
251,645,1623248850478,-1,-1,-1
252,639,1623248851430,-1,-1,-1
253,588,1623248851430,-1,-1,-1
254,587,1623248852428,-1,-1,-1
255,569,1623248852428,-1,-1,-1
256,598,1623248853378,-1,-1,-1
257,532,1623248853378,-1,-1,-1
258,555,1623248854379,-1,-1,-1
259,562,1623248855328,-1,-1,-1
260,575,1623248855328,-1,-1,-1
261,702,1623248856328,-1,-1,-1
262,881,1623248857279,-1,-1,-1
263,939,1623248858279,-1,-1,-1
264,908,1623248859279,-1,-1,-1
265,817,1623248860238,-1,-1,-1
266,820,1623248860238,-1,-1,-1
267,751,1623248861234,-1,-1,-1
268,701,1623248862184,-1,-1,-1
269,689,1623248863183,-1,-1,-1
270,659,1623248863183,-1,-1,-1
271,647,1623248864137,-1,-1,-1
272,635,1623248865134,-1,-1,-1
273,645,1623248865134,-1,-1,-1
274,645,1623248866133,-1,-1,-1
275,645,1623248867084,-1,-1,-1
276,655,1623248867084,-1,-1,-1
277,635,1623248868086,-1,-1,-1
278,651,1623248869033,-1,-1,-1
279,618,1623248869033,-1,-1,-1
280,628,1623248870134,-1,-1,-1
281,609,1623248870134,-1,-1,-1
282,606,1623248870984,-1,-1,-1
283,603,1623248871984,-1,-1,-1
284,592,1623248871984,-1,-1,-1
285,609,1623248872984,-1,-1,-1
286,623,1623248873933,-1,-1,-1
287,580,1623248873933,-1,-1,-1
288,581,1623248874935,-1,-1,-1
289,657,1623248875884,-1,-1,-1
290,1044,1623248875884,-1,-1,-1
291,531,1623248876884,-1,-1,-1
292,545,1623248877933,-1,-1,-1
293,554,1623248877933,-1,-1,-1
294,545,1623248878836,-1,-1,-1
295,567,1623248878836,-1,-1,-1
296,576,1623248879838,-1,-1,-1
297,587,1623248879839,-1,-1,-1
298,588,1623248880783,-1,-1,-1
299,589,1623248881784,-1,-1,-1
300,588,1623248881784,-1,-1,-1
301,589,1623248882734,-1,-1,-1
302,581,1623248882734,-1,-1,-1
303,577,1623248883728,-1,-1,-1
304,572,1623248884734,-1,-1,-1
305,568,1623248884734,-1,-1,-1
306,564,1623248885680,-1,-1,-1
307,559,1623248885681,-1,-1,-1
308,554,1623248886686,-1,-1,-1
309,558,1623248886686,-1,-1,-1
310,567,1623248887629,-1,-1,-1
311,587,1623248888634,-1,-1,-1
312,605,1623248888634,-1,-1,-1
313,616,1623248889583,-1,-1,-1
314,620,1623248890578,-1,-1,-1
315,626,1623248890578,-1,-1,-1
316,663,1623248891583,-1,-1,-1
317,663,1623248892529,-1,-1,-1
318,667,1623248892529,-1,-1,-1
319,621,1623248893533,-1,-1,-1
320,619,1623248893533,-1,-1,-1
321,604,1623248894478,-1,-1,-1
322,589,1623248895484,-1,-1,-1
323,581,1623248895484,-1,-1,-1
324,585,1623248896432,-1,-1,-1
325,592,1623248897430,-1,-1,-1
326,606,1623248897430,-1,-1,-1
327,629,1623248898428,-1,-1,-1
328,659,1623248898428,-1,-1,-1
329,680,1623248899378,-1,-1,-1
330,717,1623248900427,-1,-1,-1
331,706,1623248901329,-1,-1,-1
332,700,1623248901329,-1,-1,-1
333,685,1623248902328,-1,-1,-1
334,742,1623248903280,-1,-1,-1
335,1311,1623248904280,-1,-1,-1
336,626,1623248905238,-1,-1,-1
337,678,1623248906237,-1,-1,-1
338,574,1623248906237,-1,-1,-1
339,690,1623248907234,-1,-1,-1
340,611,1623248907234,-1,-1,-1
341,625,1623248908180,-1,-1,-1
342,954,1623248910134,-1,-1,-1
343,1598,1623248911184,-1,-1,-1
344,668,1623248911184,-1,-1,-1
345,599,1623248912087,-1,-1,-1
346,638,1623248913084,-1,-1,-1
347,632,1623248913084,-1,-1,-1
348,628,1623248914084,-1,-1,-1
349,615,1623248914084,-1,-1,-1
350,628,1623248915034,-1,-1,-1
351,1221,1623248916033,-1,-1,-1
352,619,1623248916986,-1,-1,-1
353,739,1623248917984,-1,-1,-1
354,1049,1623248918933,-1,-1,-1
355,574,1623248918933,-1,-1,-1
356,791,1623248920934,-1,-1,-1
357,1538,1623248921883,-1,-1,-1
358,626,1623248921884,-1,-1,-1
359,558,1623248922884,-1,-1,-1
360,578,1623248923833,-1,-1,-1
361,557,1623248923833,-1,-1,-1
362,536,1623248924934,-1,-1,-1
363,750,1623248925780,-1,-1,-1
364,918,1623248925780,-1,-1,-1
365,535,1623248926783,-1,-1,-1
366,549,1623248927781,-1,-1,-1
367,606,1623248927781,-1,-1,-1
368,717,1623248928734,-1,-1,-1
369,779,1623248929836,-1,-1,-1
370,792,1623248930684,-1,-1,-1
371,747,1623248930684,-1,-1,-1
372,742,1623248931683,-1,-1,-1
373,760,1623248932686,-1,-1,-1
374,703,1623248933633,-1,-1,-1
375,668,1623248933633,-1,-1,-1
376,653,1623248934633,-1,-1,-1
377,618,1623248935585,-1,-1,-1
378,600,1623248935585,-1,-1,-1
379,592,1623248936580,-1,-1,-1
380,581,1623248936580,-1,-1,-1
381,581,1623248937530,-1,-1,-1
382,583,1623248938635,-1,-1,-1
383,581,1623248938635,-1,-1,-1
384,595,1623248939530,-1,-1,-1
385,595,1623248939530,-1,-1,-1
386,594,1623248940478,-1,-1,-1
387,609,1623248941479,-1,-1,-1
388,565,1623248941479,-1,-1,-1
389,588,1623248942435,-1,-1,-1
390,579,1623248942435,-1,-1,-1
391,586,1623248943430,-1,-1,-1
392,585,1623248944428,-1,-1,-1
393,591,1623248944428,-1,-1,-1
394,562,1623248945379,-1,-1,-1
395,575,1623248945379,-1,-1,-1
396,581,1623248946378,-1,-1,-1
397,575,1623248946378,-1,-1,-1
398,571,1623248947328,-1,-1,-1
399,557,1623248948327,-1,-1,-1
400,560,1623248948327,-1,-1,-1
401,562,1623248949279,-1,-1,-1
402,548,1623248949279,-1,-1,-1
403,545,1623248950282,-1,-1,-1
404,539,1623248950282,-1,-1,-1
405,546,1623248951236,-1,-1,-1
406,540,1623248952238,-1,-1,-1
407,544,1623248952238,-1,-1,-1
408,539,1623248953237,-1,-1,-1
409,542,1623248953237,-1,-1,-1
410,540,1623248954180,-1,-1,-1
411,546,1623248954180,-1,-1,-1
412,541,1623248955184,-1,-1,-1
413,527,1623248955184,-1,-1,-1
414,549,1623248956128,-1,-1,-1
415,565,1623248957138,-1,-1,-1
416,522,1623248957138,-1,-1,-1
417,568,1623248958086,-1,-1,-1
418,631,1623248958086,-1,-1,-1
419,988,1623248959084,-1,-1,-1
420,610,1623248960078,-1,-1,-1
421,886,1623248961033,-1,-1,-1
422,819,1623248962034,-1,-1,-1
423,506,1623248962034,-1,-1,-1
424,535,1623248962982,-1,-1,-1
425,511,1623248962982,-1,-1,-1
426,600,1623248963978,-1,-1,-1
427,756,1623248964931,-1,-1,-1
428,858,1623248965934,-1,-1,-1
429,838,1623248965935,-1,-1,-1
430,864,1623248966934,-1,-1,-1
431,790,1623248967884,-1,-1,-1
432,790,1623248968933,-1,-1,-1
433,706,1623248969832,-1,-1,-1
434,707,1623248969832,-1,-1,-1
435,643,1623248970834,-1,-1,-1
436,621,1623248971783,-1,-1,-1
437,623,1623248971783,-1,-1,-1
438,627,1623248972784,-1,-1,-1
439,671,1623248973732,-1,-1,-1
440,622,1623248973732,-1,-1,-1
441,651,1623248974734,-1,-1,-1
442,607,1623248975734,-1,-1,-1
443,630,1623248975734,-1,-1,-1
444,632,1623248976684,-1,-1,-1
445,616,1623248976684,-1,-1,-1
446,620,1623248977683,-1,-1,-1
447,633,1623248978635,-1,-1,-1
448,655,1623248978635,-1,-1,-1
449,653,1623248979635,-1,-1,-1
450,645,1623248980637,-1,-1,-1
451,628,1623248980637,-1,-1,-1
452,612,1623248981586,-1,-1,-1
453,643,1623248982584,-1,-1,-1
454,577,1623248982584,-1,-1,-1
455,619,1623248983584,-1,-1,-1
456,629,1623248984529,-1,-1,-1
457,638,1623248984529,-1,-1,-1
458,645,1623248985477,-1,-1,-1
459,632,1623248985477,-1,-1,-1
460,634,1623248986480,-1,-1,-1
461,620,1623248987435,-1,-1,-1
462,659,1623248987436,-1,-1,-1
463,651,1623248988429,-1,-1,-1
464,640,1623248989429,-1,-1,-1
465,641,1623248989429,-1,-1,-1
466,644,1623248990380,-1,-1,-1
467,604,1623248991377,-1,-1,-1
468,607,1623248991377,-1,-1,-1
469,592,1623248992327,-1,-1,-1
470,589,1623248993328,-1,-1,-1
471,593,1623248993328,-1,-1,-1
472,568,1623248994328,-1,-1,-1
473,594,1623248994328,-1,-1,-1
474,593,1623248995277,-1,-1,-1
475,641,1623248996280,-1,-1,-1
476,702,1623248996280,-1,-1,-1
477,682,1623248997231,-1,-1,-1
478,697,1623248998238,-1,-1,-1
479,728,1623248999180,-1,-1,-1
480,679,1623248999180,-1,-1,-1
481,669,1623249000178,-1,-1,-1
482,649,1623249001183,-1,-1,-1
483,663,1623249001183,-1,-1,-1
484,647,1623249002134,-1,-1,-1
485,633,1623249003134,-1,-1,-1
486,641,1623249003134,-1,-1,-1
487,676,1623249004084,-1,-1,-1
488,597,1623249004084,-1,-1,-1
489,652,1623249005082,-1,-1,-1
490,659,1623249006033,-1,-1,-1
491,611,1623249006033,-1,-1,-1
492,625,1623249007033,-1,-1,-1
493,649,1623249007984,-1,-1,-1
494,546,1623249007984,-1,-1,-1
495,606,1623249008986,-1,-1,-1
496,585,1623249009983,-1,-1,-1
497,578,1623249009983,-1,-1,-1
498,580,1623249010933,-1,-1,-1
499,601,1623249010933,-1,-1,-1
500,636,1623249011930,-1,-1,-1
501,699,1623249012883,-1,-1,-1
502,722,1623249012883,-1,-1,-1
503,752,1623249013884,-1,-1,-1
504,747,1623249014834,-1,-1,-1
505,731,1623249015834,-1,-1,-1
506,653,1623249015834,-1,-1,-1
507,734,1623249016886,-1,-1,-1
508,643,1623249017784,-1,-1,-1
509,646,1623249017784,-1,-1,-1
510,593,1623249018784,-1,-1,-1
511,584,1623249019735,-1,-1,-1
512,573,1623249019735,-1,-1,-1
513,579,1623249020734,-1,-1,-1
514,569,1623249020734,-1,-1,-1
515,579,1623249021684,-1,-1,-1
516,595,1623249022684,-1,-1,-1
517,605,1623249022684,-1,-1,-1
518,592,1623249023733,-1,-1,-1
519,587,1623249023733,-1,-1,-1
520,577,1623249024633,-1,-1,-1
521,561,1623249025631,-1,-1,-1
522,564,1623249025631,-1,-1,-1
523,566,1623249026583,-1,-1,-1
524,570,1623249026583,-1,-1,-1
525,556,1623249027584,-1,-1,-1
526,573,1623249027584,-1,-1,-1
527,609,1623249028529,-1,-1,-1
528,657,1623249029529,-1,-1,-1
529,710,1623249030530,-1,-1,-1
530,796,1623249030530,-1,-1,-1
531,801,1623249031477,-1,-1,-1
532,775,1623249032485,-1,-1,-1
533,778,1623249033427,-1,-1,-1
534,772,1623249034428,-1,-1,-1
535,729,1623249034428,-1,-1,-1
536,710,1623249035379,-1,-1,-1
537,672,1623249036380,-1,-1,-1
538,641,1623249036380,-1,-1,-1
539,628,1623249037378,-1,-1,-1
540,608,1623249038327,-1,-1,-1
541,606,1623249038327,-1,-1,-1
542,604,1623249039328,-1,-1,-1
543,600,1623249039328,-1,-1,-1
544,593,1623249040278,-1,-1,-1
545,592,1623249041279,-1,-1,-1
546,595,1623249041279,-1,-1,-1
547,605,1623249042235,-1,-1,-1
548,584,1623249042235,-1,-1,-1
549,585,1623249043237,-1,-1,-1
550,503,1623249044234,-1,-1,-1
551,717,1623249044234,-1,-1,-1
552,614,1623249045184,-1,-1,-1
553,599,1623249046184,-1,-1,-1
554,593,1623249046184,-1,-1,-1
555,564,1623249047133,-1,-1,-1
556,614,1623249047133,-1,-1,-1
557,565,1623249048134,-1,-1,-1
558,582,1623249049079,-1,-1,-1
559,575,1623249049079,-1,-1,-1
560,575,1623249050085,-1,-1,-1
561,576,1623249050085,-1,-1,-1
562,571,1623249051086,-1,-1,-1
563,580,1623249051086,-1,-1,-1
564,563,1623249052034,-1,-1,-1
565,570,1623249053084,-1,-1,-1
566,565,1623249053084,-1,-1,-1
567,562,1623249053983,-1,-1,-1
568,560,1623249053983,-1,-1,-1
569,509,1623249054977,-1,-1,-1
570,351,1623249054977,-1,-1,-1
571,373,1623249055927,-1,-1,-1
572,1086,1623249056984,-1,-1,-1
573,573,1623249056984,-1,-1,-1
574,608,1623249057935,-1,-1,-1
575,578,1623249058884,-1,-1,-1
576,1109,1623249059883,-1,-1,-1
577,583,1623249059883,-1,-1,-1
578,547,1623249060831,-1,-1,-1
579,520,1623249060831,-1,-1,-1
580,1110,1623249062788,-1,-1,-1
581,1602,1623249063787,-1,-1,-1
582,563,1623249064780,-1,-1,-1
583,549,1623249064780,-1,-1,-1
584,543,1623249065733,-1,-1,-1
585,549,1623249065733,-1,-1,-1
586,547,1623249066778,-1,-1,-1
587,544,1623249067684,-1,-1,-1
588,542,1623249067684,-1,-1,-1
589,541,1623249068683,-1,-1,-1
590,538,1623249068683,-1,-1,-1
591,538,1623249069679,-1,-1,-1
592,545,1623249069679,-1,-1,-1
593,551,1623249070728,-1,-1,-1
594,546,1623249070728,-1,-1,-1
595,549,1623249071627,-1,-1,-1
596,896,1623249072578,-1,-1,-1
597,555,1623249072578,-1,-1,-1
598,753,1623249073578,-1,-1,-1
599,1006,1623249074527,-1,-1,-1
600,551,1623249075529,-1,-1,-1
601,535,1623249075529,-1,-1,-1
602,525,1623249076480,-1,-1,-1
603,538,1623249076480,-1,-1,-1
604,540,1623249077534,-1,-1,-1
605,545,1623249078483,-1,-1,-1
606,538,1623249078483,-1,-1,-1
607,552,1623249079430,-1,-1,-1
608,557,1623249079430,-1,-1,-1
609,565,1623249080428,-1,-1,-1
610,566,1623249080428,-1,-1,-1
611,560,1623249081380,-1,-1,-1
612,577,1623249082380,-1,-1,-1
613,567,1623249082380,-1,-1,-1
614,572,1623249083329,-1,-1,-1
615,574,1623249083329,-1,-1,-1
616,577,1623249084327,-1,-1,-1
617,572,1623249085328,-1,-1,-1
618,576,1623249085328,-1,-1,-1
619,571,1623249086328,-1,-1,-1
620,556,1623249086328,-1,-1,-1
621,564,1623249087277,-1,-1,-1
622,566,1623249087277,-1,-1,-1
623,560,1623249088233,-1,-1,-1
624,556,1623249089235,-1,-1,-1
625,564,1623249089235,-1,-1,-1
626,566,1623249090235,-1,-1,-1
627,570,1623249090236,-1,-1,-1
628,581,1623249091184,-1,-1,-1
629,585,1623249091184,-1,-1,-1
630,589,1623249092184,-1,-1,-1
631,586,1623249093133,-1,-1,-1
632,585,1623249093133,-1,-1,-1
633,581,1623249094133,-1,-1,-1
634,575,1623249094133,-1,-1,-1
635,580,1623249095086,-1,-1,-1
636,577,1623249096083,-1,-1,-1
637,580,1623249096083,-1,-1,-1
638,582,1623249097032,-1,-1,-1
639,585,1623249097032,-1,-1,-1
640,585,1623249098033,-1,-1,-1
641,578,1623249099036,-1,-1,-1
642,571,1623249099036,-1,-1,-1
643,578,1623249099983,-1,-1,-1
644,586,1623249099983,-1,-1,-1
645,603,1623249100986,-1,-1,-1
646,567,1623249101935,-1,-1,-1
647,566,1623249101935,-1,-1,-1
648,582,1623249102934,-1,-1,-1
649,575,1623249102934,-1,-1,-1
650,583,1623249103934,-1,-1,-1
651,582,1623249104984,-1,-1,-1
652,582,1623249104984,-1,-1,-1
653,574,1623249105881,-1,-1,-1
654,569,1623249105881,-1,-1,-1
655,561,1623249106829,-1,-1,-1
656,562,1623249106829,-1,-1,-1
657,565,1623249107833,-1,-1,-1
658,565,1623249108783,-1,-1,-1
659,580,1623249108783,-1,-1,-1
660,587,1623249109783,-1,-1,-1
661,600,1623249109784,-1,-1,-1
662,607,1623249110733,-1,-1,-1
663,606,1623249111728,-1,-1,-1
664,605,1623249111728,-1,-1,-1
665,604,1623249112733,-1,-1,-1
666,600,1623249113684,-1,-1,-1
667,595,1623249113684,-1,-1,-1
668,586,1623249114685,-1,-1,-1
669,584,1623249114685,-1,-1,-1
670,587,1623249115634,-1,-1,-1
671,582,1623249116633,-1,-1,-1
672,576,1623249116633,-1,-1,-1
673,593,1623249117579,-1,-1,-1
674,585,1623249117579,-1,-1,-1
675,590,1623249118584,-1,-1,-1
676,606,1623249119584,-1,-1,-1
677,608,1623249119584,-1,-1,-1
678,1077,1623249120528,-1,-1,-1
679,1369,1623249122478,-1,-1,-1
680,618,1623249122478,-1,-1,-1
681,596,1623249123479,-1,-1,-1
682,591,1623249124427,-1,-1,-1
683,596,1623249124427,-1,-1,-1
684,598,1623249125433,-1,-1,-1
685,596,1623249125433,-1,-1,-1
686,593,1623249126427,-1,-1,-1
687,583,1623249127377,-1,-1,-1
688,579,1623249127377,-1,-1,-1
689,583,1623249128380,-1,-1,-1
690,579,1623249128380,-1,-1,-1
691,588,1623249129328,-1,-1,-1
692,590,1623249130327,-1,-1,-1
693,601,1623249130327,-1,-1,-1
694,602,1623249131282,-1,-1,-1
695,608,1623249131282,-1,-1,-1
696,611,1623249132281,-1,-1,-1
697,615,1623249133280,-1,-1,-1
698,1190,1623249134234,-1,-1,-1
699,626,1623249134234,-1,-1,-1
700,625,1623249135236,-1,-1,-1
701,958,1623249136178,-1,-1,-1
702,456,1623249137183,-1,-1,-1
703,575,1623249137183,-1,-1,-1
704,821,1623249138130,-1,-1,-1
705,597,1623249139133,-1,-1,-1
706,533,1623249139133,-1,-1,-1
707,542,1623249140133,-1,-1,-1
708,561,1623249140133,-1,-1,-1
709,559,1623249141133,-1,-1,-1
710,559,1623249141133,-1,-1,-1
711,562,1623249142083,-1,-1,-1
712,566,1623249143033,-1,-1,-1
713,582,1623249143033,-1,-1,-1
714,597,1623249144036,-1,-1,-1
715,604,1623249144036,-1,-1,-1
716,617,1623249144980,-1,-1,-1
717,628,1623249145977,-1,-1,-1
718,631,1623249145977,-1,-1,-1
719,622,1623249146927,-1,-1,-1
720,623,1623249147933,-1,-1,-1
721,618,1623249147933,-1,-1,-1
722,616,1623249148933,-1,-1,-1
723,590,1623249149877,-1,-1,-1
724,606,1623249149877,-1,-1,-1
725,590,1623249150880,-1,-1,-1
726,602,1623249150880,-1,-1,-1
727,610,1623249151829,-1,-1,-1
728,606,1623249152827,-1,-1,-1
729,607,1623249152827,-1,-1,-1
730,620,1623249153778,-1,-1,-1
731,632,1623249153778,-1,-1,-1
732,639,1623249154778,-1,-1,-1
733,649,1623249155777,-1,-1,-1
734,651,1623249155777,-1,-1,-1
735,641,1623249156728,-1,-1,-1
736,633,1623249157728,-1,-1,-1
737,643,1623249157729,-1,-1,-1
738,764,1623249158728,-1,-1,-1
739,488,1623249159679,-1,-1,-1
740,848,1623249160629,-1,-1,-1
741,338,1623249160629,-1,-1,-1
742,643,1623249161630,-1,-1,-1
743,580,1623249161630,-1,-1,-1
744,574,1623249162629,-1,-1,-1
745,591,1623249162629,-1,-1,-1
746,595,1623249163628,-1,-1,-1
747,601,1623249164577,-1,-1,-1
748,607,1623249164577,-1,-1,-1
749,609,1623249165527,-1,-1,-1
750,604,1623249165528,-1,-1,-1
751,606,1623249166528,-1,-1,-1
752,603,1623249167530,-1,-1,-1
753,604,1623249167530,-1,-1,-1
754,603,1623249168482,-1,-1,-1
755,602,1623249169578,-1,-1,-1
756,599,1623249169578,-1,-1,-1
757,602,1623249170427,-1,-1,-1
758,578,1623249170427,-1,-1,-1
759,625,1623249171430,-1,-1,-1
760,593,1623249172432,-1,-1,-1
761,583,1623249172432,-1,-1,-1
762,598,1623249173382,-1,-1,-1
763,613,1623249173382,-1,-1,-1
764,595,1623249174378,-1,-1,-1
765,603,1623249175327,-1,-1,-1
766,598,1623249175327,-1,-1,-1
767,604,1623249176380,-1,-1,-1
768,612,1623249177278,-1,-1,-1
769,614,1623249177278,-1,-1,-1
770,619,1623249178282,-1,-1,-1
771,627,1623249178282,-1,-1,-1
772,658,1623249179281,-1,-1,-1
773,1133,1623249180227,-1,-1,-1
774,1122,1623249181234,-1,-1,-1
775,1474,1623249183183,-1,-1,-1
776,935,1623249184129,-1,-1,-1
777,589,1623249184129,-1,-1,-1
778,542,1623249185133,-1,-1,-1
779,567,1623249186133,-1,-1,-1
780,533,1623249186133,-1,-1,-1
781,551,1623249187084,-1,-1,-1
782,540,1623249187084,-1,-1,-1
783,543,1623249188083,-1,-1,-1
784,579,1623249188083,-1,-1,-1
785,622,1623249189034,-1,-1,-1
786,685,1623249190034,-1,-1,-1
787,743,1623249190977,-1,-1,-1
788,769,1623249190977,-1,-1,-1
789,768,1623249191985,-1,-1,-1
790,765,1623249192934,-1,-1,-1
791,753,1623249193933,-1,-1,-1
792,711,1623249193934,-1,-1,-1
793,666,1623249194932,-1,-1,-1
794,656,1623249195883,-1,-1,-1
795,643,1623249195883,-1,-1,-1
796,639,1623249196884,-1,-1,-1
797,642,1623249197833,-1,-1,-1
798,646,1623249197833,-1,-1,-1
799,646,1623249198834,-1,-1,-1
800,645,1623249199781,-1,-1,-1
801,637,1623249199781,-1,-1,-1
802,639,1623249200782,-1,-1,-1
803,636,1623249201734,-1,-1,-1
804,641,1623249201734,-1,-1,-1
805,648,1623249202784,-1,-1,-1
806,651,1623249203734,-1,-1,-1
807,654,1623249203734,-1,-1,-1
808,652,1623249204683,-1,-1,-1
809,651,1623249205684,-1,-1,-1
810,650,1623249205684,-1,-1,-1
811,633,1623249206627,-1,-1,-1
812,628,1623249207683,-1,-1,-1
813,619,1623249207683,-1,-1,-1
814,609,1623249208579,-1,-1,-1
815,602,1623249208579,-1,-1,-1
816,609,1623249209583,-1,-1,-1
817,612,1623249210582,-1,-1,-1
818,623,1623249210582,-1,-1,-1
819,628,1623249211528,-1,-1,-1
820,635,1623249212528,-1,-1,-1
821,646,1623249212528,-1,-1,-1
822,651,1623249213479,-1,-1,-1
823,641,1623249214481,-1,-1,-1
824,645,1623249214481,-1,-1,-1
825,639,1623249215429,-1,-1,-1
826,639,1623249216427,-1,-1,-1
827,629,1623249216427,-1,-1,-1
828,631,1623249217430,-1,-1,-1
829,630,1623249217430,-1,-1,-1
830,628,1623249218379,-1,-1,-1
831,619,1623249219377,-1,-1,-1
832,619,1623249219377,-1,-1,-1
833,615,1623249220327,-1,-1,-1
834,612,1623249221327,-1,-1,-1
835,613,1623249221327,-1,-1,-1
836,615,1623249222279,-1,-1,-1
837,619,1623249223280,-1,-1,-1
838,618,1623249223280,-1,-1,-1
839,567,1623249224277,-1,-1,-1
840,1148,1623249225233,-1,-1,-1
841,738,1623249226231,-1,-1,-1
842,591,1623249226231,-1,-1,-1
843,555,1623249227183,-1,-1,-1
844,560,1623249227183,-1,-1,-1
845,596,1623249228184,-1,-1,-1
846,590,1623249229128,-1,-1,-1
847,516,1623249229128,-1,-1,-1
848,632,1623249230134,-1,-1,-1
849,559,1623249230134,-1,-1,-1
850,638,1623249231134,-1,-1,-1
851,505,1623249232084,-1,-1,-1
852,607,1623249232084,-1,-1,-1
853,598,1623249233084,-1,-1,-1
854,613,1623249233084,-1,-1,-1
855,648,1623249234033,-1,-1,-1
856,547,1623249235034,-1,-1,-1
857,517,1623249235034,-1,-1,-1
858,702,1623249235983,-1,-1,-1
859,519,1623249235983,-1,-1,-1
860,673,1623249237934,-1,-1,-1
861,1165,1623249237934,-1,-1,-1
862,646,1623249238933,-1,-1,-1
863,630,1623249239933,-1,-1,-1
864,1210,1623249240885,-1,-1,-1
865,601,1623249240885,-1,-1,-1
866,642,1623249241883,-1,-1,-1
867,636,1623249242833,-1,-1,-1
868,556,1623249242833,-1,-1,-1
869,667,1623249243883,-1,-1,-1
870,595,1623249244782,-1,-1,-1
871,681,1623249244783,-1,-1,-1
872,1214,1623249246783,-1,-1,-1
873,628,1623249246783,-1,-1,-1
874,768,1623249247733,-1,-1,-1
875,656,1623249248832,-1,-1,-1
876,670,1623249248832,-1,-1,-1
877,1367,1623249250679,-1,-1,-1
878,625,1623249251628,-1,-1,-1
879,748,1623249251628,-1,-1,-1
880,587,1623249252627,-1,-1,-1
881,663,1623249253633,-1,-1,-1
882,607,1623249253633,-1,-1,-1
883,728,1623249254580,-1,-1,-1
884,628,1623249255584,-1,-1,-1
885,1203,1623249256529,-1,-1,-1
886,613,1623249256529,-1,-1,-1
887,673,1623249257533,-1,-1,-1
888,601,1623249258534,-1,-1,-1
889,673,1623249258534,-1,-1,-1
890,1144,1623249259482,-1,-1,-1
891,1344,1623249261480,-1,-1,-1
892,1259,1623249262428,-1,-1,-1
893,612,1623249263377,-1,-1,-1
894,664,1623249263377,-1,-1,-1
895,560,1623249264377,-1,-1,-1
896,758,1623249265377,-1,-1,-1
897,615,1623249265377,-1,-1,-1
898,642,1623249266328,-1,-1,-1
899,612,1623249267327,-1,-1,-1
900,629,1623249267327,-1,-1,-1
901,609,1623249268282,-1,-1,-1
902,619,1623249269279,-1,-1,-1
903,634,1623249269279,-1,-1,-1
904,607,1623249270231,-1,-1,-1
905,623,1623249270231,-1,-1,-1
906,621,1623249271238,-1,-1,-1
907,621,1623249272236,-1,-1,-1
908,625,1623249272237,-1,-1,-1
909,613,1623249273183,-1,-1,-1
910,619,1623249274186,-1,-1,-1
911,615,1623249274186,-1,-1,-1
912,612,1623249275133,-1,-1,-1
913,608,1623249276133,-1,-1,-1
914,606,1623249276133,-1,-1,-1
915,605,1623249277084,-1,-1,-1
916,609,1623249277084,-1,-1,-1
917,625,1623249278083,-1,-1,-1
918,603,1623249279083,-1,-1,-1
919,615,1623249279083,-1,-1,-1
920,648,1623249280033,-1,-1,-1
921,594,1623249281029,-1,-1,-1
922,616,1623249281029,-1,-1,-1
923,623,1623249281983,-1,-1,-1
924,602,1623249281983,-1,-1,-1
925,599,1623249282983,-1,-1,-1
926,602,1623249283936,-1,-1,-1
927,600,1623249283936,-1,-1,-1
928,595,1623249284934,-1,-1,-1
929,600,1623249285933,-1,-1,-1
930,596,1623249285933,-1,-1,-1
931,615,1623249286886,-1,-1,-1
932,600,1623249287983,-1,-1,-1
933,551,1623249287984,-1,-1,-1
934,561,1623249287984,-1,-1,-1
935,583,1623249288831,-1,-1,-1
936,601,1623249289833,-1,-1,-1
937,625,1623249289833,-1,-1,-1
938,572,1623249290783,-1,-1,-1
939,617,1623249291778,-1,-1,-1
940,2300,1623249293733,-1,-1,-1
941,622,1623249294784,-1,-1,-1
942,576,1623249294784,-1,-1,-1
943,732,1623249295683,-1,-1,-1
944,543,1623249295683,-1,-1,-1
945,616,1623249296680,-1,-1,-1
946,658,1623249297684,-1,-1,-1
947,653,1623249297684,-1,-1,-1
948,595,1623249298683,-1,-1,-1
949,776,1623249299627,-1,-1,-1
950,1033,1623249300583,-1,-1,-1
951,700,1623249301579,-1,-1,-1
952,631,1623249301579,-1,-1,-1
953,625,1623249302532,-1,-1,-1
954,625,1623249303533,-1,-1,-1
955,584,1623249303533,-1,-1,-1
956,628,1623249304481,-1,-1,-1
957,680,1623249305479,-1,-1,-1
958,540,1623249305479,-1,-1,-1
959,658,1623249306481,-1,-1,-1
960,609,1623249306481,-1,-1,-1
961,597,1623249307434,-1,-1,-1
962,644,1623249308427,-1,-1,-1
963,563,1623249308427,-1,-1,-1
964,639,1623249309380,-1,-1,-1
965,625,1623249309380,-1,-1,-1
966,640,1623249311327,-1,-1,-1
967,1389,1623249312327,-1,-1,-1
968,429,1623249312327,-1,-1,-1
969,651,1623249313327,-1,-1,-1
970,589,1623249313327,-1,-1,-1
971,665,1623249314288,-1,-1,-1
972,627,1623249314288,-1,-1,-1
973,628,1623249315327,-1,-1,-1
974,632,1623249316237,-1,-1,-1
975,625,1623249316237,-1,-1,-1
976,608,1623249317233,-1,-1,-1
977,609,1623249318182,-1,-1,-1
978,597,1623249318182,-1,-1,-1
979,625,1623249319181,-1,-1,-1
980,640,1623249320184,-1,-1,-1
981,627,1623249320184,-1,-1,-1
982,628,1623249321133,-1,-1,-1
983,680,1623249322132,-1,-1,-1
984,676,1623249322132,-1,-1,-1
985,678,1623249323082,-1,-1,-1
986,698,1623249324082,-1,-1,-1
987,675,1623249324082,-1,-1,-1
988,672,1623249325030,-1,-1,-1
989,615,1623249326033,-1,-1,-1
990,692,1623249326033,-1,-1,-1
991,600,1623249327033,-1,-1,-1
992,656,1623249327983,-1,-1,-1
993,642,1623249327983,-1,-1,-1
994,646,1623249328979,-1,-1,-1
995,609,1623249329934,-1,-1,-1
996,673,1623249330933,-1,-1,-1
997,1284,1623249331883,-1,-1,-1
998,557,1623249331883,-1,-1,-1
999,728,1623249333879,-1,-1,-1
1000,1185,1623249333879,-1,-1,-1
1001,614,1623249334837,-1,-1,-1
1002,655,1623249335834,-1,-1,-1
1003,634,1623249335834,-1,-1,-1
1004,572,1623249336782,-1,-1,-1
1005,657,1623249336783,-1,-1,-1
1006,605,1623249337783,-1,-1,-1
1007,648,1623249338733,-1,-1,-1
1008,598,1623249338733,-1,-1,-1
1009,637,1623249339733,-1,-1,-1
1010,619,1623249339733,-1,-1,-1
1011,620,1623249340733,-1,-1,-1
1012,635,1623249341683,-1,-1,-1
1013,648,1623249342684,-1,-1,-1
1014,598,1623249342684,-1,-1,-1
1015,627,1623249343631,-1,-1,-1
1016,625,1623249343631,-1,-1,-1
1017,613,1623249344632,-1,-1,-1
1018,637,1623249345682,-1,-1,-1
1019,600,1623249345682,-1,-1,-1
1020,683,1623249346583,-1,-1,-1
1021,550,1623249347528,-1,-1,-1
1022,613,1623249347529,-1,-1,-1
1023,628,1623249348534,-1,-1,-1
1024,615,1623249348534,-1,-1,-1
1025,638,1623249349532,-1,-1,-1
1026,637,1623249350477,-1,-1,-1
1027,632,1623249350477,-1,-1,-1
1028,628,1623249351483,-1,-1,-1
1029,671,1623249352430,-1,-1,-1
1030,644,1623249352430,-1,-1,-1
1031,638,1623249353430,-1,-1,-1
1032,628,1623249354379,-1,-1,-1
1033,615,1623249354379,-1,-1,-1
1034,615,1623249355377,-1,-1,-1
1035,704,1623249356328,-1,-1,-1
1036,538,1623249356328,-1,-1,-1
1037,614,1623249357327,-1,-1,-1
1038,626,1623249358327,-1,-1,-1
1039,614,1623249358327,-1,-1,-1
1040,635,1623249359279,-1,-1,-1
1041,658,1623249359279,-1,-1,-1
1042,623,1623249360277,-1,-1,-1
1043,662,1623249361234,-1,-1,-1
1044,603,1623249361234,-1,-1,-1
1045,643,1623249362235,-1,-1,-1
1046,610,1623249363233,-1,-1,-1
1047,605,1623249363233,-1,-1,-1
1048,657,1623249364184,-1,-1,-1
1049,603,1623249365183,-1,-1,-1
1050,632,1623249365183,-1,-1,-1
1051,613,1623249366135,-1,-1,-1
1052,673,1623249367133,-1,-1,-1
1053,603,1623249367133,-1,-1,-1
1054,618,1623249368081,-1,-1,-1
1055,627,1623249368081,-1,-1,-1
1056,619,1623249369081,-1,-1,-1
1057,672,1623249370028,-1,-1,-1
1058,615,1623249370028,-1,-1,-1
1059,674,1623249371029,-1,-1,-1
1060,622,1623249372033,-1,-1,-1
1061,616,1623249372033,-1,-1,-1
1062,656,1623249372983,-1,-1,-1
1063,611,1623249374033,-1,-1,-1
1064,645,1623249374033,-1,-1,-1
1065,626,1623249374934,-1,-1,-1
1066,607,1623249374934,-1,-1,-1
1067,716,1623249375930,-1,-1,-1
1068,656,1623249376880,-1,-1,-1
1069,663,1623249377984,-1,-1,-1
1070,672,1623249377984,-1,-1,-1
1071,677,1623249378883,-1,-1,-1
1072,666,1623249379835,-1,-1,-1
1073,672,1623249379835,-1,-1,-1
1074,662,1623249380836,-1,-1,-1
1075,651,1623249381783,-1,-1,-1
1076,1225,1623249382783,-1,-1,-1
1077,682,1623249383733,-1,-1,-1
1078,640,1623249383733,-1,-1,-1
1079,689,1623249385734,-1,-1,-1
1080,1158,1623249385734,-1,-1,-1
1081,866,1623249386683,-1,-1,-1
1082,413,1623249386684,-1,-1,-1
1083,644,1623249387681,-1,-1,-1
1084,634,1623249388633,-1,-1,-1
1085,669,1623249389684,-1,-1,-1
1086,660,1623249389684,-1,-1,-1
1087,648,1623249390582,-1,-1,-1
1088,620,1623249391580,-1,-1,-1
1089,615,1623249391580,-1,-1,-1
1090,613,1623249392531,-1,-1,-1
1091,599,1623249392531,-1,-1,-1
1092,631,1623249393533,-1,-1,-1
1093,588,1623249394481,-1,-1,-1
1094,595,1623249394481,-1,-1,-1
1095,617,1623249395481,-1,-1,-1
1096,604,1623249395481,-1,-1,-1
1097,616,1623249396477,-1,-1,-1
1098,613,1623249397431,-1,-1,-1
1099,620,1623249397431,-1,-1,-1
1100,616,1623249398428,-1,-1,-1
1101,609,1623249399377,-1,-1,-1
1102,613,1623249399377,-1,-1,-1
1103,603,1623249400378,-1,-1,-1
1104,607,1623249400378,-1,-1,-1
1105,612,1623249401328,-1,-1,-1
1106,621,1623249402327,-1,-1,-1
1107,629,1623249402328,-1,-1,-1
1108,620,1623249403327,-1,-1,-1
1109,668,1623249404280,-1,-1,-1
1110,621,1623249404280,-1,-1,-1
1111,651,1623249405282,-1,-1,-1
1112,637,1623249406231,-1,-1,-1
1113,646,1623249406231,-1,-1,-1
1114,633,1623249407235,-1,-1,-1
1115,620,1623249408233,-1,-1,-1
1116,628,1623249408233,-1,-1,-1
1117,617,1623249409183,-1,-1,-1
1118,614,1623249409183,-1,-1,-1
1119,610,1623249410234,-1,-1,-1
1120,611,1623249411130,-1,-1,-1
1121,612,1623249411130,-1,-1,-1
1122,619,1623249412133,-1,-1,-1
1123,614,1623249413082,-1,-1,-1
1124,617,1623249413083,-1,-1,-1
1125,618,1623249414083,-1,-1,-1
1126,618,1623249414083,-1,-1,-1
1127,629,1623249415033,-1,-1,-1
1128,635,1623249416036,-1,-1,-1
1129,642,1623249416036,-1,-1,-1
1130,653,1623249417034,-1,-1,-1
1131,656,1623249417983,-1,-1,-1
1132,647,1623249417983,-1,-1,-1
1133,648,1623249418983,-1,-1,-1
1134,631,1623249419933,-1,-1,-1
1135,649,1623249419933,-1,-1,-1
1136,619,1623249420934,-1,-1,-1
1137,617,1623249421876,-1,-1,-1
1138,619,1623249421876,-1,-1,-1
1139,618,1623249422884,-1,-1,-1
1140,592,1623249423833,-1,-1,-1
1141,633,1623249423833,-1,-1,-1
1142,627,1623249424833,-1,-1,-1
1143,581,1623249424833,-1,-1,-1
1144,633,1623249425883,-1,-1,-1
1145,599,1623249426783,-1,-1,-1
1146,607,1623249426783,-1,-1,-1
1147,627,1623249427783,-1,-1,-1
1148,580,1623249428732,-1,-1,-1
1149,611,1623249428732,-1,-1,-1
1150,621,1623249429733,-1,-1,-1
1151,645,1623249430683,-1,-1,-1
1152,664,1623249430683,-1,-1,-1
1153,670,1623249431680,-1,-1,-1
1154,695,1623249432683,-1,-1,-1
1155,714,1623249432683,-1,-1,-1
1156,700,1623249433632,-1,-1,-1
1157,673,1623249434632,-1,-1,-1
1158,654,1623249434632,-1,-1,-1
1159,640,1623249435577,-1,-1,-1
1160,644,1623249436578,-1,-1,-1
1161,628,1623249436578,-1,-1,-1
1162,628,1623249437529,-1,-1,-1
1163,622,1623249438533,-1,-1,-1
1164,621,1623249438533,-1,-1,-1
1165,612,1623249439530,-1,-1,-1
1166,610,1623249440478,-1,-1,-1
1167,606,1623249440478,-1,-1,-1
1168,600,1623249441477,-1,-1,-1
1169,615,1623249441477,-1,-1,-1
1170,621,1623249442427,-1,-1,-1
1171,633,1623249443427,-1,-1,-1
1172,645,1623249443427,-1,-1,-1
1173,641,1623249444477,-1,-1,-1
1174,642,1623249445377,-1,-1,-1
1175,644,1623249445377,-1,-1,-1
1176,642,1623249446377,-1,-1,-1
1177,641,1623249447327,-1,-1,-1
1178,644,1623249447327,-1,-1,-1
1179,641,1623249448332,-1,-1,-1
1180,622,1623249449277,-1,-1,-1
1181,622,1623249449277,-1,-1,-1
1182,652,1623249450278,-1,-1,-1
1183,664,1623249451226,-1,-1,-1
1184,750,1623249452230,-1,-1,-1
1185,893,1623249452230,-1,-1,-1
1186,664,1623249453233,-1,-1,-1
1187,599,1623249454181,-1,-1,-1
1188,577,1623249454181,-1,-1,-1
1189,635,1623249455176,-1,-1,-1
1190,1260,1623249456132,-1,-1,-1
1191,1843,1623249458083,-1,-1,-1
1192,673,1623249459084,-1,-1,-1
1193,550,1623249459084,-1,-1,-1
1194,1232,1623249461027,-1,-1,-1
1195,1216,1623249462033,-1,-1,-1
1196,595,1623249462033,-1,-1,-1
1197,653,1623249463983,-1,-1,-1
1198,2402,1623249464932,-1,-1,-1
1199,1239,1623249466934,-1,-1,-1
1200,1225,1623249467882,-1,-1,-1
1201,633,1623249468882,-1,-1,-1
1202,675,1623249468882,-1,-1,-1
1203,566,1623249469831,-1,-1,-1
1204,652,1623249470829,-1,-1,-1
1205,630,1623249470829,-1,-1,-1
1206,640,1623249471785,-1,-1,-1
1207,571,1623249471785,-1,-1,-1
1208,660,1623249472785,-1,-1,-1
1209,586,1623249473782,-1,-1,-1
1210,1208,1623249474733,-1,-1,-1
1211,1245,1623249475733,-1,-1,-1
1212,643,1623249476683,-1,-1,-1
1213,638,1623249476683,-1,-1,-1
1214,687,1623249478631,-1,-1,-1
1215,1202,1623249479634,-1,-1,-1
1216,1238,1623249480634,-1,-1,-1
1217,637,1623249480634,-1,-1,-1
1218,607,1623249481582,-1,-1,-1
1219,1238,1623249482578,-1,-1,-1
1220,1264,1623249484527,-1,-1,-1
1221,612,1623249484527,-1,-1,-1
1222,634,1623249485476,-1,-1,-1
1223,628,1623249485476,-1,-1,-1
1224,621,1623249486477,-1,-1,-1
1225,587,1623249487477,-1,-1,-1
1226,659,1623249487477,-1,-1,-1
1227,661,1623249488426,-1,-1,-1
1228,1213,1623249489427,-1,-1,-1
1229,1248,1623249491377,-1,-1,-1
1230,1247,1623249492327,-1,-1,-1
1231,646,1623249492327,-1,-1,-1
1232,622,1623249493428,-1,-1,-1
1233,1222,1623249494279,-1,-1,-1
1234,611,1623249495277,-1,-1,-1
1235,656,1623249496276,-1,-1,-1
1236,608,1623249496276,-1,-1,-1
1237,631,1623249497234,-1,-1,-1
1238,599,1623249497234,-1,-1,-1
1239,620,1623249498235,-1,-1,-1
1240,594,1623249499182,-1,-1,-1
1241,637,1623249499183,-1,-1,-1
1242,590,1623249500177,-1,-1,-1
1243,602,1623249501135,-1,-1,-1
1244,610,1623249501135,-1,-1,-1
1245,611,1623249502134,-1,-1,-1
1246,559,1623249502134,-1,-1,-1
1247,671,1623249503084,-1,-1,-1
1248,715,1623249504133,-1,-1,-1
1249,1294,1623249505083,-1,-1,-1
1250,753,1623249506031,-1,-1,-1
1251,727,1623249507033,-1,-1,-1
1252,591,1623249507033,-1,-1,-1
1253,719,1623249507983,-1,-1,-1
1254,653,1623249508983,-1,-1,-1
1255,593,1623249508983,-1,-1,-1
1256,658,1623249509934,-1,-1,-1
1257,587,1623249510928,-1,-1,-1
1258,637,1623249510928,-1,-1,-1
1259,634,1623249511933,-1,-1,-1
1260,576,1623249512883,-1,-1,-1
1261,650,1623249512883,-1,-1,-1
1262,650,1623249513883,-1,-1,-1
1263,533,1623249513883,-1,-1,-1
1264,667,1623249514830,-1,-1,-1
1265,583,1623249515833,-1,-1,-1
1266,586,1623249515833,-1,-1,-1
1267,671,1623249516783,-1,-1,-1
1268,562,1623249516783,-1,-1,-1
1269,653,1623249517783,-1,-1,-1
1270,625,1623249518783,-1,-1,-1
1271,660,1623249519728,-1,-1,-1
1272,629,1623249519728,-1,-1,-1
1273,646,1623249520732,-1,-1,-1
1274,662,1623249521680,-1,-1,-1
1275,652,1623249521680,-1,-1,-1
1276,635,1623249522683,-1,-1,-1
1277,684,1623249523634,-1,-1,-1
1278,622,1623249523634,-1,-1,-1
1279,670,1623249524631,-1,-1,-1
1280,568,1623249524631,-1,-1,-1
1281,700,1623249525633,-1,-1,-1
1282,637,1623249526580,-1,-1,-1
1283,591,1623249526580,-1,-1,-1
1284,634,1623249527583,-1,-1,-1
1285,570,1623249528533,-1,-1,-1
1286,646,1623249528533,-1,-1,-1
1287,582,1623249529532,-1,-1,-1
1288,667,1623249530479,-1,-1,-1
1289,542,1623249530479,-1,-1,-1
1290,705,1623249531479,-1,-1,-1
1291,631,1623249532428,-1,-1,-1
1292,685,1623249532428,-1,-1,-1
1293,578,1623249533428,-1,-1,-1
1294,674,1623249533428,-1,-1,-1
1295,601,1623249534429,-1,-1,-1
1296,596,1623249535378,-1,-1,-1
1297,629,1623249535378,-1,-1,-1
1298,607,1623249536378,-1,-1,-1
1299,647,1623249537327,-1,-1,-1
1300,613,1623249537327,-1,-1,-1
1301,597,1623249538327,-1,-1,-1
1302,635,1623249539277,-1,-1,-1
1303,648,1623249539277,-1,-1,-1
1304,675,1623249540277,-1,-1,-1
1305,543,1623249540277,-1,-1,-1
1306,662,1623249541278,-1,-1,-1
1307,612,1623249542234,-1,-1,-1
1308,618,1623249542234,-1,-1,-1
1309,641,1623249543233,-1,-1,-1
1310,665,1623249544183,-1,-1,-1
1311,587,1623249544183,-1,-1,-1
1312,677,1623249545183,-1,-1,-1
1313,619,1623249546126,-1,-1,-1
1314,610,1623249546126,-1,-1,-1
1315,649,1623249547133,-1,-1,-1
1316,598,1623249547133,-1,-1,-1
1317,650,1623249548132,-1,-1,-1
1318,632,1623249549083,-1,-1,-1
1319,604,1623249549083,-1,-1,-1
1320,637,1623249550082,-1,-1,-1
1321,648,1623249551032,-1,-1,-1
1322,677,1623249551032,-1,-1,-1
1323,646,1623249552033,-1,-1,-1
1324,633,1623249553031,-1,-1,-1
1325,643,1623249553031,-1,-1,-1
1326,645,1623249553981,-1,-1,-1
1327,631,1623249554982,-1,-1,-1
1328,618,1623249554982,-1,-1,-1
1329,622,1623249555930,-1,-1,-1
1330,613,1623249556933,-1,-1,-1
1331,613,1623249556933,-1,-1,-1
1332,597,1623249557882,-1,-1,-1
1333,636,1623249557882,-1,-1,-1
1334,644,1623249558883,-1,-1,-1
1335,640,1623249559883,-1,-1,-1
1336,613,1623249559883,-1,-1,-1
1337,635,1623249560834,-1,-1,-1
1338,659,1623249561838,-1,-1,-1
1339,622,1623249561838,-1,-1,-1
1340,618,1623249562784,-1,-1,-1
1341,612,1623249563783,-1,-1,-1
1342,595,1623249563783,-1,-1,-1
1343,574,1623249564787,-1,-1,-1
1344,577,1623249564787,-1,-1,-1
1345,561,1623249565733,-1,-1,-1
1346,544,1623249566683,-1,-1,-1
1347,567,1623249566683,-1,-1,-1
1348,565,1623249567684,-1,-1,-1
1349,581,1623249567684,-1,-1,-1
1350,586,1623249568684,-1,-1,-1
1351,595,1623249569629,-1,-1,-1
1352,598,1623249569629,-1,-1,-1
1353,604,1623249570633,-1,-1,-1
1354,607,1623249570633,-1,-1,-1
1355,606,1623249571583,-1,-1,-1
1356,583,1623249572583,-1,-1,-1
1357,685,1623249572583,-1,-1,-1
1358,565,1623249573533,-1,-1,-1
1359,591,1623249573533,-1,-1,-1
1360,618,1623249574531,-1,-1,-1
1361,570,1623249575529,-1,-1,-1
1362,556,1623249575529,-1,-1,-1
1363,578,1623249576478,-1,-1,-1
1364,575,1623249576478,-1,-1,-1
1365,566,1623249577478,-1,-1,-1
1366,610,1623249578432,-1,-1,-1
1367,518,1623249578432,-1,-1,-1
1368,574,1623249579428,-1,-1,-1
1369,579,1623249579428,-1,-1,-1
1370,552,1623249580380,-1,-1,-1
1371,561,1623249580380,-1,-1,-1
1372,553,1623249581381,-1,-1,-1
1373,567,1623249582377,-1,-1,-1
1374,566,1623249582377,-1,-1,-1
1375,558,1623249583327,-1,-1,-1
1376,557,1623249583327,-1,-1,-1
1377,556,1623249584327,-1,-1,-1
1378,551,1623249584327,-1,-1,-1
1379,546,1623249585381,-1,-1,-1
1380,545,1623249586278,-1,-1,-1
1381,554,1623249586278,-1,-1,-1
1382,556,1623249587278,-1,-1,-1
1383,560,1623249587278,-1,-1,-1
1384,558,1623249588236,-1,-1,-1
1385,567,1623249588236,-1,-1,-1
1386,570,1623249589238,-1,-1,-1
1387,570,1623249590181,-1,-1,-1
1388,559,1623249590182,-1,-1,-1
1389,574,1623249591179,-1,-1,-1
1390,574,1623249591179,-1,-1,-1
1391,578,1623249592128,-1,-1,-1
1392,573,1623249593133,-1,-1,-1
1393,572,1623249593133,-1,-1,-1
1394,574,1623249594083,-1,-1,-1
1395,581,1623249594083,-1,-1,-1
1396,586,1623249595084,-1,-1,-1
1397,590,1623249595084,-1,-1,-1
1398,605,1623249596082,-1,-1,-1
1399,615,1623249597034,-1,-1,-1
1400,623,1623249597034,-1,-1,-1
1401,655,1623249598033,-1,-1,-1
1402,683,1623249598983,-1,-1,-1
1403,709,1623249598983,-1,-1,-1
1404,723,1623249599983,-1,-1,-1
1405,683,1623249600932,-1,-1,-1
1406,647,1623249601933,-1,-1,-1
1407,626,1623249601933,-1,-1,-1
1408,740,1623249602932,-1,-1,-1
1409,496,1623249603882,-1,-1,-1
1410,500,1623249603882,-1,-1,-1
1411,585,1623249604883,-1,-1,-1
1412,551,1623249604883,-1,-1,-1
1413,585,1623249605830,-1,-1,-1
1414,691,1623249606834,-1,-1,-1
1415,428,1623249606834,-1,-1,-1
1416,595,1623249606834,-1,-1,-1
1417,570,1623249607832,-1,-1,-1
1418,585,1623249608782,-1,-1,-1
1419,602,1623249608782,-1,-1,-1
1420,587,1623249609786,-1,-1,-1
1421,599,1623249610735,-1,-1,-1
1422,593,1623249610735,-1,-1,-1
1423,601,1623249611733,-1,-1,-1
1424,587,1623249611733,-1,-1,-1
1425,584,1623249612683,-1,-1,-1
1426,608,1623249613679,-1,-1,-1
1427,585,1623249613679,-1,-1,-1
1428,609,1623249614627,-1,-1,-1
1429,630,1623249614627,-1,-1,-1
1430,632,1623249615634,-1,-1,-1
1431,659,1623249616632,-1,-1,-1
1432,644,1623249616632,-1,-1,-1
1433,647,1623249617583,-1,-1,-1
1434,640,1623249618582,-1,-1,-1
1435,633,1623249618582,-1,-1,-1
1436,623,1623249619528,-1,-1,-1
1437,599,1623249620530,-1,-1,-1
1438,606,1623249620530,-1,-1,-1
1439,582,1623249621527,-1,-1,-1
1440,604,1623249621527,-1,-1,-1
1441,580,1623249622476,-1,-1,-1
1442,608,1623249623484,-1,-1,-1
1443,593,1623249623484,-1,-1,-1
1444,621,1623249624428,-1,-1,-1
1445,617,1623249625478,-1,-1,-1
1446,666,1623249625478,-1,-1,-1
1447,655,1623249626379,-1,-1,-1
1448,1330,1623249627379,-1,-1,-1
1449,636,1623249628378,-1,-1,-1
1450,628,1623249629328,-1,-1,-1
1451,619,1623249629328,-1,-1,-1
1452,599,1623249630328,-1,-1,-1
1453,665,1623249630328,-1,-1,-1
1454,496,1623249631276,-1,-1,-1
1455,626,1623249632281,-1,-1,-1
1456,585,1623249632281,-1,-1,-1
1457,612,1623249633279,-1,-1,-1
1458,610,1623249633280,-1,-1,-1
1459,618,1623249634328,-1,-1,-1
1460,625,1623249635233,-1,-1,-1
1461,646,1623249635233,-1,-1,-1
1462,584,1623249636234,-1,-1,-1
1463,586,1623249637182,-1,-1,-1
1464,561,1623249637182,-1,-1,-1
1465,658,1623249638132,-1,-1,-1
1466,569,1623249638132,-1,-1,-1
1467,541,1623249639132,-1,-1,-1
1468,604,1623249640081,-1,-1,-1
1469,692,1623249640081,-1,-1,-1
1470,587,1623249641082,-1,-1,-1
1471,633,1623249642083,-1,-1,-1
1472,554,1623249642083,-1,-1,-1
1473,656,1623249643081,-1,-1,-1
1474,589,1623249643081,-1,-1,-1
1475,542,1623249644083,-1,-1,-1
1476,580,1623249645034,-1,-1,-1
1477,550,1623249645034,-1,-1,-1
1478,543,1623249645983,-1,-1,-1
1479,552,1623249645983,-1,-1,-1
1480,562,1623249646934,-1,-1,-1
1481,579,1623249646934,-1,-1,-1
1482,607,1623249647932,-1,-1,-1
1483,625,1623249648932,-1,-1,-1
1484,627,1623249648932,-1,-1,-1
1485,629,1623249649883,-1,-1,-1
1486,627,1623249650883,-1,-1,-1
1487,627,1623249650883,-1,-1,-1
1488,632,1623249651833,-1,-1,-1
1489,671,1623249652834,-1,-1,-1
1490,614,1623249652834,-1,-1,-1
1491,640,1623249653783,-1,-1,-1
1492,653,1623249654783,-1,-1,-1
1493,594,1623249654783,-1,-1,-1
1494,608,1623249655733,-1,-1,-1
1495,637,1623249655733,-1,-1,-1
1496,593,1623249656735,-1,-1,-1
1497,599,1623249657733,-1,-1,-1
1498,631,1623249657733,-1,-1,-1
1499,607,1623249658683,-1,-1,-1
1500,616,1623249659682,-1,-1,-1
1501,622,1623249659682,-1,-1,-1
1502,620,1623249660631,-1,-1,-1
1503,616,1623249660631,-1,-1,-1
1504,621,1623249661633,-1,-1,-1
1505,604,1623249662576,-1,-1,-1
1506,600,1623249662576,-1,-1,-1
1507,601,1623249663577,-1,-1,-1
1508,644,1623249664577,-1,-1,-1
1509,573,1623249664577,-1,-1,-1
1510,605,1623249665527,-1,-1,-1
1511,613,1623249665527,-1,-1,-1
1512,622,1623249666528,-1,-1,-1
1513,627,1623249667581,-1,-1,-1
1514,633,1623249667581,-1,-1,-1
1515,634,1623249668479,-1,-1,-1
1516,631,1623249669427,-1,-1,-1
1517,634,1623249669427,-1,-1,-1
1518,628,1623249670428,-1,-1,-1
1519,621,1623249671376,-1,-1,-1
1520,612,1623249671376,-1,-1,-1
1521,610,1623249672377,-1,-1,-1
1522,607,1623249672377,-1,-1,-1
1523,610,1623249673380,-1,-1,-1
1524,607,1623249674327,-1,-1,-1
1525,620,1623249674327,-1,-1,-1
1526,615,1623249675327,-1,-1,-1
1527,628,1623249676282,-1,-1,-1
1528,625,1623249676282,-1,-1,-1
1529,626,1623249677279,-1,-1,-1
1530,627,1623249677279,-1,-1,-1
1531,638,1623249678235,-1,-1,-1
1532,634,1623249679234,-1,-1,-1
1533,640,1623249679234,-1,-1,-1
1534,636,1623249680183,-1,-1,-1
1535,633,1623249681182,-1,-1,-1
1536,631,1623249681182,-1,-1,-1
1537,633,1623249682183,-1,-1,-1
1538,637,1623249683134,-1,-1,-1
1539,650,1623249683134,-1,-1,-1
1540,639,1623249684132,-1,-1,-1
1541,645,1623249685077,-1,-1,-1
1542,642,1623249685077,-1,-1,-1
1543,643,1623249686084,-1,-1,-1
1544,636,1623249687134,-1,-1,-1
1545,632,1623249687134,-1,-1,-1
1546,629,1623249688032,-1,-1,-1
1547,636,1623249689033,-1,-1,-1
1548,635,1623249689033,-1,-1,-1
1549,640,1623249689982,-1,-1,-1
1550,648,1623249690983,-1,-1,-1
1551,667,1623249690983,-1,-1,-1
1552,663,1623249691933,-1,-1,-1
1553,674,1623249692932,-1,-1,-1
1554,660,1623249692932,-1,-1,-1
1555,652,1623249693985,-1,-1,-1
1556,645,1623249694884,-1,-1,-1
1557,645,1623249694884,-1,-1,-1
1558,643,1623249695884,-1,-1,-1
1559,636,1623249696833,-1,-1,-1
1560,636,1623249696833,-1,-1,-1
1561,629,1623249697834,-1,-1,-1
1562,630,1623249698783,-1,-1,-1
1563,626,1623249698783,-1,-1,-1
1564,626,1623249699783,-1,-1,-1
1565,629,1623249699783,-1,-1,-1
1566,635,1623249700778,-1,-1,-1
1567,592,1623249701733,-1,-1,-1
1568,744,1623249702732,-1,-1,-1
1569,582,1623249702732,-1,-1,-1
1570,640,1623249703682,-1,-1,-1
1571,1226,1623249704682,-1,-1,-1
1572,683,1623249705633,-1,-1,-1
1573,654,1623249705633,-1,-1,-1
1574,684,1623249706631,-1,-1,-1
1575,660,1623249707633,-1,-1,-1
1576,625,1623249707633,-1,-1,-1
1577,621,1623249708578,-1,-1,-1
1578,626,1623249709583,-1,-1,-1
1579,599,1623249709583,-1,-1,-1
1580,588,1623249710632,-1,-1,-1
1581,575,1623249710632,-1,-1,-1
1582,582,1623249711533,-1,-1,-1
1583,565,1623249712528,-1,-1,-1
1584,588,1623249712528,-1,-1,-1
1585,582,1623249713483,-1,-1,-1
1586,591,1623249713483,-1,-1,-1
1587,600,1623249714477,-1,-1,-1
1588,607,1623249715428,-1,-1,-1
1589,609,1623249715428,-1,-1,-1
1590,602,1623249716428,-1,-1,-1
1591,615,1623249716428,-1,-1,-1
1592,608,1623249717381,-1,-1,-1
1593,605,1623249718381,-1,-1,-1
1594,607,1623249718381,-1,-1,-1
1595,607,1623249719378,-1,-1,-1
1596,608,1623249720326,-1,-1,-1
1597,607,1623249720326,-1,-1,-1
1598,605,1623249721326,-1,-1,-1
1599,606,1623249721326,-1,-1,-1
1600,609,1623249722279,-1,-1,-1
1601,618,1623249723276,-1,-1,-1
1602,628,1623249723276,-1,-1,-1
1603,627,1623249724232,-1,-1,-1
1604,629,1623249725233,-1,-1,-1
1605,626,1623249725233,-1,-1,-1
1606,630,1623249726235,-1,-1,-1
1607,625,1623249727184,-1,-1,-1
1608,628,1623249727184,-1,-1,-1
1609,622,1623249728182,-1,-1,-1
1610,617,1623249728182,-1,-1,-1
1611,615,1623249729132,-1,-1,-1
1612,614,1623249730133,-1,-1,-1
1613,602,1623249730133,-1,-1,-1
1614,609,1623249731083,-1,-1,-1
1615,607,1623249732083,-1,-1,-1
1616,614,1623249732083,-1,-1,-1
1617,610,1623249733028,-1,-1,-1
1618,622,1623249733028,-1,-1,-1
1619,614,1623249734033,-1,-1,-1
1620,621,1623249735033,-1,-1,-1
1621,614,1623249735033,-1,-1,-1
1622,620,1623249735982,-1,-1,-1
1623,619,1623249736982,-1,-1,-1
1624,623,1623249736982,-1,-1,-1
1625,614,1623249737933,-1,-1,-1
1626,620,1623249738933,-1,-1,-1
1627,622,1623249738933,-1,-1,-1
1628,622,1623249739882,-1,-1,-1
1629,611,1623249739882,-1,-1,-1
1630,604,1623249740880,-1,-1,-1
1631,615,1623249741931,-1,-1,-1
1632,600,1623249741931,-1,-1,-1
1633,615,1623249742828,-1,-1,-1
1634,563,1623249743884,-1,-1,-1
1635,625,1623249743884,-1,-1,-1
1636,608,1623249744783,-1,-1,-1
1637,619,1623249744783,-1,-1,-1
1638,591,1623249745782,-1,-1,-1
1639,606,1623249746733,-1,-1,-1
1640,615,1623249746733,-1,-1,-1
1641,605,1623249747734,-1,-1,-1
1642,615,1623249747734,-1,-1,-1
1643,607,1623249748783,-1,-1,-1
1644,612,1623249749683,-1,-1,-1
1645,605,1623249749683,-1,-1,-1
1646,608,1623249750683,-1,-1,-1
1647,608,1623249751634,-1,-1,-1
1648,618,1623249751634,-1,-1,-1
1649,622,1623249752632,-1,-1,-1
1650,640,1623249753583,-1,-1,-1
1651,649,1623249753583,-1,-1,-1
1652,665,1623249754583,-1,-1,-1
1653,665,1623249755581,-1,-1,-1
1654,662,1623249755581,-1,-1,-1
1655,651,1623249756533,-1,-1,-1
1656,648,1623249757528,-1,-1,-1
1657,638,1623249757528,-1,-1,-1
1658,631,1623249758482,-1,-1,-1
1659,623,1623249758483,-1,-1,-1
1660,621,1623249759481,-1,-1,-1
1661,618,1623249760433,-1,-1,-1
1662,620,1623249760433,-1,-1,-1
1663,617,1623249761428,-1,-1,-1
1664,638,1623249762378,-1,-1,-1
1665,656,1623249762378,-1,-1,-1
1666,687,1623249763378,-1,-1,-1
1667,710,1623249764378,-1,-1,-1
1668,724,1623249765327,-1,-1,-1
1669,727,1623249765327,-1,-1,-1
1670,696,1623249766328,-1,-1,-1
1671,687,1623249767278,-1,-1,-1
1672,678,1623249767278,-1,-1,-1
1673,659,1623249768277,-1,-1,-1
1674,643,1623249769328,-1,-1,-1
1675,634,1623249769328,-1,-1,-1
1676,628,1623249770232,-1,-1,-1
1677,625,1623249771234,-1,-1,-1
1678,631,1623249771234,-1,-1,-1
1679,644,1623249772182,-1,-1,-1
1680,673,1623249773183,-1,-1,-1
1681,693,1623249773183,-1,-1,-1
1682,717,1623249774129,-1,-1,-1
1683,736,1623249775132,-1,-1,-1
1684,728,1623249776082,-1,-1,-1
1685,713,1623249776082,-1,-1,-1
1686,701,1623249777082,-1,-1,-1
1687,681,1623249778082,-1,-1,-1
1688,655,1623249778082,-1,-1,-1
1689,665,1623249779034,-1,-1,-1
1690,656,1623249780031,-1,-1,-1
1691,649,1623249780031,-1,-1,-1
1692,641,1623249780985,-1,-1,-1
1693,638,1623249782082,-1,-1,-1
1694,647,1623249782082,-1,-1,-1
1695,642,1623249782932,-1,-1,-1
1696,635,1623249783934,-1,-1,-1
1697,640,1623249783934,-1,-1,-1
1698,636,1623249784933,-1,-1,-1
1699,636,1623249785883,-1,-1,-1
1700,631,1623249785883,-1,-1,-1
1701,631,1623249786883,-1,-1,-1
1702,628,1623249787827,-1,-1,-1
1703,631,1623249787827,-1,-1,-1
1704,627,1623249788833,-1,-1,-1
1705,621,1623249789833,-1,-1,-1
1706,617,1623249789833,-1,-1,-1
1707,620,1623249790778,-1,-1,-1
1708,620,1623249790778,-1,-1,-1
1709,625,1623249791783,-1,-1,-1
1710,625,1623249792730,-1,-1,-1
1711,635,1623249792730,-1,-1,-1
1712,637,1623249793783,-1,-1,-1
1713,632,1623249794677,-1,-1,-1
1714,628,1623249794677,-1,-1,-1
1715,626,1623249795678,-1,-1,-1
1716,626,1623249796632,-1,-1,-1
1717,633,1623249796632,-1,-1,-1
1718,631,1623249797632,-1,-1,-1
1719,630,1623249797632,-1,-1,-1
1720,622,1623249798576,-1,-1,-1
1721,620,1623249799582,-1,-1,-1
1722,615,1623249799583,-1,-1,-1
1723,615,1623249800583,-1,-1,-1
1724,617,1623249801528,-1,-1,-1
1725,620,1623249801528,-1,-1,-1
1726,635,1623249802534,-1,-1,-1
1727,638,1623249803483,-1,-1,-1
1728,650,1623249803483,-1,-1,-1
1729,647,1623249804477,-1,-1,-1
1730,665,1623249805481,-1,-1,-1
1731,661,1623249805481,-1,-1,-1
1732,656,1623249806429,-1,-1,-1
1733,649,1623249807428,-1,-1,-1
1734,649,1623249807428,-1,-1,-1
1735,642,1623249808378,-1,-1,-1
1736,628,1623249809389,-1,-1,-1
1737,621,1623249809389,-1,-1,-1
1738,615,1623249810327,-1,-1,-1
1739,602,1623249810327,-1,-1,-1
1740,592,1623249811329,-1,-1,-1
1741,584,1623249812328,-1,-1,-1
1742,582,1623249812328,-1,-1,-1
1743,577,1623249813278,-1,-1,-1
1744,606,1623249813278,-1,-1,-1
1745,690,1623249814279,-1,-1,-1
1746,750,1623249815232,-1,-1,-1
1747,699,1623249816234,-1,-1,-1
1748,684,1623249816234,-1,-1,-1
1749,667,1623249817183,-1,-1,-1
1750,653,1623249818182,-1,-1,-1
1751,652,1623249818182,-1,-1,-1
1752,650,1623249819182,-1,-1,-1
1753,655,1623249820133,-1,-1,-1
1754,651,1623249820133,-1,-1,-1
1755,649,1623249821131,-1,-1,-1
1756,650,1623249822082,-1,-1,-1
1757,648,1623249822082,-1,-1,-1
1758,645,1623249823084,-1,-1,-1
1759,634,1623249824032,-1,-1,-1
1760,632,1623249824032,-1,-1,-1
1761,619,1623249825033,-1,-1,-1
1762,619,1623249825982,-1,-1,-1
1763,616,1623249825982,-1,-1,-1
1764,620,1623249826982,-1,-1,-1
1765,629,1623249826983,-1,-1,-1
1766,632,1623249827983,-1,-1,-1
1767,638,1623249828932,-1,-1,-1
1768,637,1623249828932,-1,-1,-1
1769,649,1623249829933,-1,-1,-1
1770,652,1623249830882,-1,-1,-1
1771,653,1623249830882,-1,-1,-1
1772,641,1623249831883,-1,-1,-1
1773,641,1623249832830,-1,-1,-1
1774,637,1623249832830,-1,-1,-1
1775,638,1623249833833,-1,-1,-1
1776,628,1623249834881,-1,-1,-1
1777,613,1623249834881,-1,-1,-1
1778,610,1623249835783,-1,-1,-1
1779,605,1623249836882,-1,-1,-1
1780,600,1623249836882,-1,-1,-1
1781,598,1623249837732,-1,-1,-1
1782,609,1623249837732,-1,-1,-1
1783,611,1623249838728,-1,-1,-1
1784,625,1623249839682,-1,-1,-1
1785,619,1623249839682,-1,-1,-1
1786,632,1623249840681,-1,-1,-1
1787,635,1623249841682,-1,-1,-1
1788,634,1623249841682,-1,-1,-1
1789,625,1623249842633,-1,-1,-1
1790,630,1623249843678,-1,-1,-1
1791,633,1623249843678,-1,-1,-1
1792,628,1623249844578,-1,-1,-1
1793,626,1623249844578,-1,-1,-1
1794,621,1623249845577,-1,-1,-1
1795,621,1623249846528,-1,-1,-1
1796,607,1623249846528,-1,-1,-1
1797,610,1623249847533,-1,-1,-1
1798,608,1623249848631,-1,-1,-1
1799,601,1623249848631,-1,-1,-1
1800,597,1623249849481,-1,-1,-1
1801,589,1623249849481,-1,-1,-1
1802,610,1623249850484,-1,-1,-1
1803,593,1623249851430,-1,-1,-1
1804,603,1623249851430,-1,-1,-1
1805,602,1623249852427,-1,-1,-1
1806,603,1623249853377,-1,-1,-1
1807,610,1623249853377,-1,-1,-1
1808,601,1623249854380,-1,-1,-1
1809,594,1623249854380,-1,-1,-1
1810,589,1623249855380,-1,-1,-1
1811,583,1623249856378,-1,-1,-1
1812,572,1623249856378,-1,-1,-1
1813,580,1623249857329,-1,-1,-1
1814,913,1623249858326,-1,-1,-1
1815,816,1623249859276,-1,-1,-1
1816,568,1623249859276,-1,-1,-1
1817,528,1623249860234,-1,-1,-1
1818,578,1623249860234,-1,-1,-1
1819,616,1623249861236,-1,-1,-1
1820,592,1623249861236,-1,-1,-1
1821,747,1623249862279,-1,-1,-1
1822,474,1623249879848,-1,-1,-1
1823,474,1623249879848,-1,-1,-1
1824,491,1623249879848,-1,-1,-1
1825,482,1623249879848,-1,-1,-1
1826,989,1623249880802,-1,-1,-1
1827,916,1623249880802,-1,-1,-1
1828,404,1623249881803,-1,-1,-1
1829,993,1623249882754,-1,-1,-1
1830,1035,1623249883753,-1,-1,-1
1831,501,1623249883753,-1,-1,-1
1832,434,1623249884804,-1,-1,-1
1833,931,1623249885703,-1,-1,-1
1834,558,1623249885703,-1,-1,-1
1835,810,1623249886700,-1,-1,-1
1836,1434,1623249888655,-1,-1,-1
1837,481,1623249888655,-1,-1,-1
1838,1000,1623249889603,-1,-1,-1
1839,1006,1623249890600,-1,-1,-1
1840,447,1623249891548,-1,-1,-1
1841,490,1623249891548,-1,-1,-1
1842,509,1623249892554,-1,-1,-1
1843,500,1623249892554,-1,-1,-1
1844,500,1623249893599,-1,-1,-1
1845,500,1623249893599,-1,-1,-1
1846,496,1623249894501,-1,-1,-1
1847,502,1623249894501,-1,-1,-1
1848,505,1623249895501,-1,-1,-1
1849,430,1623249895501,-1,-1,-1
1850,1036,1623249896448,-1,-1,-1
1851,472,1623249897451,-1,-1,-1
1852,476,1623249897451,-1,-1,-1
1853,484,1623249898398,-1,-1,-1
1854,485,1623249898398,-1,-1,-1
1855,480,1623249899397,-1,-1,-1
1856,480,1623249899397,-1,-1,-1
1857,482,1623249900346,-1,-1,-1
1858,477,1623249900346,-1,-1,-1
1859,486,1623249901346,-1,-1,-1
1860,487,1623249901346,-1,-1,-1
1861,488,1623249902346,-1,-1,-1
1862,482,1623249902346,-1,-1,-1
1863,485,1623249903297,-1,-1,-1
1864,490,1623249903297,-1,-1,-1
1865,489,1623249904299,-1,-1,-1
1866,490,1623249904299,-1,-1,-1
1867,487,1623249905250,-1,-1,-1
1868,488,1623249905250,-1,-1,-1
1869,508,1623249906250,-1,-1,-1
1870,479,1623249906250,-1,-1,-1
1871,488,1623249907247,-1,-1,-1
1872,493,1623249907247,-1,-1,-1
1873,488,1623249908200,-1,-1,-1
1874,495,1623249908200,-1,-1,-1
1875,477,1623249909201,-1,-1,-1
1876,501,1623249909201,-1,-1,-1
1877,491,1623249910153,-1,-1,-1
1878,503,1623249910153,-1,-1,-1
1879,508,1623249911152,-1,-1,-1
1880,505,1623249911152,-1,-1,-1
1881,510,1623249912252,-1,-1,-1
1882,508,1623249912252,-1,-1,-1
1883,512,1623249913100,-1,-1,-1
1884,511,1623249913100,-1,-1,-1
1885,517,1623249914052,-1,-1,-1
1886,514,1623249914052,-1,-1,-1
1887,526,1623249915048,-1,-1,-1
1888,526,1623249915048,-1,-1,-1
1889,527,1623249916053,-1,-1,-1
1890,532,1623249916998,-1,-1,-1
1891,527,1623249916998,-1,-1,-1
1892,534,1623249917996,-1,-1,-1
1893,537,1623249917996,-1,-1,-1
1894,536,1623249918955,-1,-1,-1
1895,535,1623249918955,-1,-1,-1
1896,537,1623249919947,-1,-1,-1
1897,544,1623249919947,-1,-1,-1
1898,541,1623249920899,-1,-1,-1
1899,549,1623249920899,-1,-1,-1
1900,554,1623249921899,-1,-1,-1
1901,556,1623249922903,-1,-1,-1
1902,564,1623249922903,-1,-1,-1
1903,567,1623249923852,-1,-1,-1
1904,571,1623249923852,-1,-1,-1
1905,581,1623249924853,-1,-1,-1
1906,580,1623249925803,-1,-1,-1
1907,581,1623249925803,-1,-1,-1
1908,591,1623249926849,-1,-1,-1
1909,594,1623249926849,-1,-1,-1
1910,599,1623249927752,-1,-1,-1
1911,605,1623249928752,-1,-1,-1
1912,601,1623249928752,-1,-1,-1
1913,599,1623249929703,-1,-1,-1
1914,600,1623249929703,-1,-1,-1
1915,603,1623249930698,-1,-1,-1
1916,601,1623249931702,-1,-1,-1
1917,602,1623249931703,-1,-1,-1
1918,614,1623249932652,-1,-1,-1
1919,619,1623249933652,-1,-1,-1
1920,617,1623249933652,-1,-1,-1
1921,626,1623249934602,-1,-1,-1
1922,633,1623249934602,-1,-1,-1
1923,636,1623249935603,-1,-1,-1
1924,633,1623249936603,-1,-1,-1
1925,632,1623249936603,-1,-1,-1
1926,628,1623249937551,-1,-1,-1
1927,626,1623249938552,-1,-1,-1
1928,626,1623249938552,-1,-1,-1
1929,630,1623249939498,-1,-1,-1
1930,627,1623249940501,-1,-1,-1
1931,634,1623249940502,-1,-1,-1
1932,640,1623249941451,-1,-1,-1
1933,648,1623249942502,-1,-1,-1
1934,656,1623249942502,-1,-1,-1
1935,660,1623249943400,-1,-1,-1
1936,667,1623249944397,-1,-1,-1
1937,673,1623249944397,-1,-1,-1
1938,662,1623249945402,-1,-1,-1
1939,658,1623249946347,-1,-1,-1
1940,654,1623249946347,-1,-1,-1
1941,658,1623249947347,-1,-1,-1
1942,652,1623249948296,-1,-1,-1
1943,666,1623249948296,-1,-1,-1
1944,647,1623249949297,-1,-1,-1
1945,644,1623249950248,-1,-1,-1
1946,643,1623249950248,-1,-1,-1
1947,643,1623249951246,-1,-1,-1
1948,642,1623249952252,-1,-1,-1
1949,640,1623249952253,-1,-1,-1
1950,647,1623249953202,-1,-1,-1
1951,654,1623249954203,-1,-1,-1
1952,667,1623249954203,-1,-1,-1
1953,662,1623249955153,-1,-1,-1
1954,667,1623249956153,-1,-1,-1
1955,659,1623249956153,-1,-1,-1
1956,651,1623249957102,-1,-1,-1
1957,639,1623249958102,-1,-1,-1
1958,627,1623249958102,-1,-1,-1
1959,623,1623249959102,-1,-1,-1
1960,608,1623249960051,-1,-1,-1
1961,609,1623249960051,-1,-1,-1
1962,611,1623249961046,-1,-1,-1
1963,596,1623249961046,-1,-1,-1
1964,601,1623249962003,-1,-1,-1
1965,598,1623249963047,-1,-1,-1
1966,602,1623249963047,-1,-1,-1
1967,644,1623249964001,-1,-1,-1
1968,592,1623249965003,-1,-1,-1
1969,666,1623249965003,-1,-1,-1
1970,1734,1623249966902,-1,-1,-1
1971,623,1623249967903,-1,-1,-1
1972,604,1623249967903,-1,-1,-1
1973,590,1623249968851,-1,-1,-1
1974,758,1623249969848,-1,-1,-1
1975,437,1623249969848,-1,-1,-1
1976,701,1623249970846,-1,-1,-1
1977,580,1623249970846,-1,-1,-1
1978,625,1623249971798,-1,-1,-1
1979,633,1623249972802,-1,-1,-1
1980,627,1623249972802,-1,-1,-1
1981,625,1623249973746,-1,-1,-1
1982,622,1623249974752,-1,-1,-1
1983,622,1623249974753,-1,-1,-1
1984,620,1623249975702,-1,-1,-1
1985,622,1623249976752,-1,-1,-1
1986,618,1623249976752,-1,-1,-1
1987,551,1623249977703,-1,-1,-1
1988,620,1623249977703,-1,-1,-1
1989,675,1623249978652,-1,-1,-1
1990,614,1623249979647,-1,-1,-1
1991,607,1623249979647,-1,-1,-1
1992,613,1623249980599,-1,-1,-1
1993,653,1623249981597,-1,-1,-1
1994,596,1623249981597,-1,-1,-1
1995,627,1623249982546,-1,-1,-1
1996,606,1623249982546,-1,-1,-1
1997,613,1623249983547,-1,-1,-1
1998,614,1623249984553,-1,-1,-1
1999,614,1623249984553,-1,-1,-1
2000,555,1623249985496,-1,-1,-1
2001,652,1623249986554,-1,-1,-1
2002,608,1623249986554,-1,-1,-1
2003,600,1623249987448,-1,-1,-1
2004,658,1623249988552,-1,-1,-1
2005,616,1623249988552,-1,-1,-1
2006,620,1623249989398,-1,-1,-1
2007,581,1623249989398,-1,-1,-1
2008,632,1623249990396,-1,-1,-1
2009,623,1623249991348,-1,-1,-1
2010,641,1623249991348,-1,-1,-1
2011,627,1623249992346,-1,-1,-1
2012,610,1623249993348,-1,-1,-1
2013,639,1623249993348,-1,-1,-1
2014,615,1623249994297,-1,-1,-1
2015,615,1623249994297,-1,-1,-1
2016,634,1623249995296,-1,-1,-1
2017,641,1623249996251,-1,-1,-1
2018,621,1623249996251,-1,-1,-1
2019,681,1623249997347,-1,-1,-1
2020,647,1623249998203,-1,-1,-1
2021,642,1623249998204,-1,-1,-1
2022,660,1623249999203,-1,-1,-1
2023,621,1623250000202,-1,-1,-1
2024,656,1623250000202,-1,-1,-1
2025,646,1623250001152,-1,-1,-1
2026,1242,1623250002152,-1,-1,-1
2027,580,1623250003102,-1,-1,-1
2028,696,1623250004202,-1,-1,-1
2029,621,1623250004202,-1,-1,-1
2030,620,1623250005051,-1,-1,-1
2031,674,1623250006053,-1,-1,-1
2032,575,1623250006053,-1,-1,-1
2033,618,1623250007052,-1,-1,-1
2034,637,1623250007052,-1,-1,-1
2035,625,1623250008004,-1,-1,-1
2036,612,1623250009003,-1,-1,-1
2037,595,1623250009003,-1,-1,-1
2038,583,1623250010003,-1,-1,-1
2039,581,1623250010948,-1,-1,-1
2040,563,1623250010948,-1,-1,-1
2041,587,1623250011902,-1,-1,-1
2042,589,1623250011902,-1,-1,-1
2043,608,1623250012902,-1,-1,-1
2044,626,1623250013853,-1,-1,-1
2045,650,1623250013853,-1,-1,-1
2046,1330,1623250015852,-1,-1,-1
2047,648,1623250015852,-1,-1,-1
2048,645,1623250016803,-1,-1,-1
2049,636,1623250017802,-1,-1,-1
2050,605,1623250017802,-1,-1,-1
2051,628,1623250018752,-1,-1,-1
2052,614,1623250018752,-1,-1,-1
2053,615,1623250019753,-1,-1,-1
2054,613,1623250020703,-1,-1,-1
2055,612,1623250020703,-1,-1,-1
2056,615,1623250021749,-1,-1,-1
2057,616,1623250022697,-1,-1,-1
2058,623,1623250022697,-1,-1,-1
2059,625,1623250023653,-1,-1,-1
2060,620,1623250024652,-1,-1,-1
2061,628,1623250024652,-1,-1,-1
2062,629,1623250025602,-1,-1,-1
2063,641,1623250025602,-1,-1,-1
2064,629,1623250026602,-1,-1,-1
2065,626,1623250027603,-1,-1,-1
2066,1224,1623250028548,-1,-1,-1
2067,1300,1623250029552,-1,-1,-1
2068,602,1623250030503,-1,-1,-1
2069,617,1623250031498,-1,-1,-1
2070,603,1623250031498,-1,-1,-1
2071,610,1623250032446,-1,-1,-1
2072,609,1623250032446,-1,-1,-1
2073,618,1623250033451,-1,-1,-1
2074,613,1623250034446,-1,-1,-1
2075,607,1623250034446,-1,-1,-1
2076,607,1623250035398,-1,-1,-1
2077,625,1623250036348,-1,-1,-1
2078,619,1623250036348,-1,-1,-1
2079,626,1623250037348,-1,-1,-1
2080,630,1623250037348,-1,-1,-1
2081,638,1623250038397,-1,-1,-1
2082,630,1623250039298,-1,-1,-1
2083,621,1623250039298,-1,-1,-1
2084,621,1623250040296,-1,-1,-1
2085,607,1623250041251,-1,-1,-1
2086,610,1623250041251,-1,-1,-1
2087,603,1623250042296,-1,-1,-1
2088,589,1623250042296,-1,-1,-1
2089,583,1623250043251,-1,-1,-1
2090,583,1623250044201,-1,-1,-1
2091,579,1623250044201,-1,-1,-1
2092,576,1623250045201,-1,-1,-1
2093,579,1623250046151,-1,-1,-1
2094,580,1623250046151,-1,-1,-1
2095,589,1623250047153,-1,-1,-1
2096,582,1623250047153,-1,-1,-1
2097,597,1623250048102,-1,-1,-1
2098,596,1623250049102,-1,-1,-1
2099,609,1623250049102,-1,-1,-1
2100,606,1623250050052,-1,-1,-1
2101,610,1623250050052,-1,-1,-1
2102,604,1623250051049,-1,-1,-1
2103,600,1623250052052,-1,-1,-1
2104,604,1623250052052,-1,-1,-1
2105,599,1623250053002,-1,-1,-1
2106,598,1623250053002,-1,-1,-1
2107,597,1623250054002,-1,-1,-1
2108,594,1623250054952,-1,-1,-1
2109,601,1623250054952,-1,-1,-1
2110,593,1623250055951,-1,-1,-1
2111,589,1623250056900,-1,-1,-1
2112,591,1623250056900,-1,-1,-1
2113,581,1623250057902,-1,-1,-1
2114,586,1623250057902,-1,-1,-1
2115,575,1623250058903,-1,-1,-1
2116,580,1623250058903,-1,-1,-1
2117,582,1623250059902,-1,-1,-1
2118,574,1623250060852,-1,-1,-1
2119,579,1623250060852,-1,-1,-1
2120,573,1623250061802,-1,-1,-1
2121,573,1623250061802,-1,-1,-1
2122,564,1623250062799,-1,-1,-1
2123,561,1623250063752,-1,-1,-1
2124,565,1623250063752,-1,-1,-1
2125,574,1623250064750,-1,-1,-1
2126,567,1623250064750,-1,-1,-1
2127,577,1623250065701,-1,-1,-1
2128,591,1623250066697,-1,-1,-1
2129,614,1623250066697,-1,-1,-1
2130,658,1623250067702,-1,-1,-1
2131,656,1623250068702,-1,-1,-1
2132,649,1623250068703,-1,-1,-1
2133,642,1623250069653,-1,-1,-1
2134,636,1623250069653,-1,-1,-1
2135,622,1623250070603,-1,-1,-1
2136,623,1623250071603,-1,-1,-1
2137,618,1623250071604,-1,-1,-1
2138,611,1623250072598,-1,-1,-1
2139,603,1623250073553,-1,-1,-1
2140,594,1623250073553,-1,-1,-1
2141,589,1623250074554,-1,-1,-1
2142,585,1623250074554,-1,-1,-1
2143,595,1623250075498,-1,-1,-1
2144,595,1623250076502,-1,-1,-1
2145,594,1623250076502,-1,-1,-1
2146,579,1623250077448,-1,-1,-1
2147,560,1623250077448,-1,-1,-1
2148,557,1623250078447,-1,-1,-1
2149,552,1623250079446,-1,-1,-1
2150,566,1623250079446,-1,-1,-1
2151,601,1623250080396,-1,-1,-1
2152,614,1623250080396,-1,-1,-1
2153,665,1623250081398,-1,-1,-1
2154,652,1623250082348,-1,-1,-1
2155,672,1623250082348,-1,-1,-1
2156,688,1623250083346,-1,-1,-1
2157,704,1623250084346,-1,-1,-1
2158,710,1623250085297,-1,-1,-1
2159,704,1623250085297,-1,-1,-1
2160,671,1623250086396,-1,-1,-1
2161,649,1623250087251,-1,-1,-1
2162,657,1623250087251,-1,-1,-1
2163,647,1623250088297,-1,-1,-1
2164,638,1623250089199,-1,-1,-1
2165,638,1623250089199,-1,-1,-1
2166,648,1623250090202,-1,-1,-1
2167,658,1623250091201,-1,-1,-1
2168,653,1623250091201,-1,-1,-1
2169,650,1623250092153,-1,-1,-1
2170,654,1623250093149,-1,-1,-1
2171,662,1623250093150,-1,-1,-1
2172,655,1623250094103,-1,-1,-1
2173,645,1623250095102,-1,-1,-1
2174,628,1623250095103,-1,-1,-1
2175,619,1623250096052,-1,-1,-1
2176,611,1623250096052,-1,-1,-1
2177,599,1623250097054,-1,-1,-1
2178,596,1623250098053,-1,-1,-1
2179,582,1623250098053,-1,-1,-1
2180,580,1623250099003,-1,-1,-1
2181,567,1623250099003,-1,-1,-1
2182,568,1623250100053,-1,-1,-1
2183,561,1623250100953,-1,-1,-1
2184,562,1623250100954,-1,-1,-1
2185,555,1623250101967,-1,-1,-1
2186,547,1623250101967,-1,-1,-1
2187,546,1623250102956,-1,-1,-1
2188,546,1623250102956,-1,-1,-1
2189,544,1623250103904,-1,-1,-1
2190,539,1623250104902,-1,-1,-1
2191,542,1623250104902,-1,-1,-1
2192,541,1623250105852,-1,-1,-1
2193,532,1623250105852,-1,-1,-1
2194,544,1623250106851,-1,-1,-1
2195,548,1623250106851,-1,-1,-1
2196,547,1623250107802,-1,-1,-1
2197,544,1623250107802,-1,-1,-1
2198,557,1623250108802,-1,-1,-1
2199,555,1623250109753,-1,-1,-1
2200,552,1623250109753,-1,-1,-1
2201,547,1623250110762,-1,-1,-1
2202,558,1623250110762,-1,-1,-1
2203,559,1623250111752,-1,-1,-1
2204,562,1623250111752,-1,-1,-1
2205,556,1623250112701,-1,-1,-1
2206,559,1623250113699,-1,-1,-1
2207,555,1623250113699,-1,-1,-1
2208,572,1623250114650,-1,-1,-1
2209,561,1623250114650,-1,-1,-1
2210,572,1623250115652,-1,-1,-1
2211,582,1623250115652,-1,-1,-1
2212,586,1623250116600,-1,-1,-1
2213,580,1623250117601,-1,-1,-1
2214,589,1623250117601,-1,-1,-1
2215,577,1623250118603,-1,-1,-1
2216,582,1623250118603,-1,-1,-1
2217,588,1623250119552,-1,-1,-1
2218,595,1623250120553,-1,-1,-1
2219,603,1623250120553,-1,-1,-1
2220,603,1623250121496,-1,-1,-1
2221,622,1623250122496,-1,-1,-1
2222,632,1623250122497,-1,-1,-1
2223,636,1623250123453,-1,-1,-1
2224,633,1623250123453,-1,-1,-1
2225,618,1623250124451,-1,-1,-1
2226,632,1623250125446,-1,-1,-1
2227,619,1623250125446,-1,-1,-1
2228,620,1623250126400,-1,-1,-1
2229,610,1623250127398,-1,-1,-1
2230,594,1623250127398,-1,-1,-1
2231,583,1623250128347,-1,-1,-1
2232,577,1623250128347,-1,-1,-1
2233,576,1623250129347,-1,-1,-1
2234,576,1623250130295,-1,-1,-1
2235,581,1623250130295,-1,-1,-1
2236,606,1623250131298,-1,-1,-1
2237,625,1623250131298,-1,-1,-1
2238,655,1623250132296,-1,-1,-1
2239,702,1623250133257,-1,-1,-1
2240,706,1623250134249,-1,-1,-1
2241,705,1623250134249,-1,-1,-1
2242,699,1623250135203,-1,-1,-1
2243,688,1623250136202,-1,-1,-1
2244,661,1623250136202,-1,-1,-1
2245,650,1623250137148,-1,-1,-1
2246,640,1623250138149,-1,-1,-1
2247,619,1623250138149,-1,-1,-1
2248,621,1623250139102,-1,-1,-1
2249,612,1623250140097,-1,-1,-1
2250,611,1623250140097,-1,-1,-1
2251,596,1623250141103,-1,-1,-1
2252,585,1623250141103,-1,-1,-1
2253,597,1623250142053,-1,-1,-1
2254,603,1623250143051,-1,-1,-1
2255,623,1623250143051,-1,-1,-1
2256,639,1623250144002,-1,-1,-1
2257,663,1623250145002,-1,-1,-1
2258,649,1623250145002,-1,-1,-1
2259,642,1623250145951,-1,-1,-1
2260,642,1623250146952,-1,-1,-1
2261,647,1623250146952,-1,-1,-1
2262,670,1623250147951,-1,-1,-1
2263,662,1623250148902,-1,-1,-1
2264,682,1623250148902,-1,-1,-1
2265,671,1623250149902,-1,-1,-1
2266,654,1623250150848,-1,-1,-1
2267,669,1623250150848,-1,-1,-1
2268,678,1623250151852,-1,-1,-1
2269,663,1623250152802,-1,-1,-1
2270,671,1623250152802,-1,-1,-1
2271,668,1623250153804,-1,-1,-1
2272,652,1623250154802,-1,-1,-1
2273,657,1623250155753,-1,-1,-1
2274,653,1623250155753,-1,-1,-1
2275,651,1623250156746,-1,-1,-1
2276,642,1623250157702,-1,-1,-1
2277,651,1623250157702,-1,-1,-1
2278,645,1623250158703,-1,-1,-1
2279,638,1623250158703,-1,-1,-1
2280,626,1623250159698,-1,-1,-1
2281,644,1623250160652,-1,-1,-1
2282,656,1623250160652,-1,-1,-1
2283,617,1623250161603,-1,-1,-1
2284,698,1623250162598,-1,-1,-1
2285,465,1623250162598,-1,-1,-1
2286,684,1623250163598,-1,-1,-1
2287,758,1623250164552,-1,-1,-1
2288,1092,1623250165552,-1,-1,-1
2289,604,1623250165552,-1,-1,-1
2290,605,1623250166502,-1,-1,-1
2291,598,1623250167497,-1,-1,-1
2292,595,1623250167497,-1,-1,-1
2293,591,1623250168500,-1,-1,-1
2294,581,1623250168500,-1,-1,-1
2295,567,1623250169447,-1,-1,-1
2296,1196,1623250170446,-1,-1,-1
2297,551,1623250171398,-1,-1,-1
2298,581,1623250171398,-1,-1,-1
2299,588,1623250172402,-1,-1,-1
2300,585,1623250173347,-1,-1,-1
2301,588,1623250173347,-1,-1,-1
2302,587,1623250174347,-1,-1,-1
2303,596,1623250174347,-1,-1,-1
2304,914,1623250176296,-1,-1,-1
2305,1500,1623250177297,-1,-1,-1
2306,620,1623250178254,-1,-1,-1
2307,629,1623250178254,-1,-1,-1
2308,643,1623250179250,-1,-1,-1
2309,679,1623250180202,-1,-1,-1
2310,665,1623250180202,-1,-1,-1
2311,659,1623250181197,-1,-1,-1
2312,650,1623250182153,-1,-1,-1
2313,641,1623250182153,-1,-1,-1
2314,628,1623250183153,-1,-1,-1
2315,632,1623250184151,-1,-1,-1
2316,646,1623250184151,-1,-1,-1
2317,649,1623250185102,-1,-1,-1
2318,634,1623250186102,-1,-1,-1
2319,635,1623250186102,-1,-1,-1
2320,619,1623250187053,-1,-1,-1
2321,614,1623250187053,-1,-1,-1
2322,600,1623250188053,-1,-1,-1
2323,597,1623250189002,-1,-1,-1
2324,599,1623250189002,-1,-1,-1
2325,607,1623250190001,-1,-1,-1
2326,613,1623250191002,-1,-1,-1
2327,623,1623250191002,-1,-1,-1
2328,636,1623250191948,-1,-1,-1
2329,645,1623250191948,-1,-1,-1
2330,655,1623250192953,-1,-1,-1
2331,632,1623250193901,-1,-1,-1
2332,631,1623250193901,-1,-1,-1
2333,630,1623250194901,-1,-1,-1
2334,622,1623250195853,-1,-1,-1
2335,620,1623250195853,-1,-1,-1
2336,634,1623250196852,-1,-1,-1
2337,582,1623250197801,-1,-1,-1
2338,654,1623250197801,-1,-1,-1
2339,327,1623250198800,-1,-1,-1
2340,434,1623250198800,-1,-1,-1
2341,494,1623250198800,-1,-1,-1
2342,672,1623250199846,-1,-1,-1
2343,632,1623250200746,-1,-1,-1
2344,676,1623250201746,-1,-1,-1
2345,687,1623250201746,-1,-1,-1
2346,681,1623250202703,-1,-1,-1
2347,633,1623250203703,-1,-1,-1
2348,637,1623250203703,-1,-1,-1
2349,628,1623250204651,-1,-1,-1
2350,648,1623250205652,-1,-1,-1
2351,627,1623250205652,-1,-1,-1
2352,588,1623250206702,-1,-1,-1
2353,578,1623250206702,-1,-1,-1
2354,713,1623250207603,-1,-1,-1
2355,625,1623250208701,-1,-1,-1
2356,634,1623250209548,-1,-1,-1
2357,1232,1623250210553,-1,-1,-1
2358,587,1623250210553,-1,-1,-1
2359,623,1623250211497,-1,-1,-1
2360,546,1623250211497,-1,-1,-1
2361,661,1623250212501,-1,-1,-1
2362,567,1623250213498,-1,-1,-1
2363,1260,1623250214448,-1,-1,-1
2364,708,1623250215446,-1,-1,-1
2365,609,1623250215446,-1,-1,-1
2366,665,1623250216398,-1,-1,-1
2367,699,1623250217400,-1,-1,-1
2368,696,1623250218348,-1,-1,-1
2369,1158,1623250219346,-1,-1,-1
2370,595,1623250219346,-1,-1,-1
2371,585,1623250220297,-1,-1,-1
2372,584,1623250220297,-1,-1,-1
2373,637,1623250221296,-1,-1,-1
2374,1182,1623250222296,-1,-1,-1
2375,616,1623250223252,-1,-1,-1
2376,728,1623250224249,-1,-1,-1
2377,767,1623250225201,-1,-1,-1
2378,766,1623250225201,-1,-1,-1
2379,815,1623250226203,-1,-1,-1
2380,757,1623250227201,-1,-1,-1
2381,736,1623250228152,-1,-1,-1
2382,700,1623250228152,-1,-1,-1
2383,662,1623250229153,-1,-1,-1
2384,651,1623250230101,-1,-1,-1
2385,612,1623250230101,-1,-1,-1
2386,592,1623250231102,-1,-1,-1
2387,590,1623250232051,-1,-1,-1
2388,584,1623250232051,-1,-1,-1
2389,587,1623250233054,-1,-1,-1
2390,576,1623250233054,-1,-1,-1
2391,580,1623250234003,-1,-1,-1
2392,574,1623250234003,-1,-1,-1
2393,598,1623250235003,-1,-1,-1
2394,594,1623250236002,-1,-1,-1
2395,627,1623250236002,-1,-1,-1
2396,596,1623250236952,-1,-1,-1
2397,651,1623250237953,-1,-1,-1
2398,619,1623250237953,-1,-1,-1
2399,592,1623250238902,-1,-1,-1
2400,551,1623250239901,-1,-1,-1
2401,832,1623250239901,-1,-1,-1
2402,557,1623250240900,-1,-1,-1
2403,641,1623250241852,-1,-1,-1
2404,558,1623250241852,-1,-1,-1
2405,738,1623250242852,-1,-1,-1
2406,309,1623250242852,-1,-1,-1
2407,553,1623250243801,-1,-1,-1
2408,1196,1623250244802,-1,-1,-1
2409,527,1623250245752,-1,-1,-1
2410,563,1623250245752,-1,-1,-1
2411,574,1623250246799,-1,-1,-1
2412,802,1623250247751,-1,-1,-1
2413,515,1623250247751,-1,-1,-1
2414,398,1623250247751,-1,-1,-1
2415,565,1623250248702,-1,-1,-1
2416,597,1623250249703,-1,-1,-1
2417,1116,1623250250646,-1,-1,-1
2418,547,1623250250646,-1,-1,-1
2419,601,1623250251652,-1,-1,-1
2420,515,1623250251653,-1,-1,-1
2421,518,1623250252602,-1,-1,-1
2422,603,1623250253602,-1,-1,-1
2423,814,1623250254552,-1,-1,-1
2424,862,1623250254552,-1,-1,-1
2425,538,1623250255552,-1,-1,-1
2426,535,1623250255552,-1,-1,-1
2427,522,1623250256548,-1,-1,-1
2428,528,1623250256548,-1,-1,-1
2429,511,1623250257500,-1,-1,-1
2430,521,1623250258498,-1,-1,-1
2431,516,1623250258498,-1,-1,-1
2432,518,1623250259452,-1,-1,-1
2433,519,1623250259452,-1,-1,-1
2434,533,1623250260446,-1,-1,-1
2435,535,1623250260446,-1,-1,-1
2436,550,1623250261453,-1,-1,-1
2437,561,1623250261453,-1,-1,-1
2438,566,1623250262396,-1,-1,-1
2439,570,1623250263502,-1,-1,-1
2440,581,1623250263502,-1,-1,-1
2441,575,1623250264346,-1,-1,-1
2442,582,1623250264346,-1,-1,-1
2443,597,1623250265398,-1,-1,-1
2444,597,1623250266296,-1,-1,-1
2445,604,1623250266296,-1,-1,-1
2446,601,1623250267297,-1,-1,-1
2447,607,1623250267297,-1,-1,-1
2448,596,1623250268297,-1,-1,-1
2449,591,1623250269251,-1,-1,-1
2450,596,1623250269251,-1,-1,-1
2451,581,1623250270296,-1,-1,-1
2452,1156,1623250271203,-1,-1,-1
2453,725,1623250272250,-1,-1,-1
2454,498,1623250272250,-1,-1,-1
2455,712,1623250273152,-1,-1,-1
2456,1009,1623250274152,-1,-1,-1
2457,519,1623250275153,-1,-1,-1
2458,565,1623250275153,-1,-1,-1
2459,562,1623250276102,-1,-1,-1
2460,547,1623250276102,-1,-1,-1
2461,549,1623250277102,-1,-1,-1
2462,539,1623250277102,-1,-1,-1
2463,556,1623250278055,-1,-1,-1
2464,550,1623250278055,-1,-1,-1
2465,534,1623250279053,-1,-1,-1
2466,544,1623250280000,-1,-1,-1
2467,553,1623250280000,-1,-1,-1
2468,544,1623250281002,-1,-1,-1
2469,549,1623250281002,-1,-1,-1
2470,548,1623250281952,-1,-1,-1
2471,551,1623250281952,-1,-1,-1
2472,563,1623250282952,-1,-1,-1
2473,560,1623250283950,-1,-1,-1
2474,573,1623250283950,-1,-1,-1
2475,583,1623250284902,-1,-1,-1
2476,841,1623250285901,-1,-1,-1
2477,904,1623250285902,-1,-1,-1
2478,1102,1623250287851,-1,-1,-1
2479,578,1623250287851,-1,-1,-1
2480,570,1623250288854,-1,-1,-1
2481,545,1623250288854,-1,-1,-1
2482,556,1623250289800,-1,-1,-1
2483,524,1623250290902,-1,-1,-1
2484,610,1623250290902,-1,-1,-1
2485,540,1623250291752,-1,-1,-1
2486,533,1623250291752,-1,-1,-1
2487,554,1623250292750,-1,-1,-1
2488,1200,1623250293700,-1,-1,-1
2489,1103,1623250294699,-1,-1,-1
2490,736,1623250295702,-1,-1,-1
2491,476,1623250295702,-1,-1,-1
2492,571,1623250296652,-1,-1,-1
2493,559,1623250297653,-1,-1,-1
2494,580,1623250297653,-1,-1,-1
2495,580,1623250298603,-1,-1,-1
2496,556,1623250298603,-1,-1,-1
2497,552,1623250299652,-1,-1,-1
2498,555,1623250299652,-1,-1,-1
2499,566,1623250300546,-1,-1,-1
2500,508,1623250300546,-1,-1,-1
2501,579,1623250301597,-1,-1,-1
2502,522,1623250302498,-1,-1,-1
2503,541,1623250302498,-1,-1,-1
2504,538,1623250303498,-1,-1,-1
2505,534,1623250303498,-1,-1,-1
2506,552,1623250304497,-1,-1,-1
2507,552,1623250304497,-1,-1,-1
2508,521,1623250305501,-1,-1,-1
2509,569,1623250306447,-1,-1,-1
2510,547,1623250306447,-1,-1,-1
2511,524,1623250307396,-1,-1,-1
2512,541,1623250307396,-1,-1,-1
2513,513,1623250308400,-1,-1,-1
2514,554,1623250308400,-1,-1,-1
2515,532,1623250309348,-1,-1,-1
2516,537,1623250309348,-1,-1,-1
2517,553,1623250310346,-1,-1,-1
2518,540,1623250310346,-1,-1,-1
2519,554,1623250311295,-1,-1,-1
2520,577,1623250312296,-1,-1,-1
2521,577,1623250312296,-1,-1,-1
2522,604,1623250313296,-1,-1,-1
2523,603,1623250313296,-1,-1,-1
2524,814,1623250314255,-1,-1,-1
2525,448,1623250315252,-1,-1,-1
2526,609,1623250315252,-1,-1,-1
2527,606,1623250316200,-1,-1,-1
2528,541,1623250317205,-1,-1,-1
2529,629,1623250317205,-1,-1,-1
2530,566,1623250318201,-1,-1,-1
2531,683,1623250319153,-1,-1,-1
2532,1099,1623250320147,-1,-1,-1
2533,674,1623250320147,-1,-1,-1
2534,581,1623250321101,-1,-1,-1
2535,1140,1623250322098,-1,-1,-1
2536,584,1623250323048,-1,-1,-1
2537,575,1623250323048,-1,-1,-1
2538,577,1623250324052,-1,-1,-1
2539,613,1623250324997,-1,-1,-1
2540,579,1623250324997,-1,-1,-1
2541,622,1623250326001,-1,-1,-1
2542,596,1623250326002,-1,-1,-1
2543,652,1623250327002,-1,-1,-1
2544,646,1623250327948,-1,-1,-1
2545,617,1623250327948,-1,-1,-1
2546,640,1623250328952,-1,-1,-1
2547,678,1623250329951,-1,-1,-1
2548,601,1623250329951,-1,-1,-1
2549,625,1623250330902,-1,-1,-1
2550,646,1623250330902,-1,-1,-1
2551,616,1623250331903,-1,-1,-1
2552,609,1623250332852,-1,-1,-1
2553,628,1623250332852,-1,-1,-1
2554,651,1623250333852,-1,-1,-1
2555,716,1623250334802,-1,-1,-1
2556,621,1623250334802,-1,-1,-1
2557,659,1623250335803,-1,-1,-1
2558,698,1623250336751,-1,-1,-1
2559,628,1623250336751,-1,-1,-1
2560,656,1623250337752,-1,-1,-1
2561,630,1623250338753,-1,-1,-1
2562,627,1623250338753,-1,-1,-1
2563,641,1623250339702,-1,-1,-1
2564,613,1623250340695,-1,-1,-1
2565,612,1623250340695,-1,-1,-1
2566,620,1623250341648,-1,-1,-1
2567,614,1623250342646,-1,-1,-1
2568,628,1623250342646,-1,-1,-1
2569,627,1623250343603,-1,-1,-1
2570,632,1623250344602,-1,-1,-1
2571,628,1623250344602,-1,-1,-1
2572,634,1623250345600,-1,-1,-1
2573,634,1623250345600,-1,-1,-1
2574,641,1623250346551,-1,-1,-1
2575,628,1623250347602,-1,-1,-1
2576,628,1623250347602,-1,-1,-1
2577,635,1623250348497,-1,-1,-1
2578,644,1623250349502,-1,-1,-1
2579,648,1623250349502,-1,-1,-1
2580,657,1623250350446,-1,-1,-1
2581,660,1623250351449,-1,-1,-1
2582,655,1623250351449,-1,-1,-1
2583,635,1623250352397,-1,-1,-1
2584,645,1623250353396,-1,-1,-1
2585,635,1623250353396,-1,-1,-1
2586,639,1623250354400,-1,-1,-1
2587,632,1623250355396,-1,-1,-1
2588,622,1623250355396,-1,-1,-1
2589,627,1623250356454,-1,-1,-1
2590,655,1623250357299,-1,-1,-1
2591,698,1623250357299,-1,-1,-1
2592,746,1623250358295,-1,-1,-1
2593,792,1623250359248,-1,-1,-1
2594,789,1623250360248,-1,-1,-1
2595,773,1623250361251,-1,-1,-1
2596,747,1623250361252,-1,-1,-1
2597,707,1623250362201,-1,-1,-1
2598,648,1623250363202,-1,-1,-1
2599,621,1623250363202,-1,-1,-1
2600,612,1623250364152,-1,-1,-1
2601,598,1623250365152,-1,-1,-1
2602,602,1623250365152,-1,-1,-1
2603,608,1623250366103,-1,-1,-1
2604,625,1623250366103,-1,-1,-1
2605,662,1623250367102,-1,-1,-1
2606,670,1623250368052,-1,-1,-1
2607,683,1623250368052,-1,-1,-1
2608,687,1623250369052,-1,-1,-1
2609,688,1623250370051,-1,-1,-1
2610,675,1623250371002,-1,-1,-1
2611,646,1623250371002,-1,-1,-1
2612,652,1623250372002,-1,-1,-1
2613,644,1623250372951,-1,-1,-1
2614,633,1623250372952,-1,-1,-1
2615,620,1623250373952,-1,-1,-1
2616,619,1623250373952,-1,-1,-1
2617,617,1623250374901,-1,-1,-1
2618,625,1623250375907,-1,-1,-1
2619,626,1623250375907,-1,-1,-1
2620,646,1623250376902,-1,-1,-1
2621,650,1623250377851,-1,-1,-1
2622,651,1623250377851,-1,-1,-1
2623,641,1623250378852,-1,-1,-1
2624,636,1623250379801,-1,-1,-1
2625,622,1623250379801,-1,-1,-1
2626,611,1623250380852,-1,-1,-1
2627,603,1623250381752,-1,-1,-1
2628,598,1623250381752,-1,-1,-1
2629,597,1623250382749,-1,-1,-1
2630,596,1623250382749,-1,-1,-1
2631,599,1623250383752,-1,-1,-1
2632,599,1623250384703,-1,-1,-1
2633,590,1623250384703,-1,-1,-1
2634,591,1623250385701,-1,-1,-1
2635,595,1623250385701,-1,-1,-1
2636,598,1623250386651,-1,-1,-1
2637,617,1623250387651,-1,-1,-1
2638,647,1623250387651,-1,-1,-1
2639,700,1623250388650,-1,-1,-1
2640,734,1623250389603,-1,-1,-1
2641,707,1623250390546,-1,-1,-1
2642,710,1623250390546,-1,-1,-1
2643,682,1623250391547,-1,-1,-1
2644,651,1623250392546,-1,-1,-1
2645,628,1623250392546,-1,-1,-1
2646,625,1623250393500,-1,-1,-1
2647,607,1623250394497,-1,-1,-1
2648,610,1623250394497,-1,-1,-1
2649,584,1623250395447,-1,-1,-1
2650,580,1623250395447,-1,-1,-1
2651,573,1623250396452,-1,-1,-1
2652,581,1623250397497,-1,-1,-1
2653,586,1623250397497,-1,-1,-1
2654,603,1623250398398,-1,-1,-1
2655,610,1623250398398,-1,-1,-1
2656,640,1623250399396,-1,-1,-1
2657,645,1623250400349,-1,-1,-1
2658,659,1623250400349,-1,-1,-1
2659,642,1623250401350,-1,-1,-1
2660,647,1623250402298,-1,-1,-1
2661,633,1623250402298,-1,-1,-1
2662,628,1623250403296,-1,-1,-1
2663,628,1623250404346,-1,-1,-1
2664,616,1623250404346,-1,-1,-1
2665,616,1623250405246,-1,-1,-1
2666,610,1623250405247,-1,-1,-1
2667,614,1623250406251,-1,-1,-1
2668,617,1623250407200,-1,-1,-1
2669,599,1623250407200,-1,-1,-1
2670,612,1623250408202,-1,-1,-1
2671,601,1623250409152,-1,-1,-1
2672,606,1623250409152,-1,-1,-1
2673,599,1623250410154,-1,-1,-1
2674,598,1623250410154,-1,-1,-1
2675,609,1623250411152,-1,-1,-1
2676,625,1623250412103,-1,-1,-1
2677,634,1623250412103,-1,-1,-1
2678,633,1623250413102,-1,-1,-1
2679,654,1623250414053,-1,-1,-1
2680,632,1623250414053,-1,-1,-1
2681,1310,1623250416013,-1,-1,-1
2682,689,1623250416013,-1,-1,-1
2683,641,1623250417001,-1,-1,-1
2684,628,1623250417952,-1,-1,-1
2685,677,1623250417952,-1,-1,-1
2686,375,1623250418952,-1,-1,-1
2687,871,1623250419953,-1,-1,-1
2688,653,1623250419953,-1,-1,-1
2689,628,1623250420901,-1,-1,-1
2690,611,1623250420901,-1,-1,-1
2691,617,1623250421902,-1,-1,-1
2692,614,1623250422849,-1,-1,-1
2693,633,1623250422849,-1,-1,-1
2694,599,1623250423852,-1,-1,-1
2695,667,1623250424802,-1,-1,-1
2696,645,1623250424802,-1,-1,-1
2697,605,1623250425802,-1,-1,-1
2698,665,1623250426798,-1,-1,-1
2699,603,1623250426799,-1,-1,-1
2700,665,1623250427750,-1,-1,-1
2701,592,1623250428752,-1,-1,-1
2702,640,1623250428752,-1,-1,-1
2703,611,1623250429700,-1,-1,-1
2704,602,1623250430701,-1,-1,-1
2705,623,1623250430701,-1,-1,-1
2706,568,1623250431651,-1,-1,-1
2707,600,1623250431651,-1,-1,-1
2708,578,1623250432647,-1,-1,-1
2709,623,1623250433651,-1,-1,-1
2710,641,1623250433651,-1,-1,-1
2711,554,1623250434601,-1,-1,-1
2712,670,1623250435602,-1,-1,-1
2713,1162,1623250436547,-1,-1,-1
2714,572,1623250436547,-1,-1,-1
2715,565,1623250437546,-1,-1,-1
2716,565,1623250437546,-1,-1,-1
2717,552,1623250438500,-1,-1,-1
2718,546,1623250439502,-1,-1,-1
2719,545,1623250439502,-1,-1,-1
2720,1073,1623250440496,-1,-1,-1
2721,1141,1623250442448,-1,-1,-1
2722,815,1623250442448,-1,-1,-1
2723,755,1623250443399,-1,-1,-1
2724,477,1623250443399,-1,-1,-1
2725,536,1623250444399,-1,-1,-1
2726,587,1623250445347,-1,-1,-1
2727,955,1623250446350,-1,-1,-1
2728,1937,1623250448295,-1,-1,-1
2729,537,1623250448295,-1,-1,-1
2730,546,1623250449296,-1,-1,-1
2731,530,1623250449296,-1,-1,-1
2732,526,1623250450254,-1,-1,-1
2733,534,1623250450254,-1,-1,-1
2734,490,1623250451251,-1,-1,-1
2735,563,1623250451251,-1,-1,-1
2736,654,1623250452249,-1,-1,-1
2737,948,1623250454202,-1,-1,-1
2738,1214,1623250454202,-1,-1,-1
2739,631,1623250455152,-1,-1,-1
2740,619,1623250456147,-1,-1,-1
2741,594,1623250456147,-1,-1,-1
2742,575,1623250457095,-1,-1,-1
2743,583,1623250457095,-1,-1,-1
2744,562,1623250458096,-1,-1,-1
2745,555,1623250458096,-1,-1,-1
2746,561,1623250459099,-1,-1,-1
2747,544,1623250460046,-1,-1,-1
2748,540,1623250460046,-1,-1,-1
2749,1052,1623250461046,-1,-1,-1
2750,1345,1623250463000,-1,-1,-1
2751,1934,1623250464953,-1,-1,-1
2752,1632,1623250465950,-1,-1,-1
2753,581,1623250466948,-1,-1,-1
2754,620,1623250467951,-1,-1,-1
2755,1512,1623250468847,-1,-1,-1
2756,907,1623250469896,-1,-1,-1
2757,1262,1623250470801,-1,-1,-1
2758,556,1623250471802,-1,-1,-1
2759,674,1623250471802,-1,-1,-1
2760,608,1623250472797,-1,-1,-1
2761,801,1623250473752,-1,-1,-1
2762,762,1623250474749,-1,-1,-1
2763,1038,1623250475695,-1,-1,-1
2764,567,1623250475695,-1,-1,-1
2765,553,1623250476697,-1,-1,-1
2766,492,1623250476697,-1,-1,-1
2767,1131,1623250478652,-1,-1,-1
2768,819,1623250479697,-1,-1,-1
2769,701,1623250479697,-1,-1,-1
2770,786,1623250480602,-1,-1,-1
2771,715,1623250481600,-1,-1,-1
2772,672,1623250481600,-1,-1,-1
2773,674,1623250482552,-1,-1,-1
2774,872,1623250483551,-1,-1,-1
2775,655,1623250484498,-1,-1,-1
2776,1328,1623250485497,-1,-1,-1
2777,736,1623250486496,-1,-1,-1
2778,1168,1623250487449,-1,-1,-1
2779,985,1623250488450,-1,-1,-1
2780,426,1623250488450,-1,-1,-1
2781,535,1623250489400,-1,-1,-1
2782,501,1623250489400,-1,-1,-1
2783,488,1623250490396,-1,-1,-1
2784,1167,1623250491346,-1,-1,-1
2785,580,1623250492345,-1,-1,-1
2786,563,1623250492345,-1,-1,-1
2787,552,1623250493346,-1,-1,-1
2788,628,1623250494296,-1,-1,-1
2789,542,1623250494296,-1,-1,-1
2790,538,1623250495295,-1,-1,-1
2791,558,1623250495295,-1,-1,-1
2792,677,1623250496246,-1,-1,-1
2793,625,1623250496246,-1,-1,-1
2794,601,1623250497250,-1,-1,-1
2795,607,1623250498198,-1,-1,-1
2796,645,1623250498198,-1,-1,-1
2797,572,1623250499202,-1,-1,-1
2798,641,1623250500247,-1,-1,-1
2799,641,1623250500247,-1,-1,-1
2800,646,1623250501199,-1,-1,-1
2801,1189,1623250502201,-1,-1,-1
2802,631,1623250503099,-1,-1,-1
2803,575,1623250503099,-1,-1,-1
2804,589,1623250504101,-1,-1,-1
2805,844,1623250505052,-1,-1,-1
2806,306,1623250505052,-1,-1,-1
2807,530,1623250506048,-1,-1,-1
2808,680,1623250507048,-1,-1,-1
2809,570,1623250507048,-1,-1,-1
2810,552,1623250508000,-1,-1,-1
2811,606,1623250508000,-1,-1,-1
2812,535,1623250509002,-1,-1,-1
2813,552,1623250509002,-1,-1,-1
2814,588,1623250509954,-1,-1,-1
2815,573,1623250509954,-1,-1,-1
2816,598,1623250510950,-1,-1,-1
2817,589,1623250511901,-1,-1,-1
2818,633,1623250511901,-1,-1,-1
2819,612,1623250512902,-1,-1,-1
2820,629,1623250513850,-1,-1,-1
2821,631,1623250513850,-1,-1,-1
2822,629,1623250514852,-1,-1,-1
2823,631,1623250515852,-1,-1,-1
2824,640,1623250515852,-1,-1,-1
2825,628,1623250516796,-1,-1,-1
2826,625,1623250516796,-1,-1,-1
2827,613,1623250517848,-1,-1,-1
2828,659,1623250518752,-1,-1,-1
2829,641,1623250518752,-1,-1,-1
2830,638,1623250519751,-1,-1,-1
2831,664,1623250520751,-1,-1,-1
2832,679,1623250520751,-1,-1,-1
2833,644,1623250521696,-1,-1,-1
2834,642,1623250522696,-1,-1,-1
2835,646,1623250522696,-1,-1,-1
2836,642,1623250523701,-1,-1,-1
2837,654,1623250524651,-1,-1,-1
2838,654,1623250524651,-1,-1,-1
2839,660,1623250525601,-1,-1,-1
2840,670,1623250526602,-1,-1,-1
2841,673,1623250526602,-1,-1,-1
2842,676,1623250527553,-1,-1,-1
2843,676,1623250528548,-1,-1,-1
2844,682,1623250529552,-1,-1,-1
2845,640,1623250529552,-1,-1,-1
2846,671,1623250530498,-1,-1,-1
2847,669,1623250531501,-1,-1,-1
2848,630,1623250531501,-1,-1,-1
2849,650,1623250532446,-1,-1,-1
2850,651,1623250533445,-1,-1,-1
2851,679,1623250533445,-1,-1,-1
2852,648,1623250534395,-1,-1,-1
2853,663,1623250535397,-1,-1,-1
2854,648,1623250535397,-1,-1,-1
2855,642,1623250536396,-1,-1,-1
2856,647,1623250537346,-1,-1,-1
2857,658,1623250537346,-1,-1,-1
2858,670,1623250538346,-1,-1,-1
2859,681,1623250539296,-1,-1,-1
2860,692,1623250539296,-1,-1,-1
2861,713,1623250540297,-1,-1,-1
2862,738,1623250541296,-1,-1,-1
2863,733,1623250542249,-1,-1,-1
2864,732,1623250542249,-1,-1,-1
2865,714,1623250543247,-1,-1,-1
2866,683,1623250544347,-1,-1,-1
2867,676,1623250544347,-1,-1,-1
2868,656,1623250545196,-1,-1,-1
2869,650,1623250546152,-1,-1,-1
2870,672,1623250546152,-1,-1,-1
2871,598,1623250547153,-1,-1,-1
2872,631,1623250548102,-1,-1,-1
2873,781,1623250549202,-1,-1,-1
2874,566,1623250549202,-1,-1,-1
2875,672,1623250550102,-1,-1,-1
2876,567,1623250550102,-1,-1,-1
2877,608,1623250551101,-1,-1,-1
2878,621,1623250552047,-1,-1,-1
2879,629,1623250552047,-1,-1,-1
2880,630,1623250553001,-1,-1,-1
2881,640,1623250554003,-1,-1,-1
2882,654,1623250554003,-1,-1,-1
2883,648,1623250554952,-1,-1,-1
2884,640,1623250555953,-1,-1,-1
2885,647,1623250555953,-1,-1,-1
2886,633,1623250556952,-1,-1,-1
2887,628,1623250558002,-1,-1,-1
2888,619,1623250558002,-1,-1,-1
2889,613,1623250558896,-1,-1,-1
2890,607,1623250558896,-1,-1,-1
2891,605,1623250559946,-1,-1,-1
2892,607,1623250560851,-1,-1,-1
2893,616,1623250560851,-1,-1,-1
2894,625,1623250561800,-1,-1,-1
2895,649,1623250562802,-1,-1,-1
2896,651,1623250562802,-1,-1,-1
2897,677,1623250563802,-1,-1,-1
2898,681,1623250564750,-1,-1,-1
2899,675,1623250564750,-1,-1,-1
2900,673,1623250565755,-1,-1,-1
2901,663,1623250566800,-1,-1,-1
2902,655,1623250566800,-1,-1,-1
2903,646,1623250567703,-1,-1,-1
2904,642,1623250568650,-1,-1,-1
2905,637,1623250568650,-1,-1,-1
2906,633,1623250569646,-1,-1,-1
2907,636,1623250570648,-1,-1,-1
2908,640,1623250570648,-1,-1,-1
2909,639,1623250571602,-1,-1,-1
2910,637,1623250572603,-1,-1,-1
2911,663,1623250572603,-1,-1,-1
2912,616,1623250573545,-1,-1,-1
2913,663,1623250574552,-1,-1,-1
2914,643,1623250574552,-1,-1,-1
2915,645,1623250575602,-1,-1,-1
2916,643,1623250576498,-1,-1,-1
2917,625,1623250576498,-1,-1,-1
2918,615,1623250577448,-1,-1,-1
2919,614,1623250577448,-1,-1,-1
2920,610,1623250578447,-1,-1,-1
