,RR,Timestamp,SensorContact,errorEstimate,blockerBit
0,719,1627578612301,-1,-1,-1
1,783,1627578613289,-1,-1,-1
2,831,1627578614280,-1,-1,-1
3,687,1627578615298,-1,-1,-1
4,647,1627578616289,-1,-1,-1
5,919,1627578616289,-1,-1,-1
6,599,1627578617280,-1,-1,-1
7,799,1627578618301,-1,-1,-1
8,607,1627578618301,-1,-1,-1
9,799,1627578621327,-1,-1,-1
10,943,1627578626279,-1,-1,-1
11,791,1627578632278,-1,-1,-1
12,671,1627578632279,-1,-1,-1
13,623,1627578633298,-1,-1,-1
14,615,1627578633298,-1,-1,-1
15,639,1627578635338,-1,-1,-1
16,695,1627578636298,-1,-1,-1
17,551,1627578637289,-1,-1,-1
18,647,1627578637289,-1,-1,-1
19,543,1627578638278,-1,-1,-1
20,647,1627578638278,-1,-1,-1
21,655,1627578643288,-1,-1,-1
22,519,1627578644278,-1,-1,-1
23,519,1627578651297,-1,-1,-1
24,679,1627578653278,-1,-1,-1
25,695,1627578654326,-1,-1,-1
26,695,1627578654326,-1,-1,-1
27,639,1627578655288,-1,-1,-1
28,695,1627578656277,-1,-1,-1
29,631,1627578656277,-1,-1,-1
30,735,1627578657297,-1,-1,-1
31,575,1627578658286,-1,-1,-1
32,623,1627578658286,-1,-1,-1
33,655,1627578659277,-1,-1,-1
34,655,1627578660296,-1,-1,-1
35,615,1627578660296,-1,-1,-1
36,687,1627578661286,-1,-1,-1
37,687,1627578662277,-1,-1,-1
38,671,1627578662277,-1,-1,-1
39,871,1627578664286,-1,-1,-1
40,679,1627578665277,-1,-1,-1
41,687,1627578666296,-1,-1,-1
42,687,1627578666296,-1,-1,-1
43,519,1627578667286,-1,-1,-1
44,815,1627578668278,-1,-1,-1
45,695,1627578668278,-1,-1,-1
46,791,1627578669295,-1,-1,-1
47,695,1627578671276,-1,-1,-1
48,519,1627578672295,-1,-1,-1
49,847,1627578672295,-1,-1,-1
50,735,1627578673285,-1,-1,-1
51,727,1627578674275,-1,-1,-1
52,759,1627578675294,-1,-1,-1
53,487,1627578675294,-1,-1,-1
54,719,1627578677275,-1,-1,-1
55,679,1627578678297,-1,-1,-1
56,831,1627578680275,-1,-1,-1
57,831,1627578684295,-1,-1,-1
58,439,1627578686275,-1,-1,-1
59,663,1627578687325,-1,-1,-1
60,591,1627578687325,-1,-1,-1
61,575,1627578688285,-1,-1,-1
62,479,1627578693295,-1,-1,-1
63,727,1627578694285,-1,-1,-1
64,495,1627578694286,-1,-1,-1
65,671,1627578701272,-1,-1,-1
66,695,1627578701272,-1,-1,-1
67,655,1627578702294,-1,-1,-1
68,703,1627578703284,-1,-1,-1
69,663,1627578703284,-1,-1,-1
70,679,1627578704275,-1,-1,-1
71,671,1627578705294,-1,-1,-1
72,711,1627578707274,-1,-1,-1
73,671,1627578708294,-1,-1,-1
74,567,1627578708294,-1,-1,-1
75,447,1627578710272,-1,-1,-1
76,623,1627578710272,-1,-1,-1
77,767,1627578711293,-1,-1,-1
78,759,1627578712282,-1,-1,-1
79,695,1627578713273,-1,-1,-1
80,703,1627578713273,-1,-1,-1
81,719,1627578714293,-1,-1,-1
82,711,1627578715284,-1,-1,-1
83,735,1627578715284,-1,-1,-1
84,767,1627578716273,-1,-1,-1
85,719,1627578717290,-1,-1,-1
86,687,1627578718282,-1,-1,-1
87,743,1627578718282,-1,-1,-1
88,751,1627578719272,-1,-1,-1
89,727,1627578720324,-1,-1,-1
90,887,1627578723293,-1,-1,-1
91,703,1627578724281,-1,-1,-1
92,807,1627578726294,-1,-1,-1
93,663,1627578730282,-1,-1,-1
94,687,1627578737272,-1,-1,-1
95,687,1627578738290,-1,-1,-1
96,655,1627578738290,-1,-1,-1
97,647,1627578739282,-1,-1,-1
98,727,1627578740271,-1,-1,-1
99,631,1627578740271,-1,-1,-1
100,663,1627578741293,-1,-1,-1
101,695,1627578742291,-1,-1,-1
102,679,1627578742291,-1,-1,-1
103,759,1627578743271,-1,-1,-1
104,743,1627578744362,-1,-1,-1
105,727,1627578746352,-1,-1,-1
106,735,1627578746352,-1,-1,-1
107,775,1627578746737,-1,-1,-1
108,687,1627578747307,-1,-1,-1
109,623,1627578747307,-1,-1,-1
110,719,1627578748294,-1,-1,-1
111,679,1627578750116,-1,-1,-1
112,687,1627578750116,-1,-1,-1
113,655,1627578750307,-1,-1,-1
114,679,1627578752272,-1,-1,-1
115,631,1627578753323,-1,-1,-1
116,655,1627578753323,-1,-1,-1
117,743,1627578755274,-1,-1,-1
118,679,1627578759290,-1,-1,-1
119,647,1627578759290,-1,-1,-1
120,639,1627578760313,-1,-1,-1
121,623,1627578761389,-1,-1,-1
122,631,1627578761389,-1,-1,-1
123,663,1627578762289,-1,-1,-1
124,639,1627578763284,-1,-1,-1
125,623,1627578763284,-1,-1,-1
126,631,1627578764270,-1,-1,-1
127,751,1627578765291,-1,-1,-1
128,615,1627578765291,-1,-1,-1
129,847,1627578766285,-1,-1,-1
130,719,1627578767271,-1,-1,-1
131,679,1627578767271,-1,-1,-1
132,703,1627578768444,-1,-1,-1
133,727,1627578769284,-1,-1,-1
134,671,1627578770365,-1,-1,-1
135,663,1627578770365,-1,-1,-1
136,679,1627578771542,-1,-1,-1
137,695,1627578772281,-1,-1,-1
138,687,1627578772281,-1,-1,-1
139,655,1627578773588,-1,-1,-1
140,735,1627578774293,-1,-1,-1
141,663,1627578774293,-1,-1,-1
142,655,1627578775279,-1,-1,-1
143,663,1627578776479,-1,-1,-1
144,567,1627578778932,-1,-1,-1
145,751,1627578778932,-1,-1,-1
146,575,1627578779327,-1,-1,-1
147,815,1627578780290,-1,-1,-1
148,655,1627578780290,-1,-1,-1
149,655,1627578781358,-1,-1,-1
150,679,1627578782817,-1,-1,-1
151,695,1627578784283,-1,-1,-1
152,727,1627578786409,-1,-1,-1
153,791,1627578787948,-1,-1,-1
154,799,1627578788300,-1,-1,-1
155,791,1627578788300,-1,-1,-1
156,751,1627578789289,-1,-1,-1
157,759,1627578790278,-1,-1,-1
158,743,1627578791271,-1,-1,-1
159,783,1627578791271,-1,-1,-1
160,719,1627578794269,-1,-1,-1
161,727,1627578794269,-1,-1,-1
162,727,1627578795289,-1,-1,-1
163,711,1627578796279,-1,-1,-1
164,751,1627578796279,-1,-1,-1
165,767,1627578797268,-1,-1,-1
166,759,1627578798289,-1,-1,-1
167,751,1627578799281,-1,-1,-1
168,719,1627578799281,-1,-1,-1
169,711,1627578800268,-1,-1,-1
170,711,1627578801288,-1,-1,-1
171,711,1627578802279,-1,-1,-1
172,695,1627578802279,-1,-1,-1
173,679,1627578803270,-1,-1,-1
174,679,1627578804293,-1,-1,-1
175,687,1627578804293,-1,-1,-1
176,663,1627578805278,-1,-1,-1
177,679,1627578806268,-1,-1,-1
178,703,1627578806268,-1,-1,-1
179,727,1627578807291,-1,-1,-1
180,719,1627578808278,-1,-1,-1
181,703,1627578809283,-1,-1,-1
182,727,1627578809283,-1,-1,-1
183,743,1627578810288,-1,-1,-1
184,735,1627578811278,-1,-1,-1
185,711,1627578811278,-1,-1,-1
186,703,1627578812267,-1,-1,-1
187,735,1627578813288,-1,-1,-1
188,775,1627578814277,-1,-1,-1
189,767,1627578814277,-1,-1,-1
190,735,1627578815267,-1,-1,-1
191,823,1627578818267,-1,-1,-1
192,903,1627578822287,-1,-1,-1
193,695,1627578822287,-1,-1,-1
194,623,1627578825290,-1,-1,-1
195,655,1627578826279,-1,-1,-1
196,639,1627578826279,-1,-1,-1
197,623,1627578827267,-1,-1,-1
198,679,1627578828289,-1,-1,-1
199,791,1627578828289,-1,-1,-1
200,847,1627578829277,-1,-1,-1
201,823,1627578830268,-1,-1,-1
202,831,1627578831286,-1,-1,-1
203,831,1627578832277,-1,-1,-1
204,799,1627578833297,-1,-1,-1
205,815,1627578833297,-1,-1,-1
206,815,1627578834286,-1,-1,-1
207,759,1627578835275,-1,-1,-1
208,759,1627578836297,-1,-1,-1
209,831,1627578837287,-1,-1,-1
210,1039,1627578838282,-1,-1,-1
211,647,1627578839268,-1,-1,-1
212,903,1627578842266,-1,-1,-1
213,727,1627578842266,-1,-1,-1
214,751,1627578843293,-1,-1,-1
215,775,1627578844278,-1,-1,-1
216,775,1627578845266,-1,-1,-1
217,783,1627578846288,-1,-1,-1
218,767,1627578846288,-1,-1,-1
219,871,1627578847277,-1,-1,-1
220,735,1627578848266,-1,-1,-1
221,695,1627578849286,-1,-1,-1
222,687,1627578849286,-1,-1,-1
223,703,1627578850278,-1,-1,-1
224,583,1627578851265,-1,-1,-1
225,855,1627578851265,-1,-1,-1
226,783,1627578852324,-1,-1,-1
227,791,1627578853310,-1,-1,-1
228,783,1627578854269,-1,-1,-1
229,775,1627578855286,-1,-1,-1
230,743,1627578855286,-1,-1,-1
231,975,1627578859277,-1,-1,-1
232,663,1627578860267,-1,-1,-1
233,807,1627578860267,-1,-1,-1
234,727,1627578861288,-1,-1,-1
235,615,1627578862276,-1,-1,-1
236,703,1627578862276,-1,-1,-1
237,695,1627578863268,-1,-1,-1
238,751,1627578864291,-1,-1,-1
239,767,1627578867285,-1,-1,-1
240,719,1627578868276,-1,-1,-1
241,767,1627578869264,-1,-1,-1
242,783,1627578873283,-1,-1,-1
243,775,1627578873283,-1,-1,-1
244,927,1627578874275,-1,-1,-1
245,575,1627578875265,-1,-1,-1
246,815,1627578876287,-1,-1,-1
247,815,1627578877276,-1,-1,-1
248,903,1627578877276,-1,-1,-1
249,767,1627578878264,-1,-1,-1
250,751,1627578879291,-1,-1,-1
251,815,1627578880276,-1,-1,-1
252,751,1627578881263,-1,-1,-1
253,791,1627578881263,-1,-1,-1
254,735,1627578882282,-1,-1,-1
255,743,1627578883272,-1,-1,-1
256,751,1627578884263,-1,-1,-1
257,791,1627578884263,-1,-1,-1
258,735,1627578885315,-1,-1,-1
259,671,1627578886304,-1,-1,-1
260,759,1627578887264,-1,-1,-1
261,695,1627578887264,-1,-1,-1
262,743,1627578888283,-1,-1,-1
263,719,1627578889273,-1,-1,-1
264,647,1627578889273,-1,-1,-1
265,719,1627578890270,-1,-1,-1
266,711,1627578891283,-1,-1,-1
267,687,1627578891283,-1,-1,-1
268,719,1627578892277,-1,-1,-1
269,711,1627578893264,-1,-1,-1
270,719,1627578894284,-1,-1,-1
271,751,1627578894284,-1,-1,-1
272,703,1627578895271,-1,-1,-1
273,711,1627578896262,-1,-1,-1
274,647,1627578899263,-1,-1,-1
275,679,1627578902263,-1,-1,-1
276,759,1627578903284,-1,-1,-1
277,719,1627578904273,-1,-1,-1
278,743,1627578904273,-1,-1,-1
279,711,1627578905263,-1,-1,-1
280,695,1627578906283,-1,-1,-1
281,743,1627578906283,-1,-1,-1
282,767,1627578907271,-1,-1,-1
283,743,1627578908262,-1,-1,-1
284,703,1627578909281,-1,-1,-1
285,759,1627578909281,-1,-1,-1
286,767,1627578910272,-1,-1,-1
287,751,1627578911262,-1,-1,-1
288,759,1627578912282,-1,-1,-1
289,735,1627578912282,-1,-1,-1
290,759,1627578913272,-1,-1,-1
291,759,1627578914261,-1,-1,-1
292,759,1627578915280,-1,-1,-1
293,703,1627578915280,-1,-1,-1
294,687,1627578916271,-1,-1,-1
295,719,1627578917260,-1,-1,-1
296,719,1627578918313,-1,-1,-1
297,567,1627578918313,-1,-1,-1
298,791,1627578919301,-1,-1,-1
299,743,1627578920296,-1,-1,-1
300,559,1627578920296,-1,-1,-1
301,783,1627578921283,-1,-1,-1
302,703,1627578922273,-1,-1,-1
303,679,1627578924282,-1,-1,-1
304,751,1627578925271,-1,-1,-1
305,799,1627578925271,-1,-1,-1
306,783,1627578926264,-1,-1,-1
307,759,1627578927282,-1,-1,-1
308,663,1627578930281,-1,-1,-1
309,775,1627578931271,-1,-1,-1
310,775,1627578932264,-1,-1,-1
311,743,1627578932264,-1,-1,-1
312,751,1627578933280,-1,-1,-1
313,687,1627578937275,-1,-1,-1
314,783,1627578937275,-1,-1,-1
315,695,1627578938261,-1,-1,-1
316,751,1627578939286,-1,-1,-1
317,695,1627578940271,-1,-1,-1
318,759,1627578940271,-1,-1,-1
319,727,1627578941259,-1,-1,-1
320,687,1627578942286,-1,-1,-1
321,703,1627578942286,-1,-1,-1
322,727,1627578943271,-1,-1,-1
323,743,1627578944258,-1,-1,-1
324,719,1627578945278,-1,-1,-1
325,735,1627578945278,-1,-1,-1
326,719,1627578946268,-1,-1,-1
327,671,1627578947259,-1,-1,-1
328,687,1627578947259,-1,-1,-1
329,687,1627578948280,-1,-1,-1
330,687,1627578949269,-1,-1,-1
331,695,1627578950265,-1,-1,-1
332,687,1627578950265,-1,-1,-1
333,679,1627578951313,-1,-1,-1
334,695,1627578952300,-1,-1,-1
335,727,1627578952300,-1,-1,-1
336,735,1627578953291,-1,-1,-1
337,671,1627578957280,-1,-1,-1
338,719,1627578957280,-1,-1,-1
339,663,1627578958276,-1,-1,-1
340,671,1627578959259,-1,-1,-1
341,711,1627578959259,-1,-1,-1
342,759,1627578960282,-1,-1,-1
343,775,1627578961273,-1,-1,-1
344,767,1627578962258,-1,-1,-1
345,735,1627578962258,-1,-1,-1
346,711,1627578963277,-1,-1,-1
347,799,1627578964271,-1,-1,-1
348,727,1627578965258,-1,-1,-1
349,711,1627578965258,-1,-1,-1
350,719,1627578966282,-1,-1,-1
351,695,1627578967268,-1,-1,-1
352,687,1627578967268,-1,-1,-1
353,719,1627578968257,-1,-1,-1
354,751,1627578969277,-1,-1,-1
355,759,1627578971260,-1,-1,-1
356,775,1627578972279,-1,-1,-1
357,767,1627578973267,-1,-1,-1
358,711,1627578973267,-1,-1,-1
359,695,1627578974288,-1,-1,-1
360,759,1627578975276,-1,-1,-1
361,751,1627578976267,-1,-1,-1
362,743,1627578976267,-1,-1,-1
363,535,1627578977256,-1,-1,-1
364,871,1627578978277,-1,-1,-1
365,671,1627578978277,-1,-1,-1
366,767,1627578979267,-1,-1,-1
367,855,1627578980258,-1,-1,-1
368,655,1627578981278,-1,-1,-1
369,583,1627578981278,-1,-1,-1
370,759,1627578984314,-1,-1,-1
371,847,1627578985297,-1,-1,-1
372,559,1627578987277,-1,-1,-1
373,831,1627578988269,-1,-1,-1
374,719,1627578988269,-1,-1,-1
375,719,1627578989256,-1,-1,-1
376,703,1627578990278,-1,-1,-1
377,815,1627578991266,-1,-1,-1
378,879,1627578991266,-1,-1,-1
379,919,1627578992257,-1,-1,-1
380,879,1627578993277,-1,-1,-1
381,959,1627578994266,-1,-1,-1
382,975,1627578995256,-1,-1,-1
383,935,1627578996278,-1,-1,-1
384,775,1627578997266,-1,-1,-1
385,567,1627578997266,-1,-1,-1
386,1071,1627578999800,-1,-1,-1
387,775,1627578999800,-1,-1,-1
388,631,1627579000264,-1,-1,-1
389,799,1627579001259,-1,-1,-1
390,751,1627579001259,-1,-1,-1
391,791,1627579002274,-1,-1,-1
392,743,1627579003268,-1,-1,-1
393,687,1627579004256,-1,-1,-1
394,751,1627579004256,-1,-1,-1
395,759,1627579005281,-1,-1,-1
396,751,1627579006269,-1,-1,-1
397,719,1627579007254,-1,-1,-1
398,703,1627579007254,-1,-1,-1
399,711,1627579008275,-1,-1,-1
400,719,1627579009265,-1,-1,-1
401,703,1627579010539,-1,-1,-1
402,727,1627579010539,-1,-1,-1
403,727,1627579012312,-1,-1,-1
404,743,1627579012541,-1,-1,-1
405,599,1627579012541,-1,-1,-1
406,647,1627579013255,-1,-1,-1
407,679,1627579014274,-1,-1,-1
408,687,1627579014274,-1,-1,-1
409,687,1627579015263,-1,-1,-1
410,727,1627579016255,-1,-1,-1
411,807,1627579017274,-1,-1,-1
412,895,1627579017274,-1,-1,-1
413,847,1627579018295,-1,-1,-1
414,879,1627579019284,-1,-1,-1
415,927,1627579020275,-1,-1,-1
416,807,1627579026274,-1,-1,-1
417,855,1627579026274,-1,-1,-1
418,839,1627579027262,-1,-1,-1
419,791,1627579028254,-1,-1,-1
420,807,1627579029278,-1,-1,-1
421,831,1627579030263,-1,-1,-1
422,839,1627579030263,-1,-1,-1
423,791,1627579031253,-1,-1,-1
424,727,1627579032276,-1,-1,-1
425,759,1627579033264,-1,-1,-1
426,703,1627579033264,-1,-1,-1
427,807,1627579034255,-1,-1,-1
428,863,1627579036262,-1,-1,-1
429,751,1627579037256,-1,-1,-1
430,735,1627579038274,-1,-1,-1
431,847,1627579039268,-1,-1,-1
432,687,1627579039268,-1,-1,-1
433,743,1627579040253,-1,-1,-1
434,727,1627579041305,-1,-1,-1
435,751,1627579042262,-1,-1,-1
436,751,1627579042262,-1,-1,-1
437,751,1627579043255,-1,-1,-1
438,719,1627579044277,-1,-1,-1
439,551,1627579044277,-1,-1,-1
440,687,1627579045263,-1,-1,-1
441,703,1627579046253,-1,-1,-1
442,719,1627579046253,-1,-1,-1
443,759,1627579047275,-1,-1,-1
444,735,1627579048261,-1,-1,-1
445,743,1627579049253,-1,-1,-1
446,719,1627579049253,-1,-1,-1
447,951,1627579050277,-1,-1,-1
448,847,1627579051293,-1,-1,-1
449,767,1627579052284,-1,-1,-1
450,823,1627579053273,-1,-1,-1
451,863,1627579054267,-1,-1,-1
452,919,1627579055253,-1,-1,-1
453,815,1627579055253,-1,-1,-1
454,719,1627579056275,-1,-1,-1
455,759,1627579057264,-1,-1,-1
456,751,1627579058254,-1,-1,-1
457,831,1627579058254,-1,-1,-1
458,623,1627579059272,-1,-1,-1
459,935,1627579061251,-1,-1,-1
460,807,1627579062272,-1,-1,-1
461,527,1627579063264,-1,-1,-1
462,959,1627579063264,-1,-1,-1
463,711,1627579066267,-1,-1,-1
464,679,1627579066267,-1,-1,-1
465,703,1627579067251,-1,-1,-1
466,711,1627579068272,-1,-1,-1
467,743,1627579068272,-1,-1,-1
468,783,1627579069260,-1,-1,-1
469,783,1627579070251,-1,-1,-1
470,791,1627579071272,-1,-1,-1
471,775,1627579072263,-1,-1,-1
472,639,1627579074277,-1,-1,-1
473,799,1627579074277,-1,-1,-1
474,775,1627579075260,-1,-1,-1
475,815,1627579076254,-1,-1,-1
476,735,1627579077272,-1,-1,-1
477,631,1627579077272,-1,-1,-1
478,855,1627579078269,-1,-1,-1
479,775,1627579079253,-1,-1,-1
480,751,1627579080272,-1,-1,-1
481,751,1627579081265,-1,-1,-1
482,767,1627579081265,-1,-1,-1
483,727,1627579082253,-1,-1,-1
484,735,1627579083272,-1,-1,-1
485,759,1627579084297,-1,-1,-1
486,759,1627579084297,-1,-1,-1
487,695,1627579085284,-1,-1,-1
488,711,1627579086272,-1,-1,-1
489,735,1627579086272,-1,-1,-1
490,807,1627579087262,-1,-1,-1
491,863,1627579091250,-1,-1,-1
492,903,1627579092270,-1,-1,-1
493,599,1627579092270,-1,-1,-1
494,503,1627579094251,-1,-1,-1
495,775,1627579096260,-1,-1,-1
496,719,1627579097250,-1,-1,-1
497,751,1627579097250,-1,-1,-1
498,751,1627579098270,-1,-1,-1
499,751,1627579099260,-1,-1,-1
500,711,1627579100250,-1,-1,-1
501,695,1627579100250,-1,-1,-1
502,711,1627579101270,-1,-1,-1
503,751,1627579102262,-1,-1,-1
504,735,1627579103251,-1,-1,-1
505,743,1627579103251,-1,-1,-1
506,703,1627579104272,-1,-1,-1
507,711,1627579105262,-1,-1,-1
508,703,1627579105262,-1,-1,-1
509,703,1627579106251,-1,-1,-1
510,751,1627579111262,-1,-1,-1
511,775,1627579112251,-1,-1,-1
512,807,1627579113272,-1,-1,-1
513,799,1627579113272,-1,-1,-1
514,807,1627579114264,-1,-1,-1
515,807,1627579115252,-1,-1,-1
516,783,1627579116272,-1,-1,-1
517,735,1627579117292,-1,-1,-1
518,719,1627579117292,-1,-1,-1
519,719,1627579118282,-1,-1,-1
520,727,1627579119271,-1,-1,-1
521,727,1627579120264,-1,-1,-1
522,695,1627579120264,-1,-1,-1
523,679,1627579121253,-1,-1,-1
524,679,1627579122272,-1,-1,-1
525,671,1627579122272,-1,-1,-1
526,663,1627579123258,-1,-1,-1
527,711,1627579124251,-1,-1,-1
528,727,1627579124251,-1,-1,-1
529,791,1627579125271,-1,-1,-1
530,751,1627579126263,-1,-1,-1
531,751,1627579127250,-1,-1,-1
532,783,1627579127250,-1,-1,-1
533,799,1627579128273,-1,-1,-1
534,775,1627579129259,-1,-1,-1
535,735,1627579130250,-1,-1,-1
536,759,1627579131272,-1,-1,-1
537,767,1627579131272,-1,-1,-1
538,751,1627579132262,-1,-1,-1
539,703,1627579133252,-1,-1,-1
540,743,1627579133252,-1,-1,-1
541,743,1627579134270,-1,-1,-1
542,735,1627579135262,-1,-1,-1
543,703,1627579136250,-1,-1,-1
544,719,1627579136250,-1,-1,-1
545,735,1627579137272,-1,-1,-1
546,767,1627579138258,-1,-1,-1
547,719,1627579139250,-1,-1,-1
548,703,1627579139250,-1,-1,-1
549,695,1627579140269,-1,-1,-1
550,711,1627579141260,-1,-1,-1
551,767,1627579141260,-1,-1,-1
552,799,1627579142251,-1,-1,-1
553,759,1627579143271,-1,-1,-1
554,751,1627579144261,-1,-1,-1
555,751,1627579145248,-1,-1,-1
556,767,1627579145248,-1,-1,-1
557,759,1627579146267,-1,-1,-1
558,719,1627579147259,-1,-1,-1
559,695,1627579147259,-1,-1,-1
560,703,1627579148250,-1,-1,-1
561,727,1627579149268,-1,-1,-1
562,751,1627579150290,-1,-1,-1
563,727,1627579150290,-1,-1,-1
564,703,1627579151281,-1,-1,-1
565,743,1627579152273,-1,-1,-1
566,735,1627579153260,-1,-1,-1
567,727,1627579153260,-1,-1,-1
568,687,1627579154250,-1,-1,-1
569,727,1627579155267,-1,-1,-1
570,735,1627579155267,-1,-1,-1
571,759,1627579156260,-1,-1,-1
572,759,1627579157250,-1,-1,-1
573,759,1627579158270,-1,-1,-1
574,727,1627579158270,-1,-1,-1
575,735,1627579159261,-1,-1,-1
576,751,1627579160251,-1,-1,-1
577,743,1627579161272,-1,-1,-1
578,759,1627579161272,-1,-1,-1
579,743,1627579162260,-1,-1,-1
580,727,1627579163250,-1,-1,-1
581,695,1627579164271,-1,-1,-1
582,711,1627579164271,-1,-1,-1
583,735,1627579165259,-1,-1,-1
584,671,1627579166250,-1,-1,-1
585,775,1627579167270,-1,-1,-1
586,767,1627579167270,-1,-1,-1
587,703,1627579168260,-1,-1,-1
588,751,1627579170267,-1,-1,-1
589,743,1627579171259,-1,-1,-1
590,783,1627579172248,-1,-1,-1
591,775,1627579172248,-1,-1,-1
592,775,1627579173272,-1,-1,-1
593,743,1627579174259,-1,-1,-1
594,703,1627579175247,-1,-1,-1
595,711,1627579175247,-1,-1,-1
596,727,1627579176271,-1,-1,-1
597,727,1627579177259,-1,-1,-1
598,743,1627579178248,-1,-1,-1
599,703,1627579178248,-1,-1,-1
600,679,1627579179266,-1,-1,-1
601,703,1627579180259,-1,-1,-1
602,695,1627579180259,-1,-1,-1
603,727,1627579181247,-1,-1,-1
604,743,1627579182267,-1,-1,-1
605,743,1627579183257,-1,-1,-1
606,719,1627579183257,-1,-1,-1
607,695,1627579184278,-1,-1,-1
608,663,1627579185269,-1,-1,-1
609,671,1627579185269,-1,-1,-1
610,711,1627579186259,-1,-1,-1
611,719,1627579187245,-1,-1,-1
612,751,1627579188267,-1,-1,-1
613,727,1627579188267,-1,-1,-1
614,687,1627579189257,-1,-1,-1
615,719,1627579190245,-1,-1,-1
616,727,1627579190245,-1,-1,-1
617,743,1627579191268,-1,-1,-1
618,791,1627579192259,-1,-1,-1
619,791,1627579193245,-1,-1,-1
620,759,1627579193245,-1,-1,-1
621,751,1627579194266,-1,-1,-1
622,703,1627579195257,-1,-1,-1
623,695,1627579196247,-1,-1,-1
624,711,1627579196247,-1,-1,-1
625,735,1627579197269,-1,-1,-1
626,743,1627579198257,-1,-1,-1
627,799,1627579199248,-1,-1,-1
628,815,1627579199249,-1,-1,-1
629,727,1627579200266,-1,-1,-1
630,727,1627579201257,-1,-1,-1
631,751,1627579202245,-1,-1,-1
632,743,1627579202245,-1,-1,-1
633,735,1627579203264,-1,-1,-1
634,719,1627579204257,-1,-1,-1
635,727,1627579205245,-1,-1,-1
636,727,1627579205246,-1,-1,-1
637,735,1627579206265,-1,-1,-1
638,719,1627579207258,-1,-1,-1
639,719,1627579207258,-1,-1,-1
640,583,1627579212267,-1,-1,-1
641,935,1627579213257,-1,-1,-1
642,719,1627579213257,-1,-1,-1
643,759,1627579214245,-1,-1,-1
644,791,1627579215268,-1,-1,-1
645,815,1627579216257,-1,-1,-1
646,791,1627579216257,-1,-1,-1
647,751,1627579217278,-1,-1,-1
648,719,1627579218266,-1,-1,-1
649,751,1627579219257,-1,-1,-1
650,759,1627579219257,-1,-1,-1
651,751,1627579220244,-1,-1,-1
652,759,1627579221265,-1,-1,-1
653,719,1627579222257,-1,-1,-1
654,767,1627579222257,-1,-1,-1
655,799,1627579223246,-1,-1,-1
656,887,1627579224268,-1,-1,-1
657,831,1627579225256,-1,-1,-1
658,815,1627579226245,-1,-1,-1
659,807,1627579227266,-1,-1,-1
660,815,1627579227266,-1,-1,-1
661,823,1627579228259,-1,-1,-1
662,735,1627579229244,-1,-1,-1
663,775,1627579230264,-1,-1,-1
664,751,1627579231256,-1,-1,-1
665,799,1627579231256,-1,-1,-1
666,751,1627579232244,-1,-1,-1
667,807,1627579234256,-1,-1,-1
668,839,1627579235243,-1,-1,-1
669,871,1627579236266,-1,-1,-1
670,751,1627579237258,-1,-1,-1
671,847,1627579238243,-1,-1,-1
672,799,1627579238243,-1,-1,-1
673,815,1627579239262,-1,-1,-1
674,783,1627579240258,-1,-1,-1
675,735,1627579241244,-1,-1,-1
676,751,1627579242265,-1,-1,-1
677,791,1627579242265,-1,-1,-1
678,751,1627579243257,-1,-1,-1
679,743,1627579244245,-1,-1,-1
680,743,1627579245261,-1,-1,-1
681,767,1627579245261,-1,-1,-1
682,791,1627579246255,-1,-1,-1
683,791,1627579250273,-1,-1,-1
684,735,1627579251262,-1,-1,-1
685,727,1627579251262,-1,-1,-1
686,735,1627579252251,-1,-1,-1
687,735,1627579253242,-1,-1,-1
688,751,1627579254263,-1,-1,-1
689,751,1627579254263,-1,-1,-1
690,759,1627579255254,-1,-1,-1
691,695,1627579256242,-1,-1,-1
692,711,1627579256242,-1,-1,-1
693,711,1627579257264,-1,-1,-1
694,727,1627579258254,-1,-1,-1
695,735,1627579259243,-1,-1,-1
696,711,1627579259243,-1,-1,-1
697,695,1627579260261,-1,-1,-1
698,711,1627579261253,-1,-1,-1
699,727,1627579262244,-1,-1,-1
700,751,1627579262244,-1,-1,-1
701,743,1627579263264,-1,-1,-1
702,703,1627579264253,-1,-1,-1
703,727,1627579264253,-1,-1,-1
704,735,1627579265240,-1,-1,-1
705,743,1627579266264,-1,-1,-1
706,719,1627579267251,-1,-1,-1
707,687,1627579267251,-1,-1,-1
708,711,1627579268242,-1,-1,-1
709,727,1627579269263,-1,-1,-1
710,751,1627579270254,-1,-1,-1
711,767,1627579270254,-1,-1,-1
712,719,1627579271242,-1,-1,-1
713,751,1627579272261,-1,-1,-1
714,727,1627579272261,-1,-1,-1
715,751,1627579273262,-1,-1,-1
716,743,1627579274241,-1,-1,-1
717,719,1627579275263,-1,-1,-1
718,711,1627579275263,-1,-1,-1
719,703,1627579276252,-1,-1,-1
720,679,1627579277241,-1,-1,-1
721,687,1627579277241,-1,-1,-1
722,647,1627579278263,-1,-1,-1
723,655,1627579279251,-1,-1,-1
724,687,1627579279251,-1,-1,-1
725,743,1627579288254,-1,-1,-1
726,767,1627579288254,-1,-1,-1
727,759,1627579289240,-1,-1,-1
728,719,1627579290262,-1,-1,-1
729,767,1627579291249,-1,-1,-1
730,503,1627579291249,-1,-1,-1
731,623,1627579293262,-1,-1,-1
732,863,1627579294251,-1,-1,-1
733,775,1627579294251,-1,-1,-1
734,767,1627579295241,-1,-1,-1
735,759,1627579296261,-1,-1,-1
736,679,1627579297250,-1,-1,-1
737,815,1627579297250,-1,-1,-1
738,735,1627579298239,-1,-1,-1
739,783,1627579299289,-1,-1,-1
740,679,1627579300252,-1,-1,-1
741,775,1627579300252,-1,-1,-1
742,735,1627579301241,-1,-1,-1
743,703,1627579302262,-1,-1,-1
744,743,1627579303249,-1,-1,-1
745,767,1627579303249,-1,-1,-1
746,799,1627579304239,-1,-1,-1
747,759,1627579305262,-1,-1,-1
748,743,1627579306248,-1,-1,-1
749,767,1627579306248,-1,-1,-1
750,799,1627579307239,-1,-1,-1
751,751,1627579308261,-1,-1,-1
752,751,1627579309250,-1,-1,-1
753,831,1627579310239,-1,-1,-1
754,815,1627579310239,-1,-1,-1
755,575,1627579311259,-1,-1,-1
756,919,1627579312247,-1,-1,-1
757,807,1627579313237,-1,-1,-1
758,807,1627579313237,-1,-1,-1
759,759,1627579314260,-1,-1,-1
760,743,1627579317261,-1,-1,-1
761,703,1627579317261,-1,-1,-1
762,767,1627579318248,-1,-1,-1
763,719,1627579319238,-1,-1,-1
764,743,1627579319238,-1,-1,-1
765,711,1627579320262,-1,-1,-1
766,695,1627579321248,-1,-1,-1
767,719,1627579322238,-1,-1,-1
768,735,1627579322238,-1,-1,-1
769,767,1627579323263,-1,-1,-1
770,775,1627579324248,-1,-1,-1
771,783,1627579325240,-1,-1,-1
772,711,1627579325240,-1,-1,-1
773,703,1627579326258,-1,-1,-1
774,735,1627579327248,-1,-1,-1
775,767,1627579328237,-1,-1,-1
776,551,1627579328237,-1,-1,-1
777,807,1627579329258,-1,-1,-1
778,711,1627579330249,-1,-1,-1
779,743,1627579330250,-1,-1,-1
780,687,1627579331236,-1,-1,-1
781,671,1627579332286,-1,-1,-1
782,711,1627579332286,-1,-1,-1
783,727,1627579333247,-1,-1,-1
784,783,1627579334237,-1,-1,-1
785,767,1627579335259,-1,-1,-1
786,751,1627579335259,-1,-1,-1
787,775,1627579336248,-1,-1,-1
788,735,1627579337239,-1,-1,-1
789,791,1627579338260,-1,-1,-1
790,759,1627579339248,-1,-1,-1
791,759,1627579339248,-1,-1,-1
792,719,1627579340239,-1,-1,-1
793,695,1627579341259,-1,-1,-1
794,711,1627579341259,-1,-1,-1
795,711,1627579342248,-1,-1,-1
796,719,1627579343239,-1,-1,-1
797,743,1627579344259,-1,-1,-1
798,743,1627579344259,-1,-1,-1
799,703,1627579345247,-1,-1,-1
800,703,1627579346239,-1,-1,-1
801,751,1627579347490,-1,-1,-1
802,767,1627579347490,-1,-1,-1
803,783,1627579348248,-1,-1,-1
804,783,1627579349238,-1,-1,-1
805,711,1627579350258,-1,-1,-1
806,743,1627579350258,-1,-1,-1
807,743,1627579351247,-1,-1,-1
808,743,1627579352237,-1,-1,-1
809,775,1627579353259,-1,-1,-1
810,775,1627579353259,-1,-1,-1
811,743,1627579354248,-1,-1,-1
812,671,1627579355237,-1,-1,-1
813,711,1627579355237,-1,-1,-1
814,687,1627579356255,-1,-1,-1
815,719,1627579357249,-1,-1,-1
816,735,1627579358267,-1,-1,-1
817,775,1627579358267,-1,-1,-1
818,823,1627579359255,-1,-1,-1
819,847,1627579360246,-1,-1,-1
820,783,1627579361234,-1,-1,-1
821,775,1627579362255,-1,-1,-1
822,775,1627579362255,-1,-1,-1
823,759,1627579363248,-1,-1,-1
824,727,1627579364235,-1,-1,-1
825,719,1627579365288,-1,-1,-1
826,663,1627579365288,-1,-1,-1
827,655,1627579366245,-1,-1,-1
828,679,1627579367263,-1,-1,-1
829,639,1627579367263,-1,-1,-1
830,743,1627579368266,-1,-1,-1
831,679,1627579369243,-1,-1,-1
832,671,1627579369243,-1,-1,-1
833,719,1627579370235,-1,-1,-1
834,759,1627579371254,-1,-1,-1
835,799,1627579372244,-1,-1,-1
836,815,1627579372244,-1,-1,-1
837,759,1627579373234,-1,-1,-1
838,759,1627579374254,-1,-1,-1
839,791,1627579375243,-1,-1,-1
840,791,1627579376233,-1,-1,-1
841,823,1627579376233,-1,-1,-1
842,735,1627579377256,-1,-1,-1
843,727,1627579378245,-1,-1,-1
844,815,1627579379233,-1,-1,-1
845,831,1627579379233,-1,-1,-1
846,775,1627579380255,-1,-1,-1
847,719,1627579381245,-1,-1,-1
848,743,1627579382234,-1,-1,-1
849,775,1627579383256,-1,-1,-1
850,799,1627579383257,-1,-1,-1
851,807,1627579384244,-1,-1,-1
852,727,1627579385235,-1,-1,-1
853,751,1627579386255,-1,-1,-1
854,775,1627579386255,-1,-1,-1
855,783,1627579387245,-1,-1,-1
856,855,1627579388233,-1,-1,-1
857,831,1627579389251,-1,-1,-1
858,719,1627579390243,-1,-1,-1
859,695,1627579390243,-1,-1,-1
860,735,1627579391234,-1,-1,-1
861,687,1627579392253,-1,-1,-1
862,751,1627579392253,-1,-1,-1
863,855,1627579393243,-1,-1,-1
864,887,1627579394232,-1,-1,-1
865,855,1627579395251,-1,-1,-1
866,767,1627579396245,-1,-1,-1
867,799,1627579397232,-1,-1,-1
868,799,1627579397232,-1,-1,-1
869,823,1627579398284,-1,-1,-1
870,791,1627579399275,-1,-1,-1
871,759,1627579400232,-1,-1,-1
872,775,1627579402245,-1,-1,-1
873,759,1627579403232,-1,-1,-1
874,751,1627579404251,-1,-1,-1
875,719,1627579404251,-1,-1,-1
876,719,1627579405242,-1,-1,-1
877,759,1627579406232,-1,-1,-1
878,767,1627579407254,-1,-1,-1
879,799,1627579407254,-1,-1,-1
880,735,1627579408244,-1,-1,-1
881,735,1627579409232,-1,-1,-1
882,727,1627579410255,-1,-1,-1
883,783,1627579410255,-1,-1,-1
884,791,1627579411240,-1,-1,-1
885,775,1627579412231,-1,-1,-1
886,735,1627579413252,-1,-1,-1
887,719,1627579413252,-1,-1,-1
888,775,1627579414242,-1,-1,-1
889,767,1627579415232,-1,-1,-1
890,719,1627579416252,-1,-1,-1
891,727,1627579416252,-1,-1,-1
892,647,1627579417242,-1,-1,-1
893,711,1627579418231,-1,-1,-1
894,743,1627579418231,-1,-1,-1
895,743,1627579422251,-1,-1,-1
896,751,1627579423241,-1,-1,-1
897,847,1627579424230,-1,-1,-1
898,711,1627579424231,-1,-1,-1
899,719,1627579425251,-1,-1,-1
900,775,1627579426240,-1,-1,-1
901,783,1627579427231,-1,-1,-1
902,783,1627579427231,-1,-1,-1
903,759,1627579428250,-1,-1,-1
904,719,1627579429240,-1,-1,-1
905,775,1627579430236,-1,-1,-1
906,711,1627579433231,-1,-1,-1
907,711,1627579434251,-1,-1,-1
908,759,1627579435238,-1,-1,-1
909,799,1627579435238,-1,-1,-1
910,783,1627579436228,-1,-1,-1
911,751,1627579437248,-1,-1,-1
912,799,1627579438243,-1,-1,-1
913,799,1627579439228,-1,-1,-1
914,799,1627579439228,-1,-1,-1
915,735,1627579440248,-1,-1,-1
916,759,1627579441241,-1,-1,-1
917,831,1627579442229,-1,-1,-1
918,703,1627579442229,-1,-1,-1
919,743,1627579443246,-1,-1,-1
920,703,1627579444242,-1,-1,-1
921,735,1627579445228,-1,-1,-1
922,743,1627579445228,-1,-1,-1
923,807,1627579446250,-1,-1,-1
924,767,1627579447241,-1,-1,-1
925,743,1627579448228,-1,-1,-1
926,767,1627579448228,-1,-1,-1
927,767,1627579449247,-1,-1,-1
928,775,1627579450240,-1,-1,-1
929,791,1627579451228,-1,-1,-1
930,767,1627579452247,-1,-1,-1
931,767,1627579452247,-1,-1,-1
932,719,1627579453238,-1,-1,-1
933,727,1627579455251,-1,-1,-1
934,759,1627579456236,-1,-1,-1
935,751,1627579457226,-1,-1,-1
936,687,1627579457226,-1,-1,-1
937,791,1627579458245,-1,-1,-1
938,791,1627579459235,-1,-1,-1
939,767,1627579460225,-1,-1,-1
940,775,1627579461245,-1,-1,-1
941,695,1627579461245,-1,-1,-1
942,727,1627579462235,-1,-1,-1
943,727,1627579463225,-1,-1,-1
944,735,1627579463225,-1,-1,-1
945,743,1627579464274,-1,-1,-1
946,751,1627579465265,-1,-1,-1
947,711,1627579466225,-1,-1,-1
948,751,1627579466225,-1,-1,-1
949,767,1627579467245,-1,-1,-1
950,767,1627579468235,-1,-1,-1
951,711,1627579469226,-1,-1,-1
952,711,1627579469226,-1,-1,-1
953,727,1627579470250,-1,-1,-1
954,743,1627579471236,-1,-1,-1
955,735,1627579472225,-1,-1,-1
956,727,1627579472225,-1,-1,-1
957,735,1627579473249,-1,-1,-1
958,711,1627579474235,-1,-1,-1
959,759,1627579474235,-1,-1,-1
960,735,1627579477234,-1,-1,-1
961,791,1627579478224,-1,-1,-1
962,759,1627579479245,-1,-1,-1
963,759,1627579480235,-1,-1,-1
964,783,1627579481226,-1,-1,-1
965,783,1627579481226,-1,-1,-1
966,767,1627579482245,-1,-1,-1
967,735,1627579483236,-1,-1,-1
968,767,1627579484235,-1,-1,-1
969,767,1627579484235,-1,-1,-1
970,751,1627579485245,-1,-1,-1
971,719,1627579486235,-1,-1,-1
972,751,1627579487225,-1,-1,-1
973,775,1627579487225,-1,-1,-1
974,799,1627579488247,-1,-1,-1
975,759,1627579489236,-1,-1,-1
976,775,1627579490228,-1,-1,-1
977,823,1627579490228,-1,-1,-1
978,751,1627579491243,-1,-1,-1
979,759,1627579492234,-1,-1,-1
980,703,1627579495236,-1,-1,-1
981,767,1627579496227,-1,-1,-1
982,823,1627579496227,-1,-1,-1
983,687,1627579499255,-1,-1,-1
984,719,1627579502224,-1,-1,-1
985,543,1627579505223,-1,-1,-1
986,695,1627579507233,-1,-1,-1
987,783,1627579508233,-1,-1,-1
988,711,1627579509244,-1,-1,-1
989,807,1627579511222,-1,-1,-1
990,815,1627579512243,-1,-1,-1
991,903,1627579514222,-1,-1,-1
992,671,1627579515852,-1,-1,-1
993,783,1627579515852,-1,-1,-1
994,703,1627579516233,-1,-1,-1
995,767,1627579517228,-1,-1,-1
996,735,1627579518247,-1,-1,-1
997,719,1627579518247,-1,-1,-1
998,815,1627579519267,-1,-1,-1
999,839,1627579520359,-1,-1,-1
1000,791,1627579521241,-1,-1,-1
1001,799,1627579521241,-1,-1,-1
1002,807,1627579522231,-1,-1,-1
1003,815,1627579523400,-1,-1,-1
1004,831,1627579525358,-1,-1,-1
1005,815,1627579525749,-1,-1,-1
1006,783,1627579526292,-1,-1,-1
1007,695,1627579526307,-1,-1,-1
1008,687,1627579527240,-1,-1,-1
1009,735,1627579528237,-1,-1,-1
1010,735,1627579528237,-1,-1,-1
1011,719,1627579529220,-1,-1,-1
1012,799,1627579530271,-1,-1,-1
1013,847,1627579531260,-1,-1,-1
1014,887,1627579532250,-1,-1,-1
1015,815,1627579532250,-1,-1,-1
1016,879,1627579533243,-1,-1,-1
1017,847,1627579534233,-1,-1,-1
1018,847,1627579535774,-1,-1,-1
1019,815,1627579536239,-1,-1,-1
1020,863,1627579537235,-1,-1,-1
1021,791,1627579538221,-1,-1,-1
1022,799,1627579538221,-1,-1,-1
1023,783,1627579539257,-1,-1,-1
1024,807,1627579540672,-1,-1,-1
1025,727,1627579541220,-1,-1,-1
1026,783,1627579541220,-1,-1,-1
1027,807,1627579542239,-1,-1,-1
1028,751,1627579543232,-1,-1,-1
1029,855,1627579544220,-1,-1,-1
1030,703,1627579545240,-1,-1,-1
1031,871,1627579547222,-1,-1,-1
1032,695,1627579550223,-1,-1,-1
1033,687,1627579551241,-1,-1,-1
1034,711,1627579552233,-1,-1,-1
1035,703,1627579552233,-1,-1,-1
1036,943,1627579553219,-1,-1,-1
1037,671,1627579554242,-1,-1,-1
1038,791,1627579555234,-1,-1,-1
1039,703,1627579561232,-1,-1,-1
1040,967,1627579566250,-1,-1,-1
1041,911,1627579567869,-1,-1,-1
1042,895,1627579568227,-1,-1,-1
1043,791,1627579571248,-1,-1,-1
1044,823,1627579573228,-1,-1,-1
1045,751,1627579578240,-1,-1,-1
1046,743,1627579578240,-1,-1,-1
1047,759,1627579579227,-1,-1,-1
1048,751,1627579580220,-1,-1,-1
1049,823,1627579581240,-1,-1,-1
1050,815,1627579581240,-1,-1,-1
1051,543,1627579583221,-1,-1,-1
1052,759,1627579586219,-1,-1,-1
1053,775,1627579587332,-1,-1,-1
1054,735,1627579587332,-1,-1,-1
1055,775,1627579588226,-1,-1,-1
1056,735,1627579589222,-1,-1,-1
1057,735,1627579590240,-1,-1,-1
1058,679,1627579590240,-1,-1,-1
1059,839,1627579591229,-1,-1,-1
1060,807,1627579592221,-1,-1,-1
1061,855,1627579593239,-1,-1,-1
1062,855,1627579596240,-1,-1,-1
1063,703,1627579599249,-1,-1,-1
1064,791,1627579600225,-1,-1,-1
1065,807,1627579601215,-1,-1,-1
1066,807,1627579602236,-1,-1,-1
1067,775,1627579603225,-1,-1,-1
1068,751,1627579603225,-1,-1,-1
1069,783,1627579604219,-1,-1,-1
1070,791,1627579605236,-1,-1,-1
1071,767,1627579606226,-1,-1,-1
1072,759,1627579606226,-1,-1,-1
1073,719,1627579607218,-1,-1,-1
1074,679,1627579608238,-1,-1,-1
1075,711,1627579609228,-1,-1,-1
1076,727,1627579609228,-1,-1,-1
1077,783,1627579610223,-1,-1,-1
1078,831,1627579611239,-1,-1,-1
1079,783,1627579612228,-1,-1,-1
1080,743,1627579612229,-1,-1,-1
1081,775,1627579613217,-1,-1,-1
1082,767,1627579614236,-1,-1,-1
1083,759,1627579615226,-1,-1,-1
1084,751,1627579616217,-1,-1,-1
1085,759,1627579616217,-1,-1,-1
1086,759,1627579617238,-1,-1,-1
1087,735,1627579618229,-1,-1,-1
1088,751,1627579619214,-1,-1,-1
1089,639,1627579619214,-1,-1,-1
1090,759,1627579620236,-1,-1,-1
1091,759,1627579621225,-1,-1,-1
1092,823,1627579621225,-1,-1,-1
1093,815,1627579622215,-1,-1,-1
1094,791,1627579623238,-1,-1,-1
1095,767,1627579624224,-1,-1,-1
1096,791,1627579625214,-1,-1,-1
1097,815,1627579625214,-1,-1,-1
1098,807,1627579626236,-1,-1,-1
1099,799,1627579627225,-1,-1,-1
1100,759,1627579628216,-1,-1,-1
1101,775,1627579629234,-1,-1,-1
1102,791,1627579629234,-1,-1,-1
1103,799,1627579630253,-1,-1,-1
1104,823,1627579631246,-1,-1,-1
1105,815,1627579632236,-1,-1,-1
1106,751,1627579633226,-1,-1,-1
1107,751,1627579633226,-1,-1,-1
1108,767,1627579634215,-1,-1,-1
1109,767,1627579635233,-1,-1,-1
1110,775,1627579636224,-1,-1,-1
1111,751,1627579636224,-1,-1,-1
1112,703,1627579637215,-1,-1,-1
1113,735,1627579638233,-1,-1,-1
1114,815,1627579639227,-1,-1,-1
1115,815,1627579639227,-1,-1,-1
1116,727,1627579640215,-1,-1,-1
1117,879,1627579641234,-1,-1,-1
1118,799,1627579642228,-1,-1,-1
1119,775,1627579643215,-1,-1,-1
1120,727,1627579643215,-1,-1,-1
1121,695,1627579644235,-1,-1,-1
1122,695,1627579645229,-1,-1,-1
1123,711,1627579646214,-1,-1,-1
1124,727,1627579646214,-1,-1,-1
1125,799,1627579647234,-1,-1,-1
1126,791,1627579648226,-1,-1,-1
1127,519,1627579648226,-1,-1,-1
1128,1023,1627579652214,-1,-1,-1
1129,823,1627579653235,-1,-1,-1
1130,799,1627579653235,-1,-1,-1
1131,759,1627579654228,-1,-1,-1
1132,799,1627579655213,-1,-1,-1
1133,815,1627579656232,-1,-1,-1
1134,815,1627579657229,-1,-1,-1
1135,783,1627579657229,-1,-1,-1
1136,751,1627579658216,-1,-1,-1
1137,759,1627579659234,-1,-1,-1
1138,775,1627579660228,-1,-1,-1
1139,775,1627579660228,-1,-1,-1
1140,743,1627579661212,-1,-1,-1
1141,1000,1627579665234,-1,-1,-1
1142,815,1627579666227,-1,-1,-1
1143,791,1627579666227,-1,-1,-1
1144,775,1627579667211,-1,-1,-1
1145,807,1627579668234,-1,-1,-1
1146,847,1627579669226,-1,-1,-1
1147,831,1627579670214,-1,-1,-1
1148,783,1627579670214,-1,-1,-1
1149,799,1627579671234,-1,-1,-1
1150,823,1627579672223,-1,-1,-1
1151,831,1627579673214,-1,-1,-1
1152,807,1627579674232,-1,-1,-1
1153,727,1627579674232,-1,-1,-1
1154,751,1627579675225,-1,-1,-1
1155,759,1627579676213,-1,-1,-1
1156,767,1627579677234,-1,-1,-1
1157,775,1627579678229,-1,-1,-1
1158,767,1627579678229,-1,-1,-1
1159,695,1627579679212,-1,-1,-1
1160,751,1627579680230,-1,-1,-1
1161,751,1627579680230,-1,-1,-1
1162,775,1627579681221,-1,-1,-1
1163,775,1627579682212,-1,-1,-1
1164,743,1627579683229,-1,-1,-1
1165,719,1627579684226,-1,-1,-1
1166,735,1627579684226,-1,-1,-1
1167,751,1627579685212,-1,-1,-1
1168,743,1627579686232,-1,-1,-1
1169,759,1627579687224,-1,-1,-1
1170,727,1627579687224,-1,-1,-1
1171,759,1627579688212,-1,-1,-1
1172,751,1627579689244,-1,-1,-1
1173,751,1627579689244,-1,-1,-1
1174,767,1627579690225,-1,-1,-1
1175,799,1627579691210,-1,-1,-1
1176,703,1627579692233,-1,-1,-1
1177,743,1627579693230,-1,-1,-1
1178,759,1627579693230,-1,-1,-1
1179,751,1627579694212,-1,-1,-1
1180,735,1627579695233,-1,-1,-1
1181,695,1627579695233,-1,-1,-1
1182,727,1627579696252,-1,-1,-1
1183,767,1627579697243,-1,-1,-1
1184,815,1627579698231,-1,-1,-1
1185,767,1627579699220,-1,-1,-1
1186,799,1627579699220,-1,-1,-1
1187,847,1627579700211,-1,-1,-1
1188,895,1627579701234,-1,-1,-1
1189,855,1627579702232,-1,-1,-1
1190,815,1627579703209,-1,-1,-1
1191,815,1627579704229,-1,-1,-1
1192,839,1627579704229,-1,-1,-1
1193,815,1627579705223,-1,-1,-1
1194,807,1627579706211,-1,-1,-1
1195,815,1627579707231,-1,-1,-1
1196,727,1627579708223,-1,-1,-1
1197,767,1627579708223,-1,-1,-1
1198,799,1627579709210,-1,-1,-1
1199,783,1627579712211,-1,-1,-1
1200,743,1627579712211,-1,-1,-1
1201,735,1627579713232,-1,-1,-1
1202,727,1627579714222,-1,-1,-1
1203,751,1627579715208,-1,-1,-1
1204,767,1627579715208,-1,-1,-1
1205,775,1627579716233,-1,-1,-1
1206,751,1627579717222,-1,-1,-1
1207,711,1627579718211,-1,-1,-1
1208,743,1627579718211,-1,-1,-1
1209,775,1627579719231,-1,-1,-1
1210,799,1627579720222,-1,-1,-1
1211,807,1627579721211,-1,-1,-1
1212,775,1627579721211,-1,-1,-1
1213,751,1627579722232,-1,-1,-1
1214,767,1627579723221,-1,-1,-1
1215,775,1627579724209,-1,-1,-1
1216,775,1627579724209,-1,-1,-1
1217,759,1627579725228,-1,-1,-1
1218,719,1627579726219,-1,-1,-1
1219,727,1627579727209,-1,-1,-1
1220,767,1627579727209,-1,-1,-1
1221,791,1627579728232,-1,-1,-1
1222,735,1627579729222,-1,-1,-1
1223,751,1627579730241,-1,-1,-1
1224,775,1627579731262,-1,-1,-1
1225,799,1627579731262,-1,-1,-1
1226,855,1627579732218,-1,-1,-1
1227,863,1627579733208,-1,-1,-1
1228,639,1627579737230,-1,-1,-1
1229,695,1627579742243,-1,-1,-1
1230,967,1627579742243,-1,-1,-1
1231,703,1627579743232,-1,-1,-1
1232,767,1627579745267,-1,-1,-1
1233,743,1627579746229,-1,-1,-1
1234,655,1627579748239,-1,-1,-1
1235,767,1627579749227,-1,-1,-1
1236,847,1627579750220,-1,-1,-1
1237,751,1627579751208,-1,-1,-1
1238,767,1627579756223,-1,-1,-1
1239,903,1627579759223,-1,-1,-1
1240,919,1627579760209,-1,-1,-1
1241,815,1627579761231,-1,-1,-1
1242,799,1627579761231,-1,-1,-1
1243,823,1627579762218,-1,-1,-1
1244,687,1627579764227,-1,-1,-1
1245,711,1627579765216,-1,-1,-1
1246,647,1627579766206,-1,-1,-1
1247,679,1627579766206,-1,-1,-1
1248,663,1627579767228,-1,-1,-1
1249,727,1627579768217,-1,-1,-1
1250,895,1627579769208,-1,-1,-1
1251,903,1627579769208,-1,-1,-1
1252,895,1627579770228,-1,-1,-1
1253,895,1627579771221,-1,-1,-1
1254,863,1627579772209,-1,-1,-1
1255,831,1627579773228,-1,-1,-1
1256,839,1627579774219,-1,-1,-1
1257,903,1627579775207,-1,-1,-1
1258,783,1627579777218,-1,-1,-1
1259,775,1627579778208,-1,-1,-1
1260,783,1627579778208,-1,-1,-1
1261,815,1627579779227,-1,-1,-1
1262,799,1627579780222,-1,-1,-1
1263,799,1627579781208,-1,-1,-1
1264,759,1627579782232,-1,-1,-1
1265,727,1627579782232,-1,-1,-1
1266,743,1627579783221,-1,-1,-1
1267,767,1627579784206,-1,-1,-1
1268,783,1627579785225,-1,-1,-1
1269,799,1627579785225,-1,-1,-1
1270,791,1627579786218,-1,-1,-1
1271,783,1627579787206,-1,-1,-1
1272,727,1627579788227,-1,-1,-1
1273,751,1627579789218,-1,-1,-1
1274,751,1627579789218,-1,-1,-1
1275,783,1627579790207,-1,-1,-1
1276,735,1627579791227,-1,-1,-1
1277,719,1627579792219,-1,-1,-1
1278,655,1627579792219,-1,-1,-1
1279,767,1627579793206,-1,-1,-1
1280,743,1627579794228,-1,-1,-1
1281,807,1627579794228,-1,-1,-1
1282,855,1627579795217,-1,-1,-1
1283,927,1627579796239,-1,-1,-1
1284,887,1627579797229,-1,-1,-1
1285,823,1627579798217,-1,-1,-1
1286,815,1627579799204,-1,-1,-1
1287,823,1627579800225,-1,-1,-1
1288,839,1627579800225,-1,-1,-1
1289,775,1627579801223,-1,-1,-1
1290,799,1627579802205,-1,-1,-1
1291,735,1627579803225,-1,-1,-1
1292,727,1627579803225,-1,-1,-1
1293,711,1627579804220,-1,-1,-1
1294,727,1627579805205,-1,-1,-1
1295,775,1627579806230,-1,-1,-1
1296,687,1627579806230,-1,-1,-1
1297,799,1627579807216,-1,-1,-1
1298,671,1627579808204,-1,-1,-1
1299,767,1627579809224,-1,-1,-1
1300,815,1627579809224,-1,-1,-1
1301,831,1627579810218,-1,-1,-1
1302,799,1627579811204,-1,-1,-1
1303,759,1627579812229,-1,-1,-1
1304,743,1627579813218,-1,-1,-1
1305,599,1627579813218,-1,-1,-1
1306,815,1627579814204,-1,-1,-1
1307,631,1627579815225,-1,-1,-1
1308,663,1627579815225,-1,-1,-1
1309,711,1627579816218,-1,-1,-1
1310,751,1627579817206,-1,-1,-1
1311,807,1627579818223,-1,-1,-1
1312,823,1627579818223,-1,-1,-1
1313,775,1627579819221,-1,-1,-1
1314,863,1627579820205,-1,-1,-1
1315,887,1627579821227,-1,-1,-1
1316,855,1627579822215,-1,-1,-1
1317,831,1627579823204,-1,-1,-1
1318,855,1627579823204,-1,-1,-1
1319,879,1627579824225,-1,-1,-1
1320,847,1627579825221,-1,-1,-1
1321,783,1627579826206,-1,-1,-1
1322,783,1627579827223,-1,-1,-1
1323,799,1627579828214,-1,-1,-1
1324,823,1627579828214,-1,-1,-1
1325,807,1627579829234,-1,-1,-1
1326,791,1627579830224,-1,-1,-1
1327,751,1627579831217,-1,-1,-1
1328,719,1627579831217,-1,-1,-1
1329,743,1627579832203,-1,-1,-1
1330,751,1627579833224,-1,-1,-1
1331,799,1627579834213,-1,-1,-1
1332,831,1627579835204,-1,-1,-1
1333,815,1627579835204,-1,-1,-1
1334,767,1627579836224,-1,-1,-1
1335,759,1627579837214,-1,-1,-1
1336,767,1627579838203,-1,-1,-1
1337,775,1627579838203,-1,-1,-1
1338,767,1627579839244,-1,-1,-1
1339,743,1627579840213,-1,-1,-1
1340,735,1627579841204,-1,-1,-1
1341,775,1627579842230,-1,-1,-1
1342,783,1627579842230,-1,-1,-1
1343,799,1627579843227,-1,-1,-1
1344,767,1627579844205,-1,-1,-1
1345,743,1627579845227,-1,-1,-1
1346,775,1627579845227,-1,-1,-1
1347,815,1627579846216,-1,-1,-1
1348,799,1627579847202,-1,-1,-1
1349,807,1627579848221,-1,-1,-1
1350,759,1627579849211,-1,-1,-1
1351,831,1627579849211,-1,-1,-1
1352,783,1627579850202,-1,-1,-1
1353,743,1627579851222,-1,-1,-1
1354,759,1627579852212,-1,-1,-1
1355,719,1627579854228,-1,-1,-1
1356,759,1627579855213,-1,-1,-1
1357,807,1627579855213,-1,-1,-1
1358,767,1627579858211,-1,-1,-1
1359,839,1627579859203,-1,-1,-1
1360,895,1627579860225,-1,-1,-1
1361,895,1627579861212,-1,-1,-1
1362,871,1627579861212,-1,-1,-1
1363,887,1627579862232,-1,-1,-1
1364,887,1627579863226,-1,-1,-1
1365,871,1627579864265,-1,-1,-1
1366,1119,1627579865224,-1,-1,-1
1367,735,1627579868206,-1,-1,-1
1368,719,1627579868206,-1,-1,-1
1369,759,1627579869227,-1,-1,-1
1370,743,1627579870211,-1,-1,-1
1371,735,1627579871210,-1,-1,-1
1372,759,1627579871210,-1,-1,-1
1373,911,1627579872220,-1,-1,-1
1374,879,1627579873210,-1,-1,-1
1375,847,1627579874200,-1,-1,-1
1376,663,1627579878220,-1,-1,-1
1377,967,1627579879210,-1,-1,-1
1378,751,1627579879210,-1,-1,-1
1379,751,1627579880200,-1,-1,-1
1380,815,1627579881219,-1,-1,-1
1381,839,1627579882210,-1,-1,-1
1382,855,1627579883202,-1,-1,-1
1383,823,1627579884220,-1,-1,-1
1384,815,1627579884220,-1,-1,-1
1385,831,1627579885209,-1,-1,-1
1386,831,1627579886200,-1,-1,-1
1387,807,1627579887220,-1,-1,-1
1388,735,1627579888208,-1,-1,-1
1389,767,1627579888209,-1,-1,-1
1390,799,1627579889201,-1,-1,-1
1391,799,1627579890220,-1,-1,-1
1392,791,1627579891208,-1,-1,-1
1393,759,1627579892201,-1,-1,-1
1394,775,1627579892201,-1,-1,-1
1395,823,1627579893219,-1,-1,-1
1396,831,1627579894209,-1,-1,-1
1397,831,1627579895228,-1,-1,-1
1398,719,1627579896218,-1,-1,-1
1399,791,1627579896218,-1,-1,-1
1400,783,1627579897213,-1,-1,-1
1401,775,1627579898199,-1,-1,-1
1402,775,1627579899219,-1,-1,-1
1403,735,1627579899219,-1,-1,-1
1404,735,1627579900208,-1,-1,-1
1405,775,1627579901199,-1,-1,-1
1406,815,1627579902219,-1,-1,-1
1407,807,1627579903209,-1,-1,-1
1408,743,1627579903209,-1,-1,-1
1409,751,1627579904199,-1,-1,-1
1410,735,1627579905218,-1,-1,-1
1411,775,1627579906208,-1,-1,-1
1412,791,1627579906208,-1,-1,-1
1413,839,1627579907197,-1,-1,-1
1414,839,1627579908217,-1,-1,-1
1415,791,1627579909210,-1,-1,-1
1416,751,1627579910201,-1,-1,-1
1417,751,1627579910201,-1,-1,-1
1418,767,1627579911250,-1,-1,-1
1419,775,1627579912212,-1,-1,-1
1420,799,1627579913197,-1,-1,-1
1421,839,1627579913197,-1,-1,-1
1422,791,1627579917220,-1,-1,-1
1423,759,1627579917220,-1,-1,-1
1424,783,1627579918212,-1,-1,-1
1425,783,1627579919200,-1,-1,-1
1426,791,1627579920221,-1,-1,-1
1427,791,1627579920221,-1,-1,-1
1428,719,1627579921212,-1,-1,-1
1429,767,1627579922196,-1,-1,-1
1430,751,1627579926221,-1,-1,-1
1431,775,1627579926221,-1,-1,-1
1432,839,1627579927213,-1,-1,-1
1433,751,1627579928197,-1,-1,-1
1434,767,1627579929218,-1,-1,-1
1435,783,1627579930213,-1,-1,-1
1436,831,1627579930214,-1,-1,-1
1437,799,1627579931197,-1,-1,-1
1438,759,1627579932218,-1,-1,-1
1439,727,1627579933211,-1,-1,-1
1440,743,1627579933211,-1,-1,-1
1441,759,1627579934198,-1,-1,-1
1442,783,1627579935220,-1,-1,-1
1443,759,1627579936205,-1,-1,-1
1444,743,1627579936205,-1,-1,-1
1445,711,1627579937197,-1,-1,-1
1446,679,1627579938216,-1,-1,-1
1447,663,1627579939209,-1,-1,-1
1448,687,1627579939209,-1,-1,-1
1449,695,1627579940199,-1,-1,-1
1450,783,1627579941224,-1,-1,-1
1451,943,1627579942209,-1,-1,-1
1452,935,1627579943232,-1,-1,-1
1453,839,1627579946196,-1,-1,-1
1454,695,1627579946197,-1,-1,-1
1455,783,1627579947307,-1,-1,-1
1456,783,1627579948205,-1,-1,-1
1457,695,1627579949195,-1,-1,-1
1458,527,1627579949195,-1,-1,-1
1459,879,1627579951207,-1,-1,-1
1460,831,1627579952195,-1,-1,-1
1461,871,1627579953216,-1,-1,-1
1462,887,1627579954207,-1,-1,-1
1463,895,1627579955196,-1,-1,-1
1464,815,1627579955196,-1,-1,-1
1465,855,1627579956215,-1,-1,-1
1466,831,1627579957206,-1,-1,-1
1467,839,1627579958195,-1,-1,-1
1468,807,1627579959216,-1,-1,-1
1469,751,1627579960203,-1,-1,-1
1470,743,1627579960203,-1,-1,-1
1471,791,1627579961194,-1,-1,-1
1472,815,1627579962216,-1,-1,-1
1473,855,1627579963203,-1,-1,-1
1474,879,1627579964196,-1,-1,-1
1475,831,1627579964196,-1,-1,-1
1476,831,1627579965215,-1,-1,-1
1477,823,1627579966205,-1,-1,-1
1478,831,1627579967196,-1,-1,-1
1479,799,1627579968215,-1,-1,-1
1480,759,1627579968215,-1,-1,-1
1481,775,1627579969205,-1,-1,-1
1482,807,1627579970195,-1,-1,-1
1483,815,1627579971214,-1,-1,-1
1484,791,1627579972205,-1,-1,-1
1485,743,1627579972205,-1,-1,-1
1486,775,1627579973195,-1,-1,-1
1487,791,1627579974214,-1,-1,-1
1488,807,1627579975204,-1,-1,-1
1489,815,1627579976194,-1,-1,-1
1490,783,1627579976194,-1,-1,-1
1491,775,1627579980213,-1,-1,-1
1492,767,1627579981204,-1,-1,-1
1493,775,1627579982194,-1,-1,-1
1494,807,1627579983214,-1,-1,-1
1495,783,1627579983214,-1,-1,-1
1496,751,1627579984203,-1,-1,-1
1497,759,1627579985195,-1,-1,-1
1498,775,1627579986215,-1,-1,-1
1499,791,1627579987203,-1,-1,-1
1500,807,1627579987204,-1,-1,-1
1501,775,1627579988194,-1,-1,-1
1502,663,1627579989213,-1,-1,-1
1503,775,1627579990202,-1,-1,-1
1504,791,1627579990202,-1,-1,-1
1505,783,1627579991192,-1,-1,-1
1506,807,1627579992213,-1,-1,-1
1507,783,1627579993203,-1,-1,-1
1508,759,1627579993203,-1,-1,-1
1509,807,1627579994193,-1,-1,-1
1510,855,1627579995211,-1,-1,-1
1511,871,1627579996203,-1,-1,-1
1512,815,1627579997192,-1,-1,-1
1513,831,1627579998214,-1,-1,-1
1514,863,1627579999202,-1,-1,-1
1515,871,1627579999202,-1,-1,-1
1516,831,1627580000192,-1,-1,-1
1517,807,1627580001210,-1,-1,-1
1518,823,1627580002202,-1,-1,-1
1519,839,1627580003193,-1,-1,-1
1520,839,1627580004211,-1,-1,-1
1521,791,1627580004211,-1,-1,-1
1522,751,1627580005203,-1,-1,-1
1523,783,1627580006193,-1,-1,-1
1524,807,1627580007213,-1,-1,-1
1525,783,1627580007213,-1,-1,-1
1526,759,1627580008203,-1,-1,-1
1527,727,1627580009192,-1,-1,-1
1528,767,1627580010242,-1,-1,-1
1529,767,1627580010242,-1,-1,-1
1530,807,1627580011200,-1,-1,-1
1531,759,1627580012192,-1,-1,-1
1532,719,1627580013212,-1,-1,-1
1533,783,1627580014202,-1,-1,-1
1534,791,1627580014202,-1,-1,-1
1535,807,1627580015192,-1,-1,-1
1536,751,1627580016212,-1,-1,-1
1537,783,1627580020201,-1,-1,-1
1538,831,1627580021192,-1,-1,-1
1539,759,1627580021192,-1,-1,-1
1540,679,1627580022211,-1,-1,-1
1541,791,1627580024191,-1,-1,-1
1542,695,1627580025211,-1,-1,-1
1543,799,1627580026201,-1,-1,-1
1544,743,1627580026201,-1,-1,-1
1545,759,1627580027191,-1,-1,-1
1546,727,1627580028210,-1,-1,-1
1547,743,1627580029201,-1,-1,-1
1548,759,1627580029201,-1,-1,-1
1549,767,1627580030190,-1,-1,-1
1550,767,1627580031210,-1,-1,-1
1551,783,1627580032230,-1,-1,-1
1552,767,1627580033189,-1,-1,-1
1553,743,1627580033189,-1,-1,-1
1554,719,1627580034209,-1,-1,-1
1555,735,1627580035200,-1,-1,-1
1556,767,1627580035200,-1,-1,-1
1557,799,1627580036191,-1,-1,-1
1558,775,1627580037210,-1,-1,-1
1559,743,1627580038199,-1,-1,-1
1560,807,1627580039190,-1,-1,-1
1561,807,1627580039190,-1,-1,-1
1562,887,1627580040209,-1,-1,-1
1563,855,1627580041200,-1,-1,-1
1564,815,1627580042191,-1,-1,-1
1565,711,1627580043238,-1,-1,-1
1566,727,1627580043238,-1,-1,-1
1567,807,1627580046208,-1,-1,-1
1568,815,1627580054190,-1,-1,-1
1569,879,1627580055210,-1,-1,-1
1570,959,1627580057190,-1,-1,-1
1571,943,1627580058210,-1,-1,-1
1572,1023,1627580059197,-1,-1,-1
1573,919,1627580060189,-1,-1,-1
1574,951,1627580061211,-1,-1,-1
1575,887,1627580062200,-1,-1,-1
1576,903,1627580062200,-1,-1,-1
1577,815,1627580063189,-1,-1,-1
1578,775,1627580064209,-1,-1,-1
1579,759,1627580065198,-1,-1,-1
1580,743,1627580066190,-1,-1,-1
1581,599,1627580066190,-1,-1,-1
1582,991,1627580067209,-1,-1,-1
1583,735,1627580068198,-1,-1,-1
1584,751,1627580069189,-1,-1,-1
1585,783,1627580069189,-1,-1,-1
1586,839,1627580070208,-1,-1,-1
1587,911,1627580071199,-1,-1,-1
1588,847,1627580072189,-1,-1,-1
1589,759,1627580073208,-1,-1,-1
1590,879,1627580075187,-1,-1,-1
1591,751,1627580076238,-1,-1,-1
1592,743,1627580077227,-1,-1,-1
1593,751,1627580078188,-1,-1,-1
1594,799,1627580078188,-1,-1,-1
1595,791,1627580079209,-1,-1,-1
1596,799,1627580080197,-1,-1,-1
1597,775,1627580081188,-1,-1,-1
1598,1023,1627580082207,-1,-1,-1
1599,1000,1627580083198,-1,-1,-1
1600,991,1627580084189,-1,-1,-1
1601,751,1627580084189,-1,-1,-1
1602,767,1627580087187,-1,-1,-1
1603,791,1627580087187,-1,-1,-1
1604,751,1627580088206,-1,-1,-1
1605,791,1627580089196,-1,-1,-1
1606,799,1627580090186,-1,-1,-1
1607,823,1627580091205,-1,-1,-1
1608,767,1627580091205,-1,-1,-1
1609,887,1627580092196,-1,-1,-1
1610,679,1627580093186,-1,-1,-1
1611,871,1627580094206,-1,-1,-1
1612,831,1627580095196,-1,-1,-1
1613,791,1627580095196,-1,-1,-1
1614,831,1627580096186,-1,-1,-1
1615,839,1627580097205,-1,-1,-1
1616,879,1627580098197,-1,-1,-1
1617,655,1627580099186,-1,-1,-1
1618,839,1627580103208,-1,-1,-1
1619,751,1627580105185,-1,-1,-1
1620,767,1627580106205,-1,-1,-1
1621,775,1627580107194,-1,-1,-1
1622,775,1627580107194,-1,-1,-1
1623,735,1627580108186,-1,-1,-1
1624,527,1627580109235,-1,-1,-1
1625,887,1627580110225,-1,-1,-1
1626,855,1627580110225,-1,-1,-1
1627,855,1627580111185,-1,-1,-1
1628,863,1627580112205,-1,-1,-1
1629,799,1627580113195,-1,-1,-1
1630,623,1627580114184,-1,-1,-1
1631,855,1627580115234,-1,-1,-1
1632,807,1627580118206,-1,-1,-1
1633,791,1627580119195,-1,-1,-1
1634,719,1627580120185,-1,-1,-1
1635,799,1627580120185,-1,-1,-1
1636,783,1627580121206,-1,-1,-1
1637,799,1627580122195,-1,-1,-1
1638,759,1627580123184,-1,-1,-1
1639,775,1627580123184,-1,-1,-1
1640,639,1627580124204,-1,-1,-1
1641,911,1627580125194,-1,-1,-1
1642,735,1627580126187,-1,-1,-1
1643,855,1627580127205,-1,-1,-1
1644,879,1627580127205,-1,-1,-1
1645,807,1627580128194,-1,-1,-1
1646,807,1627580129184,-1,-1,-1
1647,791,1627580130204,-1,-1,-1
1648,839,1627580131195,-1,-1,-1
1649,751,1627580131195,-1,-1,-1
1650,847,1627580132183,-1,-1,-1
1651,815,1627580133204,-1,-1,-1
1652,863,1627580134193,-1,-1,-1
1653,935,1627580135185,-1,-1,-1
1654,983,1627580138184,-1,-1,-1
1655,831,1627580141184,-1,-1,-1
1656,855,1627580142235,-1,-1,-1
1657,775,1627580143224,-1,-1,-1
1658,783,1627580143224,-1,-1,-1
1659,855,1627580144184,-1,-1,-1
1660,703,1627580145204,-1,-1,-1
1661,967,1627580146194,-1,-1,-1
1662,775,1627580147184,-1,-1,-1
1663,743,1627580147184,-1,-1,-1
1664,823,1627580148204,-1,-1,-1
1665,639,1627580149194,-1,-1,-1
1666,1063,1627580150183,-1,-1,-1
1667,871,1627580151202,-1,-1,-1
1668,799,1627580152192,-1,-1,-1
1669,775,1627580152192,-1,-1,-1
1670,831,1627580153182,-1,-1,-1
1671,831,1627580154203,-1,-1,-1
1672,679,1627580155192,-1,-1,-1
1673,743,1627580159183,-1,-1,-1
1674,735,1627580160202,-1,-1,-1
1675,647,1627580162183,-1,-1,-1
1676,935,1627580163202,-1,-1,-1
1677,863,1627580163202,-1,-1,-1
1678,871,1627580164193,-1,-1,-1
1679,887,1627580165183,-1,-1,-1
1680,1000,1627580166202,-1,-1,-1
1681,1071,1627580167193,-1,-1,-1
1682,983,1627580168183,-1,-1,-1
1683,919,1627580169203,-1,-1,-1
1684,991,1627580170193,-1,-1,-1
1685,991,1627580171181,-1,-1,-1
1686,967,1627580172203,-1,-1,-1
1687,879,1627580173193,-1,-1,-1
1688,863,1627580174182,-1,-1,-1
1689,903,1627580175231,-1,-1,-1
1690,871,1627580176222,-1,-1,-1
1691,847,1627580177183,-1,-1,-1
1692,863,1627580177183,-1,-1,-1
1693,791,1627580178202,-1,-1,-1
1694,711,1627580179192,-1,-1,-1
1695,807,1627580180181,-1,-1,-1
1696,759,1627580180181,-1,-1,-1
1697,815,1627580181203,-1,-1,-1
1698,823,1627580182193,-1,-1,-1
1699,791,1627580183181,-1,-1,-1
1700,751,1627580184201,-1,-1,-1
1701,743,1627580184201,-1,-1,-1
1702,767,1627580185191,-1,-1,-1
1703,791,1627580186180,-1,-1,-1
1704,831,1627580187201,-1,-1,-1
1705,799,1627580188191,-1,-1,-1
1706,767,1627580188191,-1,-1,-1
1707,815,1627580189182,-1,-1,-1
1708,831,1627580190202,-1,-1,-1
1709,759,1627580192182,-1,-1,-1
1710,839,1627580193201,-1,-1,-1
1711,783,1627580194192,-1,-1,-1
1712,743,1627580195182,-1,-1,-1
1713,767,1627580196202,-1,-1,-1
1714,815,1627580196202,-1,-1,-1
1715,823,1627580197192,-1,-1,-1
1716,863,1627580198180,-1,-1,-1
1717,831,1627580199200,-1,-1,-1
1718,759,1627580200191,-1,-1,-1
1719,807,1627580200191,-1,-1,-1
1720,751,1627580201181,-1,-1,-1
1721,631,1627580204180,-1,-1,-1
1722,655,1627580213180,-1,-1,-1
1723,935,1627580214199,-1,-1,-1
1724,919,1627580216178,-1,-1,-1
1725,847,1627580217199,-1,-1,-1
1726,935,1627580220201,-1,-1,-1
1727,935,1627580224189,-1,-1,-1
1728,815,1627580225178,-1,-1,-1
1729,847,1627580226199,-1,-1,-1
1730,807,1627580226199,-1,-1,-1
1731,767,1627580227188,-1,-1,-1
1732,775,1627580228179,-1,-1,-1
1733,703,1627580229199,-1,-1,-1
1734,711,1627580229199,-1,-1,-1
1735,791,1627580230188,-1,-1,-1
1736,831,1627580231178,-1,-1,-1
1737,791,1627580232200,-1,-1,-1
1738,815,1627580233190,-1,-1,-1
1739,567,1627580233190,-1,-1,-1
1740,911,1627580234177,-1,-1,-1
1741,751,1627580237178,-1,-1,-1
1742,719,1627580238198,-1,-1,-1
1743,783,1627580239189,-1,-1,-1
1744,831,1627580240178,-1,-1,-1
1745,887,1627580240178,-1,-1,-1
1746,895,1627580241229,-1,-1,-1
1747,775,1627580242217,-1,-1,-1
1748,895,1627580243207,-1,-1,-1
1749,839,1627580244196,-1,-1,-1
1750,871,1627580245187,-1,-1,-1
1751,855,1627580246177,-1,-1,-1
1752,783,1627580246177,-1,-1,-1
1753,783,1627580247196,-1,-1,-1
1754,767,1627580248187,-1,-1,-1
1755,799,1627580249178,-1,-1,-1
1756,823,1627580250196,-1,-1,-1
1757,807,1627580250196,-1,-1,-1
1758,807,1627580251187,-1,-1,-1
1759,759,1627580252177,-1,-1,-1
1760,815,1627580253196,-1,-1,-1
1761,815,1627580254186,-1,-1,-1
1762,831,1627580254186,-1,-1,-1
1763,807,1627580255178,-1,-1,-1
1764,799,1627580256197,-1,-1,-1
1765,783,1627580257187,-1,-1,-1
1766,703,1627580258176,-1,-1,-1
1767,775,1627580258176,-1,-1,-1
1768,767,1627580259196,-1,-1,-1
1769,783,1627580260186,-1,-1,-1
1770,775,1627580261177,-1,-1,-1
1771,767,1627580261177,-1,-1,-1
1772,615,1627580262196,-1,-1,-1
1773,967,1627580263187,-1,-1,-1
1774,831,1627580264177,-1,-1,-1
1775,815,1627580265197,-1,-1,-1
1776,767,1627580265197,-1,-1,-1
1777,719,1627580266185,-1,-1,-1
1778,671,1627580267176,-1,-1,-1
1779,879,1627580268198,-1,-1,-1
1780,831,1627580268198,-1,-1,-1
1781,775,1627580269187,-1,-1,-1
1782,711,1627580274227,-1,-1,-1
1783,743,1627580274227,-1,-1,-1
1784,767,1627580275217,-1,-1,-1
1785,775,1627580276207,-1,-1,-1
1786,743,1627580277195,-1,-1,-1
1787,743,1627580277195,-1,-1,-1
1788,711,1627580278186,-1,-1,-1
1789,759,1627580279175,-1,-1,-1
1790,759,1627580280196,-1,-1,-1
1791,751,1627580280196,-1,-1,-1
1792,727,1627580281185,-1,-1,-1
1793,807,1627580282174,-1,-1,-1
1794,807,1627580283194,-1,-1,-1
1795,879,1627580284185,-1,-1,-1
1796,855,1627580284185,-1,-1,-1
1797,839,1627580285175,-1,-1,-1
1798,743,1627580286195,-1,-1,-1
1799,719,1627580287184,-1,-1,-1
1800,879,1627580289194,-1,-1,-1
1801,831,1627580290215,-1,-1,-1
1802,791,1627580290215,-1,-1,-1
1803,831,1627580291175,-1,-1,-1
1804,839,1627580292196,-1,-1,-1
1805,807,1627580293185,-1,-1,-1
1806,575,1627580296184,-1,-1,-1
1807,831,1627580298193,-1,-1,-1
1808,895,1627580300173,-1,-1,-1
1809,831,1627580303175,-1,-1,-1
