,RR,Timestamp,SensorContact,errorEstimate,blockerBit
0,943,1623407873910,-1,-1,-1
1,975,1623407874859,-1,-1,-1
2,1015,1623407875873,-1,-1,-1
3,1039,1623407876849,-1,-1,-1
4,967,1623407877858,-1,-1,-1
5,1039,1623407878872,-1,-1,-1
6,1031,1623407879922,-1,-1,-1
7,983,1623407880858,-1,-1,-1
8,991,1623407881883,-1,-1,-1
9,1079,1623407883098,-1,-1,-1
10,1031,1623407883894,-1,-1,-1
11,1063,1623407885848,-1,-1,-1
12,1000,1623407886858,-1,-1,-1
13,1047,1623407887874,-1,-1,-1
14,1023,1623407888844,-1,-1,-1
15,1007,1623407891847,-1,-1,-1
16,799,1623407891847,-1,-1,-1
17,975,1623407892860,-1,-1,-1
18,719,1623407893875,-1,-1,-1
19,583,1623407894848,-1,-1,-1
20,799,1623407896873,-1,-1,-1
21,855,1623407897850,-1,-1,-1
22,775,1623407898860,-1,-1,-1
23,991,1623407905834,-1,-1,-1
24,1015,1623407906846,-1,-1,-1
25,1111,1623407909847,-1,-1,-1
26,983,1623407910858,-1,-1,-1
27,935,1623407910858,-1,-1,-1
28,951,1623407911834,-1,-1,-1
29,895,1623407912846,-1,-1,-1
30,927,1623407913861,-1,-1,-1
31,959,1623407914834,-1,-1,-1
32,887,1623407915846,-1,-1,-1
33,903,1623407916859,-1,-1,-1
34,927,1623407917836,-1,-1,-1
35,951,1623407918847,-1,-1,-1
36,919,1623407919860,-1,-1,-1
37,839,1623407920835,-1,-1,-1
38,799,1623407920835,-1,-1,-1
39,911,1623407923833,-1,-1,-1
40,879,1623407924921,-1,-1,-1
41,943,1623407925859,-1,-1,-1
42,919,1623407926846,-1,-1,-1
43,927,1623407927848,-1,-1,-1
44,935,1623407928859,-1,-1,-1
45,927,1623407929835,-1,-1,-1
46,863,1623407930846,-1,-1,-1
47,911,1623407931859,-1,-1,-1
48,919,1623407931859,-1,-1,-1
49,959,1623407932835,-1,-1,-1
50,951,1623407933848,-1,-1,-1
51,967,1623407934861,-1,-1,-1
52,1007,1623407935837,-1,-1,-1
53,951,1623407936850,-1,-1,-1
54,1047,1623407937863,-1,-1,-1
55,887,1623407938838,-1,-1,-1
56,879,1623407939847,-1,-1,-1
57,967,1623407940899,-1,-1,-1
58,895,1623407941833,-1,-1,-1
59,943,1623407942849,-1,-1,-1
60,895,1623407945847,-1,-1,-1
61,935,1623407947837,-1,-1,-1
62,623,1623407950838,-1,-1,-1
63,967,1623407951847,-1,-1,-1
64,951,1623407952859,-1,-1,-1
65,975,1623407953835,-1,-1,-1
66,943,1623407954850,-1,-1,-1
67,887,1623407955858,-1,-1,-1
68,935,1623407956835,-1,-1,-1
69,895,1623407957846,-1,-1,-1
70,839,1623407958858,-1,-1,-1
71,815,1623407958858,-1,-1,-1
72,855,1623407959836,-1,-1,-1
73,903,1623407960847,-1,-1,-1
74,959,1623407961858,-1,-1,-1
75,991,1623407962835,-1,-1,-1
76,975,1623407963847,-1,-1,-1
77,967,1623407964859,-1,-1,-1
78,1000,1623407965833,-1,-1,-1
79,935,1623407980835,-1,-1,-1
80,1015,1623407983836,-1,-1,-1
81,1103,1623407984885,-1,-1,-1
82,1023,1623407985858,-1,-1,-1
83,1000,1623407986834,-1,-1,-1
84,1039,1623407987848,-1,-1,-1
85,1023,1623407988858,-1,-1,-1
86,959,1623407989836,-1,-1,-1
87,943,1623407990849,-1,-1,-1
88,991,1623407991858,-1,-1,-1
89,903,1623407992834,-1,-1,-1
90,975,1623407993846,-1,-1,-1
91,783,1623407993846,-1,-1,-1
92,1143,1623407994859,-1,-1,-1
93,1000,1623407995835,-1,-1,-1
94,1023,1623407996848,-1,-1,-1
95,1015,1623407997859,-1,-1,-1
96,855,1623407998835,-1,-1,-1
97,1103,1623407999847,-1,-1,-1
98,991,1623408000858,-1,-1,-1
99,983,1623408001834,-1,-1,-1
100,943,1623408002849,-1,-1,-1
101,1047,1623408005846,-1,-1,-1
102,959,1623408006899,-1,-1,-1
103,911,1623408007834,-1,-1,-1
104,1031,1623408008845,-1,-1,-1
105,959,1623408009860,-1,-1,-1
106,975,1623408010833,-1,-1,-1
107,991,1623408011845,-1,-1,-1
108,967,1623408012858,-1,-1,-1
109,943,1623408013833,-1,-1,-1
110,991,1623408014847,-1,-1,-1
111,975,1623408015860,-1,-1,-1
112,759,1623408016833,-1,-1,-1
113,1055,1623408025911,-1,-1,-1
114,1071,1623408030859,-1,-1,-1
115,1191,1623408031835,-1,-1,-1
116,871,1623408032847,-1,-1,-1
117,703,1623408033861,-1,-1,-1
118,1183,1623408034834,-1,-1,-1
119,1047,1623408041846,-1,-1,-1
120,1000,1623408042859,-1,-1,-1
121,1047,1623408043834,-1,-1,-1
122,1015,1623408044846,-1,-1,-1
123,1000,1623408045896,-1,-1,-1
124,927,1623408046835,-1,-1,-1
125,959,1623408049835,-1,-1,-1
126,1007,1623408050846,-1,-1,-1
127,1071,1623408053845,-1,-1,-1
128,983,1623408054859,-1,-1,-1
129,991,1623408055834,-1,-1,-1
130,1063,1623408056884,-1,-1,-1
131,975,1623408057858,-1,-1,-1
132,967,1623408058834,-1,-1,-1
133,1039,1623408059847,-1,-1,-1
134,1087,1623408060858,-1,-1,-1
135,1071,1623408061834,-1,-1,-1
136,1031,1623408062847,-1,-1,-1
137,1055,1623408063862,-1,-1,-1
138,1071,1623408064835,-1,-1,-1
139,911,1623408065883,-1,-1,-1
140,1135,1623408066896,-1,-1,-1
141,1023,1623408067834,-1,-1,-1
142,1111,1623408070834,-1,-1,-1
143,1063,1623408071850,-1,-1,-1
144,1007,1623408072896,-1,-1,-1
145,1031,1623408076835,-1,-1,-1
146,1007,1623408081859,-1,-1,-1
147,983,1623408082836,-1,-1,-1
148,975,1623408083848,-1,-1,-1
149,991,1623408084860,-1,-1,-1
150,967,1623408085835,-1,-1,-1
151,1031,1623408086921,-1,-1,-1
152,1015,1623408087860,-1,-1,-1
153,1023,1623408088835,-1,-1,-1
154,975,1623408089884,-1,-1,-1
155,943,1623408090860,-1,-1,-1
156,1000,1623408091835,-1,-1,-1
157,991,1623408092846,-1,-1,-1
158,879,1623408093862,-1,-1,-1
159,1063,1623408094836,-1,-1,-1
160,1031,1623408095846,-1,-1,-1
161,831,1623408096859,-1,-1,-1
162,1119,1623408097835,-1,-1,-1
163,911,1623408098845,-1,-1,-1
164,1087,1623408099859,-1,-1,-1
165,943,1623408100836,-1,-1,-1
166,967,1623408101846,-1,-1,-1
167,887,1623408102858,-1,-1,-1
168,1015,1623408103836,-1,-1,-1
169,959,1623408104845,-1,-1,-1
170,959,1623408105901,-1,-1,-1
171,959,1623408106835,-1,-1,-1
172,1047,1623408107847,-1,-1,-1
173,959,1623408108860,-1,-1,-1
174,1063,1623408109832,-1,-1,-1
175,1039,1623408110845,-1,-1,-1
176,1111,1623408111821,-1,-1,-1
177,1023,1623408112834,-1,-1,-1
178,983,1623408113846,-1,-1,-1
179,991,1623408114823,-1,-1,-1
180,1023,1623408115836,-1,-1,-1
181,959,1623408116847,-1,-1,-1
182,975,1623408117820,-1,-1,-1
183,959,1623408118835,-1,-1,-1
184,1063,1623408119847,-1,-1,-1
185,895,1623408120823,-1,-1,-1
186,935,1623408121833,-1,-1,-1
187,943,1623408121833,-1,-1,-1
188,983,1623408122882,-1,-1,-1
189,975,1623408123822,-1,-1,-1
190,927,1623408124833,-1,-1,-1
191,695,1623408125858,-1,-1,-1
192,767,1623408126821,-1,-1,-1
193,975,1623408128848,-1,-1,-1
194,975,1623408129822,-1,-1,-1
195,983,1623408130834,-1,-1,-1
196,967,1623408131845,-1,-1,-1
197,1007,1623408132820,-1,-1,-1
198,1039,1623408133832,-1,-1,-1
199,959,1623408134847,-1,-1,-1
200,1079,1623408135821,-1,-1,-1
201,1095,1623408136833,-1,-1,-1
202,1127,1623408137848,-1,-1,-1
203,1015,1623408139838,-1,-1,-1
204,1023,1623408140846,-1,-1,-1
205,1039,1623408141822,-1,-1,-1
206,1000,1623408142835,-1,-1,-1
207,807,1623408142835,-1,-1,-1
208,1119,1623408143848,-1,-1,-1
209,959,1623408144821,-1,-1,-1
210,1023,1623408145834,-1,-1,-1
211,1087,1623408149845,-1,-1,-1
212,1079,1623408150821,-1,-1,-1
213,1000,1623408151833,-1,-1,-1
214,1103,1623408152845,-1,-1,-1
215,951,1623408153822,-1,-1,-1
216,783,1623408153822,-1,-1,-1
217,1279,1623408155884,-1,-1,-1
218,1047,1623408156822,-1,-1,-1
219,1039,1623408157834,-1,-1,-1
220,1103,1623408158848,-1,-1,-1
221,1015,1623408159821,-1,-1,-1
222,1055,1623408160835,-1,-1,-1
223,1087,1623408161845,-1,-1,-1
224,1063,1623408162821,-1,-1,-1
225,1007,1623408163836,-1,-1,-1
226,1023,1623408164846,-1,-1,-1
227,1055,1623408165824,-1,-1,-1
228,1055,1623408166840,-1,-1,-1
229,1023,1623408167922,-1,-1,-1
230,1087,1623408168824,-1,-1,-1
231,1071,1623408170846,-1,-1,-1
232,1055,1623408171825,-1,-1,-1
233,1000,1623408172871,-1,-1,-1
234,959,1623408173848,-1,-1,-1
235,983,1623408174821,-1,-1,-1
236,1039,1623408175834,-1,-1,-1
237,951,1623408176845,-1,-1,-1
238,1031,1623408177822,-1,-1,-1
239,1087,1623408178833,-1,-1,-1
240,991,1623408179849,-1,-1,-1
241,879,1623408180821,-1,-1,-1
242,991,1623408183823,-1,-1,-1
243,1071,1623408184835,-1,-1,-1
244,1159,1623408187837,-1,-1,-1
245,1183,1623408188848,-1,-1,-1
246,1047,1623408189821,-1,-1,-1
247,1055,1623408190834,-1,-1,-1
248,1079,1623408191846,-1,-1,-1
249,975,1623408192824,-1,-1,-1
250,1127,1623408194845,-1,-1,-1
251,975,1623408195822,-1,-1,-1
252,1000,1623408196834,-1,-1,-1
253,1015,1623408197846,-1,-1,-1
254,1023,1623408198823,-1,-1,-1
255,1000,1623408199836,-1,-1,-1
256,1023,1623408200851,-1,-1,-1
257,1039,1623408201825,-1,-1,-1
258,1087,1623408202838,-1,-1,-1
259,1031,1623408203847,-1,-1,-1
260,1071,1623408204822,-1,-1,-1
261,839,1623408205874,-1,-1,-1
262,1055,1623408206849,-1,-1,-1
263,1351,1623408207823,-1,-1,-1
264,1007,1623408208910,-1,-1,-1
265,1063,1623408209847,-1,-1,-1
266,1039,1623408210820,-1,-1,-1
267,1015,1623408211839,-1,-1,-1
268,831,1623408212846,-1,-1,-1
269,1015,1623408214834,-1,-1,-1
270,959,1623408215847,-1,-1,-1
271,1007,1623408216822,-1,-1,-1
272,1031,1623408217834,-1,-1,-1
273,1015,1623408218845,-1,-1,-1
274,1000,1623408219821,-1,-1,-1
275,991,1623408220834,-1,-1,-1
276,1007,1623408221883,-1,-1,-1
277,991,1623408228896,-1,-1,-1
278,1000,1623408232834,-1,-1,-1
279,951,1623408232834,-1,-1,-1
280,1063,1623408234822,-1,-1,-1
281,1039,1623408235836,-1,-1,-1
282,1023,1623408236847,-1,-1,-1
283,1031,1623408237822,-1,-1,-1
284,1087,1623408238873,-1,-1,-1
285,935,1623408239846,-1,-1,-1
286,935,1623408240822,-1,-1,-1
287,975,1623408241834,-1,-1,-1
288,975,1623408242849,-1,-1,-1
289,879,1623408244833,-1,-1,-1
290,983,1623408245851,-1,-1,-1
291,903,1623408246822,-1,-1,-1
292,887,1623408247835,-1,-1,-1
293,943,1623408248848,-1,-1,-1
294,951,1623408249898,-1,-1,-1
295,871,1623408253834,-1,-1,-1
296,863,1623408253834,-1,-1,-1
297,871,1623408254812,-1,-1,-1
298,887,1623408255822,-1,-1,-1
299,927,1623408256835,-1,-1,-1
300,935,1623408257809,-1,-1,-1
301,895,1623408258822,-1,-1,-1
302,919,1623408259835,-1,-1,-1
303,927,1623408260812,-1,-1,-1
304,951,1623408261823,-1,-1,-1
305,951,1623408262839,-1,-1,-1
306,943,1623408263811,-1,-1,-1
307,967,1623408264820,-1,-1,-1
308,991,1623408265838,-1,-1,-1
309,975,1623408266812,-1,-1,-1
310,975,1623408267821,-1,-1,-1
311,1239,1623408269885,-1,-1,-1
312,959,1623408270902,-1,-1,-1
313,967,1623408271874,-1,-1,-1
314,983,1623408272809,-1,-1,-1
315,943,1623408273821,-1,-1,-1
316,943,1623408274834,-1,-1,-1
317,975,1623408275812,-1,-1,-1
318,1007,1623408276822,-1,-1,-1
319,1031,1623408277834,-1,-1,-1
320,991,1623408278811,-1,-1,-1
321,823,1623408279822,-1,-1,-1
322,1199,1623408280833,-1,-1,-1
323,1007,1623408281809,-1,-1,-1
324,983,1623408282820,-1,-1,-1
325,975,1623408283836,-1,-1,-1
326,975,1623408284808,-1,-1,-1
327,991,1623408285821,-1,-1,-1
328,983,1623408286833,-1,-1,-1
329,967,1623408287810,-1,-1,-1
330,991,1623408288858,-1,-1,-1
331,1031,1623408289833,-1,-1,-1
332,1039,1623408290848,-1,-1,-1
333,1055,1623408291821,-1,-1,-1
334,1015,1623408292834,-1,-1,-1
335,1039,1623408293810,-1,-1,-1
336,1143,1623408296812,-1,-1,-1
337,1151,1623408297821,-1,-1,-1
338,1015,1623408298834,-1,-1,-1
339,1055,1623408299812,-1,-1,-1
340,1031,1623408300821,-1,-1,-1
341,1007,1623408301833,-1,-1,-1
342,951,1623408302810,-1,-1,-1
343,951,1623408303824,-1,-1,-1
344,983,1623408304871,-1,-1,-1
345,935,1623408305811,-1,-1,-1
346,991,1623408306823,-1,-1,-1
347,1007,1623408307833,-1,-1,-1
348,1039,1623408308810,-1,-1,-1
349,1007,1623408309822,-1,-1,-1
350,1071,1623408310834,-1,-1,-1
351,1087,1623408311850,-1,-1,-1
352,1047,1623408312822,-1,-1,-1
353,1023,1623408313835,-1,-1,-1
354,1039,1623408314810,-1,-1,-1
355,1039,1623408315824,-1,-1,-1
356,991,1623408316834,-1,-1,-1
357,1023,1623408317810,-1,-1,-1
358,1031,1623408318859,-1,-1,-1
359,983,1623408319834,-1,-1,-1
360,983,1623408320811,-1,-1,-1
361,1000,1623408323812,-1,-1,-1
362,1000,1623408324823,-1,-1,-1
363,1055,1623408326810,-1,-1,-1
364,863,1623408326810,-1,-1,-1
365,1143,1623408328833,-1,-1,-1
366,1007,1623408329811,-1,-1,-1
367,991,1623408334835,-1,-1,-1
368,1031,1623408335808,-1,-1,-1
369,1031,1623408336821,-1,-1,-1
370,1039,1623408337871,-1,-1,-1
371,1063,1623408338811,-1,-1,-1
372,1000,1623408339822,-1,-1,-1
373,991,1623408340836,-1,-1,-1
374,863,1623408341809,-1,-1,-1
375,1167,1623408342822,-1,-1,-1
376,1151,1623408346836,-1,-1,-1
377,1103,1623408347808,-1,-1,-1
378,759,1623408348822,-1,-1,-1
379,1391,1623408349834,-1,-1,-1
380,1071,1623408350890,-1,-1,-1
381,1039,1623408351896,-1,-1,-1
382,1055,1623408353810,-1,-1,-1
383,1063,1623408354858,-1,-1,-1
384,1031,1623408355837,-1,-1,-1
385,1031,1623408356809,-1,-1,-1
386,1039,1623408357821,-1,-1,-1
387,1023,1623408358833,-1,-1,-1
388,1015,1623408359809,-1,-1,-1
389,983,1623408360823,-1,-1,-1
390,1255,1623408361834,-1,-1,-1
391,743,1623408362809,-1,-1,-1
392,1031,1623408363821,-1,-1,-1
393,975,1623408364836,-1,-1,-1
394,967,1623408365808,-1,-1,-1
395,959,1623408366822,-1,-1,-1
396,1007,1623408367835,-1,-1,-1
397,975,1623408368809,-1,-1,-1
398,991,1623408369821,-1,-1,-1
399,895,1623408370872,-1,-1,-1
400,975,1623408370872,-1,-1,-1
401,1000,1623408371808,-1,-1,-1
402,1031,1623408373837,-1,-1,-1
403,967,1623408373837,-1,-1,-1
404,919,1623408374810,-1,-1,-1
405,903,1623408375826,-1,-1,-1
406,919,1623408376834,-1,-1,-1
407,959,1623408377809,-1,-1,-1
408,767,1623408378823,-1,-1,-1
409,1231,1623408379834,-1,-1,-1
410,1007,1623408380810,-1,-1,-1
411,991,1623408381821,-1,-1,-1
412,943,1623408382833,-1,-1,-1
413,975,1623408383814,-1,-1,-1
414,967,1623408384821,-1,-1,-1
415,943,1623408385837,-1,-1,-1
416,943,1623408386810,-1,-1,-1
417,1039,1623408387860,-1,-1,-1
418,831,1623408388836,-1,-1,-1
419,919,1623408389808,-1,-1,-1
420,943,1623408390821,-1,-1,-1
421,903,1623408391907,-1,-1,-1
422,895,1623408391907,-1,-1,-1
423,887,1623408392809,-1,-1,-1
424,903,1623408393823,-1,-1,-1
425,935,1623408396822,-1,-1,-1
426,863,1623408397834,-1,-1,-1
427,887,1623408398811,-1,-1,-1
428,735,1623408399820,-1,-1,-1
429,615,1623408399820,-1,-1,-1
430,1119,1623408404809,-1,-1,-1
431,975,1623408405822,-1,-1,-1
432,1023,1623408406833,-1,-1,-1
433,1015,1623408407809,-1,-1,-1
434,991,1623408408823,-1,-1,-1
435,975,1623408409833,-1,-1,-1
436,975,1623408410808,-1,-1,-1
437,935,1623408411896,-1,-1,-1
438,967,1623408412910,-1,-1,-1
439,927,1623408413810,-1,-1,-1
440,911,1623408414822,-1,-1,-1
441,911,1623408415842,-1,-1,-1
442,903,1623408416810,-1,-1,-1
443,647,1623408418838,-1,-1,-1
444,1000,1623408429821,-1,-1,-1
445,1039,1623408430836,-1,-1,-1
446,1031,1623408431811,-1,-1,-1
447,1063,1623408432860,-1,-1,-1
448,1039,1623408433948,-1,-1,-1
449,1055,1623408434811,-1,-1,-1
450,1063,1623408435821,-1,-1,-1
451,1023,1623408436876,-1,-1,-1
452,1023,1623408437846,-1,-1,-1
453,1079,1623408438822,-1,-1,-1
454,1047,1623408439833,-1,-1,-1
455,1063,1623408441823,-1,-1,-1
456,1063,1623408445836,-1,-1,-1
457,1111,1623408446809,-1,-1,-1
458,943,1623408451796,-1,-1,-1
459,895,1623408452808,-1,-1,-1
460,919,1623408453821,-1,-1,-1
461,935,1623408454801,-1,-1,-1
462,959,1623408454802,-1,-1,-1
463,967,1623408455811,-1,-1,-1
464,975,1623408459823,-1,-1,-1
465,951,1623408460796,-1,-1,-1
466,991,1623408461809,-1,-1,-1
467,991,1623408462821,-1,-1,-1
468,975,1623408463796,-1,-1,-1
469,959,1623408464812,-1,-1,-1
470,935,1623408465820,-1,-1,-1
471,1031,1623408466799,-1,-1,-1
472,959,1623408467810,-1,-1,-1
473,983,1623408468821,-1,-1,-1
474,1047,1623408469798,-1,-1,-1
475,1015,1623408470846,-1,-1,-1
476,1000,1623408471821,-1,-1,-1
477,919,1623408472797,-1,-1,-1
478,967,1623408473846,-1,-1,-1
479,967,1623408474820,-1,-1,-1
480,983,1623408475797,-1,-1,-1
481,1015,1623408476809,-1,-1,-1
482,983,1623408477822,-1,-1,-1
483,1007,1623408478795,-1,-1,-1
484,655,1623408479808,-1,-1,-1
485,1000,1623408481799,-1,-1,-1
486,1047,1623408482814,-1,-1,-1
487,791,1623408485812,-1,-1,-1
488,959,1623408486858,-1,-1,-1
489,911,1623408487796,-1,-1,-1
490,895,1623408488812,-1,-1,-1
491,1007,1623408493797,-1,-1,-1
492,1023,1623408494883,-1,-1,-1
493,1023,1623408495820,-1,-1,-1
494,919,1623408496797,-1,-1,-1
495,943,1623408497808,-1,-1,-1
496,903,1623408498823,-1,-1,-1
497,927,1623408499797,-1,-1,-1
498,927,1623408500808,-1,-1,-1
499,967,1623408501822,-1,-1,-1
500,1015,1623408502796,-1,-1,-1
501,927,1623408505796,-1,-1,-1
502,1000,1623408506809,-1,-1,-1
503,935,1623408506809,-1,-1,-1
504,991,1623408507823,-1,-1,-1
505,991,1623408508796,-1,-1,-1
506,1000,1623408509811,-1,-1,-1
507,1015,1623408510821,-1,-1,-1
508,783,1623408511797,-1,-1,-1
509,1183,1623408512810,-1,-1,-1
510,967,1623408517796,-1,-1,-1
511,1135,1623408523796,-1,-1,-1
512,991,1623408526797,-1,-1,-1
513,879,1623408527809,-1,-1,-1
514,943,1623408528822,-1,-1,-1
515,1007,1623408529797,-1,-1,-1
516,1071,1623408530808,-1,-1,-1
517,1159,1623408531823,-1,-1,-1
518,1151,1623408532796,-1,-1,-1
519,1103,1623408534823,-1,-1,-1
520,1119,1623408535797,-1,-1,-1
521,1103,1623408536846,-1,-1,-1
522,1047,1623408537823,-1,-1,-1
523,1031,1623408538799,-1,-1,-1
524,1031,1623408539810,-1,-1,-1
525,1023,1623408540823,-1,-1,-1
526,1023,1623408541797,-1,-1,-1
527,1087,1623408542811,-1,-1,-1
528,1199,1623408543822,-1,-1,-1
529,1191,1623408544797,-1,-1,-1
530,1175,1623408546822,-1,-1,-1
531,1119,1623408547797,-1,-1,-1
532,1151,1623408548811,-1,-1,-1
533,1079,1623408549822,-1,-1,-1
534,1087,1623408550798,-1,-1,-1
535,951,1623408551810,-1,-1,-1
536,1111,1623408552860,-1,-1,-1
537,927,1623408553798,-1,-1,-1
538,935,1623408554815,-1,-1,-1
539,983,1623408555821,-1,-1,-1
540,951,1623408556799,-1,-1,-1
541,991,1623408557850,-1,-1,-1
542,1023,1623408558822,-1,-1,-1
543,1007,1623408559801,-1,-1,-1
544,1000,1623408560810,-1,-1,-1
545,983,1623408561822,-1,-1,-1
546,975,1623408562799,-1,-1,-1
547,983,1623408563812,-1,-1,-1
548,1007,1623408564822,-1,-1,-1
549,975,1623408565801,-1,-1,-1
550,1039,1623408566813,-1,-1,-1
551,1031,1623408567822,-1,-1,-1
552,1000,1623408568797,-1,-1,-1
553,967,1623408569847,-1,-1,-1
554,983,1623408570821,-1,-1,-1
555,1023,1623408571798,-1,-1,-1
556,1071,1623408572808,-1,-1,-1
557,967,1623408573822,-1,-1,-1
558,1007,1623408574797,-1,-1,-1
559,1055,1623408575814,-1,-1,-1
560,1079,1623408576821,-1,-1,-1
561,1000,1623408577798,-1,-1,-1
562,991,1623408578814,-1,-1,-1
563,959,1623408579821,-1,-1,-1
564,991,1623408580796,-1,-1,-1
565,983,1623408581810,-1,-1,-1
566,1047,1623408582821,-1,-1,-1
567,1079,1623408583800,-1,-1,-1
568,1023,1623408584811,-1,-1,-1
569,1007,1623408585858,-1,-1,-1
570,783,1623408586836,-1,-1,-1
571,1127,1623408587809,-1,-1,-1
572,1119,1623408588821,-1,-1,-1
573,1063,1623408589797,-1,-1,-1
574,1047,1623408590808,-1,-1,-1
575,1063,1623408596810,-1,-1,-1
576,975,1623408599812,-1,-1,-1
577,959,1623408602848,-1,-1,-1
578,967,1623408603822,-1,-1,-1
579,943,1623408604797,-1,-1,-1
580,903,1623408605811,-1,-1,-1
581,959,1623408606822,-1,-1,-1
582,943,1623408607797,-1,-1,-1
583,1063,1623408613798,-1,-1,-1
584,1023,1623408614812,-1,-1,-1
585,983,1623408615784,-1,-1,-1
586,991,1623408616796,-1,-1,-1
587,1063,1623408617808,-1,-1,-1
588,1015,1623408618789,-1,-1,-1
589,1047,1623408619835,-1,-1,-1
590,855,1623408620810,-1,-1,-1
591,1175,1623408621786,-1,-1,-1
592,1039,1623408625796,-1,-1,-1
593,871,1623408626811,-1,-1,-1
594,1071,1623408627787,-1,-1,-1
595,983,1623408628804,-1,-1,-1
596,1000,1623408634816,-1,-1,-1
597,983,1623408635846,-1,-1,-1
598,1039,1623408636787,-1,-1,-1
599,1047,1623408637798,-1,-1,-1
600,895,1623408640798,-1,-1,-1
601,887,1623408641809,-1,-1,-1
602,959,1623408645784,-1,-1,-1
603,1047,1623408648786,-1,-1,-1
604,943,1623408651785,-1,-1,-1
605,1071,1623408653809,-1,-1,-1
606,879,1623408655799,-1,-1,-1
607,911,1623408656809,-1,-1,-1
608,935,1623408657784,-1,-1,-1
609,567,1623408659810,-1,-1,-1
610,839,1623408661797,-1,-1,-1
611,911,1623408662814,-1,-1,-1
612,951,1623408663786,-1,-1,-1
613,623,1623408663786,-1,-1,-1
614,935,1623408666787,-1,-1,-1
615,799,1623408669783,-1,-1,-1
616,1055,1623408670811,-1,-1,-1
617,559,1623408671807,-1,-1,-1
618,727,1623408671808,-1,-1,-1
619,863,1623408674885,-1,-1,-1
620,887,1623408674885,-1,-1,-1
621,911,1623408675786,-1,-1,-1
622,943,1623408676796,-1,-1,-1
623,975,1623408677810,-1,-1,-1
624,967,1623408678824,-1,-1,-1
625,991,1623408679798,-1,-1,-1
626,975,1623408680808,-1,-1,-1
627,983,1623408681786,-1,-1,-1
628,943,1623408682796,-1,-1,-1
