,RR,Timestamp,SensorContact,errorEstimate,blockerBit
0,632,1623251230847,-1,-1,-1
1,640,1623251230847,-1,-1,-1
2,640,1623251231899,-1,-1,-1
3,640,1623251232843,-1,-1,-1
4,648,1623251232843,-1,-1,-1
5,617,1623251233847,-1,-1,-1
6,664,1623251234845,-1,-1,-1
7,593,1623251234845,-1,-1,-1
8,648,1623251235850,-1,-1,-1
9,656,1623251236846,-1,-1,-1
10,609,1623251236846,-1,-1,-1
11,648,1623251237845,-1,-1,-1
12,546,1623251237845,-1,-1,-1
13,640,1623251238846,-1,-1,-1
14,578,1623251239848,-1,-1,-1
15,585,1623251239848,-1,-1,-1
16,585,1623251240847,-1,-1,-1
17,578,1623251241846,-1,-1,-1
18,585,1623251241846,-1,-1,-1
19,585,1623251242847,-1,-1,-1
20,593,1623251242847,-1,-1,-1
21,593,1623251244046,-1,-1,-1
22,617,1623251244848,-1,-1,-1
23,609,1623251244848,-1,-1,-1
24,625,1623251245846,-1,-1,-1
25,625,1623251245846,-1,-1,-1
26,625,1623251246846,-1,-1,-1
27,617,1623251247846,-1,-1,-1
28,609,1623251247846,-1,-1,-1
29,609,1623251248846,-1,-1,-1
30,632,1623251249846,-1,-1,-1
31,671,1623251249846,-1,-1,-1
32,687,1623251250846,-1,-1,-1
33,695,1623251251846,-1,-1,-1
34,695,1623251251846,-1,-1,-1
35,703,1623251252847,-1,-1,-1
36,695,1623251253846,-1,-1,-1
37,671,1623251254847,-1,-1,-1
38,648,1623251254847,-1,-1,-1
39,640,1623251255846,-1,-1,-1
40,625,1623251256847,-1,-1,-1
41,632,1623251256847,-1,-1,-1
42,632,1623251257846,-1,-1,-1
43,640,1623251257846,-1,-1,-1
44,640,1623251258847,-1,-1,-1
45,625,1623251259848,-1,-1,-1
46,648,1623251259848,-1,-1,-1
47,664,1623251260850,-1,-1,-1
48,656,1623251261847,-1,-1,-1
49,664,1623251261847,-1,-1,-1
50,664,1623251262843,-1,-1,-1
51,664,1623251263947,-1,-1,-1
52,640,1623251264845,-1,-1,-1
53,625,1623251264845,-1,-1,-1
54,625,1623251265846,-1,-1,-1
55,609,1623251265846,-1,-1,-1
56,609,1623251266847,-1,-1,-1
57,617,1623251267846,-1,-1,-1
58,640,1623251267846,-1,-1,-1
59,671,1623251268846,-1,-1,-1
60,710,1623251269848,-1,-1,-1
61,726,1623251269848,-1,-1,-1
62,757,1623251270843,-1,-1,-1
63,726,1623251271847,-1,-1,-1
64,710,1623251272947,-1,-1,-1
65,710,1623251272947,-1,-1,-1
66,687,1623251273845,-1,-1,-1
67,671,1623251274946,-1,-1,-1
68,664,1623251275845,-1,-1,-1
69,664,1623251275846,-1,-1,-1
70,656,1623251276946,-1,-1,-1
71,664,1623251277945,-1,-1,-1
72,664,1623251277945,-1,-1,-1
73,656,1623251278846,-1,-1,-1
74,664,1623251279946,-1,-1,-1
75,664,1623251279946,-1,-1,-1
76,671,1623251280947,-1,-1,-1
77,671,1623251282046,-1,-1,-1
78,664,1623251282046,-1,-1,-1
79,664,1623251282947,-1,-1,-1
80,656,1623251283946,-1,-1,-1
81,656,1623251283946,-1,-1,-1
82,648,1623251284946,-1,-1,-1
83,648,1623251285947,-1,-1,-1
84,648,1623251285947,-1,-1,-1
85,648,1623251287046,-1,-1,-1
86,656,1623251287947,-1,-1,-1
87,648,1623251287947,-1,-1,-1
88,656,1623251288940,-1,-1,-1
89,648,1623251289944,-1,-1,-1
90,664,1623251289944,-1,-1,-1
91,664,1623251290945,-1,-1,-1
92,656,1623251292051,-1,-1,-1
93,648,1623251292051,-1,-1,-1
94,656,1623251292944,-1,-1,-1
95,648,1623251293945,-1,-1,-1
96,640,1623251293945,-1,-1,-1
97,632,1623251294946,-1,-1,-1
98,640,1623251295947,-1,-1,-1
99,632,1623251295947,-1,-1,-1
100,632,1623251296946,-1,-1,-1
101,625,1623251297946,-1,-1,-1
102,640,1623251297946,-1,-1,-1
103,625,1623251298939,-1,-1,-1
104,632,1623251299947,-1,-1,-1
105,632,1623251299947,-1,-1,-1
106,632,1623251300948,-1,-1,-1
107,640,1623251301945,-1,-1,-1
108,640,1623251301946,-1,-1,-1
109,648,1623251303046,-1,-1,-1
110,648,1623251303046,-1,-1,-1
111,648,1623251303944,-1,-1,-1
112,632,1623251304946,-1,-1,-1
113,640,1623251304946,-1,-1,-1
114,632,1623251305946,-1,-1,-1
115,625,1623251306945,-1,-1,-1
116,625,1623251306945,-1,-1,-1
117,640,1623251307946,-1,-1,-1
118,632,1623251308945,-1,-1,-1
119,632,1623251308945,-1,-1,-1
120,632,1623251309946,-1,-1,-1
121,640,1623251310945,-1,-1,-1
122,640,1623251310945,-1,-1,-1
123,632,1623251311945,-1,-1,-1
124,625,1623251312945,-1,-1,-1
125,640,1623251312945,-1,-1,-1
126,632,1623251313943,-1,-1,-1
127,625,1623251314945,-1,-1,-1
128,648,1623251314945,-1,-1,-1
129,617,1623251315946,-1,-1,-1
130,710,1623251316945,-1,-1,-1
131,625,1623251316945,-1,-1,-1
132,679,1623251317945,-1,-1,-1
133,679,1623251318947,-1,-1,-1
134,679,1623251318947,-1,-1,-1
135,648,1623251320047,-1,-1,-1
136,648,1623251320943,-1,-1,-1
137,625,1623251320943,-1,-1,-1
138,625,1623251321945,-1,-1,-1
139,632,1623251322946,-1,-1,-1
140,625,1623251322946,-1,-1,-1
141,617,1623251323946,-1,-1,-1
142,632,1623251323946,-1,-1,-1
143,617,1623251324945,-1,-1,-1
144,632,1623251325947,-1,-1,-1
145,609,1623251325947,-1,-1,-1
146,593,1623251326945,-1,-1,-1
147,703,1623251327945,-1,-1,-1
148,539,1623251327946,-1,-1,-1
149,648,1623251328946,-1,-1,-1
150,593,1623251329947,-1,-1,-1
151,601,1623251329947,-1,-1,-1
152,609,1623251330946,-1,-1,-1
153,601,1623251330946,-1,-1,-1
154,609,1623251331947,-1,-1,-1
155,593,1623251332946,-1,-1,-1
156,601,1623251332947,-1,-1,-1
157,601,1623251333946,-1,-1,-1
158,601,1623251333946,-1,-1,-1
159,601,1623251334938,-1,-1,-1
160,609,1623251336047,-1,-1,-1
161,609,1623251336047,-1,-1,-1
162,617,1623251336947,-1,-1,-1
163,609,1623251337945,-1,-1,-1
164,617,1623251337945,-1,-1,-1
165,609,1623251338946,-1,-1,-1
166,625,1623251338946,-1,-1,-1
167,632,1623251339946,-1,-1,-1
168,656,1623251340944,-1,-1,-1
169,664,1623251340944,-1,-1,-1
170,679,1623251341946,-1,-1,-1
171,671,1623251342937,-1,-1,-1
172,664,1623251343942,-1,-1,-1
173,656,1623251343942,-1,-1,-1
174,648,1623251344944,-1,-1,-1
175,640,1623251345946,-1,-1,-1
176,632,1623251345946,-1,-1,-1
177,625,1623251346947,-1,-1,-1
178,609,1623251346947,-1,-1,-1
179,601,1623251347938,-1,-1,-1
180,585,1623251348938,-1,-1,-1
181,601,1623251348938,-1,-1,-1
182,601,1623251349945,-1,-1,-1
183,617,1623251350941,-1,-1,-1
184,632,1623251350941,-1,-1,-1
185,656,1623251351946,-1,-1,-1
186,695,1623251353040,-1,-1,-1
187,703,1623251353040,-1,-1,-1
188,710,1623251353938,-1,-1,-1
189,695,1623251354946,-1,-1,-1
190,679,1623251354946,-1,-1,-1
191,679,1623251355946,-1,-1,-1
192,671,1623251356943,-1,-1,-1
193,656,1623251356943,-1,-1,-1
194,640,1623251357940,-1,-1,-1
195,640,1623251358947,-1,-1,-1
196,632,1623251358947,-1,-1,-1
197,625,1623251359942,-1,-1,-1
198,625,1623251360947,-1,-1,-1
199,617,1623251360947,-1,-1,-1
200,617,1623251362046,-1,-1,-1
201,609,1623251362946,-1,-1,-1
202,609,1623251362946,-1,-1,-1
203,593,1623251363946,-1,-1,-1
204,601,1623251363946,-1,-1,-1
205,578,1623251364941,-1,-1,-1
206,593,1623251365946,-1,-1,-1
207,617,1623251365946,-1,-1,-1
208,632,1623251366945,-1,-1,-1
209,648,1623251367946,-1,-1,-1
210,671,1623251367946,-1,-1,-1
211,679,1623251368946,-1,-1,-1
212,679,1623251370046,-1,-1,-1
213,679,1623251370046,-1,-1,-1
214,671,1623251370946,-1,-1,-1
215,656,1623251371946,-1,-1,-1
216,656,1623251371946,-1,-1,-1
217,648,1623251372943,-1,-1,-1
218,632,1623251373943,-1,-1,-1
219,632,1623251373943,-1,-1,-1
220,625,1623251374944,-1,-1,-1
221,640,1623251375945,-1,-1,-1
222,632,1623251375945,-1,-1,-1
223,625,1623251377040,-1,-1,-1
224,632,1623251377940,-1,-1,-1
225,640,1623251377940,-1,-1,-1
226,640,1623251378941,-1,-1,-1
227,625,1623251379945,-1,-1,-1
228,625,1623251379945,-1,-1,-1
229,625,1623251380944,-1,-1,-1
230,632,1623251380944,-1,-1,-1
231,632,1623251381945,-1,-1,-1
232,656,1623251382945,-1,-1,-1
233,648,1623251382945,-1,-1,-1
234,648,1623251383938,-1,-1,-1
235,656,1623251384940,-1,-1,-1
236,640,1623251384940,-1,-1,-1
237,640,1623251386044,-1,-1,-1
238,632,1623251386946,-1,-1,-1
239,648,1623251386946,-1,-1,-1
240,625,1623251388046,-1,-1,-1
241,625,1623251388944,-1,-1,-1
242,632,1623251388944,-1,-1,-1
243,625,1623251390044,-1,-1,-1
244,625,1623251390945,-1,-1,-1
245,625,1623251390945,-1,-1,-1
246,640,1623251391945,-1,-1,-1
247,609,1623251392939,-1,-1,-1
248,617,1623251392939,-1,-1,-1
249,617,1623251393947,-1,-1,-1
250,609,1623251393947,-1,-1,-1
251,617,1623251394945,-1,-1,-1
252,625,1623251395944,-1,-1,-1
253,632,1623251395944,-1,-1,-1
254,640,1623251396944,-1,-1,-1
255,656,1623251397947,-1,-1,-1
256,632,1623251397947,-1,-1,-1
257,648,1623251398945,-1,-1,-1
258,640,1623251400044,-1,-1,-1
259,640,1623251400044,-1,-1,-1
260,632,1623251401041,-1,-1,-1
261,609,1623251402039,-1,-1,-1
262,632,1623251402039,-1,-1,-1
263,632,1623251403046,-1,-1,-1
264,648,1623251404037,-1,-1,-1
265,687,1623251404037,-1,-1,-1
266,703,1623251405045,-1,-1,-1
267,703,1623251406045,-1,-1,-1
268,710,1623251406045,-1,-1,-1
269,695,1623251407042,-1,-1,-1
270,695,1623251408046,-1,-1,-1
271,671,1623251409037,-1,-1,-1
272,648,1623251409037,-1,-1,-1
273,656,1623251410145,-1,-1,-1
274,648,1623251411146,-1,-1,-1
275,625,1623251411146,-1,-1,-1
276,617,1623251412046,-1,-1,-1
277,640,1623251412046,-1,-1,-1
278,632,1623251413043,-1,-1,-1
279,640,1623251414039,-1,-1,-1
280,640,1623251414039,-1,-1,-1
281,664,1623251415047,-1,-1,-1
282,671,1623251416045,-1,-1,-1
283,671,1623251416045,-1,-1,-1
284,664,1623251417046,-1,-1,-1
285,679,1623251418045,-1,-1,-1
286,640,1623251418045,-1,-1,-1
287,648,1623251419039,-1,-1,-1
288,640,1623251420038,-1,-1,-1
289,632,1623251420038,-1,-1,-1
290,640,1623251421045,-1,-1,-1
291,625,1623251422046,-1,-1,-1
292,640,1623251422046,-1,-1,-1
293,632,1623251423338,-1,-1,-1
294,656,1623251424041,-1,-1,-1
295,656,1623251424041,-1,-1,-1
296,664,1623251425040,-1,-1,-1
297,648,1623251426040,-1,-1,-1
298,664,1623251426040,-1,-1,-1
299,671,1623251427038,-1,-1,-1
300,664,1623251428040,-1,-1,-1
301,625,1623251428040,-1,-1,-1
302,664,1623251429142,-1,-1,-1
303,664,1623251430039,-1,-1,-1
304,632,1623251430039,-1,-1,-1
305,632,1623251431039,-1,-1,-1
306,632,1623251432046,-1,-1,-1
307,632,1623251432046,-1,-1,-1
308,640,1623251433038,-1,-1,-1
309,617,1623251434045,-1,-1,-1
310,656,1623251434045,-1,-1,-1
311,625,1623251435044,-1,-1,-1
312,648,1623251436043,-1,-1,-1
313,640,1623251436043,-1,-1,-1
314,648,1623251437038,-1,-1,-1
315,648,1623251438046,-1,-1,-1
316,625,1623251438046,-1,-1,-1
317,640,1623251439046,-1,-1,-1
318,640,1623251440045,-1,-1,-1
319,648,1623251440045,-1,-1,-1
320,664,1623251441045,-1,-1,-1
321,625,1623251442046,-1,-1,-1
322,671,1623251442046,-1,-1,-1
323,656,1623251443146,-1,-1,-1
324,617,1623251444044,-1,-1,-1
325,664,1623251444044,-1,-1,-1
326,640,1623251445045,-1,-1,-1
327,625,1623251446046,-1,-1,-1
328,625,1623251446046,-1,-1,-1
329,656,1623251447045,-1,-1,-1
330,656,1623251448046,-1,-1,-1
331,640,1623251448046,-1,-1,-1
332,640,1623251449046,-1,-1,-1
333,648,1623251449046,-1,-1,-1
334,625,1623251450044,-1,-1,-1
335,625,1623251451045,-1,-1,-1
336,625,1623251451046,-1,-1,-1
337,632,1623251452047,-1,-1,-1
338,640,1623251453047,-1,-1,-1
339,632,1623251453047,-1,-1,-1
340,640,1623251454047,-1,-1,-1
341,648,1623251455042,-1,-1,-1
342,625,1623251455042,-1,-1,-1
343,648,1623251456046,-1,-1,-1
344,640,1623251457041,-1,-1,-1
345,625,1623251457041,-1,-1,-1
346,632,1623251458044,-1,-1,-1
347,632,1623251459046,-1,-1,-1
348,640,1623251459046,-1,-1,-1
349,625,1623251460045,-1,-1,-1
350,617,1623251461046,-1,-1,-1
351,617,1623251461046,-1,-1,-1
352,617,1623251462145,-1,-1,-1
353,625,1623251462145,-1,-1,-1
354,617,1623251463045,-1,-1,-1
355,632,1623251464047,-1,-1,-1
356,640,1623251464047,-1,-1,-1
357,664,1623251465044,-1,-1,-1
358,671,1623251466045,-1,-1,-1
359,687,1623251466045,-1,-1,-1
360,687,1623251467044,-1,-1,-1
361,687,1623251468046,-1,-1,-1
362,671,1623251469045,-1,-1,-1
363,679,1623251469045,-1,-1,-1
364,648,1623251470045,-1,-1,-1
365,656,1623251471046,-1,-1,-1
366,656,1623251471046,-1,-1,-1
367,648,1623251472045,-1,-1,-1
368,617,1623251473045,-1,-1,-1
369,640,1623251473045,-1,-1,-1
370,593,1623251474046,-1,-1,-1
371,617,1623251474046,-1,-1,-1
372,609,1623251475146,-1,-1,-1
373,617,1623251476045,-1,-1,-1
374,617,1623251476045,-1,-1,-1
375,625,1623251477046,-1,-1,-1
376,648,1623251478041,-1,-1,-1
377,625,1623251478041,-1,-1,-1
378,648,1623251479145,-1,-1,-1
379,640,1623251480046,-1,-1,-1
380,625,1623251480046,-1,-1,-1
381,632,1623251481044,-1,-1,-1
382,640,1623251482045,-1,-1,-1
383,617,1623251482045,-1,-1,-1
384,617,1623251483046,-1,-1,-1
385,632,1623251483046,-1,-1,-1
386,632,1623251484046,-1,-1,-1
387,632,1623251485046,-1,-1,-1
388,617,1623251485046,-1,-1,-1
389,625,1623251486046,-1,-1,-1
390,632,1623251487038,-1,-1,-1
391,601,1623251487038,-1,-1,-1
392,546,1623251488045,-1,-1,-1
393,679,1623251489046,-1,-1,-1
394,578,1623251489046,-1,-1,-1
395,539,1623251490044,-1,-1,-1
396,640,1623251490044,-1,-1,-1
397,523,1623251491045,-1,-1,-1
398,617,1623251493041,-1,-1,-1
399,562,1623251494046,-1,-1,-1
400,593,1623251495145,-1,-1,-1
401,554,1623251495145,-1,-1,-1
402,562,1623251496145,-1,-1,-1
403,554,1623251496145,-1,-1,-1
404,570,1623251497046,-1,-1,-1
405,546,1623251497046,-1,-1,-1
406,546,1623251498046,-1,-1,-1
407,562,1623251499042,-1,-1,-1
408,546,1623251499042,-1,-1,-1
409,546,1623251500045,-1,-1,-1
410,539,1623251500045,-1,-1,-1
411,554,1623251501044,-1,-1,-1
412,554,1623251501044,-1,-1,-1
413,546,1623251502042,-1,-1,-1
414,562,1623251502042,-1,-1,-1
415,578,1623251503045,-1,-1,-1
416,601,1623251504045,-1,-1,-1
417,617,1623251504045,-1,-1,-1
418,625,1623251505045,-1,-1,-1
419,656,1623251506145,-1,-1,-1
420,671,1623251506145,-1,-1,-1
421,656,1623251507145,-1,-1,-1
422,679,1623251508045,-1,-1,-1
423,664,1623251508045,-1,-1,-1
424,648,1623251509046,-1,-1,-1
425,640,1623251510045,-1,-1,-1
426,640,1623251510045,-1,-1,-1
427,625,1623251511045,-1,-1,-1
428,632,1623251512144,-1,-1,-1
429,625,1623251512144,-1,-1,-1
430,617,1623251513046,-1,-1,-1
431,617,1623251514045,-1,-1,-1
432,625,1623251514045,-1,-1,-1
433,617,1623251515147,-1,-1,-1
434,617,1623251515147,-1,-1,-1
435,617,1623251516044,-1,-1,-1
436,617,1623251517044,-1,-1,-1
437,617,1623251517044,-1,-1,-1
438,617,1623251518045,-1,-1,-1
439,632,1623251519045,-1,-1,-1
440,609,1623251519045,-1,-1,-1
441,609,1623251520043,-1,-1,-1
442,601,1623251520043,-1,-1,-1
443,617,1623251521038,-1,-1,-1
444,609,1623251522045,-1,-1,-1
445,601,1623251522045,-1,-1,-1
446,625,1623251523038,-1,-1,-1
447,609,1623251524046,-1,-1,-1
448,601,1623251524046,-1,-1,-1
449,609,1623251525041,-1,-1,-1
450,609,1623251525041,-1,-1,-1
451,609,1623251526044,-1,-1,-1
452,609,1623251527045,-1,-1,-1
453,609,1623251527045,-1,-1,-1
454,625,1623251528144,-1,-1,-1
455,609,1623251529045,-1,-1,-1
456,609,1623251529045,-1,-1,-1
457,617,1623251530044,-1,-1,-1
458,625,1623251531044,-1,-1,-1
459,617,1623251531044,-1,-1,-1
460,609,1623251532145,-1,-1,-1
461,617,1623251532145,-1,-1,-1
462,625,1623251533043,-1,-1,-1
463,609,1623251534045,-1,-1,-1
464,609,1623251534045,-1,-1,-1
465,625,1623251535053,-1,-1,-1
466,625,1623251536045,-1,-1,-1
467,625,1623251536045,-1,-1,-1
468,625,1623251537037,-1,-1,-1
469,640,1623251537037,-1,-1,-1
470,632,1623251538045,-1,-1,-1
471,625,1623251539143,-1,-1,-1
472,632,1623251539143,-1,-1,-1
473,632,1623251540041,-1,-1,-1
474,625,1623251541037,-1,-1,-1
475,617,1623251541037,-1,-1,-1
476,625,1623251542038,-1,-1,-1
477,617,1623251543036,-1,-1,-1
478,609,1623251543036,-1,-1,-1
479,625,1623251544041,-1,-1,-1
480,625,1623251545146,-1,-1,-1
481,617,1623251545146,-1,-1,-1
482,609,1623251546045,-1,-1,-1
483,625,1623251546045,-1,-1,-1
484,617,1623251547044,-1,-1,-1
485,609,1623251548045,-1,-1,-1
486,625,1623251548045,-1,-1,-1
487,632,1623251549045,-1,-1,-1
488,632,1623251550044,-1,-1,-1
489,640,1623251550044,-1,-1,-1
490,632,1623251551037,-1,-1,-1
491,625,1623251552036,-1,-1,-1
492,617,1623251552036,-1,-1,-1
493,617,1623251553140,-1,-1,-1
494,617,1623251553140,-1,-1,-1
495,617,1623251554045,-1,-1,-1
496,625,1623251555138,-1,-1,-1
497,632,1623251555138,-1,-1,-1
498,640,1623251556037,-1,-1,-1
499,640,1623251557145,-1,-1,-1
500,648,1623251557145,-1,-1,-1
501,640,1623251558137,-1,-1,-1
502,632,1623251559140,-1,-1,-1
503,625,1623251559140,-1,-1,-1
504,617,1623251560039,-1,-1,-1
505,609,1623251561139,-1,-1,-1
506,601,1623251561139,-1,-1,-1
507,601,1623251562139,-1,-1,-1
508,593,1623251562139,-1,-1,-1
509,585,1623251563144,-1,-1,-1
510,601,1623251564141,-1,-1,-1
511,593,1623251564141,-1,-1,-1
512,609,1623251565138,-1,-1,-1
513,632,1623251565138,-1,-1,-1
514,656,1623251566436,-1,-1,-1
515,664,1623251567137,-1,-1,-1
516,648,1623251568138,-1,-1,-1
517,664,1623251568138,-1,-1,-1
518,664,1623251569136,-1,-1,-1
519,656,1623251570138,-1,-1,-1
520,656,1623251570138,-1,-1,-1
521,640,1623251571237,-1,-1,-1
522,625,1623251572138,-1,-1,-1
523,617,1623251572138,-1,-1,-1
524,617,1623251573140,-1,-1,-1
525,617,1623251573140,-1,-1,-1
526,601,1623251574148,-1,-1,-1
527,593,1623251575140,-1,-1,-1
528,601,1623251575140,-1,-1,-1
529,593,1623251576147,-1,-1,-1
530,585,1623251576147,-1,-1,-1
531,601,1623251577136,-1,-1,-1
532,601,1623251578136,-1,-1,-1
533,609,1623251578136,-1,-1,-1
534,617,1623251579137,-1,-1,-1
535,632,1623251580137,-1,-1,-1
536,648,1623251580137,-1,-1,-1
537,656,1623251581336,-1,-1,-1
538,664,1623251582141,-1,-1,-1
539,656,1623251582141,-1,-1,-1
540,648,1623251583140,-1,-1,-1
541,648,1623251584137,-1,-1,-1
542,632,1623251584137,-1,-1,-1
543,625,1623251585146,-1,-1,-1
544,625,1623251586145,-1,-1,-1
545,617,1623251586145,-1,-1,-1
546,609,1623251587143,-1,-1,-1
547,609,1623251587143,-1,-1,-1
548,609,1623251588236,-1,-1,-1
549,632,1623251589144,-1,-1,-1
550,632,1623251589144,-1,-1,-1
551,640,1623251590144,-1,-1,-1
552,656,1623251591139,-1,-1,-1
553,648,1623251591139,-1,-1,-1
554,640,1623251592136,-1,-1,-1
555,640,1623251593138,-1,-1,-1
556,648,1623251593138,-1,-1,-1
557,632,1623251594137,-1,-1,-1
558,617,1623251595143,-1,-1,-1
559,625,1623251595143,-1,-1,-1
560,617,1623251596143,-1,-1,-1
561,617,1623251596143,-1,-1,-1
562,609,1623251597139,-1,-1,-1
563,617,1623251598145,-1,-1,-1
564,625,1623251598145,-1,-1,-1
565,617,1623251599145,-1,-1,-1
566,617,1623251600141,-1,-1,-1
567,625,1623251600141,-1,-1,-1
568,625,1623251601137,-1,-1,-1
569,617,1623251602238,-1,-1,-1
570,617,1623251602238,-1,-1,-1
571,617,1623251603136,-1,-1,-1
572,609,1623251603136,-1,-1,-1
573,609,1623251604240,-1,-1,-1
574,609,1623251605146,-1,-1,-1
575,609,1623251605146,-1,-1,-1
576,609,1623251606143,-1,-1,-1
577,617,1623251607146,-1,-1,-1
578,617,1623251607146,-1,-1,-1
579,617,1623251608144,-1,-1,-1
580,609,1623251608144,-1,-1,-1
581,609,1623251609144,-1,-1,-1
582,617,1623251610138,-1,-1,-1
583,601,1623251610138,-1,-1,-1
584,601,1623251611142,-1,-1,-1
585,609,1623251612238,-1,-1,-1
586,601,1623251612238,-1,-1,-1
587,601,1623251613142,-1,-1,-1
588,609,1623251613143,-1,-1,-1
589,609,1623251614146,-1,-1,-1
590,601,1623251615242,-1,-1,-1
591,601,1623251615242,-1,-1,-1
592,609,1623251616143,-1,-1,-1
593,617,1623251617144,-1,-1,-1
594,609,1623251617144,-1,-1,-1
595,617,1623251618143,-1,-1,-1
596,617,1623251618143,-1,-1,-1
597,632,1623251619143,-1,-1,-1
598,625,1623251620142,-1,-1,-1
599,617,1623251620142,-1,-1,-1
600,625,1623251621239,-1,-1,-1
601,625,1623251622145,-1,-1,-1
602,625,1623251622145,-1,-1,-1
603,625,1623251623144,-1,-1,-1
604,625,1623251624144,-1,-1,-1
605,632,1623251624144,-1,-1,-1
606,625,1623251625144,-1,-1,-1
607,625,1623251625144,-1,-1,-1
608,625,1623251626144,-1,-1,-1
609,617,1623251627141,-1,-1,-1
610,609,1623251627141,-1,-1,-1
611,601,1623251628145,-1,-1,-1
612,601,1623251629145,-1,-1,-1
613,601,1623251629145,-1,-1,-1
614,601,1623251630137,-1,-1,-1
615,601,1623251630137,-1,-1,-1
616,601,1623251631144,-1,-1,-1
617,625,1623251632144,-1,-1,-1
618,609,1623251632144,-1,-1,-1
619,679,1623251634145,-1,-1,-1
620,554,1623251635144,-1,-1,-1
621,578,1623251635144,-1,-1,-1
622,710,1623251636137,-1,-1,-1
623,570,1623251637240,-1,-1,-1
624,562,1623251637240,-1,-1,-1
625,570,1623251638245,-1,-1,-1
626,570,1623251638245,-1,-1,-1
627,578,1623251639144,-1,-1,-1
628,570,1623251640138,-1,-1,-1
629,585,1623251640138,-1,-1,-1
630,562,1623251641143,-1,-1,-1
631,578,1623251641143,-1,-1,-1
632,578,1623251642137,-1,-1,-1
633,593,1623251643138,-1,-1,-1
634,578,1623251643138,-1,-1,-1
635,601,1623251644144,-1,-1,-1
636,625,1623251644144,-1,-1,-1
637,601,1623251645139,-1,-1,-1
638,617,1623251646144,-1,-1,-1
639,617,1623251646144,-1,-1,-1
640,625,1623251647143,-1,-1,-1
641,625,1623251648242,-1,-1,-1
642,632,1623251648242,-1,-1,-1
643,601,1623251649139,-1,-1,-1
644,648,1623251650143,-1,-1,-1
645,710,1623251650143,-1,-1,-1
646,773,1623251651139,-1,-1,-1
647,687,1623251652144,-1,-1,-1
648,726,1623251652144,-1,-1,-1
649,750,1623251653145,-1,-1,-1
650,703,1623251654342,-1,-1,-1
651,703,1623251655143,-1,-1,-1
652,679,1623251655143,-1,-1,-1
653,671,1623251656144,-1,-1,-1
654,632,1623251657143,-1,-1,-1
655,648,1623251657144,-1,-1,-1
656,648,1623251658144,-1,-1,-1
657,632,1623251659141,-1,-1,-1
658,601,1623251659141,-1,-1,-1
659,632,1623251660144,-1,-1,-1
660,640,1623251661144,-1,-1,-1
661,617,1623251661144,-1,-1,-1
662,609,1623251662145,-1,-1,-1
663,671,1623251663144,-1,-1,-1
664,640,1623251663144,-1,-1,-1
665,617,1623251664145,-1,-1,-1
666,664,1623251665145,-1,-1,-1
667,656,1623251665145,-1,-1,-1
668,687,1623251666146,-1,-1,-1
669,640,1623251667145,-1,-1,-1
670,656,1623251667145,-1,-1,-1
671,664,1623251668143,-1,-1,-1
672,671,1623251669143,-1,-1,-1
673,648,1623251669143,-1,-1,-1
674,632,1623251670243,-1,-1,-1
675,648,1623251671144,-1,-1,-1
676,632,1623251671144,-1,-1,-1
677,617,1623251672142,-1,-1,-1
678,617,1623251673144,-1,-1,-1
679,617,1623251673144,-1,-1,-1
680,625,1623251674137,-1,-1,-1
681,632,1623251674137,-1,-1,-1
682,609,1623251675142,-1,-1,-1
683,625,1623251676140,-1,-1,-1
684,664,1623251676140,-1,-1,-1
685,640,1623251677144,-1,-1,-1
686,632,1623251678136,-1,-1,-1
687,656,1623251678136,-1,-1,-1
688,648,1623251679141,-1,-1,-1
689,601,1623251680338,-1,-1,-1
690,640,1623251680338,-1,-1,-1
691,648,1623251681243,-1,-1,-1
692,632,1623251682240,-1,-1,-1
693,648,1623251682240,-1,-1,-1
694,671,1623251683242,-1,-1,-1
695,679,1623251684243,-1,-1,-1
696,710,1623251684243,-1,-1,-1
697,679,1623251685341,-1,-1,-1
698,679,1623251686338,-1,-1,-1
699,656,1623251686338,-1,-1,-1
700,679,1623251687239,-1,-1,-1
701,632,1623251688240,-1,-1,-1
702,640,1623251688240,-1,-1,-1
703,656,1623251689236,-1,-1,-1
704,632,1623251690246,-1,-1,-1
705,625,1623251690246,-1,-1,-1
706,656,1623251691242,-1,-1,-1
707,648,1623251692241,-1,-1,-1
708,656,1623251692241,-1,-1,-1
709,671,1623251693236,-1,-1,-1
710,632,1623251694243,-1,-1,-1
711,640,1623251694243,-1,-1,-1
712,632,1623251695244,-1,-1,-1
713,625,1623251696242,-1,-1,-1
714,648,1623251696242,-1,-1,-1
715,640,1623251697343,-1,-1,-1
716,617,1623251698244,-1,-1,-1
717,625,1623251698244,-1,-1,-1
718,632,1623251699242,-1,-1,-1
719,625,1623251700236,-1,-1,-1
720,625,1623251700236,-1,-1,-1
721,632,1623251701240,-1,-1,-1
722,656,1623251702238,-1,-1,-1
723,671,1623251702238,-1,-1,-1
724,664,1623251703239,-1,-1,-1
725,671,1623251704238,-1,-1,-1
726,679,1623251704238,-1,-1,-1
727,679,1623251705245,-1,-1,-1
728,664,1623251706242,-1,-1,-1
729,632,1623251706242,-1,-1,-1
730,632,1623251708236,-1,-1,-1
731,562,1623251709236,-1,-1,-1
732,570,1623251709236,-1,-1,-1
733,562,1623251710238,-1,-1,-1
734,773,1623251711236,-1,-1,-1
735,625,1623251713336,-1,-1,-1
736,570,1623251714237,-1,-1,-1
737,609,1623251717238,-1,-1,-1
738,687,1623251729237,-1,-1,-1
739,656,1623251731238,-1,-1,-1
740,726,1623251732241,-1,-1,-1
741,734,1623251733237,-1,-1,-1
742,671,1623251734239,-1,-1,-1
743,1398,1623251737243,-1,-1,-1
744,601,1623251738238,-1,-1,-1
745,656,1623251738238,-1,-1,-1
746,695,1623251739244,-1,-1,-1
747,570,1623251740342,-1,-1,-1
748,593,1623251740342,-1,-1,-1
749,609,1623251741237,-1,-1,-1
750,585,1623251741237,-1,-1,-1
751,625,1623251742244,-1,-1,-1
752,507,1623251745242,-1,-1,-1
753,656,1623251746338,-1,-1,-1
754,562,1623251746338,-1,-1,-1
755,546,1623251747236,-1,-1,-1
756,562,1623251747236,-1,-1,-1
757,625,1623251748245,-1,-1,-1
758,531,1623251748245,-1,-1,-1
759,593,1623251749244,-1,-1,-1
760,562,1623251750339,-1,-1,-1
761,562,1623251750339,-1,-1,-1
762,593,1623251751245,-1,-1,-1
763,664,1623251751245,-1,-1,-1
764,710,1623251753242,-1,-1,-1
765,703,1623251754241,-1,-1,-1
766,671,1623251754241,-1,-1,-1
767,625,1623251755243,-1,-1,-1
768,648,1623251756243,-1,-1,-1
769,609,1623251756243,-1,-1,-1
770,585,1623251757242,-1,-1,-1
771,578,1623251757242,-1,-1,-1
772,585,1623251758246,-1,-1,-1
773,484,1623251759244,-1,-1,-1
774,687,1623251759244,-1,-1,-1
775,617,1623251763341,-1,-1,-1
776,742,1623251765243,-1,-1,-1
777,601,1623251768243,-1,-1,-1
778,656,1623251769237,-1,-1,-1
779,585,1623251769237,-1,-1,-1
780,554,1623251770236,-1,-1,-1
781,578,1623251771239,-1,-1,-1
782,578,1623251771239,-1,-1,-1
783,609,1623251772238,-1,-1,-1
784,695,1623251773242,-1,-1,-1
785,679,1623251773242,-1,-1,-1
786,726,1623251774236,-1,-1,-1
787,750,1623251775242,-1,-1,-1
788,703,1623251775242,-1,-1,-1
789,664,1623251776241,-1,-1,-1
790,734,1623251777241,-1,-1,-1
791,828,1623251779342,-1,-1,-1
792,656,1623251780342,-1,-1,-1
793,632,1623251780342,-1,-1,-1
794,656,1623251781242,-1,-1,-1
795,664,1623251782339,-1,-1,-1
796,648,1623251782339,-1,-1,-1
797,656,1623251783241,-1,-1,-1
798,648,1623251784242,-1,-1,-1
799,632,1623251784242,-1,-1,-1
800,648,1623251785242,-1,-1,-1
801,640,1623251786239,-1,-1,-1
802,664,1623251786239,-1,-1,-1
803,648,1623251787246,-1,-1,-1
804,664,1623251788243,-1,-1,-1
805,664,1623251788243,-1,-1,-1
806,664,1623251789246,-1,-1,-1
807,640,1623251790240,-1,-1,-1
808,664,1623251790240,-1,-1,-1
809,632,1623251791242,-1,-1,-1
810,617,1623251792243,-1,-1,-1
811,625,1623251792243,-1,-1,-1
812,625,1623251793238,-1,-1,-1
813,640,1623251794237,-1,-1,-1
814,656,1623251794237,-1,-1,-1
815,664,1623251795245,-1,-1,-1
816,648,1623251796341,-1,-1,-1
817,640,1623251796341,-1,-1,-1
818,625,1623251797241,-1,-1,-1
819,648,1623251798239,-1,-1,-1
820,664,1623251798239,-1,-1,-1
821,679,1623251799343,-1,-1,-1
822,687,1623251800341,-1,-1,-1
823,703,1623251800341,-1,-1,-1
824,710,1623251801337,-1,-1,-1
825,726,1623251802337,-1,-1,-1
826,726,1623251803342,-1,-1,-1
827,742,1623251803342,-1,-1,-1
828,726,1623251804338,-1,-1,-1
829,726,1623251805338,-1,-1,-1
830,710,1623251806444,-1,-1,-1
831,718,1623251806444,-1,-1,-1
832,703,1623251807343,-1,-1,-1
833,703,1623251808338,-1,-1,-1
834,703,1623251809345,-1,-1,-1
835,718,1623251809345,-1,-1,-1
836,718,1623251810341,-1,-1,-1
837,734,1623251811340,-1,-1,-1
838,734,1623251812336,-1,-1,-1
839,734,1623251812336,-1,-1,-1
840,742,1623251813342,-1,-1,-1
841,742,1623251814341,-1,-1,-1
842,750,1623251815341,-1,-1,-1
843,734,1623251815341,-1,-1,-1
844,718,1623251816338,-1,-1,-1
845,718,1623251817341,-1,-1,-1
846,710,1623251817341,-1,-1,-1
847,695,1623251818343,-1,-1,-1
848,687,1623251819341,-1,-1,-1
849,695,1623251820337,-1,-1,-1
850,710,1623251820337,-1,-1,-1
851,710,1623251821343,-1,-1,-1
852,750,1623251822443,-1,-1,-1
853,757,1623251823340,-1,-1,-1
854,742,1623251823340,-1,-1,-1
855,734,1623251824337,-1,-1,-1
856,718,1623251825339,-1,-1,-1
857,718,1623251826343,-1,-1,-1
858,695,1623251826343,-1,-1,-1
859,695,1623251827341,-1,-1,-1
860,695,1623251828338,-1,-1,-1
861,703,1623251828338,-1,-1,-1
862,679,1623251829338,-1,-1,-1
863,671,1623251830339,-1,-1,-1
864,679,1623251831336,-1,-1,-1
865,664,1623251831336,-1,-1,-1
866,671,1623251832337,-1,-1,-1
867,679,1623251833336,-1,-1,-1
868,687,1623251833336,-1,-1,-1
869,687,1623251834339,-1,-1,-1
870,687,1623251835341,-1,-1,-1
871,695,1623251835341,-1,-1,-1
872,687,1623251836341,-1,-1,-1
873,687,1623251837341,-1,-1,-1
874,679,1623251838336,-1,-1,-1
875,664,1623251838336,-1,-1,-1
876,703,1623251839436,-1,-1,-1
877,632,1623251840336,-1,-1,-1
878,695,1623251840336,-1,-1,-1
879,671,1623251841336,-1,-1,-1
880,656,1623251842343,-1,-1,-1
881,671,1623251842343,-1,-1,-1
882,664,1623251843337,-1,-1,-1
883,679,1623251844338,-1,-1,-1
884,664,1623251844338,-1,-1,-1
885,671,1623251845341,-1,-1,-1
886,664,1623251846341,-1,-1,-1
887,656,1623251846341,-1,-1,-1
888,648,1623251847341,-1,-1,-1
889,648,1623251848337,-1,-1,-1
890,656,1623251848337,-1,-1,-1
891,640,1623251849337,-1,-1,-1
892,640,1623251850343,-1,-1,-1
893,640,1623251850343,-1,-1,-1
894,640,1623251851443,-1,-1,-1
895,640,1623251852338,-1,-1,-1
896,640,1623251852338,-1,-1,-1
897,656,1623251853337,-1,-1,-1
898,664,1623251854341,-1,-1,-1
899,656,1623251854341,-1,-1,-1
900,664,1623251855441,-1,-1,-1
901,671,1623251856341,-1,-1,-1
902,679,1623251856341,-1,-1,-1
903,671,1623251857341,-1,-1,-1
904,656,1623251858338,-1,-1,-1
905,664,1623251859342,-1,-1,-1
906,664,1623251859342,-1,-1,-1
907,648,1623251860338,-1,-1,-1
908,640,1623251861341,-1,-1,-1
909,640,1623251861341,-1,-1,-1
910,640,1623251862343,-1,-1,-1
911,648,1623251862343,-1,-1,-1
912,640,1623251863337,-1,-1,-1
913,648,1623251864338,-1,-1,-1
914,671,1623251864338,-1,-1,-1
915,656,1623251865343,-1,-1,-1
916,656,1623251866338,-1,-1,-1
917,656,1623251867337,-1,-1,-1
918,656,1623251867338,-1,-1,-1
919,664,1623251868337,-1,-1,-1
920,648,1623251869338,-1,-1,-1
921,648,1623251869338,-1,-1,-1
922,632,1623251870341,-1,-1,-1
923,625,1623251870341,-1,-1,-1
924,632,1623251871337,-1,-1,-1
925,648,1623251872442,-1,-1,-1
926,664,1623251872442,-1,-1,-1
927,687,1623251873338,-1,-1,-1
928,710,1623251874336,-1,-1,-1
929,726,1623251875341,-1,-1,-1
930,718,1623251875341,-1,-1,-1
931,710,1623251876340,-1,-1,-1
932,710,1623251877339,-1,-1,-1
933,710,1623251878341,-1,-1,-1
934,710,1623251878341,-1,-1,-1
935,695,1623251879338,-1,-1,-1
936,671,1623251880336,-1,-1,-1
937,664,1623251880336,-1,-1,-1
938,656,1623251881341,-1,-1,-1
939,640,1623251882339,-1,-1,-1
940,648,1623251882339,-1,-1,-1
941,640,1623251883335,-1,-1,-1
942,539,1623251884341,-1,-1,-1
943,750,1623251884341,-1,-1,-1
944,609,1623251886341,-1,-1,-1
945,609,1623251887338,-1,-1,-1
946,609,1623251887338,-1,-1,-1
947,625,1623251888543,-1,-1,-1
948,632,1623251889342,-1,-1,-1
949,640,1623251889342,-1,-1,-1
950,640,1623251890342,-1,-1,-1
951,664,1623251891342,-1,-1,-1
952,656,1623251891342,-1,-1,-1
953,664,1623251892338,-1,-1,-1
954,656,1623251893336,-1,-1,-1
955,640,1623251893336,-1,-1,-1
956,648,1623251894341,-1,-1,-1
957,640,1623251895341,-1,-1,-1
958,625,1623251895341,-1,-1,-1
959,625,1623251896342,-1,-1,-1
960,617,1623251897337,-1,-1,-1
961,632,1623251897337,-1,-1,-1
962,625,1623251898341,-1,-1,-1
963,632,1623251899340,-1,-1,-1
964,648,1623251899340,-1,-1,-1
965,671,1623251900337,-1,-1,-1
966,679,1623251901338,-1,-1,-1
967,671,1623251901338,-1,-1,-1
968,695,1623251902336,-1,-1,-1
969,703,1623251903336,-1,-1,-1
970,710,1623251903336,-1,-1,-1
971,664,1623251904338,-1,-1,-1
972,671,1623251905441,-1,-1,-1
973,656,1623251905441,-1,-1,-1
974,656,1623251906342,-1,-1,-1
975,656,1623251907338,-1,-1,-1
976,664,1623251907338,-1,-1,-1
977,664,1623251908336,-1,-1,-1
978,679,1623251909342,-1,-1,-1
979,687,1623251910341,-1,-1,-1
980,734,1623251910341,-1,-1,-1
981,664,1623251913336,-1,-1,-1
982,679,1623251914341,-1,-1,-1
983,648,1623251914341,-1,-1,-1
984,664,1623251915338,-1,-1,-1
985,640,1623251916338,-1,-1,-1
986,656,1623251916338,-1,-1,-1
987,664,1623251917342,-1,-1,-1
988,671,1623251918337,-1,-1,-1
989,671,1623251918337,-1,-1,-1
990,687,1623251919336,-1,-1,-1
991,679,1623251920341,-1,-1,-1
992,679,1623251921442,-1,-1,-1
993,656,1623251921442,-1,-1,-1
994,664,1623251922340,-1,-1,-1
995,640,1623251923336,-1,-1,-1
996,648,1623251923336,-1,-1,-1
997,656,1623251924343,-1,-1,-1
998,648,1623251925449,-1,-1,-1
999,656,1623251925449,-1,-1,-1
1000,656,1623251926444,-1,-1,-1
1001,664,1623251927436,-1,-1,-1
1002,664,1623251927436,-1,-1,-1
1003,664,1623251928442,-1,-1,-1
1004,656,1623251929544,-1,-1,-1
1005,656,1623251929544,-1,-1,-1
1006,656,1623251930441,-1,-1,-1
1007,656,1623251931542,-1,-1,-1
1008,656,1623251931542,-1,-1,-1
1009,664,1623251932436,-1,-1,-1
1010,671,1623251933441,-1,-1,-1
1011,679,1623251933441,-1,-1,-1
1012,679,1623251934442,-1,-1,-1
1013,703,1623251935437,-1,-1,-1
1014,671,1623251935437,-1,-1,-1
1015,679,1623251936441,-1,-1,-1
1016,679,1623251937437,-1,-1,-1
1017,671,1623251938442,-1,-1,-1
1018,656,1623251938442,-1,-1,-1
1019,656,1623251939440,-1,-1,-1
1020,656,1623251940436,-1,-1,-1
1021,648,1623251940436,-1,-1,-1
1022,648,1623251941442,-1,-1,-1
1023,664,1623251942436,-1,-1,-1
1024,664,1623251942436,-1,-1,-1
1025,671,1623251943437,-1,-1,-1
1026,648,1623251944443,-1,-1,-1
1027,664,1623251944443,-1,-1,-1
1028,671,1623251945440,-1,-1,-1
1029,671,1623251946443,-1,-1,-1
1030,679,1623251946443,-1,-1,-1
1031,687,1623251947442,-1,-1,-1
1032,664,1623251948542,-1,-1,-1
1033,671,1623251948542,-1,-1,-1
1034,671,1623251949440,-1,-1,-1
1035,671,1623251950441,-1,-1,-1
1036,656,1623251950441,-1,-1,-1
1037,656,1623251951443,-1,-1,-1
1038,648,1623251952442,-1,-1,-1
1039,656,1623251952442,-1,-1,-1
1040,585,1623251953437,-1,-1,-1
1041,703,1623251954442,-1,-1,-1
1042,640,1623251954442,-1,-1,-1
1043,648,1623251955441,-1,-1,-1
1044,648,1623251956442,-1,-1,-1
1045,648,1623251956442,-1,-1,-1
1046,656,1623251957443,-1,-1,-1
1047,648,1623251958442,-1,-1,-1
1048,640,1623251958442,-1,-1,-1
1049,648,1623251959445,-1,-1,-1
1050,648,1623251960443,-1,-1,-1
1051,640,1623251960443,-1,-1,-1
1052,632,1623251961543,-1,-1,-1
1053,640,1623251962442,-1,-1,-1
1054,632,1623251962442,-1,-1,-1
1055,632,1623251963437,-1,-1,-1
1056,632,1623251964541,-1,-1,-1
1057,648,1623251964541,-1,-1,-1
1058,648,1623251965442,-1,-1,-1
1059,648,1623251966439,-1,-1,-1
1060,656,1623251966439,-1,-1,-1
1061,656,1623251967442,-1,-1,-1
1062,648,1623251968440,-1,-1,-1
1063,648,1623251968440,-1,-1,-1
1064,640,1623251969438,-1,-1,-1
1065,632,1623251970441,-1,-1,-1
1066,632,1623251970441,-1,-1,-1
1067,625,1623251971438,-1,-1,-1
1068,632,1623251972446,-1,-1,-1
1069,632,1623251972446,-1,-1,-1
1070,640,1623251973437,-1,-1,-1
1071,640,1623251974442,-1,-1,-1
1072,640,1623251974442,-1,-1,-1
1073,648,1623251975438,-1,-1,-1
1074,648,1623251976438,-1,-1,-1
1075,656,1623251976438,-1,-1,-1
1076,656,1623251977441,-1,-1,-1
1077,664,1623251978441,-1,-1,-1
1078,664,1623251978441,-1,-1,-1
1079,648,1623251979438,-1,-1,-1
1080,656,1623251980441,-1,-1,-1
1081,664,1623251980441,-1,-1,-1
1082,671,1623251981542,-1,-1,-1
1083,671,1623251982441,-1,-1,-1
1084,671,1623251982441,-1,-1,-1
1085,679,1623251983438,-1,-1,-1
1086,671,1623251984440,-1,-1,-1
1087,664,1623251984440,-1,-1,-1
1088,664,1623251985437,-1,-1,-1
1089,656,1623251986440,-1,-1,-1
1090,656,1623251986440,-1,-1,-1
1091,648,1623251987443,-1,-1,-1
1092,664,1623251988443,-1,-1,-1
1093,664,1623251988443,-1,-1,-1
1094,671,1623251989443,-1,-1,-1
1095,687,1623251990441,-1,-1,-1
1096,687,1623251990441,-1,-1,-1
1097,687,1623251991438,-1,-1,-1
1098,679,1623251992442,-1,-1,-1
1099,687,1623251993543,-1,-1,-1
1100,648,1623251993543,-1,-1,-1
1101,664,1623251994441,-1,-1,-1
1102,664,1623251995437,-1,-1,-1
1103,664,1623251995437,-1,-1,-1
1104,671,1623251996443,-1,-1,-1
1105,671,1623251997543,-1,-1,-1
1106,679,1623251997543,-1,-1,-1
1107,695,1623251998444,-1,-1,-1
1108,687,1623251999441,-1,-1,-1
1109,687,1623251999441,-1,-1,-1
1110,671,1623252000435,-1,-1,-1
1111,671,1623252001443,-1,-1,-1
1112,664,1623252002441,-1,-1,-1
1113,640,1623252002441,-1,-1,-1
1114,648,1623252003441,-1,-1,-1
1115,648,1623252004436,-1,-1,-1
1116,656,1623252004436,-1,-1,-1
1117,656,1623252005437,-1,-1,-1
1118,671,1623252006443,-1,-1,-1
1119,695,1623252006443,-1,-1,-1
1120,695,1623252007442,-1,-1,-1
1121,695,1623252008447,-1,-1,-1
1122,703,1623252008447,-1,-1,-1
1123,687,1623252009438,-1,-1,-1
1124,671,1623252010436,-1,-1,-1
1125,679,1623252011437,-1,-1,-1
1126,664,1623252011437,-1,-1,-1
1127,656,1623252012443,-1,-1,-1
1128,656,1623252013441,-1,-1,-1
1129,648,1623252013441,-1,-1,-1
1130,656,1623252014542,-1,-1,-1
1131,664,1623252015442,-1,-1,-1
1132,656,1623252015442,-1,-1,-1
1133,656,1623252016441,-1,-1,-1
1134,664,1623252017441,-1,-1,-1
1135,664,1623252017441,-1,-1,-1
1136,671,1623252018438,-1,-1,-1
1137,671,1623252019439,-1,-1,-1
1138,679,1623252019439,-1,-1,-1
1139,679,1623252020441,-1,-1,-1
1140,679,1623252021439,-1,-1,-1
1141,664,1623252021439,-1,-1,-1
1142,664,1623252022437,-1,-1,-1
1143,664,1623252023437,-1,-1,-1
1144,671,1623252023437,-1,-1,-1
1145,656,1623252024442,-1,-1,-1
1146,656,1623252025543,-1,-1,-1
1147,664,1623252025543,-1,-1,-1
1148,656,1623252026437,-1,-1,-1
1149,664,1623252027437,-1,-1,-1
1150,656,1623252027437,-1,-1,-1
1151,664,1623252028441,-1,-1,-1
1152,664,1623252029441,-1,-1,-1
1153,671,1623252030540,-1,-1,-1
1154,687,1623252030540,-1,-1,-1
1155,718,1623252031437,-1,-1,-1
1156,718,1623252032537,-1,-1,-1
1157,710,1623252032537,-1,-1,-1
1158,718,1623252033436,-1,-1,-1
1159,703,1623252034441,-1,-1,-1
1160,687,1623252035437,-1,-1,-1
1161,687,1623252035437,-1,-1,-1
1162,671,1623252036439,-1,-1,-1
1163,679,1623252037437,-1,-1,-1
1164,648,1623252037437,-1,-1,-1
1165,679,1623252038441,-1,-1,-1
1166,585,1623252039542,-1,-1,-1
1167,656,1623252039542,-1,-1,-1
1168,648,1623252040437,-1,-1,-1
1169,687,1623252041437,-1,-1,-1
1170,703,1623252041437,-1,-1,-1
1171,718,1623252042444,-1,-1,-1
1172,718,1623252043438,-1,-1,-1
1173,742,1623252044440,-1,-1,-1
1174,726,1623252044441,-1,-1,-1
1175,695,1623252045442,-1,-1,-1
1176,703,1623252046441,-1,-1,-1
1177,703,1623252047543,-1,-1,-1
1178,687,1623252047543,-1,-1,-1
1179,695,1623252048441,-1,-1,-1
1180,695,1623252049436,-1,-1,-1
1181,679,1623252049436,-1,-1,-1
1182,664,1623252050444,-1,-1,-1
1183,656,1623252051437,-1,-1,-1
1184,664,1623252051437,-1,-1,-1
1185,648,1623252052541,-1,-1,-1
1186,640,1623252053436,-1,-1,-1
1187,648,1623252053436,-1,-1,-1
1188,656,1623252054440,-1,-1,-1
1189,664,1623252055442,-1,-1,-1
1190,656,1623252055442,-1,-1,-1
1191,679,1623252056436,-1,-1,-1
1192,679,1623252057641,-1,-1,-1
1193,671,1623252057641,-1,-1,-1
1194,664,1623252058442,-1,-1,-1
1195,664,1623252059442,-1,-1,-1
1196,671,1623252060443,-1,-1,-1
1197,664,1623252060443,-1,-1,-1
1198,648,1623252061436,-1,-1,-1
1199,648,1623252062438,-1,-1,-1
1200,648,1623252062438,-1,-1,-1
1201,625,1623252063441,-1,-1,-1
1202,617,1623252063441,-1,-1,-1
1203,625,1623252064442,-1,-1,-1
1204,640,1623252065442,-1,-1,-1
1205,656,1623252065442,-1,-1,-1
1206,679,1623252066443,-1,-1,-1
1207,687,1623252067439,-1,-1,-1
1208,726,1623252068441,-1,-1,-1
1209,671,1623252068441,-1,-1,-1
1210,679,1623252069443,-1,-1,-1
1211,656,1623252070440,-1,-1,-1
1212,664,1623252070440,-1,-1,-1
1213,687,1623252071439,-1,-1,-1
1214,671,1623252072440,-1,-1,-1
1215,656,1623252072440,-1,-1,-1
1216,664,1623252073437,-1,-1,-1
1217,664,1623252074441,-1,-1,-1
1218,687,1623252074442,-1,-1,-1
1219,625,1623252075438,-1,-1,-1
1220,664,1623252076442,-1,-1,-1
1221,648,1623252076442,-1,-1,-1
1222,648,1623252077440,-1,-1,-1
1223,640,1623252078439,-1,-1,-1
1224,625,1623252078439,-1,-1,-1
1225,632,1623252079442,-1,-1,-1
1226,617,1623252080542,-1,-1,-1
1227,632,1623252080542,-1,-1,-1
1228,625,1623252081541,-1,-1,-1
1229,632,1623252082543,-1,-1,-1
1230,656,1623252082543,-1,-1,-1
1231,671,1623252083543,-1,-1,-1
1232,679,1623252084541,-1,-1,-1
1233,671,1623252084541,-1,-1,-1
1234,687,1623252085536,-1,-1,-1
1235,703,1623252086544,-1,-1,-1
1236,687,1623252086544,-1,-1,-1
1237,695,1623252087538,-1,-1,-1
1238,703,1623252088541,-1,-1,-1
1239,687,1623252089537,-1,-1,-1
1240,671,1623252089537,-1,-1,-1
1241,664,1623252090642,-1,-1,-1
1242,664,1623252091543,-1,-1,-1
1243,648,1623252091543,-1,-1,-1
1244,640,1623252092536,-1,-1,-1
1245,640,1623252093537,-1,-1,-1
1246,671,1623252093537,-1,-1,-1
1247,687,1623252094537,-1,-1,-1
1248,687,1623252095542,-1,-1,-1
1249,710,1623252095542,-1,-1,-1
1250,726,1623252096542,-1,-1,-1
1251,703,1623252097542,-1,-1,-1
1252,703,1623252098539,-1,-1,-1
1253,695,1623252098539,-1,-1,-1
1254,687,1623252099543,-1,-1,-1
1255,664,1623252100541,-1,-1,-1
1256,656,1623252100541,-1,-1,-1
1257,656,1623252101537,-1,-1,-1
1258,664,1623252102542,-1,-1,-1
1259,656,1623252102542,-1,-1,-1
1260,664,1623252103537,-1,-1,-1
1261,679,1623252104540,-1,-1,-1
1262,679,1623252105537,-1,-1,-1
1263,679,1623252105537,-1,-1,-1
1264,703,1623252106640,-1,-1,-1
1265,710,1623252107539,-1,-1,-1
1266,710,1623252107539,-1,-1,-1
1267,703,1623252108541,-1,-1,-1
1268,703,1623252109537,-1,-1,-1
1269,687,1623252110545,-1,-1,-1
1270,671,1623252110545,-1,-1,-1
1271,671,1623252111540,-1,-1,-1
1272,664,1623252112540,-1,-1,-1
1273,648,1623252112540,-1,-1,-1
1274,664,1623252113635,-1,-1,-1
1275,664,1623252114542,-1,-1,-1
1276,648,1623252114542,-1,-1,-1
1277,656,1623252115542,-1,-1,-1
1278,656,1623252116540,-1,-1,-1
1279,648,1623252116540,-1,-1,-1
1280,648,1623252117542,-1,-1,-1
1281,632,1623252118541,-1,-1,-1
1282,648,1623252118541,-1,-1,-1
1283,617,1623252119542,-1,-1,-1
1284,593,1623252125540,-1,-1,-1
1285,585,1623252125540,-1,-1,-1
1286,609,1623252126542,-1,-1,-1
1287,601,1623252126542,-1,-1,-1
1288,578,1623252127543,-1,-1,-1
1289,601,1623252128542,-1,-1,-1
1290,562,1623252128542,-1,-1,-1
1291,609,1623252129543,-1,-1,-1
1292,570,1623252129543,-1,-1,-1
1293,609,1623252130542,-1,-1,-1
1294,601,1623252131543,-1,-1,-1
1295,609,1623252131543,-1,-1,-1
1296,632,1623252132541,-1,-1,-1
1297,601,1623252133542,-1,-1,-1
1298,562,1623252133542,-1,-1,-1
1299,625,1623252134542,-1,-1,-1
1300,687,1623252134542,-1,-1,-1
1301,656,1623252135541,-1,-1,-1
1302,656,1623252136543,-1,-1,-1
1303,710,1623252137541,-1,-1,-1
1304,656,1623252137541,-1,-1,-1
1305,656,1623252138542,-1,-1,-1
1306,632,1623252139541,-1,-1,-1
1307,640,1623252139541,-1,-1,-1
1308,601,1623252140542,-1,-1,-1
1309,562,1623252140542,-1,-1,-1
1310,601,1623252141542,-1,-1,-1
1311,609,1623252142542,-1,-1,-1
1312,570,1623252142542,-1,-1,-1
1313,578,1623252143537,-1,-1,-1
1314,585,1623252143537,-1,-1,-1
1315,570,1623252144542,-1,-1,-1
1316,578,1623252145543,-1,-1,-1
1317,554,1623252145543,-1,-1,-1
1318,570,1623252146543,-1,-1,-1
1319,562,1623252146543,-1,-1,-1
1320,570,1623252147542,-1,-1,-1
1321,593,1623252147542,-1,-1,-1
1322,617,1623252148542,-1,-1,-1
1323,640,1623252149541,-1,-1,-1
1324,679,1623252149541,-1,-1,-1
1325,695,1623252150541,-1,-1,-1
1326,695,1623252151543,-1,-1,-1
1327,718,1623252152543,-1,-1,-1
1328,664,1623252152543,-1,-1,-1
1329,648,1623252153542,-1,-1,-1
1330,640,1623252154542,-1,-1,-1
1331,632,1623252154542,-1,-1,-1
1332,632,1623252155541,-1,-1,-1
1333,671,1623252156642,-1,-1,-1
1334,718,1623252156642,-1,-1,-1
1335,796,1623252157544,-1,-1,-1
1336,851,1623252158545,-1,-1,-1
1337,835,1623252159646,-1,-1,-1
1338,820,1623252160542,-1,-1,-1
1339,820,1623252161543,-1,-1,-1
1340,773,1623252161543,-1,-1,-1
1341,750,1623252162543,-1,-1,-1
1342,742,1623252163541,-1,-1,-1
1343,718,1623252164541,-1,-1,-1
1344,710,1623252164541,-1,-1,-1
1345,695,1623252165643,-1,-1,-1
1346,703,1623252166541,-1,-1,-1
1347,695,1623252167542,-1,-1,-1
1348,695,1623252167542,-1,-1,-1
1349,687,1623252168543,-1,-1,-1
1350,703,1623252169543,-1,-1,-1
1351,679,1623252169543,-1,-1,-1
1352,695,1623252170543,-1,-1,-1
1353,687,1623252171543,-1,-1,-1
1354,687,1623252171543,-1,-1,-1
1355,687,1623252172542,-1,-1,-1
1356,671,1623252173642,-1,-1,-1
1357,679,1623252174541,-1,-1,-1
1358,687,1623252174541,-1,-1,-1
1359,679,1623252175540,-1,-1,-1
1360,671,1623252176535,-1,-1,-1
1361,671,1623252176535,-1,-1,-1
1362,671,1623252177536,-1,-1,-1
1363,679,1623252178540,-1,-1,-1
1364,648,1623252178540,-1,-1,-1
1365,664,1623252179539,-1,-1,-1
1366,656,1623252180543,-1,-1,-1
1367,648,1623252180543,-1,-1,-1
1368,640,1623252181542,-1,-1,-1
1369,648,1623252182538,-1,-1,-1
1370,648,1623252182538,-1,-1,-1
1371,656,1623252183535,-1,-1,-1
1372,656,1623252184541,-1,-1,-1
1373,656,1623252184541,-1,-1,-1
1374,656,1623252185542,-1,-1,-1
1375,640,1623252186541,-1,-1,-1
1376,640,1623252186541,-1,-1,-1
1377,632,1623252187541,-1,-1,-1
1378,625,1623252188540,-1,-1,-1
1379,632,1623252188540,-1,-1,-1
1380,609,1623252189642,-1,-1,-1
1381,640,1623252190541,-1,-1,-1
1382,609,1623252190542,-1,-1,-1
1383,640,1623252191542,-1,-1,-1
1384,640,1623252192542,-1,-1,-1
1385,664,1623252192542,-1,-1,-1
1386,656,1623252193636,-1,-1,-1
1387,664,1623252194641,-1,-1,-1
1388,679,1623252194642,-1,-1,-1
1389,648,1623252195540,-1,-1,-1
1390,664,1623252196643,-1,-1,-1
1391,664,1623252196643,-1,-1,-1
1392,656,1623252197543,-1,-1,-1
1393,648,1623252198642,-1,-1,-1
1394,671,1623252198642,-1,-1,-1
1395,664,1623252199543,-1,-1,-1
1396,671,1623252200641,-1,-1,-1
1397,679,1623252200641,-1,-1,-1
1398,679,1623252201640,-1,-1,-1
1399,671,1623252202643,-1,-1,-1
1400,1343,1623252206642,-1,-1,-1
1401,781,1623252207642,-1,-1,-1
1402,500,1623252207642,-1,-1,-1
1403,804,1623252208642,-1,-1,-1
1404,640,1623252209639,-1,-1,-1
1405,617,1623252209639,-1,-1,-1
1406,593,1623252210643,-1,-1,-1
1407,570,1623252210643,-1,-1,-1
1408,601,1623252211637,-1,-1,-1
1409,601,1623252212644,-1,-1,-1
1410,601,1623252212644,-1,-1,-1
1411,640,1623252213643,-1,-1,-1
1412,671,1623252214641,-1,-1,-1
1413,671,1623252214641,-1,-1,-1
1414,679,1623252215641,-1,-1,-1
1415,695,1623252216641,-1,-1,-1
1416,664,1623252216641,-1,-1,-1
1417,671,1623252217641,-1,-1,-1
1418,671,1623252218641,-1,-1,-1
1419,648,1623252218642,-1,-1,-1
1420,640,1623252219644,-1,-1,-1
1421,640,1623252220642,-1,-1,-1
1422,671,1623252220642,-1,-1,-1
1423,632,1623252221636,-1,-1,-1
1424,617,1623252222641,-1,-1,-1
1425,640,1623252222641,-1,-1,-1
1426,640,1623252223637,-1,-1,-1
1427,640,1623252224642,-1,-1,-1
1428,632,1623252224642,-1,-1,-1
1429,640,1623252225641,-1,-1,-1
1430,648,1623252226638,-1,-1,-1
1431,632,1623252226638,-1,-1,-1
1432,640,1623252227641,-1,-1,-1
1433,640,1623252228641,-1,-1,-1
1434,617,1623252228641,-1,-1,-1
1435,640,1623252229641,-1,-1,-1
1436,609,1623252230641,-1,-1,-1
1437,617,1623252230641,-1,-1,-1
1438,609,1623252231639,-1,-1,-1
1439,617,1623252231639,-1,-1,-1
1440,593,1623252232742,-1,-1,-1
1441,609,1623252233637,-1,-1,-1
1442,601,1623252233637,-1,-1,-1
1443,609,1623252234643,-1,-1,-1
1444,632,1623252235642,-1,-1,-1
1445,679,1623252235642,-1,-1,-1
1446,640,1623252236740,-1,-1,-1
1447,664,1623252237635,-1,-1,-1
1448,679,1623252237635,-1,-1,-1
1449,632,1623252238642,-1,-1,-1
1450,664,1623252239640,-1,-1,-1
1451,625,1623252239640,-1,-1,-1
1452,625,1623252240641,-1,-1,-1
1453,562,1623252241641,-1,-1,-1
1454,835,1623252242640,-1,-1,-1
1455,617,1623252243640,-1,-1,-1
1456,531,1623252244641,-1,-1,-1
1457,804,1623252245642,-1,-1,-1
1458,640,1623252246642,-1,-1,-1
1459,640,1623252247741,-1,-1,-1
1460,617,1623252248641,-1,-1,-1
1461,585,1623252249637,-1,-1,-1
1462,640,1623252249637,-1,-1,-1
1463,632,1623252250641,-1,-1,-1
1464,648,1623252251640,-1,-1,-1
1465,640,1623252251640,-1,-1,-1
1466,671,1623252252642,-1,-1,-1
1467,648,1623252253637,-1,-1,-1
1468,656,1623252253637,-1,-1,-1
1469,648,1623252254636,-1,-1,-1
1470,648,1623252255643,-1,-1,-1
1471,640,1623252255643,-1,-1,-1
1472,632,1623252256637,-1,-1,-1
1473,625,1623252256637,-1,-1,-1
1474,632,1623252257638,-1,-1,-1
1475,625,1623252258642,-1,-1,-1
1476,632,1623252258642,-1,-1,-1
1477,648,1623252259641,-1,-1,-1
1478,679,1623252260642,-1,-1,-1
1479,695,1623252261642,-1,-1,-1
1480,718,1623252261642,-1,-1,-1
1481,710,1623252262642,-1,-1,-1
1482,695,1623252263641,-1,-1,-1
1483,710,1623252263641,-1,-1,-1
1484,664,1623252264644,-1,-1,-1
1485,687,1623252265742,-1,-1,-1
1486,671,1623252265742,-1,-1,-1
1487,656,1623252266740,-1,-1,-1
1488,671,1623252267641,-1,-1,-1
1489,656,1623252268742,-1,-1,-1
1490,656,1623252268742,-1,-1,-1
1491,640,1623252269641,-1,-1,-1
1492,656,1623252270641,-1,-1,-1
1493,656,1623252270641,-1,-1,-1
1494,656,1623252271641,-1,-1,-1
1495,664,1623252272642,-1,-1,-1
1496,656,1623252272642,-1,-1,-1
1497,664,1623252273637,-1,-1,-1
1498,664,1623252274642,-1,-1,-1
1499,648,1623252274642,-1,-1,-1
1500,679,1623252275636,-1,-1,-1
1501,585,1623252276641,-1,-1,-1
1502,750,1623252276642,-1,-1,-1
1503,945,1623252280640,-1,-1,-1
1504,625,1623252280640,-1,-1,-1
1505,609,1623252281643,-1,-1,-1
1506,609,1623252281643,-1,-1,-1
1507,609,1623252282741,-1,-1,-1
1508,617,1623252283642,-1,-1,-1
1509,609,1623252283642,-1,-1,-1
1510,609,1623252284642,-1,-1,-1
1511,617,1623252285643,-1,-1,-1
1512,625,1623252285643,-1,-1,-1
1513,648,1623252286644,-1,-1,-1
1514,648,1623252287641,-1,-1,-1
1515,640,1623252287641,-1,-1,-1
1516,656,1623252288641,-1,-1,-1
1517,664,1623252289640,-1,-1,-1
1518,664,1623252289640,-1,-1,-1
1519,648,1623252290641,-1,-1,-1
1520,656,1623252291641,-1,-1,-1
1521,664,1623252291641,-1,-1,-1
1522,656,1623252292642,-1,-1,-1
1523,648,1623252293640,-1,-1,-1
1524,656,1623252293640,-1,-1,-1
1525,664,1623252294643,-1,-1,-1
1526,671,1623252295642,-1,-1,-1
1527,656,1623252295642,-1,-1,-1
1528,664,1623252296641,-1,-1,-1
1529,648,1623252297641,-1,-1,-1
1530,671,1623252297641,-1,-1,-1
1531,671,1623252298744,-1,-1,-1
1532,648,1623252299643,-1,-1,-1
1533,640,1623252299643,-1,-1,-1
1534,648,1623252300743,-1,-1,-1
1535,632,1623252301642,-1,-1,-1
1536,632,1623252301642,-1,-1,-1
1537,640,1623252302641,-1,-1,-1
1538,640,1623252303642,-1,-1,-1
1539,648,1623252303642,-1,-1,-1
1540,648,1623252304641,-1,-1,-1
1541,640,1623252305642,-1,-1,-1
1542,664,1623252305643,-1,-1,-1
1543,671,1623252306640,-1,-1,-1
1544,664,1623252307642,-1,-1,-1
1545,656,1623252307642,-1,-1,-1
1546,648,1623252308642,-1,-1,-1
1547,632,1623252309639,-1,-1,-1
1548,632,1623252309639,-1,-1,-1
1549,625,1623252310642,-1,-1,-1
1550,632,1623252311642,-1,-1,-1
1551,625,1623252311642,-1,-1,-1
1552,625,1623252312641,-1,-1,-1
1553,617,1623252312641,-1,-1,-1
1554,640,1623252313641,-1,-1,-1
1555,632,1623252314642,-1,-1,-1
1556,609,1623252314642,-1,-1,-1
1557,632,1623252315742,-1,-1,-1
1558,625,1623252316641,-1,-1,-1
1559,625,1623252316641,-1,-1,-1
1560,625,1623252317685,-1,-1,-1
1561,632,1623252318636,-1,-1,-1
1562,640,1623252318636,-1,-1,-1
1563,640,1623252319636,-1,-1,-1
1564,632,1623252320636,-1,-1,-1
1565,625,1623252320636,-1,-1,-1
1566,640,1623252321635,-1,-1,-1
1567,648,1623252322642,-1,-1,-1
1568,656,1623252322642,-1,-1,-1
1569,609,1623252323641,-1,-1,-1
1570,695,1623252324635,-1,-1,-1
1571,632,1623252324635,-1,-1,-1
1572,687,1623252325641,-1,-1,-1
1573,679,1623252326636,-1,-1,-1
1574,695,1623252326636,-1,-1,-1
1575,687,1623252327642,-1,-1,-1
1576,687,1623252328636,-1,-1,-1
1577,679,1623252328636,-1,-1,-1
1578,687,1623252329642,-1,-1,-1
1579,671,1623252330636,-1,-1,-1
1580,664,1623252330636,-1,-1,-1
1581,664,1623252331741,-1,-1,-1
1582,671,1623252332734,-1,-1,-1
1583,664,1623252333635,-1,-1,-1
1584,656,1623252333635,-1,-1,-1
1585,664,1623252334636,-1,-1,-1
1586,671,1623252335641,-1,-1,-1
1587,664,1623252335642,-1,-1,-1
1588,664,1623252336639,-1,-1,-1
1589,679,1623252337641,-1,-1,-1
1590,687,1623252337641,-1,-1,-1
1591,679,1623252338641,-1,-1,-1
1592,671,1623252339640,-1,-1,-1
1593,671,1623252339640,-1,-1,-1
1594,687,1623252340641,-1,-1,-1
1595,671,1623252341641,-1,-1,-1
1596,664,1623252341641,-1,-1,-1
1597,671,1623252342640,-1,-1,-1
1598,679,1623252343640,-1,-1,-1
1599,687,1623252344642,-1,-1,-1
1600,679,1623252344642,-1,-1,-1
1601,679,1623252345642,-1,-1,-1
1602,679,1623252346643,-1,-1,-1
1603,687,1623252346643,-1,-1,-1
1604,679,1623252347644,-1,-1,-1
1605,687,1623252348742,-1,-1,-1
1606,687,1623252348742,-1,-1,-1
1607,687,1623252349645,-1,-1,-1
1608,679,1623252350637,-1,-1,-1
1609,679,1623252351641,-1,-1,-1
1610,671,1623252351641,-1,-1,-1
1611,656,1623252352641,-1,-1,-1
1612,664,1623252353638,-1,-1,-1
1613,671,1623252353638,-1,-1,-1
1614,679,1623252354741,-1,-1,-1
1615,695,1623252355642,-1,-1,-1
1616,695,1623252355642,-1,-1,-1
1617,710,1623252356842,-1,-1,-1
1618,703,1623252357736,-1,-1,-1
1619,695,1623252358842,-1,-1,-1
1620,695,1623252358842,-1,-1,-1
1621,687,1623252359741,-1,-1,-1
1622,679,1623252360741,-1,-1,-1
1623,671,1623252360741,-1,-1,-1
1624,671,1623252361742,-1,-1,-1
1625,664,1623252362742,-1,-1,-1
1626,664,1623252362742,-1,-1,-1
1627,664,1623252363743,-1,-1,-1
1628,664,1623252364742,-1,-1,-1
1629,648,1623252364742,-1,-1,-1
1630,648,1623252365743,-1,-1,-1
1631,656,1623252366741,-1,-1,-1
1632,687,1623252366741,-1,-1,-1
1633,710,1623252367740,-1,-1,-1
1634,718,1623252368741,-1,-1,-1
1635,742,1623252369741,-1,-1,-1
1636,726,1623252369741,-1,-1,-1
1637,710,1623252370741,-1,-1,-1
1638,710,1623252371735,-1,-1,-1
1639,703,1623252372839,-1,-1,-1
1640,695,1623252372839,-1,-1,-1
1641,671,1623252373742,-1,-1,-1
1642,664,1623252374943,-1,-1,-1
1643,664,1623252374943,-1,-1,-1
1644,664,1623252375741,-1,-1,-1
1645,656,1623252376740,-1,-1,-1
1646,648,1623252376740,-1,-1,-1
1647,664,1623252377741,-1,-1,-1
1648,664,1623252378741,-1,-1,-1
1649,664,1623252378741,-1,-1,-1
1650,671,1623252379741,-1,-1,-1
1651,687,1623252380743,-1,-1,-1
1652,703,1623252381742,-1,-1,-1
1653,687,1623252381742,-1,-1,-1
1654,687,1623252382740,-1,-1,-1
1655,687,1623252383742,-1,-1,-1
1656,679,1623252383742,-1,-1,-1
1657,664,1623252384742,-1,-1,-1
1658,664,1623252385741,-1,-1,-1
1659,664,1623252385741,-1,-1,-1
1660,664,1623252386742,-1,-1,-1
1661,648,1623252387742,-1,-1,-1
1662,664,1623252387742,-1,-1,-1
1663,687,1623252388741,-1,-1,-1
1664,664,1623252389742,-1,-1,-1
1665,695,1623252390739,-1,-1,-1
1666,632,1623252390739,-1,-1,-1
1667,648,1623252391841,-1,-1,-1
1668,640,1623252391841,-1,-1,-1
1669,617,1623252392741,-1,-1,-1
1670,609,1623252393742,-1,-1,-1
1671,593,1623252393742,-1,-1,-1
1672,609,1623252394740,-1,-1,-1
1673,617,1623252395742,-1,-1,-1
1674,609,1623252395742,-1,-1,-1
1675,617,1623252396741,-1,-1,-1
1676,625,1623252396741,-1,-1,-1
1677,648,1623252397736,-1,-1,-1
1678,664,1623252398735,-1,-1,-1
1679,656,1623252399737,-1,-1,-1
1680,664,1623252399737,-1,-1,-1
1681,679,1623252400742,-1,-1,-1
1682,664,1623252401741,-1,-1,-1
1683,656,1623252401741,-1,-1,-1
1684,640,1623252402742,-1,-1,-1
1685,648,1623252403740,-1,-1,-1
1686,640,1623252403740,-1,-1,-1
1687,625,1623252404741,-1,-1,-1
1688,640,1623252405738,-1,-1,-1
1689,632,1623252405738,-1,-1,-1
1690,640,1623252406741,-1,-1,-1
1691,625,1623252406741,-1,-1,-1
1692,640,1623252407840,-1,-1,-1
1693,656,1623252408741,-1,-1,-1
1694,695,1623252408741,-1,-1,-1
1695,703,1623252409745,-1,-1,-1
1696,710,1623252410743,-1,-1,-1
1697,718,1623252411741,-1,-1,-1
1698,703,1623252411741,-1,-1,-1
1699,695,1623252412742,-1,-1,-1
1700,710,1623252413742,-1,-1,-1
1701,703,1623252414740,-1,-1,-1
1702,515,1623252414740,-1,-1,-1
1703,781,1623252415736,-1,-1,-1
1704,671,1623252416741,-1,-1,-1
1705,601,1623252416741,-1,-1,-1
1706,734,1623252417741,-1,-1,-1
1707,757,1623252419740,-1,-1,-1
1708,632,1623252420735,-1,-1,-1
1709,593,1623252421741,-1,-1,-1
1710,593,1623252421741,-1,-1,-1
1711,578,1623252422742,-1,-1,-1
1712,601,1623252422742,-1,-1,-1
1713,578,1623252423739,-1,-1,-1
1714,585,1623252424842,-1,-1,-1
1715,585,1623252424842,-1,-1,-1
1716,601,1623252425737,-1,-1,-1
1717,570,1623252425737,-1,-1,-1
1718,593,1623252426737,-1,-1,-1
1719,601,1623252427841,-1,-1,-1
1720,609,1623252427841,-1,-1,-1
1721,617,1623252428742,-1,-1,-1
1722,625,1623252429735,-1,-1,-1
1723,664,1623252429735,-1,-1,-1
1724,656,1623252430741,-1,-1,-1
1725,664,1623252431841,-1,-1,-1
1726,679,1623252431841,-1,-1,-1
1727,664,1623252432740,-1,-1,-1
1728,664,1623252433741,-1,-1,-1
1729,671,1623252433741,-1,-1,-1
1730,664,1623252434741,-1,-1,-1
1731,648,1623252435742,-1,-1,-1
1732,640,1623252435742,-1,-1,-1
1733,632,1623252436741,-1,-1,-1
1734,648,1623252437739,-1,-1,-1
1735,648,1623252437739,-1,-1,-1
1736,648,1623252439741,-1,-1,-1
1737,601,1623252440841,-1,-1,-1
1738,671,1623252441742,-1,-1,-1
1739,625,1623252441742,-1,-1,-1
1740,687,1623252442743,-1,-1,-1
1741,617,1623252443742,-1,-1,-1
1742,718,1623252443742,-1,-1,-1
1743,687,1623252444740,-1,-1,-1
1744,671,1623252445741,-1,-1,-1
1745,679,1623252445741,-1,-1,-1
1746,679,1623252446742,-1,-1,-1
1747,679,1623252447742,-1,-1,-1
1748,671,1623252447742,-1,-1,-1
1749,656,1623252448741,-1,-1,-1
1750,640,1623252449742,-1,-1,-1
1751,640,1623252449742,-1,-1,-1
1752,640,1623252450742,-1,-1,-1
1753,648,1623252451745,-1,-1,-1
1754,640,1623252451745,-1,-1,-1
1755,648,1623252452739,-1,-1,-1
1756,656,1623252453741,-1,-1,-1
1757,656,1623252453741,-1,-1,-1
1758,664,1623252454736,-1,-1,-1
1759,703,1623252455742,-1,-1,-1
1760,687,1623252456842,-1,-1,-1
1761,687,1623252456842,-1,-1,-1
1762,695,1623252457841,-1,-1,-1
1763,695,1623252458742,-1,-1,-1
1764,671,1623252458742,-1,-1,-1
1765,679,1623252459742,-1,-1,-1
1766,695,1623252460743,-1,-1,-1
1767,687,1623252460743,-1,-1,-1
1768,687,1623252461742,-1,-1,-1
1769,687,1623252462741,-1,-1,-1
1770,703,1623252463742,-1,-1,-1
1771,695,1623252463742,-1,-1,-1
1772,679,1623252464738,-1,-1,-1
1773,679,1623252465745,-1,-1,-1
1774,687,1623252465745,-1,-1,-1
1775,671,1623252466735,-1,-1,-1
1776,656,1623252467741,-1,-1,-1
1777,648,1623252467741,-1,-1,-1
1778,625,1623252468740,-1,-1,-1
1779,609,1623252469742,-1,-1,-1
1780,609,1623252469742,-1,-1,-1
1781,640,1623252470742,-1,-1,-1
1782,671,1623252471742,-1,-1,-1
1783,757,1623252471742,-1,-1,-1
1784,843,1623252472743,-1,-1,-1
1785,843,1623252473841,-1,-1,-1
1786,828,1623252474736,-1,-1,-1
1787,828,1623252475741,-1,-1,-1
1788,789,1623252476741,-1,-1,-1
1789,765,1623252476741,-1,-1,-1
1790,757,1623252477741,-1,-1,-1
1791,734,1623252478740,-1,-1,-1
1792,718,1623252479739,-1,-1,-1
1793,710,1623252479739,-1,-1,-1
1794,703,1623252480740,-1,-1,-1
1795,687,1623252481745,-1,-1,-1
1796,710,1623252482741,-1,-1,-1
1797,695,1623252482742,-1,-1,-1
1798,687,1623252483741,-1,-1,-1
1799,687,1623252485041,-1,-1,-1
1800,687,1623252485041,-1,-1,-1
1801,679,1623252485741,-1,-1,-1
1802,671,1623252486835,-1,-1,-1
1803,656,1623252486835,-1,-1,-1
1804,718,1623252487842,-1,-1,-1
1805,656,1623252488841,-1,-1,-1
1806,656,1623252489841,-1,-1,-1
1807,656,1623252489841,-1,-1,-1
1808,656,1623252490841,-1,-1,-1
1809,640,1623252491942,-1,-1,-1
1810,695,1623252491942,-1,-1,-1
1811,492,1623252492841,-1,-1,-1
1812,718,1623252493841,-1,-1,-1
1813,742,1623252493841,-1,-1,-1
1814,601,1623252494942,-1,-1,-1
1815,640,1623252495841,-1,-1,-1
1816,585,1623252495841,-1,-1,-1
1817,585,1623252496842,-1,-1,-1
1818,609,1623252496842,-1,-1,-1
1819,617,1623252497841,-1,-1,-1
1820,578,1623252498841,-1,-1,-1
1821,601,1623252498842,-1,-1,-1
1822,593,1623252499841,-1,-1,-1
1823,609,1623252499841,-1,-1,-1
1824,648,1623252500940,-1,-1,-1
1825,632,1623252501839,-1,-1,-1
1826,640,1623252501839,-1,-1,-1
1827,656,1623252502842,-1,-1,-1
1828,656,1623252503842,-1,-1,-1
1829,664,1623252503842,-1,-1,-1
1830,640,1623252504843,-1,-1,-1
1831,640,1623252505842,-1,-1,-1
1832,640,1623252505842,-1,-1,-1
1833,632,1623252506842,-1,-1,-1
1834,632,1623252507838,-1,-1,-1
1835,632,1623252507838,-1,-1,-1
1836,640,1623252508841,-1,-1,-1
1837,656,1623252509841,-1,-1,-1
1838,656,1623252509841,-1,-1,-1
1839,671,1623252510840,-1,-1,-1
1840,695,1623252511939,-1,-1,-1
1841,703,1623252511939,-1,-1,-1
1842,671,1623252512842,-1,-1,-1
1843,679,1623252513835,-1,-1,-1
1844,679,1623252514842,-1,-1,-1
1845,671,1623252514842,-1,-1,-1
1846,656,1623252515840,-1,-1,-1
1847,648,1623252516942,-1,-1,-1
1848,671,1623252516942,-1,-1,-1
1849,671,1623252517836,-1,-1,-1
1850,757,1623252518842,-1,-1,-1
1851,843,1623252519842,-1,-1,-1
1852,828,1623252519842,-1,-1,-1
1853,835,1623252520838,-1,-1,-1
1854,812,1623252521841,-1,-1,-1
1855,789,1623252522841,-1,-1,-1
1856,773,1623252523838,-1,-1,-1
1857,734,1623252523838,-1,-1,-1
1858,734,1623252524841,-1,-1,-1
1859,710,1623252525941,-1,-1,-1
1860,687,1623252526841,-1,-1,-1
1861,703,1623252526841,-1,-1,-1
1862,679,1623252527841,-1,-1,-1
1863,687,1623252528841,-1,-1,-1
1864,695,1623252528841,-1,-1,-1
1865,679,1623252529841,-1,-1,-1
1866,671,1623252530841,-1,-1,-1
1867,656,1623252531838,-1,-1,-1
1868,695,1623252531838,-1,-1,-1
1869,703,1623252532840,-1,-1,-1
1870,726,1623252533942,-1,-1,-1
1871,781,1623252534843,-1,-1,-1
1872,789,1623252534843,-1,-1,-1
1873,765,1623252535841,-1,-1,-1
1874,750,1623252536841,-1,-1,-1
1875,750,1623252537838,-1,-1,-1
1876,726,1623252537838,-1,-1,-1
1877,718,1623252538835,-1,-1,-1
1878,710,1623252539835,-1,-1,-1
1879,695,1623252540841,-1,-1,-1
1880,695,1623252540841,-1,-1,-1
1881,695,1623252541841,-1,-1,-1
1882,687,1623252542842,-1,-1,-1
1883,679,1623252542842,-1,-1,-1
1884,671,1623252544040,-1,-1,-1
1885,664,1623252544841,-1,-1,-1
1886,664,1623252544841,-1,-1,-1
1887,664,1623252545841,-1,-1,-1
1888,656,1623252546836,-1,-1,-1
1889,664,1623252546836,-1,-1,-1
1890,671,1623252547840,-1,-1,-1
1891,656,1623252548837,-1,-1,-1
1892,664,1623252549943,-1,-1,-1
1893,671,1623252549943,-1,-1,-1
1894,679,1623252550837,-1,-1,-1
1895,671,1623252551842,-1,-1,-1
1896,695,1623252551842,-1,-1,-1
1897,679,1623252552842,-1,-1,-1
1898,617,1623252555838,-1,-1,-1
1899,640,1623252555839,-1,-1,-1
1900,640,1623252556841,-1,-1,-1
1901,632,1623252557941,-1,-1,-1
1902,625,1623252557941,-1,-1,-1
1903,632,1623252558841,-1,-1,-1
1904,617,1623252559841,-1,-1,-1
1905,601,1623252559841,-1,-1,-1
1906,609,1623252560842,-1,-1,-1
1907,601,1623252561836,-1,-1,-1
1908,585,1623252561836,-1,-1,-1
1909,585,1623252562842,-1,-1,-1
1910,609,1623252562842,-1,-1,-1
1911,562,1623252563837,-1,-1,-1
1912,601,1623252564936,-1,-1,-1
1913,570,1623252564936,-1,-1,-1
1914,562,1623252565840,-1,-1,-1
1915,562,1623252565840,-1,-1,-1
1916,578,1623252566942,-1,-1,-1
1917,554,1623252566942,-1,-1,-1
1918,585,1623252567840,-1,-1,-1
1919,601,1623252568841,-1,-1,-1
1920,632,1623252568841,-1,-1,-1
1921,640,1623252569841,-1,-1,-1
1922,648,1623252570841,-1,-1,-1
1923,648,1623252570841,-1,-1,-1
1924,664,1623252571841,-1,-1,-1
1925,625,1623252572842,-1,-1,-1
1926,593,1623252572842,-1,-1,-1
1927,679,1623252573836,-1,-1,-1
1928,632,1623252574838,-1,-1,-1
1929,632,1623252574838,-1,-1,-1
1930,625,1623252575941,-1,-1,-1
1931,640,1623252576836,-1,-1,-1
1932,695,1623252576836,-1,-1,-1
1933,750,1623252577835,-1,-1,-1
1934,734,1623252578837,-1,-1,-1
1935,781,1623252579838,-1,-1,-1
1936,734,1623252579838,-1,-1,-1
1937,726,1623252580841,-1,-1,-1
1938,726,1623252581838,-1,-1,-1
1939,726,1623252582940,-1,-1,-1
1940,687,1623252582941,-1,-1,-1
1941,695,1623252583840,-1,-1,-1
1942,695,1623252584842,-1,-1,-1
1943,664,1623252584842,-1,-1,-1
1944,664,1623252585841,-1,-1,-1
1945,671,1623252586838,-1,-1,-1
1946,664,1623252586838,-1,-1,-1
1947,648,1623252587841,-1,-1,-1
1948,656,1623252588843,-1,-1,-1
1949,664,1623252588843,-1,-1,-1
1950,671,1623252589837,-1,-1,-1
1951,648,1623252590841,-1,-1,-1
1952,656,1623252590841,-1,-1,-1
1953,679,1623252591841,-1,-1,-1
1954,648,1623252592842,-1,-1,-1
1955,648,1623252592842,-1,-1,-1
1956,640,1623252593841,-1,-1,-1
1957,671,1623252594841,-1,-1,-1
1958,640,1623252594841,-1,-1,-1
1959,632,1623252595838,-1,-1,-1
1960,648,1623252596840,-1,-1,-1
1961,664,1623252596840,-1,-1,-1
1962,648,1623252597842,-1,-1,-1
1963,632,1623252598841,-1,-1,-1
1964,671,1623252598841,-1,-1,-1
1965,718,1623252599941,-1,-1,-1
1966,734,1623252600835,-1,-1,-1
1967,757,1623252601835,-1,-1,-1
1968,695,1623252601835,-1,-1,-1
1969,742,1623252602841,-1,-1,-1
1970,632,1623252603841,-1,-1,-1
1971,640,1623252603841,-1,-1,-1
1972,617,1623252604836,-1,-1,-1
1973,593,1623252605839,-1,-1,-1
1974,578,1623252605839,-1,-1,-1
1975,554,1623252606835,-1,-1,-1
1976,632,1623252607941,-1,-1,-1
1977,515,1623252607941,-1,-1,-1
1978,546,1623252608840,-1,-1,-1
1979,578,1623252608840,-1,-1,-1
1980,656,1623252609841,-1,-1,-1
1981,804,1623252614841,-1,-1,-1
1982,820,1623252615840,-1,-1,-1
1983,742,1623252616841,-1,-1,-1
1984,710,1623252617839,-1,-1,-1
1985,718,1623252617839,-1,-1,-1
1986,664,1623252618838,-1,-1,-1
1987,671,1623252619836,-1,-1,-1
1988,671,1623252619836,-1,-1,-1
1989,640,1623252620834,-1,-1,-1
1990,648,1623252621836,-1,-1,-1
1991,664,1623252621836,-1,-1,-1
1992,632,1623252622842,-1,-1,-1
1993,640,1623252623841,-1,-1,-1
1994,648,1623252623842,-1,-1,-1
1995,625,1623252624840,-1,-1,-1
1996,625,1623252625840,-1,-1,-1
1997,656,1623252625840,-1,-1,-1
1998,632,1623252626841,-1,-1,-1
1999,625,1623252627840,-1,-1,-1
2000,640,1623252627840,-1,-1,-1
2001,656,1623252628841,-1,-1,-1
2002,695,1623252632941,-1,-1,-1
2003,757,1623252634841,-1,-1,-1
2004,617,1623252636841,-1,-1,-1
2005,593,1623252637842,-1,-1,-1
2006,609,1623252637842,-1,-1,-1
2007,601,1623252638842,-1,-1,-1
2008,609,1623252639834,-1,-1,-1
2009,609,1623252639834,-1,-1,-1
2010,625,1623252640837,-1,-1,-1
2011,640,1623252641835,-1,-1,-1
2012,648,1623252641835,-1,-1,-1
2013,648,1623252642839,-1,-1,-1
2014,656,1623252643835,-1,-1,-1
2015,656,1623252643835,-1,-1,-1
2016,640,1623252644840,-1,-1,-1
2017,640,1623252645835,-1,-1,-1
2018,632,1623252645835,-1,-1,-1
2019,632,1623252646835,-1,-1,-1
2020,625,1623252646835,-1,-1,-1
2021,640,1623252647835,-1,-1,-1
2022,640,1623252648835,-1,-1,-1
2023,648,1623252648835,-1,-1,-1
2024,664,1623252649835,-1,-1,-1
2025,648,1623252650841,-1,-1,-1
2026,640,1623252650841,-1,-1,-1
2027,664,1623252651844,-1,-1,-1
2028,671,1623252652841,-1,-1,-1
2029,656,1623252653840,-1,-1,-1
2030,679,1623252653840,-1,-1,-1
2031,671,1623252654838,-1,-1,-1
2032,664,1623252655841,-1,-1,-1
2033,656,1623252655841,-1,-1,-1
2034,656,1623252656841,-1,-1,-1
2035,648,1623252657842,-1,-1,-1
2036,640,1623252657842,-1,-1,-1
2037,640,1623252658841,-1,-1,-1
2038,640,1623252659939,-1,-1,-1
2039,648,1623252659939,-1,-1,-1
2040,648,1623252660842,-1,-1,-1
2041,648,1623252661941,-1,-1,-1
2042,656,1623252661941,-1,-1,-1
2043,648,1623252662941,-1,-1,-1
2044,664,1623252663941,-1,-1,-1
2045,671,1623252663941,-1,-1,-1
2046,671,1623252664940,-1,-1,-1
2047,671,1623252666041,-1,-1,-1
2048,679,1623252666041,-1,-1,-1
2049,671,1623252666941,-1,-1,-1
2050,664,1623252667940,-1,-1,-1
2051,656,1623252667940,-1,-1,-1
2052,648,1623252668941,-1,-1,-1
2053,632,1623252669935,-1,-1,-1
2054,640,1623252669935,-1,-1,-1
2055,632,1623252670934,-1,-1,-1
2056,632,1623252671935,-1,-1,-1
2057,632,1623252671935,-1,-1,-1
2058,648,1623252672935,-1,-1,-1
2059,656,1623252673941,-1,-1,-1
2060,679,1623252673941,-1,-1,-1
2061,687,1623252674943,-1,-1,-1
2062,718,1623252676041,-1,-1,-1
2063,695,1623252676041,-1,-1,-1
2064,687,1623252677034,-1,-1,-1
2065,687,1623252677941,-1,-1,-1
2066,703,1623252678941,-1,-1,-1
2067,703,1623252678941,-1,-1,-1
2068,679,1623252679936,-1,-1,-1
2069,671,1623252680939,-1,-1,-1
2070,632,1623252680939,-1,-1,-1
2071,625,1623252681939,-1,-1,-1
2072,617,1623252682944,-1,-1,-1
2073,601,1623252682944,-1,-1,-1
2074,539,1623252683941,-1,-1,-1
2075,750,1623252684934,-1,-1,-1
2076,492,1623252684934,-1,-1,-1
2077,656,1623252685939,-1,-1,-1
2078,546,1623252685939,-1,-1,-1
2079,656,1623252686941,-1,-1,-1
2080,656,1623252687941,-1,-1,-1
2081,703,1623252687941,-1,-1,-1
2082,710,1623252688934,-1,-1,-1
2083,710,1623252690041,-1,-1,-1
2084,679,1623252690041,-1,-1,-1
2085,640,1623252690940,-1,-1,-1
2086,617,1623252692045,-1,-1,-1
2087,632,1623252692045,-1,-1,-1
2088,539,1623252692940,-1,-1,-1
2089,609,1623252693936,-1,-1,-1
2090,609,1623252693936,-1,-1,-1
2091,562,1623252694938,-1,-1,-1
2092,484,1623252694938,-1,-1,-1
2093,695,1623252695941,-1,-1,-1
2094,523,1623252696941,-1,-1,-1
2095,687,1623252698942,-1,-1,-1
2096,570,1623252700942,-1,-1,-1
2097,640,1623252701941,-1,-1,-1
2098,546,1623252706941,-1,-1,-1
2099,664,1623252707937,-1,-1,-1
2100,500,1623252707937,-1,-1,-1
2101,781,1623252709040,-1,-1,-1
2102,828,1623252710941,-1,-1,-1
2103,851,1623252711941,-1,-1,-1
2104,742,1623252717941,-1,-1,-1
2105,507,1623252717941,-1,-1,-1
2106,789,1623252723939,-1,-1,-1
2107,718,1623252724941,-1,-1,-1
2108,710,1623252724941,-1,-1,-1
2109,781,1623252727939,-1,-1,-1
2110,656,1623252728941,-1,-1,-1
2111,664,1623252728941,-1,-1,-1
2112,664,1623252729941,-1,-1,-1
2113,625,1623252730941,-1,-1,-1
2114,609,1623252730942,-1,-1,-1
2115,632,1623252731941,-1,-1,-1
2116,593,1623252731941,-1,-1,-1
2117,507,1623252732939,-1,-1,-1
2118,593,1623252735141,-1,-1,-1
2119,585,1623252735141,-1,-1,-1
2120,562,1623252735939,-1,-1,-1
2121,625,1623252736939,-1,-1,-1
2122,625,1623252736939,-1,-1,-1
2123,539,1623252737936,-1,-1,-1
2124,679,1623252738943,-1,-1,-1
2125,625,1623252738943,-1,-1,-1
2126,710,1623252739941,-1,-1,-1
2127,742,1623252741139,-1,-1,-1
2128,718,1623252741139,-1,-1,-1
2129,679,1623252742041,-1,-1,-1
2130,664,1623252742938,-1,-1,-1
2131,632,1623252742938,-1,-1,-1
2132,640,1623252743941,-1,-1,-1
2133,585,1623252744941,-1,-1,-1
2134,640,1623252744941,-1,-1,-1
2135,601,1623252745939,-1,-1,-1
2136,562,1623252747941,-1,-1,-1
2137,593,1623252748935,-1,-1,-1
2138,617,1623252749940,-1,-1,-1
2139,625,1623252749940,-1,-1,-1
2140,703,1623252750940,-1,-1,-1
2141,468,1623252750940,-1,-1,-1
2142,554,1623252752940,-1,-1,-1
2143,656,1623252762941,-1,-1,-1
2144,656,1623252763942,-1,-1,-1
2145,671,1623252768940,-1,-1,-1
2146,687,1623252769940,-1,-1,-1
2147,757,1623252771940,-1,-1,-1
2148,632,1623252771940,-1,-1,-1
2149,507,1623252773941,-1,-1,-1
2150,1007,1623252776941,-1,-1,-1
2151,726,1623252789941,-1,-1,-1
2152,820,1623252793940,-1,-1,-1
2153,945,1623252795939,-1,-1,-1
2154,625,1623252797040,-1,-1,-1
2155,671,1623252797940,-1,-1,-1
2156,703,1623252799942,-1,-1,-1
2157,554,1623252802941,-1,-1,-1
2158,835,1623252803958,-1,-1,-1
2159,664,1623252803958,-1,-1,-1
2160,601,1623252805039,-1,-1,-1
