,RR,Timestamp,SensorContact,errorEstimate,blockerBit
0,664,1623244601979,-1,-1,-1
1,664,1623244601979,-1,-1,-1
2,664,1623244602970,-1,-1,-1
3,664,1623244603974,-1,-1,-1
4,664,1623244603974,-1,-1,-1
5,671,1623244604965,-1,-1,-1
6,648,1623244605968,-1,-1,-1
7,656,1623244605968,-1,-1,-1
8,648,1623244606969,-1,-1,-1
9,687,1623244608062,-1,-1,-1
10,718,1623244608062,-1,-1,-1
11,679,1623244608960,-1,-1,-1
12,789,1623244610061,-1,-1,-1
13,687,1623244610965,-1,-1,-1
14,679,1623244610965,-1,-1,-1
15,671,1623244611961,-1,-1,-1
16,625,1623244613071,-1,-1,-1
17,609,1623244613071,-1,-1,-1
18,625,1623244614064,-1,-1,-1
19,609,1623244615060,-1,-1,-1
20,601,1623244615060,-1,-1,-1
21,585,1623244616066,-1,-1,-1
22,617,1623244616066,-1,-1,-1
23,578,1623244617062,-1,-1,-1
24,617,1623244618064,-1,-1,-1
25,710,1623244618064,-1,-1,-1
26,796,1623244619063,-1,-1,-1
27,726,1623244622063,-1,-1,-1
28,734,1623244622063,-1,-1,-1
29,640,1623244624063,-1,-1,-1
30,726,1623244625167,-1,-1,-1
31,625,1623244626067,-1,-1,-1
32,632,1623244627064,-1,-1,-1
33,593,1623244627064,-1,-1,-1
34,617,1623244628063,-1,-1,-1
35,609,1623244628063,-1,-1,-1
36,640,1623244629066,-1,-1,-1
37,640,1623244630065,-1,-1,-1
38,640,1623244630065,-1,-1,-1
39,695,1623244631167,-1,-1,-1
40,687,1623244632064,-1,-1,-1
41,773,1623244633060,-1,-1,-1
42,882,1623244633060,-1,-1,-1
43,835,1623244634064,-1,-1,-1
44,859,1623244635063,-1,-1,-1
45,531,1623244636065,-1,-1,-1
46,726,1623244638060,-1,-1,-1
47,703,1623244638060,-1,-1,-1
48,695,1623244639162,-1,-1,-1
49,679,1623244640058,-1,-1,-1
50,640,1623244643063,-1,-1,-1
51,617,1623244644061,-1,-1,-1
52,765,1623244645065,-1,-1,-1
53,640,1623244646059,-1,-1,-1
54,656,1623244647060,-1,-1,-1
55,679,1623244648059,-1,-1,-1
56,695,1623244649060,-1,-1,-1
57,726,1623244649060,-1,-1,-1
58,710,1623244650059,-1,-1,-1
59,710,1623244651059,-1,-1,-1
60,718,1623244652066,-1,-1,-1
61,695,1623244652066,-1,-1,-1
62,695,1623244653059,-1,-1,-1
63,679,1623244654066,-1,-1,-1
64,664,1623244654066,-1,-1,-1
65,640,1623244655063,-1,-1,-1
66,632,1623244656163,-1,-1,-1
67,640,1623244656163,-1,-1,-1
68,632,1623244657060,-1,-1,-1
69,625,1623244658065,-1,-1,-1
70,656,1623244658065,-1,-1,-1
71,664,1623244659060,-1,-1,-1
72,679,1623244660065,-1,-1,-1
73,687,1623244660065,-1,-1,-1
74,726,1623244661065,-1,-1,-1
75,742,1623244662067,-1,-1,-1
76,718,1623244663162,-1,-1,-1
77,695,1623244663162,-1,-1,-1
78,671,1623244664068,-1,-1,-1
79,625,1623244665065,-1,-1,-1
80,625,1623244665065,-1,-1,-1
81,601,1623244666065,-1,-1,-1
82,617,1623244666065,-1,-1,-1
83,617,1623244667066,-1,-1,-1
84,617,1623244668062,-1,-1,-1
85,640,1623244668062,-1,-1,-1
86,671,1623244669060,-1,-1,-1
87,695,1623244670068,-1,-1,-1
88,695,1623244671066,-1,-1,-1
89,710,1623244671066,-1,-1,-1
90,710,1623244672059,-1,-1,-1
91,726,1623244673065,-1,-1,-1
92,703,1623244673065,-1,-1,-1
93,718,1623244674064,-1,-1,-1
94,679,1623244675063,-1,-1,-1
95,679,1623244676064,-1,-1,-1
96,664,1623244676064,-1,-1,-1
97,656,1623244677065,-1,-1,-1
98,640,1623244678062,-1,-1,-1
99,640,1623244678062,-1,-1,-1
100,664,1623244679063,-1,-1,-1
101,726,1623244680065,-1,-1,-1
102,726,1623244680065,-1,-1,-1
103,742,1623244681065,-1,-1,-1
104,828,1623244682063,-1,-1,-1
105,734,1623244683067,-1,-1,-1
106,742,1623244684065,-1,-1,-1
107,718,1623244684065,-1,-1,-1
108,710,1623244685066,-1,-1,-1
109,687,1623244686066,-1,-1,-1
110,664,1623244686066,-1,-1,-1
111,640,1623244687062,-1,-1,-1
112,648,1623244688063,-1,-1,-1
113,625,1623244688063,-1,-1,-1
114,632,1623244689167,-1,-1,-1
115,640,1623244690065,-1,-1,-1
116,640,1623244690065,-1,-1,-1
117,640,1623244691061,-1,-1,-1
118,640,1623244692063,-1,-1,-1
119,648,1623244692063,-1,-1,-1
120,648,1623244693062,-1,-1,-1
121,640,1623244694064,-1,-1,-1
122,640,1623244694064,-1,-1,-1
123,640,1623244695166,-1,-1,-1
124,625,1623244696066,-1,-1,-1
125,617,1623244696066,-1,-1,-1
126,609,1623244697064,-1,-1,-1
127,617,1623244697064,-1,-1,-1
128,625,1623244698063,-1,-1,-1
129,617,1623244699065,-1,-1,-1
130,617,1623244699065,-1,-1,-1
131,625,1623244700066,-1,-1,-1
132,632,1623244701061,-1,-1,-1
133,625,1623244701062,-1,-1,-1
134,632,1623244702066,-1,-1,-1
135,625,1623244703060,-1,-1,-1
136,625,1623244703060,-1,-1,-1
137,625,1623244704067,-1,-1,-1
138,625,1623244704067,-1,-1,-1
139,609,1623244705066,-1,-1,-1
140,609,1623244706165,-1,-1,-1
141,601,1623244706165,-1,-1,-1
142,601,1623244707062,-1,-1,-1
143,609,1623244708064,-1,-1,-1
144,617,1623244708065,-1,-1,-1
145,609,1623244709064,-1,-1,-1
146,609,1623244709064,-1,-1,-1
147,617,1623244710060,-1,-1,-1
148,617,1623244711063,-1,-1,-1
149,632,1623244711063,-1,-1,-1
150,632,1623244712059,-1,-1,-1
151,617,1623244713066,-1,-1,-1
152,632,1623244713066,-1,-1,-1
153,632,1623244714064,-1,-1,-1
154,617,1623244715064,-1,-1,-1
155,632,1623244715064,-1,-1,-1
156,625,1623244716062,-1,-1,-1
157,625,1623244716063,-1,-1,-1
158,632,1623244717064,-1,-1,-1
159,640,1623244718064,-1,-1,-1
160,625,1623244718064,-1,-1,-1
161,625,1623244719065,-1,-1,-1
162,632,1623244720064,-1,-1,-1
163,625,1623244720064,-1,-1,-1
164,625,1623244721067,-1,-1,-1
165,617,1623244722165,-1,-1,-1
166,625,1623244722165,-1,-1,-1
167,625,1623244723165,-1,-1,-1
168,617,1623244724065,-1,-1,-1
169,632,1623244724065,-1,-1,-1
170,632,1623244725061,-1,-1,-1
171,632,1623244725061,-1,-1,-1
172,625,1623244726067,-1,-1,-1
173,648,1623244727164,-1,-1,-1
174,640,1623244727164,-1,-1,-1
175,648,1623244728068,-1,-1,-1
176,664,1623244729061,-1,-1,-1
177,679,1623244729061,-1,-1,-1
178,703,1623244730065,-1,-1,-1
179,703,1623244731064,-1,-1,-1
180,687,1623244732066,-1,-1,-1
181,703,1623244732066,-1,-1,-1
182,703,1623244733068,-1,-1,-1
183,726,1623244734063,-1,-1,-1
184,718,1623244735066,-1,-1,-1
185,679,1623244735066,-1,-1,-1
186,664,1623244736065,-1,-1,-1
187,640,1623244737063,-1,-1,-1
188,632,1623244737063,-1,-1,-1
189,632,1623244738062,-1,-1,-1
190,648,1623244739168,-1,-1,-1
191,687,1623244739168,-1,-1,-1
192,710,1623244740059,-1,-1,-1
193,757,1623244741065,-1,-1,-1
194,750,1623244742061,-1,-1,-1
195,765,1623244742061,-1,-1,-1
196,765,1623244743061,-1,-1,-1
197,757,1623244744064,-1,-1,-1
198,726,1623244745066,-1,-1,-1
199,710,1623244745066,-1,-1,-1
200,703,1623244746063,-1,-1,-1
201,695,1623244747065,-1,-1,-1
202,671,1623244747065,-1,-1,-1
203,679,1623244748065,-1,-1,-1
204,687,1623244749063,-1,-1,-1
205,687,1623244750066,-1,-1,-1
206,695,1623244750066,-1,-1,-1
207,726,1623244751065,-1,-1,-1
208,734,1623244752061,-1,-1,-1
209,726,1623244753165,-1,-1,-1
210,718,1623244753165,-1,-1,-1
211,710,1623244754160,-1,-1,-1
212,703,1623244755165,-1,-1,-1
213,679,1623244755165,-1,-1,-1
214,679,1623244756064,-1,-1,-1
215,679,1623244757061,-1,-1,-1
216,679,1623244757061,-1,-1,-1
217,656,1623244758166,-1,-1,-1
218,656,1623244759167,-1,-1,-1
219,664,1623244760165,-1,-1,-1
220,671,1623244760166,-1,-1,-1
221,679,1623244761166,-1,-1,-1
222,679,1623244762165,-1,-1,-1
223,687,1623244762165,-1,-1,-1
224,679,1623244763166,-1,-1,-1
225,664,1623244764166,-1,-1,-1
226,656,1623244764166,-1,-1,-1
227,640,1623244765263,-1,-1,-1
228,625,1623244766166,-1,-1,-1
229,617,1623244766166,-1,-1,-1
230,601,1623244767163,-1,-1,-1
231,609,1623244768166,-1,-1,-1
232,617,1623244768166,-1,-1,-1
233,648,1623244769159,-1,-1,-1
234,664,1623244769159,-1,-1,-1
235,664,1623244770167,-1,-1,-1
236,679,1623244771166,-1,-1,-1
237,703,1623244772161,-1,-1,-1
238,710,1623244772162,-1,-1,-1
239,687,1623244773166,-1,-1,-1
240,687,1623244774166,-1,-1,-1
241,679,1623244774166,-1,-1,-1
242,687,1623244775163,-1,-1,-1
243,671,1623244776164,-1,-1,-1
244,679,1623244776164,-1,-1,-1
245,687,1623244777161,-1,-1,-1
246,679,1623244778161,-1,-1,-1
247,679,1623244779165,-1,-1,-1
248,695,1623244779165,-1,-1,-1
249,703,1623244780163,-1,-1,-1
250,695,1623244781162,-1,-1,-1
251,695,1623244781162,-1,-1,-1
252,695,1623244782161,-1,-1,-1
253,664,1623244783160,-1,-1,-1
254,656,1623244784164,-1,-1,-1
255,742,1623244784164,-1,-1,-1
256,562,1623244785159,-1,-1,-1
257,656,1623244786169,-1,-1,-1
258,671,1623244786169,-1,-1,-1
259,656,1623244787165,-1,-1,-1
260,812,1623244788167,-1,-1,-1
261,742,1623244788167,-1,-1,-1
262,781,1623244789166,-1,-1,-1
263,750,1623244790165,-1,-1,-1
264,718,1623244791164,-1,-1,-1
265,679,1623244791164,-1,-1,-1
266,632,1623244792164,-1,-1,-1
267,578,1623244794165,-1,-1,-1
268,656,1623244795166,-1,-1,-1
269,679,1623244795166,-1,-1,-1
270,664,1623244796169,-1,-1,-1
271,718,1623244797165,-1,-1,-1
272,710,1623244798260,-1,-1,-1
273,773,1623244798260,-1,-1,-1
274,750,1623244799166,-1,-1,-1
275,757,1623244800160,-1,-1,-1
276,703,1623244801166,-1,-1,-1
277,726,1623244801166,-1,-1,-1
278,679,1623244802164,-1,-1,-1
279,671,1623244803165,-1,-1,-1
280,687,1623244803165,-1,-1,-1
281,695,1623244804165,-1,-1,-1
282,718,1623244805165,-1,-1,-1
283,710,1623244806159,-1,-1,-1
284,703,1623244806159,-1,-1,-1
285,695,1623244807161,-1,-1,-1
286,656,1623244808165,-1,-1,-1
287,640,1623244808165,-1,-1,-1
288,664,1623244809159,-1,-1,-1
289,578,1623244810164,-1,-1,-1
290,648,1623244810164,-1,-1,-1
291,593,1623244811162,-1,-1,-1
292,617,1623244812171,-1,-1,-1
293,656,1623244812171,-1,-1,-1
294,726,1623244813163,-1,-1,-1
295,789,1623244814161,-1,-1,-1
296,750,1623244815260,-1,-1,-1
297,820,1623244815260,-1,-1,-1
298,812,1623244816163,-1,-1,-1
299,773,1623244817162,-1,-1,-1
300,765,1623244818158,-1,-1,-1
301,757,1623244819164,-1,-1,-1
302,710,1623244819164,-1,-1,-1
303,687,1623244820164,-1,-1,-1
304,687,1623244821166,-1,-1,-1
305,679,1623244821166,-1,-1,-1
306,640,1623244822166,-1,-1,-1
307,640,1623244823159,-1,-1,-1
308,640,1623244823159,-1,-1,-1
309,625,1623244824165,-1,-1,-1
310,617,1623244825164,-1,-1,-1
311,617,1623244825165,-1,-1,-1
312,625,1623244826165,-1,-1,-1
313,593,1623244827166,-1,-1,-1
314,601,1623244827166,-1,-1,-1
315,593,1623244828166,-1,-1,-1
316,570,1623244828166,-1,-1,-1
317,578,1623244829165,-1,-1,-1
318,578,1623244830165,-1,-1,-1
319,593,1623244830165,-1,-1,-1
320,648,1623244831261,-1,-1,-1
321,718,1623244832169,-1,-1,-1
322,812,1623244835163,-1,-1,-1
323,757,1623244836161,-1,-1,-1
324,742,1623244836161,-1,-1,-1
325,710,1623244837166,-1,-1,-1
326,695,1623244838166,-1,-1,-1
327,632,1623244839163,-1,-1,-1
328,656,1623244839163,-1,-1,-1
329,671,1623244840162,-1,-1,-1
330,687,1623244841165,-1,-1,-1
331,695,1623244841165,-1,-1,-1
332,671,1623244842165,-1,-1,-1
333,695,1623244843164,-1,-1,-1
334,687,1623244843164,-1,-1,-1
335,664,1623244844165,-1,-1,-1
336,664,1623244845166,-1,-1,-1
337,648,1623244845166,-1,-1,-1
338,648,1623244846162,-1,-1,-1
339,640,1623244847164,-1,-1,-1
340,640,1623244847164,-1,-1,-1
341,640,1623244848261,-1,-1,-1
342,656,1623244849165,-1,-1,-1
343,640,1623244849166,-1,-1,-1
344,656,1623244850162,-1,-1,-1
345,687,1623244851166,-1,-1,-1
346,750,1623244852166,-1,-1,-1
347,765,1623244852166,-1,-1,-1
348,773,1623244853161,-1,-1,-1
349,703,1623244854165,-1,-1,-1
350,687,1623244855161,-1,-1,-1
351,656,1623244855161,-1,-1,-1
352,632,1623244856163,-1,-1,-1
353,625,1623244857165,-1,-1,-1
354,609,1623244857165,-1,-1,-1
355,601,1623244858166,-1,-1,-1
356,578,1623244858166,-1,-1,-1
357,609,1623244859164,-1,-1,-1
358,593,1623244860160,-1,-1,-1
359,625,1623244860160,-1,-1,-1
360,656,1623244861165,-1,-1,-1
361,679,1623244862166,-1,-1,-1
362,734,1623244862166,-1,-1,-1
363,835,1623244863165,-1,-1,-1
364,781,1623244865161,-1,-1,-1
365,742,1623244866164,-1,-1,-1
366,835,1623244866164,-1,-1,-1
367,742,1623244867165,-1,-1,-1
368,726,1623244868260,-1,-1,-1
369,765,1623244869163,-1,-1,-1
370,726,1623244870258,-1,-1,-1
371,695,1623244870258,-1,-1,-1
372,710,1623244871165,-1,-1,-1
373,609,1623244872165,-1,-1,-1
374,531,1623244874164,-1,-1,-1
375,632,1623244874164,-1,-1,-1
376,585,1623244875262,-1,-1,-1
377,539,1623244875262,-1,-1,-1
378,882,1623244877165,-1,-1,-1
379,921,1623244879160,-1,-1,-1
380,906,1623244880160,-1,-1,-1
381,781,1623244882260,-1,-1,-1
382,882,1623244883259,-1,-1,-1
383,828,1623244884161,-1,-1,-1
384,757,1623244885265,-1,-1,-1
385,757,1623244885265,-1,-1,-1
386,742,1623244886166,-1,-1,-1
387,726,1623244887262,-1,-1,-1
388,710,1623244888262,-1,-1,-1
389,695,1623244888262,-1,-1,-1
390,695,1623244889261,-1,-1,-1
391,679,1623244890260,-1,-1,-1
392,687,1623244890260,-1,-1,-1
393,679,1623244891361,-1,-1,-1
394,679,1623244892261,-1,-1,-1
395,679,1623244893261,-1,-1,-1
396,687,1623244893261,-1,-1,-1
397,671,1623244894261,-1,-1,-1
398,671,1623244895265,-1,-1,-1
399,687,1623244895265,-1,-1,-1
400,695,1623244896260,-1,-1,-1
401,687,1623244897259,-1,-1,-1
402,671,1623244897259,-1,-1,-1
403,671,1623244898261,-1,-1,-1
404,679,1623244899264,-1,-1,-1
405,664,1623244900265,-1,-1,-1
406,656,1623244900265,-1,-1,-1
407,664,1623244901363,-1,-1,-1
408,648,1623244902260,-1,-1,-1
409,656,1623244902260,-1,-1,-1
410,648,1623244903261,-1,-1,-1
411,617,1623244904260,-1,-1,-1
412,750,1623244904260,-1,-1,-1
413,593,1623244905259,-1,-1,-1
414,632,1623244906360,-1,-1,-1
415,656,1623244906360,-1,-1,-1
416,632,1623244907361,-1,-1,-1
417,625,1623244907361,-1,-1,-1
418,625,1623244908259,-1,-1,-1
419,617,1623244909260,-1,-1,-1
420,640,1623244909260,-1,-1,-1
421,632,1623244910259,-1,-1,-1
422,656,1623244911261,-1,-1,-1
423,679,1623244911261,-1,-1,-1
424,710,1623244912262,-1,-1,-1
425,710,1623244913263,-1,-1,-1
426,710,1623244914263,-1,-1,-1
427,726,1623244914263,-1,-1,-1
428,703,1623244915260,-1,-1,-1
429,695,1623244916265,-1,-1,-1
430,664,1623244916265,-1,-1,-1
431,648,1623244917260,-1,-1,-1
432,632,1623244918261,-1,-1,-1
433,632,1623244918261,-1,-1,-1
434,640,1623244919264,-1,-1,-1
435,640,1623244920260,-1,-1,-1
436,640,1623244920260,-1,-1,-1
437,640,1623244921261,-1,-1,-1
438,648,1623244922266,-1,-1,-1
439,648,1623244922266,-1,-1,-1
440,648,1623244923261,-1,-1,-1
441,648,1623244924359,-1,-1,-1
442,671,1623244924360,-1,-1,-1
443,671,1623244925266,-1,-1,-1
444,679,1623244926261,-1,-1,-1
445,679,1623244926261,-1,-1,-1
446,687,1623244927262,-1,-1,-1
447,703,1623244928261,-1,-1,-1
448,664,1623244929260,-1,-1,-1
449,679,1623244929260,-1,-1,-1
450,687,1623244930261,-1,-1,-1
451,625,1623244931260,-1,-1,-1
452,648,1623244931260,-1,-1,-1
453,632,1623244932260,-1,-1,-1
454,625,1623244933264,-1,-1,-1
455,679,1623244933264,-1,-1,-1
456,718,1623244934261,-1,-1,-1
457,734,1623244935263,-1,-1,-1
458,750,1623244936260,-1,-1,-1
459,750,1623244936260,-1,-1,-1
460,703,1623244937261,-1,-1,-1
461,703,1623244938362,-1,-1,-1
462,695,1623244938363,-1,-1,-1
463,679,1623244939265,-1,-1,-1
464,664,1623244940364,-1,-1,-1
465,632,1623244940364,-1,-1,-1
466,687,1623244941260,-1,-1,-1
467,625,1623244942261,-1,-1,-1
468,609,1623244943260,-1,-1,-1
469,617,1623244944261,-1,-1,-1
470,585,1623244944261,-1,-1,-1
471,593,1623244945265,-1,-1,-1
472,617,1623244945265,-1,-1,-1
473,632,1623244946261,-1,-1,-1
474,640,1623244947262,-1,-1,-1
475,664,1623244947262,-1,-1,-1
476,671,1623244948266,-1,-1,-1
477,679,1623244949261,-1,-1,-1
478,687,1623244950261,-1,-1,-1
479,671,1623244950261,-1,-1,-1
480,664,1623244951261,-1,-1,-1
481,671,1623244952261,-1,-1,-1
482,671,1623244952261,-1,-1,-1
483,671,1623244953263,-1,-1,-1
484,671,1623244954263,-1,-1,-1
485,679,1623244954263,-1,-1,-1
486,687,1623244955266,-1,-1,-1
487,687,1623244956261,-1,-1,-1
488,679,1623244956261,-1,-1,-1
489,695,1623244957360,-1,-1,-1
490,734,1623244958262,-1,-1,-1
491,718,1623244959260,-1,-1,-1
492,734,1623244959260,-1,-1,-1
493,750,1623244960261,-1,-1,-1
494,757,1623244961261,-1,-1,-1
495,750,1623244962262,-1,-1,-1
496,750,1623244962262,-1,-1,-1
497,750,1623244963264,-1,-1,-1
498,734,1623244964260,-1,-1,-1
499,726,1623244965261,-1,-1,-1
500,710,1623244965261,-1,-1,-1
501,703,1623244966260,-1,-1,-1
502,679,1623244967263,-1,-1,-1
503,679,1623244968260,-1,-1,-1
504,695,1623244968261,-1,-1,-1
505,679,1623244969260,-1,-1,-1
506,671,1623244970364,-1,-1,-1
507,703,1623244970364,-1,-1,-1
508,703,1623244971260,-1,-1,-1
509,742,1623244972263,-1,-1,-1
510,750,1623244973362,-1,-1,-1
511,742,1623244973362,-1,-1,-1
512,742,1623244974262,-1,-1,-1
513,750,1623244975261,-1,-1,-1
514,726,1623244976261,-1,-1,-1
515,726,1623244976261,-1,-1,-1
516,710,1623244977261,-1,-1,-1
517,757,1623244978262,-1,-1,-1
518,648,1623244979263,-1,-1,-1
519,695,1623244979263,-1,-1,-1
520,671,1623244980259,-1,-1,-1
521,671,1623244981259,-1,-1,-1
522,625,1623244981259,-1,-1,-1
523,656,1623244982259,-1,-1,-1
524,656,1623244983258,-1,-1,-1
525,656,1623244983259,-1,-1,-1
526,648,1623244984259,-1,-1,-1
527,664,1623244985260,-1,-1,-1
528,664,1623244985261,-1,-1,-1
529,687,1623244986262,-1,-1,-1
530,695,1623244987260,-1,-1,-1
531,687,1623244987260,-1,-1,-1
532,679,1623244988261,-1,-1,-1
533,671,1623244989263,-1,-1,-1
534,656,1623244990462,-1,-1,-1
535,648,1623244990462,-1,-1,-1
536,632,1623244991261,-1,-1,-1
537,640,1623244991261,-1,-1,-1
538,640,1623244992260,-1,-1,-1
539,632,1623244993264,-1,-1,-1
540,640,1623244993264,-1,-1,-1
541,648,1623244994262,-1,-1,-1
542,687,1623244995261,-1,-1,-1
543,679,1623244996264,-1,-1,-1
544,703,1623244996264,-1,-1,-1
545,703,1623244997263,-1,-1,-1
546,679,1623244998263,-1,-1,-1
547,687,1623244998263,-1,-1,-1
548,687,1623244999261,-1,-1,-1
549,648,1623245000262,-1,-1,-1
550,625,1623245000262,-1,-1,-1
551,632,1623245001261,-1,-1,-1
552,648,1623245002360,-1,-1,-1
553,640,1623245002360,-1,-1,-1
554,632,1623245003265,-1,-1,-1
555,632,1623245004260,-1,-1,-1
556,648,1623245004261,-1,-1,-1
557,640,1623245005261,-1,-1,-1
558,671,1623245006361,-1,-1,-1
559,656,1623245006361,-1,-1,-1
560,656,1623245007261,-1,-1,-1
561,656,1623245008260,-1,-1,-1
562,679,1623245008260,-1,-1,-1
563,664,1623245009262,-1,-1,-1
564,656,1623245010261,-1,-1,-1
565,679,1623245010261,-1,-1,-1
566,648,1623245011265,-1,-1,-1
567,664,1623245012260,-1,-1,-1
568,664,1623245012260,-1,-1,-1
569,656,1623245013263,-1,-1,-1
570,671,1623245014264,-1,-1,-1
571,656,1623245014264,-1,-1,-1
572,656,1623245015261,-1,-1,-1
573,656,1623245016261,-1,-1,-1
574,632,1623245016261,-1,-1,-1
575,640,1623245017260,-1,-1,-1
576,609,1623245018260,-1,-1,-1
577,617,1623245018260,-1,-1,-1
578,632,1623245019260,-1,-1,-1
579,625,1623245020260,-1,-1,-1
580,664,1623245020261,-1,-1,-1
581,710,1623245021264,-1,-1,-1
582,718,1623245022260,-1,-1,-1
583,742,1623245023360,-1,-1,-1
584,757,1623245023360,-1,-1,-1
585,726,1623245024264,-1,-1,-1
586,718,1623245025261,-1,-1,-1
587,710,1623245026261,-1,-1,-1
588,687,1623245026261,-1,-1,-1
589,664,1623245027260,-1,-1,-1
590,687,1623245028260,-1,-1,-1
591,664,1623245028260,-1,-1,-1
592,648,1623245029263,-1,-1,-1
593,671,1623245030262,-1,-1,-1
594,671,1623245030263,-1,-1,-1
595,687,1623245031260,-1,-1,-1
596,648,1623245032260,-1,-1,-1
597,664,1623245032260,-1,-1,-1
598,671,1623245033261,-1,-1,-1
599,656,1623245034361,-1,-1,-1
600,656,1623245034361,-1,-1,-1
601,656,1623245035260,-1,-1,-1
602,679,1623245036263,-1,-1,-1
603,648,1623245036263,-1,-1,-1
604,703,1623245037260,-1,-1,-1
605,632,1623245038261,-1,-1,-1
606,703,1623245039364,-1,-1,-1
607,656,1623245039364,-1,-1,-1
608,664,1623245040261,-1,-1,-1
609,640,1623245041260,-1,-1,-1
610,664,1623245041260,-1,-1,-1
611,640,1623245042260,-1,-1,-1
612,523,1623245042260,-1,-1,-1
613,710,1623245043260,-1,-1,-1
614,617,1623245044260,-1,-1,-1
615,578,1623245044261,-1,-1,-1
616,578,1623245045260,-1,-1,-1
617,593,1623245046260,-1,-1,-1
618,593,1623245046260,-1,-1,-1
619,617,1623245047260,-1,-1,-1
620,609,1623245047260,-1,-1,-1
621,625,1623245048260,-1,-1,-1
622,617,1623245049259,-1,-1,-1
623,617,1623245049259,-1,-1,-1
624,617,1623245050362,-1,-1,-1
625,609,1623245051361,-1,-1,-1
626,617,1623245051361,-1,-1,-1
627,609,1623245052361,-1,-1,-1
628,648,1623245053361,-1,-1,-1
629,625,1623245053361,-1,-1,-1
630,695,1623245054361,-1,-1,-1
631,617,1623245055361,-1,-1,-1
632,757,1623245055361,-1,-1,-1
633,656,1623245056361,-1,-1,-1
634,632,1623245057361,-1,-1,-1
635,664,1623245057361,-1,-1,-1
636,703,1623245058364,-1,-1,-1
637,703,1623245059361,-1,-1,-1
638,601,1623245062365,-1,-1,-1
639,601,1623245063361,-1,-1,-1
640,648,1623245063361,-1,-1,-1
641,460,1623245064362,-1,-1,-1
642,625,1623245064362,-1,-1,-1
643,609,1623245065360,-1,-1,-1
644,539,1623245066458,-1,-1,-1
645,531,1623245066458,-1,-1,-1
646,554,1623245067359,-1,-1,-1
647,523,1623245067359,-1,-1,-1
648,539,1623245068360,-1,-1,-1
649,515,1623245068360,-1,-1,-1
650,531,1623245069466,-1,-1,-1
651,546,1623245069466,-1,-1,-1
652,585,1623245070360,-1,-1,-1
653,687,1623245078361,-1,-1,-1
654,726,1623245079463,-1,-1,-1
655,710,1623245080362,-1,-1,-1
656,601,1623245080362,-1,-1,-1
657,664,1623245081358,-1,-1,-1
658,671,1623245082466,-1,-1,-1
659,679,1623245082466,-1,-1,-1
660,687,1623245083359,-1,-1,-1
661,695,1623245084360,-1,-1,-1
662,625,1623245084360,-1,-1,-1
663,656,1623245085359,-1,-1,-1
664,640,1623245086360,-1,-1,-1
665,617,1623245086360,-1,-1,-1
666,617,1623245087359,-1,-1,-1
667,632,1623245088362,-1,-1,-1
668,664,1623245088362,-1,-1,-1
669,687,1623245089361,-1,-1,-1
670,718,1623245090359,-1,-1,-1
671,734,1623245091360,-1,-1,-1
672,718,1623245091360,-1,-1,-1
673,695,1623245092365,-1,-1,-1
674,726,1623245093359,-1,-1,-1
675,734,1623245094359,-1,-1,-1
676,687,1623245094359,-1,-1,-1
677,695,1623245095361,-1,-1,-1
678,734,1623245096360,-1,-1,-1
679,726,1623245096360,-1,-1,-1
680,671,1623245097359,-1,-1,-1
681,703,1623245098360,-1,-1,-1
682,718,1623245099460,-1,-1,-1
683,734,1623245099460,-1,-1,-1
684,687,1623245100358,-1,-1,-1
685,718,1623245101364,-1,-1,-1
686,742,1623245102360,-1,-1,-1
687,718,1623245102360,-1,-1,-1
688,695,1623245103360,-1,-1,-1
689,703,1623245104359,-1,-1,-1
690,710,1623245104359,-1,-1,-1
691,679,1623245105360,-1,-1,-1
692,679,1623245106361,-1,-1,-1
693,679,1623245106361,-1,-1,-1
694,695,1623245107359,-1,-1,-1
695,687,1623245108362,-1,-1,-1
696,671,1623245109360,-1,-1,-1
697,703,1623245109360,-1,-1,-1
698,695,1623245110360,-1,-1,-1
699,687,1623245111362,-1,-1,-1
700,648,1623245111362,-1,-1,-1
701,679,1623245112363,-1,-1,-1
702,664,1623245113359,-1,-1,-1
703,687,1623245113359,-1,-1,-1
704,710,1623245114360,-1,-1,-1
705,710,1623245115461,-1,-1,-1
706,695,1623245116359,-1,-1,-1
707,687,1623245116359,-1,-1,-1
708,687,1623245117360,-1,-1,-1
709,664,1623245118360,-1,-1,-1
710,656,1623245118360,-1,-1,-1
711,656,1623245119362,-1,-1,-1
712,648,1623245120360,-1,-1,-1
713,656,1623245120360,-1,-1,-1
714,656,1623245121360,-1,-1,-1
715,671,1623245122361,-1,-1,-1
716,648,1623245122361,-1,-1,-1
717,664,1623245123359,-1,-1,-1
718,656,1623245124364,-1,-1,-1
719,687,1623245124364,-1,-1,-1
720,640,1623245125360,-1,-1,-1
721,617,1623245126365,-1,-1,-1
722,671,1623245126365,-1,-1,-1
723,687,1623245127359,-1,-1,-1
724,695,1623245128365,-1,-1,-1
725,687,1623245129361,-1,-1,-1
726,664,1623245129361,-1,-1,-1
727,632,1623245130359,-1,-1,-1
728,632,1623245131359,-1,-1,-1
729,632,1623245131359,-1,-1,-1
730,625,1623245132465,-1,-1,-1
731,609,1623245132465,-1,-1,-1
732,671,1623245133364,-1,-1,-1
733,554,1623245134362,-1,-1,-1
734,617,1623245134362,-1,-1,-1
735,609,1623245135365,-1,-1,-1
736,640,1623245136365,-1,-1,-1
737,617,1623245136365,-1,-1,-1
738,695,1623245137362,-1,-1,-1
739,773,1623245138359,-1,-1,-1
740,828,1623245139366,-1,-1,-1
741,757,1623245139366,-1,-1,-1
742,750,1623245140359,-1,-1,-1
743,781,1623245141360,-1,-1,-1
744,937,1623245142361,-1,-1,-1
745,765,1623245143361,-1,-1,-1
746,625,1623245144359,-1,-1,-1
747,585,1623245144359,-1,-1,-1
748,625,1623245145362,-1,-1,-1
749,601,1623245147358,-1,-1,-1
750,515,1623245147359,-1,-1,-1
751,656,1623245148459,-1,-1,-1
752,539,1623245150460,-1,-1,-1
753,656,1623245151359,-1,-1,-1
754,531,1623245151359,-1,-1,-1
755,625,1623245152360,-1,-1,-1
756,617,1623245152360,-1,-1,-1
757,585,1623245153359,-1,-1,-1
758,617,1623245154359,-1,-1,-1
759,640,1623245154359,-1,-1,-1
760,609,1623245155362,-1,-1,-1
761,625,1623245156362,-1,-1,-1
762,648,1623245156362,-1,-1,-1
763,632,1623245157461,-1,-1,-1
764,625,1623245157461,-1,-1,-1
765,617,1623245158363,-1,-1,-1
766,617,1623245159360,-1,-1,-1
767,640,1623245159360,-1,-1,-1
768,609,1623245160359,-1,-1,-1
769,625,1623245161362,-1,-1,-1
770,617,1623245161362,-1,-1,-1
771,671,1623245162364,-1,-1,-1
772,679,1623245163359,-1,-1,-1
773,617,1623245163359,-1,-1,-1
774,859,1623245165460,-1,-1,-1
775,656,1623245166359,-1,-1,-1
776,703,1623245167359,-1,-1,-1
777,578,1623245167359,-1,-1,-1
778,632,1623245168360,-1,-1,-1
779,500,1623245169358,-1,-1,-1
780,804,1623245169358,-1,-1,-1
781,609,1623245170359,-1,-1,-1
782,523,1623245171360,-1,-1,-1
783,789,1623245171360,-1,-1,-1
784,617,1623245172367,-1,-1,-1
785,609,1623245173359,-1,-1,-1
786,601,1623245175359,-1,-1,-1
787,640,1623245175359,-1,-1,-1
788,664,1623245176359,-1,-1,-1
789,656,1623245177360,-1,-1,-1
790,609,1623245177360,-1,-1,-1
791,640,1623245178359,-1,-1,-1
792,648,1623245179358,-1,-1,-1
793,632,1623245179358,-1,-1,-1
794,500,1623245180412,-1,-1,-1
795,804,1623245181358,-1,-1,-1
796,625,1623245181358,-1,-1,-1
797,640,1623245182358,-1,-1,-1
798,671,1623245183359,-1,-1,-1
799,664,1623245183359,-1,-1,-1
800,640,1623245184367,-1,-1,-1
801,632,1623245185362,-1,-1,-1
802,625,1623245185362,-1,-1,-1
803,632,1623245186363,-1,-1,-1
804,593,1623245186363,-1,-1,-1
805,656,1623245187362,-1,-1,-1
806,601,1623245188359,-1,-1,-1
807,578,1623245188359,-1,-1,-1
808,601,1623245189361,-1,-1,-1
809,648,1623245190459,-1,-1,-1
810,632,1623245190460,-1,-1,-1
811,617,1623245191566,-1,-1,-1
812,625,1623245192462,-1,-1,-1
813,695,1623245192462,-1,-1,-1
814,648,1623245193464,-1,-1,-1
815,609,1623245194458,-1,-1,-1
816,468,1623245194458,-1,-1,-1
817,500,1623245195464,-1,-1,-1
818,695,1623245199459,-1,-1,-1
819,703,1623245200465,-1,-1,-1
820,718,1623245200465,-1,-1,-1
821,687,1623245201665,-1,-1,-1
822,671,1623245202459,-1,-1,-1
823,625,1623245202459,-1,-1,-1
824,531,1623245203467,-1,-1,-1
825,710,1623245204461,-1,-1,-1
826,578,1623245204462,-1,-1,-1
827,578,1623245205461,-1,-1,-1
828,578,1623245205462,-1,-1,-1
829,593,1623245206462,-1,-1,-1
830,554,1623245207465,-1,-1,-1
831,554,1623245207465,-1,-1,-1
832,570,1623245208559,-1,-1,-1
833,578,1623245208559,-1,-1,-1
834,500,1623245209458,-1,-1,-1
835,632,1623245210462,-1,-1,-1
836,523,1623245210462,-1,-1,-1
837,742,1623245215461,-1,-1,-1
838,734,1623245215461,-1,-1,-1
839,671,1623245216460,-1,-1,-1
840,757,1623245217459,-1,-1,-1
841,640,1623245218461,-1,-1,-1
842,617,1623245218461,-1,-1,-1
843,585,1623245219465,-1,-1,-1
844,593,1623245219465,-1,-1,-1
845,593,1623245220460,-1,-1,-1
846,578,1623245221460,-1,-1,-1
847,593,1623245221460,-1,-1,-1
848,625,1623245222459,-1,-1,-1
849,718,1623245223463,-1,-1,-1
850,757,1623245223463,-1,-1,-1
851,750,1623245224565,-1,-1,-1
852,789,1623245225461,-1,-1,-1
853,710,1623245226460,-1,-1,-1
854,687,1623245226460,-1,-1,-1
855,710,1623245227458,-1,-1,-1
856,695,1623245228461,-1,-1,-1
857,687,1623245228461,-1,-1,-1
858,656,1623245229459,-1,-1,-1
859,648,1623245230462,-1,-1,-1
860,671,1623245232461,-1,-1,-1
861,632,1623245232461,-1,-1,-1
862,554,1623245235461,-1,-1,-1
863,742,1623245236463,-1,-1,-1
864,617,1623245237458,-1,-1,-1
865,593,1623245240459,-1,-1,-1
866,546,1623245240459,-1,-1,-1
867,695,1623245242463,-1,-1,-1
868,437,1623245243560,-1,-1,-1
869,671,1623245243560,-1,-1,-1
870,429,1623245244464,-1,-1,-1
871,570,1623245246465,-1,-1,-1
872,523,1623245246465,-1,-1,-1
873,531,1623245247458,-1,-1,-1
874,500,1623245247458,-1,-1,-1
875,523,1623245248460,-1,-1,-1
876,492,1623245248460,-1,-1,-1
877,523,1623245249465,-1,-1,-1
878,523,1623245249465,-1,-1,-1
879,570,1623245250461,-1,-1,-1
880,601,1623245252461,-1,-1,-1
881,601,1623245253459,-1,-1,-1
882,601,1623245253459,-1,-1,-1
883,460,1623245254465,-1,-1,-1
884,515,1623245255464,-1,-1,-1
885,585,1623245257458,-1,-1,-1
886,601,1623245258459,-1,-1,-1
887,609,1623245259462,-1,-1,-1
888,601,1623245259463,-1,-1,-1
889,578,1623245260462,-1,-1,-1
890,585,1623245260462,-1,-1,-1
891,585,1623245261463,-1,-1,-1
892,593,1623245262459,-1,-1,-1
893,578,1623245262459,-1,-1,-1
894,585,1623245263458,-1,-1,-1
895,617,1623245263458,-1,-1,-1
896,585,1623245264460,-1,-1,-1
897,578,1623245265464,-1,-1,-1
898,617,1623245265464,-1,-1,-1
899,625,1623245266461,-1,-1,-1
900,679,1623245270464,-1,-1,-1
901,562,1623245270464,-1,-1,-1
902,593,1623245271462,-1,-1,-1
903,601,1623245271462,-1,-1,-1
904,570,1623245272462,-1,-1,-1
905,578,1623245273465,-1,-1,-1
906,617,1623245273465,-1,-1,-1
907,570,1623245274562,-1,-1,-1
908,609,1623245274562,-1,-1,-1
909,601,1623245275464,-1,-1,-1
910,617,1623245276465,-1,-1,-1
911,585,1623245276465,-1,-1,-1
912,601,1623245277560,-1,-1,-1
913,617,1623245278466,-1,-1,-1
914,609,1623245278466,-1,-1,-1
915,585,1623245279460,-1,-1,-1
916,601,1623245279460,-1,-1,-1
917,632,1623245280463,-1,-1,-1
918,609,1623245281460,-1,-1,-1
919,609,1623245281460,-1,-1,-1
920,625,1623245282460,-1,-1,-1
921,664,1623245283464,-1,-1,-1
922,656,1623245283464,-1,-1,-1
923,656,1623245284464,-1,-1,-1
924,679,1623245285562,-1,-1,-1
925,687,1623245285562,-1,-1,-1
926,664,1623245286465,-1,-1,-1
927,671,1623245287465,-1,-1,-1
928,648,1623245287465,-1,-1,-1
929,664,1623245288459,-1,-1,-1
930,679,1623245289460,-1,-1,-1
931,554,1623245292466,-1,-1,-1
932,601,1623245292466,-1,-1,-1
933,531,1623245293463,-1,-1,-1
934,523,1623245294460,-1,-1,-1
935,664,1623245299464,-1,-1,-1
936,492,1623245299464,-1,-1,-1
937,531,1623245301464,-1,-1,-1
938,656,1623245302465,-1,-1,-1
939,476,1623245302465,-1,-1,-1
940,648,1623245303461,-1,-1,-1
941,609,1623245303461,-1,-1,-1
942,460,1623245304460,-1,-1,-1
943,492,1623245306461,-1,-1,-1
944,468,1623245310563,-1,-1,-1
945,679,1623245311563,-1,-1,-1
946,453,1623245311563,-1,-1,-1
947,1132,1623245318559,-1,-1,-1
948,554,1623245321559,-1,-1,-1
949,625,1623245322558,-1,-1,-1
950,554,1623245322558,-1,-1,-1
951,617,1623245323558,-1,-1,-1
952,593,1623245324562,-1,-1,-1
953,570,1623245324563,-1,-1,-1
954,664,1623245325558,-1,-1,-1
955,632,1623245325558,-1,-1,-1
956,648,1623245326561,-1,-1,-1
957,632,1623245327559,-1,-1,-1
958,632,1623245327559,-1,-1,-1
959,617,1623245328564,-1,-1,-1
960,625,1623245329563,-1,-1,-1
961,625,1623245329563,-1,-1,-1
962,546,1623245331562,-1,-1,-1
963,562,1623245334558,-1,-1,-1
964,640,1623245334558,-1,-1,-1
965,476,1623245335559,-1,-1,-1
966,625,1623245337566,-1,-1,-1
967,468,1623245338561,-1,-1,-1
968,546,1623245339564,-1,-1,-1
969,523,1623245340559,-1,-1,-1
970,656,1623245341563,-1,-1,-1
971,554,1623245350664,-1,-1,-1
972,546,1623245352558,-1,-1,-1
973,570,1623245353558,-1,-1,-1
974,453,1623245354564,-1,-1,-1
975,640,1623245362559,-1,-1,-1
976,507,1623245362559,-1,-1,-1
977,484,1623245364563,-1,-1,-1
978,562,1623245364563,-1,-1,-1
979,601,1623245365564,-1,-1,-1
980,523,1623245365564,-1,-1,-1
981,570,1623245366560,-1,-1,-1
982,664,1623245367560,-1,-1,-1
983,437,1623245367560,-1,-1,-1
984,632,1623245368565,-1,-1,-1
985,523,1623245369562,-1,-1,-1
986,539,1623245370560,-1,-1,-1
987,492,1623245371559,-1,-1,-1
988,515,1623245372558,-1,-1,-1
989,632,1623245372558,-1,-1,-1
990,546,1623245373564,-1,-1,-1
991,570,1623245374563,-1,-1,-1
992,554,1623245374563,-1,-1,-1
993,601,1623245375660,-1,-1,-1
994,593,1623245375660,-1,-1,-1
995,585,1623245376560,-1,-1,-1
996,492,1623245376560,-1,-1,-1
997,453,1623245396564,-1,-1,-1
998,742,1623245397565,-1,-1,-1
999,632,1623245400659,-1,-1,-1
1000,546,1623245403563,-1,-1,-1
1001,625,1623245405564,-1,-1,-1
1002,546,1623245405564,-1,-1,-1
1003,593,1623245406565,-1,-1,-1
1004,585,1623245407564,-1,-1,-1
1005,601,1623245408561,-1,-1,-1
1006,585,1623245408561,-1,-1,-1
1007,632,1623245409561,-1,-1,-1
1008,601,1623245410563,-1,-1,-1
1009,656,1623245410564,-1,-1,-1
1010,640,1623245411563,-1,-1,-1
1011,742,1623245412564,-1,-1,-1
1012,656,1623245415563,-1,-1,-1
1013,492,1623245417658,-1,-1,-1
1014,632,1623245418560,-1,-1,-1
1015,554,1623245421563,-1,-1,-1
1016,554,1623245422563,-1,-1,-1
1017,578,1623245422563,-1,-1,-1
1018,484,1623245424565,-1,-1,-1
1019,562,1623245426561,-1,-1,-1
1020,671,1623245427561,-1,-1,-1
1021,531,1623245427561,-1,-1,-1
1022,609,1623245429561,-1,-1,-1
1023,617,1623245430662,-1,-1,-1
1024,570,1623245430662,-1,-1,-1
1025,593,1623245431563,-1,-1,-1
1026,593,1623245433658,-1,-1,-1
1027,484,1623245433658,-1,-1,-1
1028,585,1623245435663,-1,-1,-1
1029,570,1623245435663,-1,-1,-1
1030,726,1623245436663,-1,-1,-1
1031,570,1623245437664,-1,-1,-1
1032,695,1623245437664,-1,-1,-1
1033,570,1623245438660,-1,-1,-1
1034,554,1623245440659,-1,-1,-1
1035,578,1623245443664,-1,-1,-1
1036,601,1623245445659,-1,-1,-1
1037,515,1623245445659,-1,-1,-1
1038,617,1623245446665,-1,-1,-1
1039,625,1623245446665,-1,-1,-1
1040,609,1623245447661,-1,-1,-1
1041,640,1623245450662,-1,-1,-1
1042,632,1623245450662,-1,-1,-1
1043,765,1623245451664,-1,-1,-1
1044,640,1623245452665,-1,-1,-1
1045,617,1623245452665,-1,-1,-1
1046,601,1623245453661,-1,-1,-1
1047,625,1623245454662,-1,-1,-1
1048,648,1623245454662,-1,-1,-1
1049,484,1623245456764,-1,-1,-1
1050,578,1623245457661,-1,-1,-1
1051,617,1623245457661,-1,-1,-1
1052,640,1623245458660,-1,-1,-1
1053,578,1623245466659,-1,-1,-1
1054,656,1623245466659,-1,-1,-1
1055,429,1623245467659,-1,-1,-1
1056,523,1623245468660,-1,-1,-1
1057,601,1623245469660,-1,-1,-1
1058,648,1623245470658,-1,-1,-1
1059,593,1623245471658,-1,-1,-1
1060,500,1623245479664,-1,-1,-1
1061,671,1623245480664,-1,-1,-1
1062,539,1623245484666,-1,-1,-1
1063,484,1623245486664,-1,-1,-1
1064,757,1623245491660,-1,-1,-1
1065,453,1623245492760,-1,-1,-1
1066,468,1623245493660,-1,-1,-1
1067,718,1623245494661,-1,-1,-1
1068,671,1623245495661,-1,-1,-1
1069,570,1623245495661,-1,-1,-1
1070,679,1623245496659,-1,-1,-1
1071,531,1623245496659,-1,-1,-1
1072,640,1623245497660,-1,-1,-1
1073,726,1623245498660,-1,-1,-1
1074,570,1623245499661,-1,-1,-1
1075,585,1623245499661,-1,-1,-1
1076,593,1623245500663,-1,-1,-1
1077,531,1623245515664,-1,-1,-1
1078,546,1623245516658,-1,-1,-1
1079,476,1623245516658,-1,-1,-1
1080,671,1623245517661,-1,-1,-1
1081,539,1623245519664,-1,-1,-1
1082,484,1623245519664,-1,-1,-1
1083,523,1623245520764,-1,-1,-1
1084,484,1623245520764,-1,-1,-1
1085,507,1623245521662,-1,-1,-1
1086,468,1623245522660,-1,-1,-1
1087,648,1623245524659,-1,-1,-1
1088,570,1623245525861,-1,-1,-1
1089,640,1623245527663,-1,-1,-1
1090,539,1623245527663,-1,-1,-1
1091,476,1623245530659,-1,-1,-1
1092,445,1623245531659,-1,-1,-1
1093,539,1623245532661,-1,-1,-1
1094,445,1623245533664,-1,-1,-1
1095,578,1623245534660,-1,-1,-1
1096,539,1623245534660,-1,-1,-1
1097,1234,1623245541661,-1,-1,-1
1098,460,1623245542761,-1,-1,-1
1099,648,1623245543661,-1,-1,-1
1100,601,1623245544664,-1,-1,-1
1101,554,1623245544664,-1,-1,-1
1102,578,1623245545663,-1,-1,-1
1103,562,1623245545663,-1,-1,-1
1104,585,1623245547761,-1,-1,-1
1105,625,1623245548660,-1,-1,-1
1106,531,1623245550663,-1,-1,-1
1107,718,1623245550663,-1,-1,-1
1108,609,1623245551662,-1,-1,-1
1109,710,1623245552764,-1,-1,-1
1110,492,1623245552764,-1,-1,-1
1111,703,1623245553658,-1,-1,-1
1112,664,1623245557663,-1,-1,-1
1113,484,1623245557663,-1,-1,-1
1114,539,1623245558766,-1,-1,-1
1115,664,1623245558766,-1,-1,-1
1116,773,1623245559663,-1,-1,-1
1117,656,1623245561660,-1,-1,-1
1118,484,1623245564662,-1,-1,-1
1119,718,1623245565662,-1,-1,-1
1120,609,1623245566663,-1,-1,-1
1121,578,1623245567758,-1,-1,-1
1122,718,1623245569764,-1,-1,-1
1123,429,1623245569764,-1,-1,-1
1124,625,1623245574764,-1,-1,-1
1125,570,1623245575762,-1,-1,-1
1126,593,1623245576758,-1,-1,-1
1127,523,1623245579760,-1,-1,-1
1128,476,1623245579760,-1,-1,-1
1129,562,1623245581762,-1,-1,-1
1130,531,1623245581762,-1,-1,-1
1131,625,1623245582766,-1,-1,-1
1132,617,1623245589761,-1,-1,-1
1133,1039,1623245593759,-1,-1,-1
1134,632,1623245598764,-1,-1,-1
1135,578,1623245599763,-1,-1,-1
1136,578,1623245599763,-1,-1,-1
1137,1039,1623245604762,-1,-1,-1
1138,578,1623245604762,-1,-1,-1
1139,601,1623245605860,-1,-1,-1
1140,539,1623245605860,-1,-1,-1
1141,593,1623245606763,-1,-1,-1
1142,585,1623245607764,-1,-1,-1
1143,546,1623245607764,-1,-1,-1
1144,468,1623245608761,-1,-1,-1
1145,687,1623245608761,-1,-1,-1
1146,601,1623245609864,-1,-1,-1
1147,554,1623245609864,-1,-1,-1
1148,585,1623245614762,-1,-1,-1
1149,609,1623245617761,-1,-1,-1
1150,710,1623245618863,-1,-1,-1
1151,468,1623245618863,-1,-1,-1
1152,531,1623245619758,-1,-1,-1
1153,585,1623245620762,-1,-1,-1
1154,601,1623245621764,-1,-1,-1
1155,523,1623245621764,-1,-1,-1
1156,570,1623245622763,-1,-1,-1
1157,617,1623245622763,-1,-1,-1
1158,578,1623245623764,-1,-1,-1
1159,625,1623245624761,-1,-1,-1
1160,617,1623245624761,-1,-1,-1
1161,695,1623245626764,-1,-1,-1
1162,570,1623245627760,-1,-1,-1
1163,546,1623245627760,-1,-1,-1
1164,617,1623245628763,-1,-1,-1
1165,601,1623245629763,-1,-1,-1
1166,578,1623245629763,-1,-1,-1
1167,578,1623245630761,-1,-1,-1
1168,640,1623245630761,-1,-1,-1
1169,476,1623245631764,-1,-1,-1
1170,515,1623245631764,-1,-1,-1
1171,609,1623245637761,-1,-1,-1
1172,617,1623245638762,-1,-1,-1
1173,578,1623245638762,-1,-1,-1
1174,648,1623245639759,-1,-1,-1
1175,531,1623245639759,-1,-1,-1
1176,570,1623245640761,-1,-1,-1
1177,671,1623245641765,-1,-1,-1
1178,679,1623245643763,-1,-1,-1
1179,1000,1623245647762,-1,-1,-1
1180,531,1623245647762,-1,-1,-1
1181,523,1623245648760,-1,-1,-1
1182,570,1623245650759,-1,-1,-1
1183,617,1623245651859,-1,-1,-1
1184,617,1623245652762,-1,-1,-1
1185,593,1623245658761,-1,-1,-1
1186,570,1623245658761,-1,-1,-1
1187,546,1623245659757,-1,-1,-1
1188,539,1623245659757,-1,-1,-1
1189,656,1623245660762,-1,-1,-1
1190,578,1623245661764,-1,-1,-1
1191,578,1623245661764,-1,-1,-1
1192,546,1623245662763,-1,-1,-1
1193,632,1623245662763,-1,-1,-1
1194,531,1623245663762,-1,-1,-1
1195,601,1623245664758,-1,-1,-1
1196,570,1623245664758,-1,-1,-1
1197,562,1623245665761,-1,-1,-1
1198,601,1623245665761,-1,-1,-1
1199,593,1623245666762,-1,-1,-1
1200,601,1623245667963,-1,-1,-1
1201,554,1623245667963,-1,-1,-1
1202,546,1623245669858,-1,-1,-1
1203,617,1623245669858,-1,-1,-1
1204,695,1623245670764,-1,-1,-1
1205,562,1623245672766,-1,-1,-1
1206,601,1623245673760,-1,-1,-1
1207,578,1623245673760,-1,-1,-1
1208,593,1623245674759,-1,-1,-1
1209,554,1623245674759,-1,-1,-1
1210,578,1623245675764,-1,-1,-1
1211,656,1623245676764,-1,-1,-1
1212,523,1623245676764,-1,-1,-1
1213,500,1623245678763,-1,-1,-1
1214,734,1623245679764,-1,-1,-1
1215,585,1623245679764,-1,-1,-1
1216,648,1623245681761,-1,-1,-1
1217,593,1623245682764,-1,-1,-1
1218,648,1623245683764,-1,-1,-1
1219,578,1623245683764,-1,-1,-1
1220,632,1623245684859,-1,-1,-1
1221,578,1623245684859,-1,-1,-1
1222,617,1623245685763,-1,-1,-1
1223,625,1623245686763,-1,-1,-1
1224,515,1623245686763,-1,-1,-1
1225,671,1623245687761,-1,-1,-1
1226,515,1623245687761,-1,-1,-1
1227,617,1623245688763,-1,-1,-1
1228,484,1623245691764,-1,-1,-1
1229,593,1623245692764,-1,-1,-1
1230,632,1623245693760,-1,-1,-1
1231,609,1623245694762,-1,-1,-1
1232,593,1623245694762,-1,-1,-1
1233,671,1623245695763,-1,-1,-1
1234,562,1623245696864,-1,-1,-1
1235,640,1623245696864,-1,-1,-1
1236,593,1623245697759,-1,-1,-1
1237,648,1623245698864,-1,-1,-1
1238,578,1623245698864,-1,-1,-1
1239,515,1623245699760,-1,-1,-1
1240,539,1623245699760,-1,-1,-1
1241,507,1623245701764,-1,-1,-1
1242,632,1623245702764,-1,-1,-1
1243,585,1623245702764,-1,-1,-1
1244,585,1623245703862,-1,-1,-1
1245,585,1623245704764,-1,-1,-1
1246,664,1623245704764,-1,-1,-1
1247,546,1623245705763,-1,-1,-1
1248,687,1623245706863,-1,-1,-1
1249,554,1623245706863,-1,-1,-1
1250,671,1623245707760,-1,-1,-1
1251,585,1623245707760,-1,-1,-1
1252,656,1623245708864,-1,-1,-1
1253,562,1623245709760,-1,-1,-1
1254,640,1623245709760,-1,-1,-1
1255,554,1623245713860,-1,-1,-1
1256,578,1623245714866,-1,-1,-1
1257,578,1623245716865,-1,-1,-1
1258,617,1623245717858,-1,-1,-1
1259,609,1623245717858,-1,-1,-1
1260,671,1623245718862,-1,-1,-1
1261,640,1623245719860,-1,-1,-1
1262,570,1623245719860,-1,-1,-1
1263,648,1623245720863,-1,-1,-1
1264,445,1623245720863,-1,-1,-1
1265,625,1623245721863,-1,-1,-1
1266,718,1623245722962,-1,-1,-1
1267,609,1623245725861,-1,-1,-1
1268,742,1623245726861,-1,-1,-1
1269,625,1623245726862,-1,-1,-1
1270,625,1623245727965,-1,-1,-1
1271,687,1623245728862,-1,-1,-1
1272,695,1623245729958,-1,-1,-1
1273,632,1623245729958,-1,-1,-1
1274,671,1623245730864,-1,-1,-1
1275,648,1623245731963,-1,-1,-1
1276,632,1623245731963,-1,-1,-1
1277,632,1623245732863,-1,-1,-1
1278,570,1623245732863,-1,-1,-1
1279,601,1623245734863,-1,-1,-1
1280,562,1623245735864,-1,-1,-1
1281,601,1623245735865,-1,-1,-1
1282,445,1623245737861,-1,-1,-1
1283,570,1623245739862,-1,-1,-1
1284,585,1623245743958,-1,-1,-1
1285,617,1623245744861,-1,-1,-1
1286,554,1623245746859,-1,-1,-1
1287,585,1623245746859,-1,-1,-1
1288,632,1623245747862,-1,-1,-1
1289,500,1623245749859,-1,-1,-1
1290,593,1623245751859,-1,-1,-1
1291,640,1623245752862,-1,-1,-1
1292,687,1623245752862,-1,-1,-1
1293,617,1623245753858,-1,-1,-1
1294,609,1623245753858,-1,-1,-1
1295,648,1623245754959,-1,-1,-1
1296,617,1623245755862,-1,-1,-1
1297,601,1623245755862,-1,-1,-1
1298,648,1623245756862,-1,-1,-1
1299,609,1623245757864,-1,-1,-1
1300,617,1623245757864,-1,-1,-1
1301,554,1623245758858,-1,-1,-1
1302,617,1623245759864,-1,-1,-1
1303,585,1623245761862,-1,-1,-1
1304,468,1623245761862,-1,-1,-1
1305,601,1623245763958,-1,-1,-1
1306,640,1623245764863,-1,-1,-1
1307,640,1623245764864,-1,-1,-1
1308,679,1623245765862,-1,-1,-1
1309,609,1623245765862,-1,-1,-1
1310,617,1623245766860,-1,-1,-1
1311,562,1623245767862,-1,-1,-1
1312,710,1623245767862,-1,-1,-1
1313,570,1623245768862,-1,-1,-1
1314,492,1623245770858,-1,-1,-1
1315,703,1623245770859,-1,-1,-1
1316,617,1623245772862,-1,-1,-1
1317,617,1623245773864,-1,-1,-1
1318,453,1623245773864,-1,-1,-1
1319,617,1623245774863,-1,-1,-1
1320,640,1623245776964,-1,-1,-1
1321,671,1623245776964,-1,-1,-1
1322,664,1623245777861,-1,-1,-1
1323,617,1623245778864,-1,-1,-1
1324,617,1623245778864,-1,-1,-1
1325,664,1623245779860,-1,-1,-1
1326,585,1623245779860,-1,-1,-1
1327,656,1623245780859,-1,-1,-1
1328,640,1623245781861,-1,-1,-1
1329,453,1623245781861,-1,-1,-1
1330,625,1623245782864,-1,-1,-1
1331,617,1623245783863,-1,-1,-1
1332,453,1623245783863,-1,-1,-1
1333,789,1623245784863,-1,-1,-1
1334,625,1623245784863,-1,-1,-1
1335,625,1623245785861,-1,-1,-1
1336,648,1623245786863,-1,-1,-1
1337,648,1623245786863,-1,-1,-1
1338,671,1623245787858,-1,-1,-1
1339,640,1623245788859,-1,-1,-1
1340,585,1623245788859,-1,-1,-1
1341,687,1623245789864,-1,-1,-1
1342,554,1623245790864,-1,-1,-1
1343,671,1623245790864,-1,-1,-1
1344,625,1623245791864,-1,-1,-1
1345,554,1623245793964,-1,-1,-1
1346,640,1623245795960,-1,-1,-1
1347,625,1623245795960,-1,-1,-1
1348,554,1623245796862,-1,-1,-1
1349,609,1623245797864,-1,-1,-1
1350,609,1623245797864,-1,-1,-1
1351,601,1623245798866,-1,-1,-1
1352,601,1623245798867,-1,-1,-1
1353,625,1623245799859,-1,-1,-1
1354,625,1623245800864,-1,-1,-1
1355,648,1623245800864,-1,-1,-1
1356,578,1623245802863,-1,-1,-1
1357,578,1623245803860,-1,-1,-1
1358,656,1623245803860,-1,-1,-1
1359,531,1623245804865,-1,-1,-1
1360,687,1623245805863,-1,-1,-1
1361,539,1623245805863,-1,-1,-1
1362,601,1623245806863,-1,-1,-1
1363,546,1623245806863,-1,-1,-1
1364,609,1623245808858,-1,-1,-1
1365,710,1623245809960,-1,-1,-1
1366,539,1623245810860,-1,-1,-1
1367,648,1623245810860,-1,-1,-1
1368,640,1623245812864,-1,-1,-1
1369,625,1623245813859,-1,-1,-1
1370,656,1623245813859,-1,-1,-1
1371,601,1623245815865,-1,-1,-1
1372,617,1623245816860,-1,-1,-1
1373,773,1623245817863,-1,-1,-1
1374,570,1623245821861,-1,-1,-1
1375,656,1623245821861,-1,-1,-1
1376,562,1623245822863,-1,-1,-1
1377,578,1623245823863,-1,-1,-1
1378,500,1623245823863,-1,-1,-1
1379,703,1623245824864,-1,-1,-1
1380,578,1623245824864,-1,-1,-1
1381,617,1623245825859,-1,-1,-1
1382,687,1623245826962,-1,-1,-1
1383,531,1623245826962,-1,-1,-1
1384,664,1623245827960,-1,-1,-1
1385,601,1623245828863,-1,-1,-1
1386,460,1623245828863,-1,-1,-1
1387,562,1623245831858,-1,-1,-1
1388,578,1623245831859,-1,-1,-1
1389,578,1623245832863,-1,-1,-1
1390,601,1623245833864,-1,-1,-1
1391,515,1623245833864,-1,-1,-1
1392,679,1623245834861,-1,-1,-1
1393,570,1623245834861,-1,-1,-1
1394,539,1623245836865,-1,-1,-1
1395,609,1623245837858,-1,-1,-1
1396,601,1623245837858,-1,-1,-1
1397,609,1623245838864,-1,-1,-1
1398,593,1623245841864,-1,-1,-1
1399,601,1623245842963,-1,-1,-1
1400,625,1623245842963,-1,-1,-1
1401,609,1623245843863,-1,-1,-1
1402,601,1623245844863,-1,-1,-1
1403,593,1623245844863,-1,-1,-1
1404,515,1623245845863,-1,-1,-1
1405,703,1623245846859,-1,-1,-1
1406,656,1623245846859,-1,-1,-1
1407,500,1623245848859,-1,-1,-1
1408,687,1623245849864,-1,-1,-1
1409,585,1623245849864,-1,-1,-1
1410,609,1623245850861,-1,-1,-1
1411,671,1623245851864,-1,-1,-1
1412,539,1623245851864,-1,-1,-1
1413,671,1623245852863,-1,-1,-1
1414,656,1623245853963,-1,-1,-1
1415,625,1623245853963,-1,-1,-1
1416,601,1623245854960,-1,-1,-1
1417,578,1623245855964,-1,-1,-1
1418,609,1623245859962,-1,-1,-1
1419,500,1623245860959,-1,-1,-1
1420,648,1623245861965,-1,-1,-1
1421,640,1623245861965,-1,-1,-1
1422,585,1623245862963,-1,-1,-1
1423,578,1623245864963,-1,-1,-1
1424,632,1623245864963,-1,-1,-1
1425,617,1623245865961,-1,-1,-1
1426,632,1623245866964,-1,-1,-1
1427,507,1623245866964,-1,-1,-1
1428,726,1623245867964,-1,-1,-1
1429,546,1623245868957,-1,-1,-1
1430,609,1623245868957,-1,-1,-1
1431,773,1623245870164,-1,-1,-1
1432,460,1623245870958,-1,-1,-1
1433,648,1623245870958,-1,-1,-1
1434,593,1623245871964,-1,-1,-1
1435,625,1623245873063,-1,-1,-1
1436,601,1623245873063,-1,-1,-1
1437,632,1623245873960,-1,-1,-1
1438,648,1623245874963,-1,-1,-1
1439,648,1623245874963,-1,-1,-1
1440,609,1623245875964,-1,-1,-1
1441,601,1623245876963,-1,-1,-1
1442,632,1623245876964,-1,-1,-1
1443,664,1623245877958,-1,-1,-1
1444,500,1623245877958,-1,-1,-1
1445,710,1623245879160,-1,-1,-1
1446,500,1623245879962,-1,-1,-1
1447,632,1623245879962,-1,-1,-1
1448,570,1623245880962,-1,-1,-1
1449,578,1623245880962,-1,-1,-1
1450,562,1623245884962,-1,-1,-1
1451,539,1623245886058,-1,-1,-1
1452,710,1623245886058,-1,-1,-1
1453,656,1623245886963,-1,-1,-1
1454,601,1623245887964,-1,-1,-1
1455,609,1623245887964,-1,-1,-1
1456,703,1623245888961,-1,-1,-1
1457,585,1623245890963,-1,-1,-1
1458,601,1623245890963,-1,-1,-1
1459,593,1623245891963,-1,-1,-1
1460,593,1623245892965,-1,-1,-1
1461,484,1623245893961,-1,-1,-1
1462,671,1623245894961,-1,-1,-1
1463,601,1623245895964,-1,-1,-1
1464,546,1623245895964,-1,-1,-1
1465,640,1623245896963,-1,-1,-1
1466,617,1623245896963,-1,-1,-1
1467,609,1623245897963,-1,-1,-1
1468,695,1623245898961,-1,-1,-1
1469,609,1623245898962,-1,-1,-1
1470,617,1623245899963,-1,-1,-1
1471,601,1623245900962,-1,-1,-1
1472,625,1623245900962,-1,-1,-1
1473,609,1623245901963,-1,-1,-1
1474,640,1623245903059,-1,-1,-1
1475,476,1623245903059,-1,-1,-1
1476,726,1623245903967,-1,-1,-1
1477,617,1623245903968,-1,-1,-1
1478,570,1623245904964,-1,-1,-1
1479,664,1623245905963,-1,-1,-1
1480,648,1623245905963,-1,-1,-1
1481,593,1623245907963,-1,-1,-1
1482,632,1623245908959,-1,-1,-1
1483,632,1623245908959,-1,-1,-1
1484,554,1623245909962,-1,-1,-1
1485,640,1623245910962,-1,-1,-1
1486,687,1623245910962,-1,-1,-1
1487,476,1623245911963,-1,-1,-1
1488,601,1623245911963,-1,-1,-1
1489,593,1623245912961,-1,-1,-1
1490,578,1623245913957,-1,-1,-1
1491,578,1623245913957,-1,-1,-1
1492,578,1623245914960,-1,-1,-1
1493,617,1623245914960,-1,-1,-1
1494,585,1623245916964,-1,-1,-1
1495,601,1623245917963,-1,-1,-1
1496,609,1623245919064,-1,-1,-1
1497,664,1623245919064,-1,-1,-1
1498,539,1623245919963,-1,-1,-1
1499,625,1623245919963,-1,-1,-1
1500,546,1623245920963,-1,-1,-1
1501,664,1623245921964,-1,-1,-1
1502,531,1623245921964,-1,-1,-1
1503,703,1623245922960,-1,-1,-1
1504,687,1623245923964,-1,-1,-1
1505,664,1623245924962,-1,-1,-1
1506,593,1623245925964,-1,-1,-1
1507,632,1623245927962,-1,-1,-1
1508,609,1623245927962,-1,-1,-1
1509,617,1623245928963,-1,-1,-1
1510,617,1623245929962,-1,-1,-1
1511,601,1623245929962,-1,-1,-1
1512,578,1623245931964,-1,-1,-1
1513,617,1623245932958,-1,-1,-1
1514,585,1623245932959,-1,-1,-1
1515,578,1623245933963,-1,-1,-1
1516,476,1623245933963,-1,-1,-1
1517,664,1623245934961,-1,-1,-1
1518,578,1623245936061,-1,-1,-1
1519,593,1623245936061,-1,-1,-1
1520,500,1623245936960,-1,-1,-1
1521,648,1623245936960,-1,-1,-1
1522,546,1623245937960,-1,-1,-1
1523,609,1623245938959,-1,-1,-1
1524,539,1623245940963,-1,-1,-1
1525,593,1623245941963,-1,-1,-1
1526,640,1623245941963,-1,-1,-1
1527,585,1623245942962,-1,-1,-1
1528,585,1623245943960,-1,-1,-1
1529,500,1623245946957,-1,-1,-1
1530,429,1623245946957,-1,-1,-1
1531,492,1623245947962,-1,-1,-1
1532,609,1623245948962,-1,-1,-1
1533,476,1623245948962,-1,-1,-1
1534,687,1623245949963,-1,-1,-1
1535,601,1623245950962,-1,-1,-1
1536,671,1623245950962,-1,-1,-1
1537,687,1623245952064,-1,-1,-1
1538,585,1623245952961,-1,-1,-1
1539,679,1623245952961,-1,-1,-1
1540,492,1623245953961,-1,-1,-1
1541,640,1623245954963,-1,-1,-1
1542,507,1623245954963,-1,-1,-1
1543,679,1623245957964,-1,-1,-1
1544,593,1623245958964,-1,-1,-1
1545,609,1623245958964,-1,-1,-1
1546,765,1623245959961,-1,-1,-1
1547,765,1623245960963,-1,-1,-1
1548,671,1623245961963,-1,-1,-1
1549,781,1623245961963,-1,-1,-1
1550,687,1623245962961,-1,-1,-1
1551,664,1623245963960,-1,-1,-1
1552,703,1623245965063,-1,-1,-1
1553,679,1623245965063,-1,-1,-1
1554,601,1623245966062,-1,-1,-1
1555,601,1623245966960,-1,-1,-1
1556,601,1623245969063,-1,-1,-1
1557,617,1623245970060,-1,-1,-1
1558,585,1623245970060,-1,-1,-1
1559,609,1623245971063,-1,-1,-1
1560,539,1623245971063,-1,-1,-1
1561,734,1623245972062,-1,-1,-1
1562,593,1623245973063,-1,-1,-1
1563,625,1623245973063,-1,-1,-1
1564,679,1623245974061,-1,-1,-1
1565,640,1623245975161,-1,-1,-1
1566,625,1623245975161,-1,-1,-1
1567,625,1623245977063,-1,-1,-1
1568,585,1623245978063,-1,-1,-1
1569,593,1623245980063,-1,-1,-1
1570,585,1623245981163,-1,-1,-1
1571,648,1623245982064,-1,-1,-1
1572,632,1623245982064,-1,-1,-1
1573,625,1623245983064,-1,-1,-1
1574,585,1623245984063,-1,-1,-1
1575,617,1623245984063,-1,-1,-1
1576,640,1623245985159,-1,-1,-1
1577,554,1623245987060,-1,-1,-1
1578,703,1623245987060,-1,-1,-1
1579,546,1623245988063,-1,-1,-1
1580,570,1623245989064,-1,-1,-1
1581,695,1623245989064,-1,-1,-1
1582,593,1623245990161,-1,-1,-1
1583,671,1623245991060,-1,-1,-1
1584,703,1623245991060,-1,-1,-1
1585,671,1623245992062,-1,-1,-1
1586,703,1623245993063,-1,-1,-1
1587,578,1623245993063,-1,-1,-1
1588,703,1623245994064,-1,-1,-1
1589,578,1623245995158,-1,-1,-1
1590,601,1623245995158,-1,-1,-1
1591,601,1623245996063,-1,-1,-1
1592,554,1623245998164,-1,-1,-1
1593,609,1623245998164,-1,-1,-1
1594,437,1623245999063,-1,-1,-1
1595,515,1623246000060,-1,-1,-1
1596,601,1623246001059,-1,-1,-1
1597,531,1623246002062,-1,-1,-1
1598,687,1623246002062,-1,-1,-1
1599,648,1623246003062,-1,-1,-1
1600,710,1623246004061,-1,-1,-1
1601,578,1623246004061,-1,-1,-1
1602,695,1623246006063,-1,-1,-1
1603,664,1623246007163,-1,-1,-1
1604,531,1623246007163,-1,-1,-1
1605,648,1623246009064,-1,-1,-1
1606,578,1623246009064,-1,-1,-1
1607,664,1623246010059,-1,-1,-1
1608,609,1623246012161,-1,-1,-1
1609,601,1623246012161,-1,-1,-1
1610,593,1623246013062,-1,-1,-1
1611,609,1623246014062,-1,-1,-1
1612,617,1623246014062,-1,-1,-1
1613,593,1623246017063,-1,-1,-1
1614,617,1623246017063,-1,-1,-1
1615,648,1623246018064,-1,-1,-1
1616,578,1623246019063,-1,-1,-1
1617,523,1623246019063,-1,-1,-1
1618,703,1623246020061,-1,-1,-1
1619,640,1623246020061,-1,-1,-1
1620,546,1623246022060,-1,-1,-1
1621,570,1623246023062,-1,-1,-1
1622,625,1623246023062,-1,-1,-1
1623,609,1623246024064,-1,-1,-1
1624,625,1623246025063,-1,-1,-1
1625,648,1623246025063,-1,-1,-1
1626,601,1623246026058,-1,-1,-1
1627,632,1623246027058,-1,-1,-1
1628,664,1623246027058,-1,-1,-1
1629,609,1623246028162,-1,-1,-1
1630,546,1623246029063,-1,-1,-1
1631,687,1623246029063,-1,-1,-1
1632,664,1623246030058,-1,-1,-1
1633,437,1623246030058,-1,-1,-1
1634,531,1623246032060,-1,-1,-1
1635,632,1623246033064,-1,-1,-1
1636,617,1623246033064,-1,-1,-1
1637,609,1623246034060,-1,-1,-1
1638,609,1623246035063,-1,-1,-1
1639,648,1623246035063,-1,-1,-1
1640,609,1623246036064,-1,-1,-1
1641,625,1623246037062,-1,-1,-1
1642,656,1623246037062,-1,-1,-1
1643,671,1623246040059,-1,-1,-1
1644,601,1623246042060,-1,-1,-1
1645,539,1623246042060,-1,-1,-1
1646,640,1623246043058,-1,-1,-1
1647,562,1623246043058,-1,-1,-1
1648,570,1623246044061,-1,-1,-1
1649,585,1623246045162,-1,-1,-1
1650,570,1623246045162,-1,-1,-1
1651,625,1623246046063,-1,-1,-1
1652,617,1623246046063,-1,-1,-1
1653,632,1623246047060,-1,-1,-1
1654,609,1623246048062,-1,-1,-1
1655,601,1623246048062,-1,-1,-1
1656,648,1623246049063,-1,-1,-1
1657,562,1623246050063,-1,-1,-1
1658,648,1623246050063,-1,-1,-1
1659,546,1623246051061,-1,-1,-1
1660,570,1623246053065,-1,-1,-1
1661,562,1623246053066,-1,-1,-1
1662,554,1623246054063,-1,-1,-1
1663,609,1623246054063,-1,-1,-1
1664,593,1623246055063,-1,-1,-1
1665,640,1623246057062,-1,-1,-1
1666,625,1623246058063,-1,-1,-1
1667,640,1623246058063,-1,-1,-1
1668,617,1623246059064,-1,-1,-1
1669,687,1623246060059,-1,-1,-1
1670,992,1623246063161,-1,-1,-1
1671,601,1623246063161,-1,-1,-1
1672,554,1623246064062,-1,-1,-1
1673,593,1623246064062,-1,-1,-1
1674,593,1623246065063,-1,-1,-1
1675,632,1623246067162,-1,-1,-1
1676,546,1623246067162,-1,-1,-1
1677,632,1623246068063,-1,-1,-1
1678,703,1623246069060,-1,-1,-1
1679,601,1623246069060,-1,-1,-1
1680,539,1623246070058,-1,-1,-1
1681,632,1623246071259,-1,-1,-1
1682,679,1623246072057,-1,-1,-1
1683,507,1623246072057,-1,-1,-1
1684,765,1623246073057,-1,-1,-1
1685,656,1623246074065,-1,-1,-1
1686,656,1623246075063,-1,-1,-1
1687,601,1623246075063,-1,-1,-1
1688,671,1623246076062,-1,-1,-1
1689,664,1623246077061,-1,-1,-1
1690,695,1623246079260,-1,-1,-1
1691,554,1623246079260,-1,-1,-1
1692,585,1623246080064,-1,-1,-1
1693,679,1623246080064,-1,-1,-1
1694,656,1623246083065,-1,-1,-1
1695,492,1623246085064,-1,-1,-1
1696,679,1623246086063,-1,-1,-1
1697,617,1623246087063,-1,-1,-1
1698,554,1623246087063,-1,-1,-1
1699,609,1623246088064,-1,-1,-1
1700,617,1623246088064,-1,-1,-1
1701,625,1623246089063,-1,-1,-1
1702,632,1623246090061,-1,-1,-1
1703,546,1623246090062,-1,-1,-1
1704,625,1623246093063,-1,-1,-1
1705,585,1623246094059,-1,-1,-1
1706,718,1623246096060,-1,-1,-1
1707,453,1623246097063,-1,-1,-1
1708,546,1623246097063,-1,-1,-1
1709,679,1623246098064,-1,-1,-1
1710,554,1623246098064,-1,-1,-1
1711,625,1623246099065,-1,-1,-1
1712,585,1623246100060,-1,-1,-1
1713,640,1623246100060,-1,-1,-1
1714,617,1623246101063,-1,-1,-1
1715,562,1623246102062,-1,-1,-1
1716,757,1623246102062,-1,-1,-1
1717,648,1623246103164,-1,-1,-1
1718,515,1623246104058,-1,-1,-1
1719,742,1623246104058,-1,-1,-1
1720,625,1623246105062,-1,-1,-1
1721,593,1623246106059,-1,-1,-1
1722,468,1623246106059,-1,-1,-1
1723,617,1623246107063,-1,-1,-1
1724,609,1623246107063,-1,-1,-1
1725,562,1623246108063,-1,-1,-1
1726,593,1623246108063,-1,-1,-1
1727,562,1623246109063,-1,-1,-1
1728,609,1623246110060,-1,-1,-1
1729,507,1623246110060,-1,-1,-1
1730,460,1623246113063,-1,-1,-1
1731,609,1623246113063,-1,-1,-1
1732,578,1623246114063,-1,-1,-1
1733,695,1623246115063,-1,-1,-1
1734,507,1623246115063,-1,-1,-1
1735,593,1623246116060,-1,-1,-1
1736,523,1623246116060,-1,-1,-1
1737,601,1623246117163,-1,-1,-1
1738,445,1623246120158,-1,-1,-1
1739,656,1623246120158,-1,-1,-1
1740,625,1623246125064,-1,-1,-1
1741,531,1623246126063,-1,-1,-1
1742,554,1623246126063,-1,-1,-1
1743,585,1623246127062,-1,-1,-1
1744,460,1623246128161,-1,-1,-1
1745,609,1623246130059,-1,-1,-1
1746,507,1623246131063,-1,-1,-1
1747,492,1623246131063,-1,-1,-1
1748,531,1623246132063,-1,-1,-1
1749,554,1623246132063,-1,-1,-1
1750,531,1623246133060,-1,-1,-1
1751,539,1623246133060,-1,-1,-1
1752,546,1623246134060,-1,-1,-1
1753,531,1623246134060,-1,-1,-1
1754,531,1623246135160,-1,-1,-1
1755,601,1623246136059,-1,-1,-1
1756,507,1623246136059,-1,-1,-1
1757,531,1623246138062,-1,-1,-1
1758,554,1623246139059,-1,-1,-1
1759,468,1623246140063,-1,-1,-1
1760,1132,1623246147159,-1,-1,-1
1761,625,1623246147159,-1,-1,-1
1762,664,1623246148158,-1,-1,-1
1763,523,1623246149163,-1,-1,-1
1764,679,1623246149163,-1,-1,-1
1765,585,1623246150259,-1,-1,-1
1766,578,1623246150259,-1,-1,-1
1767,593,1623246154363,-1,-1,-1
1768,625,1623246156159,-1,-1,-1
1769,656,1623246157159,-1,-1,-1
1770,734,1623246158160,-1,-1,-1
1771,750,1623246159160,-1,-1,-1
1772,703,1623246159160,-1,-1,-1
1773,593,1623246164160,-1,-1,-1
1774,601,1623246164160,-1,-1,-1
1775,835,1623246167162,-1,-1,-1
1776,515,1623246168162,-1,-1,-1
1777,546,1623246169160,-1,-1,-1
1778,640,1623246169160,-1,-1,-1
1779,648,1623246170162,-1,-1,-1
1780,804,1623246173159,-1,-1,-1
1781,625,1623246173159,-1,-1,-1
1782,796,1623246174158,-1,-1,-1
1783,804,1623246175159,-1,-1,-1
1784,703,1623246177159,-1,-1,-1
1785,601,1623246178158,-1,-1,-1
1786,484,1623246178159,-1,-1,-1
1787,718,1623246179159,-1,-1,-1
1788,765,1623246180158,-1,-1,-1
1789,570,1623246181160,-1,-1,-1
1790,445,1623246181160,-1,-1,-1
1791,437,1623246183157,-1,-1,-1
1792,1234,1623246189161,-1,-1,-1
1793,515,1623246189161,-1,-1,-1
1794,617,1623246190162,-1,-1,-1
1795,546,1623246192163,-1,-1,-1
1796,492,1623246194162,-1,-1,-1
1797,539,1623246199263,-1,-1,-1
1798,570,1623246199263,-1,-1,-1
1799,632,1623246200164,-1,-1,-1
1800,546,1623246203163,-1,-1,-1
1801,562,1623246205159,-1,-1,-1
1802,601,1623246208160,-1,-1,-1
1803,468,1623246208160,-1,-1,-1
1804,445,1623246215260,-1,-1,-1
1805,468,1623246216160,-1,-1,-1
1806,554,1623246217158,-1,-1,-1
1807,546,1623246219165,-1,-1,-1
1808,531,1623246219165,-1,-1,-1
1809,578,1623246224159,-1,-1,-1
1810,570,1623246227158,-1,-1,-1
1811,562,1623246228160,-1,-1,-1
1812,500,1623246231159,-1,-1,-1
1813,546,1623246232158,-1,-1,-1
1814,640,1623246234256,-1,-1,-1
1815,500,1623246235157,-1,-1,-1
1816,671,1623246235157,-1,-1,-1
