,RR,Timestamp,SensorContact,errorEstimate,blockerBit
0,743,1624332708292,-1,-1,-1
1,791,1624332708292,-1,-1,-1
2,631,1624332709295,-1,-1,-1
3,719,1624332718299,-1,-1,-1
4,735,1624332718299,-1,-1,-1
5,551,1624332719306,-1,-1,-1
6,503,1624332725305,-1,-1,-1
7,615,1624332733305,-1,-1,-1
8,711,1624332736297,-1,-1,-1
9,767,1624332737334,-1,-1,-1
10,423,1624332740309,-1,-1,-1
11,599,1624332747320,-1,-1,-1
12,511,1624332760298,-1,-1,-1
13,535,1624332764302,-1,-1,-1
14,791,1624332764302,-1,-1,-1
15,919,1624332766340,-1,-1,-1
16,671,1624332771640,-1,-1,-1
17,663,1624332775661,-1,-1,-1
18,775,1624332780643,-1,-1,-1
19,743,1624332780643,-1,-1,-1
20,2759,1624332790644,-1,-1,-1
21,767,1624332791670,-1,-1,-1
22,631,1624332807709,-1,-1,-1
23,919,1624332807709,-1,-1,-1
24,647,1624332810640,-1,-1,-1
25,607,1624332811639,-1,-1,-1
26,575,1624332817680,-1,-1,-1
27,551,1624332821646,-1,-1,-1
28,511,1624332822696,-1,-1,-1
29,759,1624332826633,-1,-1,-1
30,567,1624332834640,-1,-1,-1
31,631,1624332835693,-1,-1,-1
32,887,1624332837680,-1,-1,-1
33,655,1624332837680,-1,-1,-1
34,743,1624332839705,-1,-1,-1
35,735,1624332840704,-1,-1,-1
36,639,1624332841697,-1,-1,-1
37,735,1624332844643,-1,-1,-1
38,527,1624332844643,-1,-1,-1
39,543,1624332849649,-1,-1,-1
40,503,1624332854648,-1,-1,-1
41,839,1624332855643,-1,-1,-1
42,695,1624332856638,-1,-1,-1
43,887,1624332860652,-1,-1,-1
44,671,1624332866640,-1,-1,-1
45,623,1624332870627,-1,-1,-1
46,839,1624332871672,-1,-1,-1
47,919,1624332872700,-1,-1,-1
48,671,1624332872700,-1,-1,-1
49,559,1624332877666,-1,-1,-1
50,703,1624332883645,-1,-1,-1
51,735,1624332884641,-1,-1,-1
52,799,1624332889630,-1,-1,-1
53,503,1624332889630,-1,-1,-1
54,471,1624332890638,-1,-1,-1
55,879,1624332898662,-1,-1,-1
56,671,1624332898663,-1,-1,-1
57,871,1624332902620,-1,-1,-1
58,911,1624332905696,-1,-1,-1
59,623,1624332906637,-1,-1,-1
60,799,1624332906637,-1,-1,-1
61,663,1624332910628,-1,-1,-1
62,671,1624332910628,-1,-1,-1
63,679,1624332911629,-1,-1,-1
64,751,1624332912631,-1,-1,-1
65,807,1624332914670,-1,-1,-1
66,559,1624332915643,-1,-1,-1
67,439,1624332922623,-1,-1,-1
68,703,1624332925672,-1,-1,-1
69,527,1624332935650,-1,-1,-1
70,719,1624332936649,-1,-1,-1
71,663,1624332938639,-1,-1,-1
72,799,1624332946620,-1,-1,-1
73,727,1624332947673,-1,-1,-1
74,679,1624332952663,-1,-1,-1
75,551,1624332962687,-1,-1,-1
76,623,1624332962687,-1,-1,-1
77,655,1624332963640,-1,-1,-1
78,503,1624332963640,-1,-1,-1
79,711,1624332964627,-1,-1,-1
80,663,1624332965629,-1,-1,-1
81,2743,1624332973683,-1,-1,-1
82,567,1624332973683,-1,-1,-1
83,711,1624332981692,-1,-1,-1
84,703,1624332983636,-1,-1,-1
85,663,1624332989646,-1,-1,-1
86,647,1624332998647,-1,-1,-1
87,575,1624332999647,-1,-1,-1
88,527,1624333002640,-1,-1,-1
89,823,1624333004637,-1,-1,-1
90,855,1624333006678,-1,-1,-1
91,719,1624333007626,-1,-1,-1
92,551,1624333008624,-1,-1,-1
93,751,1624333008624,-1,-1,-1
94,911,1624333024665,-1,-1,-1
95,575,1624333024665,-1,-1,-1
96,575,1624333025632,-1,-1,-1
97,559,1624333027629,-1,-1,-1
98,607,1624333028629,-1,-1,-1
99,751,1624333029650,-1,-1,-1
100,607,1624333039628,-1,-1,-1
101,519,1624333042668,-1,-1,-1
102,599,1624333044636,-1,-1,-1
103,711,1624333046635,-1,-1,-1
104,535,1624333047634,-1,-1,-1
105,767,1624333048630,-1,-1,-1
106,655,1624333051620,-1,-1,-1
107,487,1624333052670,-1,-1,-1
108,783,1624333052670,-1,-1,-1
109,623,1624333053666,-1,-1,-1
110,687,1624333054668,-1,-1,-1
111,639,1624333054668,-1,-1,-1
112,591,1624333055692,-1,-1,-1
113,647,1624333055692,-1,-1,-1
114,599,1624333056636,-1,-1,-1
115,711,1624333057665,-1,-1,-1
116,679,1624333057665,-1,-1,-1
117,687,1624333058631,-1,-1,-1
118,711,1624333059630,-1,-1,-1
119,743,1624333060626,-1,-1,-1
120,735,1624333060626,-1,-1,-1
121,751,1624333061622,-1,-1,-1
122,735,1624333062645,-1,-1,-1
123,767,1624333063676,-1,-1,-1
124,759,1624333063676,-1,-1,-1
125,703,1624333064615,-1,-1,-1
126,719,1624333065644,-1,-1,-1
127,679,1624333065645,-1,-1,-1
128,607,1624333069630,-1,-1,-1
129,791,1624333070620,-1,-1,-1
130,895,1624333072620,-1,-1,-1
131,759,1624333072620,-1,-1,-1
132,703,1624333079637,-1,-1,-1
133,623,1624333086660,-1,-1,-1
134,687,1624333089632,-1,-1,-1
135,679,1624333089633,-1,-1,-1
136,759,1624333095618,-1,-1,-1
137,743,1624333100629,-1,-1,-1
138,687,1624333103620,-1,-1,-1
139,679,1624333105612,-1,-1,-1
140,671,1624333106670,-1,-1,-1
141,575,1624333123652,-1,-1,-1
142,935,1624333124649,-1,-1,-1
143,671,1624333126615,-1,-1,-1
144,823,1624333128620,-1,-1,-1
145,839,1624333140609,-1,-1,-1
146,815,1624333149616,-1,-1,-1
147,575,1624333150607,-1,-1,-1
148,815,1624333155626,-1,-1,-1
149,583,1624333155626,-1,-1,-1
150,751,1624333156623,-1,-1,-1
151,895,1624333157651,-1,-1,-1
152,687,1624333158643,-1,-1,-1
153,743,1624333158643,-1,-1,-1
154,527,1624333159649,-1,-1,-1
155,583,1624333159649,-1,-1,-1
156,991,1624333160612,-1,-1,-1
157,495,1624333161607,-1,-1,-1
158,1031,1624333163623,-1,-1,-1
159,623,1624333164629,-1,-1,-1
160,711,1624333165625,-1,-1,-1
161,663,1624333165625,-1,-1,-1
162,1031,1624333169618,-1,-1,-1
163,775,1624333177620,-1,-1,-1
164,503,1624333180642,-1,-1,-1
165,943,1624333189616,-1,-1,-1
166,767,1624333192607,-1,-1,-1
167,623,1624333194603,-1,-1,-1
168,703,1624333195630,-1,-1,-1
169,647,1624333196655,-1,-1,-1
170,895,1624333197625,-1,-1,-1
171,679,1624333197625,-1,-1,-1
172,703,1624333198658,-1,-1,-1
173,647,1624333199617,-1,-1,-1
174,655,1624333201611,-1,-1,-1
175,559,1624333201611,-1,-1,-1
176,495,1624333202610,-1,-1,-1
177,799,1624333203633,-1,-1,-1
178,703,1624333205602,-1,-1,-1
179,663,1624333205602,-1,-1,-1
180,607,1624333207625,-1,-1,-1
181,719,1624333210619,-1,-1,-1
182,679,1624333215601,-1,-1,-1
183,679,1624333219625,-1,-1,-1
184,783,1624333222613,-1,-1,-1
185,519,1624333222613,-1,-1,-1
186,839,1624333223668,-1,-1,-1
187,495,1624333223668,-1,-1,-1
188,855,1624333224662,-1,-1,-1
189,767,1624333225602,-1,-1,-1
190,911,1624333230621,-1,-1,-1
191,759,1624333231615,-1,-1,-1
192,543,1624333231616,-1,-1,-1
193,839,1624333233610,-1,-1,-1
194,783,1624333236605,-1,-1,-1
195,679,1624333245606,-1,-1,-1
196,631,1624333245606,-1,-1,-1
197,847,1624333246605,-1,-1,-1
198,815,1624333258604,-1,-1,-1
199,871,1624333259600,-1,-1,-1
200,511,1624333260597,-1,-1,-1
201,623,1624333262623,-1,-1,-1
202,647,1624333263615,-1,-1,-1
203,671,1624333264614,-1,-1,-1
204,615,1624333268601,-1,-1,-1
205,831,1624333269600,-1,-1,-1
206,655,1624333269600,-1,-1,-1
207,799,1624333275613,-1,-1,-1
208,639,1624333276607,-1,-1,-1
209,791,1624333276607,-1,-1,-1
210,639,1624333277659,-1,-1,-1
211,903,1624333278606,-1,-1,-1
212,519,1624333279602,-1,-1,-1
213,503,1624333282677,-1,-1,-1
214,839,1624333283687,-1,-1,-1
215,823,1624333286656,-1,-1,-1
216,815,1624333287607,-1,-1,-1
217,727,1624333289605,-1,-1,-1
218,623,1624333296636,-1,-1,-1
219,735,1624333299605,-1,-1,-1
220,743,1624333300628,-1,-1,-1
221,679,1624333300628,-1,-1,-1
222,727,1624333301649,-1,-1,-1
223,583,1624333302594,-1,-1,-1
224,783,1624333302594,-1,-1,-1
225,687,1624333303589,-1,-1,-1
226,791,1624333304613,-1,-1,-1
227,663,1624333305643,-1,-1,-1
228,719,1624333309603,-1,-1,-1
229,903,1624333310601,-1,-1,-1
230,607,1624333311601,-1,-1,-1
231,703,1624333312628,-1,-1,-1
232,847,1624333312628,-1,-1,-1
233,615,1624333313598,-1,-1,-1
234,839,1624333315650,-1,-1,-1
235,575,1624333316619,-1,-1,-1
236,895,1624333317614,-1,-1,-1
237,695,1624333317615,-1,-1,-1
238,695,1624333320658,-1,-1,-1
239,719,1624333320658,-1,-1,-1
240,671,1624333321657,-1,-1,-1
241,607,1624333323625,-1,-1,-1
242,511,1624333324594,-1,-1,-1
243,663,1624333325619,-1,-1,-1
244,695,1624333326616,-1,-1,-1
245,711,1624333327642,-1,-1,-1
246,679,1624333327642,-1,-1,-1
247,639,1624333328609,-1,-1,-1
248,599,1624333330608,-1,-1,-1
249,751,1624333333654,-1,-1,-1
250,807,1624333335595,-1,-1,-1
251,647,1624333337669,-1,-1,-1
252,783,1624333341604,-1,-1,-1
253,839,1624333344597,-1,-1,-1
254,631,1624333345614,-1,-1,-1
255,687,1624333346587,-1,-1,-1
256,759,1624333346587,-1,-1,-1
257,663,1624333348665,-1,-1,-1
258,615,1624333349608,-1,-1,-1
259,727,1624333355590,-1,-1,-1
260,775,1624333356645,-1,-1,-1
261,567,1624333356645,-1,-1,-1
262,927,1624333368610,-1,-1,-1
263,1055,1624333369614,-1,-1,-1
264,719,1624333375622,-1,-1,-1
265,1015,1624333383655,-1,-1,-1
266,711,1624333386599,-1,-1,-1
267,687,1624333386599,-1,-1,-1
268,695,1624333387596,-1,-1,-1
269,631,1624333394630,-1,-1,-1
270,823,1624333396597,-1,-1,-1
271,879,1624333405628,-1,-1,-1
272,695,1624333408653,-1,-1,-1
273,695,1624333409592,-1,-1,-1
274,759,1624333409592,-1,-1,-1
275,655,1624333410585,-1,-1,-1
276,791,1624333411613,-1,-1,-1
277,703,1624333412583,-1,-1,-1
278,583,1624333415654,-1,-1,-1
279,519,1624333420595,-1,-1,-1
280,887,1624333421641,-1,-1,-1
281,719,1624333421641,-1,-1,-1
282,503,1624333434582,-1,-1,-1
283,983,1624333438627,-1,-1,-1
284,1007,1624333439623,-1,-1,-1
285,607,1624333441617,-1,-1,-1
286,911,1624333442587,-1,-1,-1
287,1000,1624333443583,-1,-1,-1
288,1167,1624333459626,-1,-1,-1
289,863,1624333461595,-1,-1,-1
290,687,1624333462592,-1,-1,-1
291,1215,1624333463594,-1,-1,-1
292,839,1624333473591,-1,-1,-1
293,1263,1624333474615,-1,-1,-1
294,1471,1624333476644,-1,-1,-1
295,783,1624333483590,-1,-1,-1
296,735,1624333487638,-1,-1,-1
297,1383,1624333489659,-1,-1,-1
298,1311,1624333490602,-1,-1,-1
299,1271,1624333491648,-1,-1,-1
300,919,1624333492646,-1,-1,-1
301,1375,1624333496642,-1,-1,-1
302,1431,1624333503592,-1,-1,-1
303,911,1624333506585,-1,-1,-1
304,1287,1624333509580,-1,-1,-1
305,1063,1624333510627,-1,-1,-1
306,1095,1624333511655,-1,-1,-1
307,759,1624333512595,-1,-1,-1
308,743,1624333515614,-1,-1,-1
309,1103,1624333516614,-1,-1,-1
310,959,1624333517582,-1,-1,-1
311,687,1624333519584,-1,-1,-1
312,1023,1624333523602,-1,-1,-1
313,727,1624333523602,-1,-1,-1
314,599,1624333524597,-1,-1,-1
315,703,1624333525595,-1,-1,-1
316,711,1624333525595,-1,-1,-1
317,639,1624333526591,-1,-1,-1
318,711,1624333527581,-1,-1,-1
319,751,1624333528582,-1,-1,-1
320,615,1624333528582,-1,-1,-1
321,719,1624333529633,-1,-1,-1
322,631,1624333529633,-1,-1,-1
323,927,1624333545594,-1,-1,-1
324,1127,1624333549670,-1,-1,-1
325,959,1624333550608,-1,-1,-1
326,1383,1624333558595,-1,-1,-1
327,1343,1624333562609,-1,-1,-1
328,807,1624333562609,-1,-1,-1
329,1175,1624333564596,-1,-1,-1
330,1135,1624333565609,-1,-1,-1
331,1623,1624333569621,-1,-1,-1
332,1639,1624333570633,-1,-1,-1
333,1415,1624333572581,-1,-1,-1
334,1463,1624333573593,-1,-1,-1
335,1343,1624333577605,-1,-1,-1
336,743,1624333591630,-1,-1,-1
337,1247,1624333593619,-1,-1,-1
338,975,1624333594601,-1,-1,-1
339,879,1624333598609,-1,-1,-1
340,1191,1624333599657,-1,-1,-1
341,671,1624333605585,-1,-1,-1
342,751,1624333607720,-1,-1,-1
343,799,1624333621629,-1,-1,-1
344,639,1624333622604,-1,-1,-1
345,687,1624333624595,-1,-1,-1
346,631,1624333624595,-1,-1,-1
347,927,1624333625643,-1,-1,-1
348,703,1624333627595,-1,-1,-1
349,631,1624333639668,-1,-1,-1
350,639,1624333644662,-1,-1,-1
351,799,1624333645671,-1,-1,-1
352,719,1624333645671,-1,-1,-1
353,575,1624333646606,-1,-1,-1
354,679,1624333651595,-1,-1,-1
355,863,1624333653619,-1,-1,-1
356,815,1624333660670,-1,-1,-1
357,575,1624333670570,-1,-1,-1
358,767,1624333672670,-1,-1,-1
359,775,1624333673617,-1,-1,-1
360,655,1624333673617,-1,-1,-1
361,463,1624333675674,-1,-1,-1
362,655,1624333678595,-1,-1,-1
363,679,1624333679616,-1,-1,-1
364,703,1624333680621,-1,-1,-1
365,743,1624333680621,-1,-1,-1
366,655,1624333681639,-1,-1,-1
367,511,1624333682570,-1,-1,-1
368,895,1624333682570,-1,-1,-1
369,807,1624333683696,-1,-1,-1
370,663,1624333687634,-1,-1,-1
371,807,1624333689618,-1,-1,-1
372,583,1624333690595,-1,-1,-1
373,823,1624333690595,-1,-1,-1
374,751,1624333691567,-1,-1,-1
375,775,1624333695582,-1,-1,-1
376,607,1624333697569,-1,-1,-1
377,711,1624333698660,-1,-1,-1
378,743,1624333701580,-1,-1,-1
379,607,1624333702596,-1,-1,-1
380,615,1624333707658,-1,-1,-1
381,671,1624333709570,-1,-1,-1
382,719,1624333712648,-1,-1,-1
383,863,1624333717630,-1,-1,-1
384,671,1624333719655,-1,-1,-1
385,719,1624333722582,-1,-1,-1
386,735,1624333724570,-1,-1,-1
387,711,1624333727606,-1,-1,-1
388,647,1624333729596,-1,-1,-1
389,695,1624333729596,-1,-1,-1
390,695,1624333730607,-1,-1,-1
391,567,1624333732595,-1,-1,-1
392,719,1624333733610,-1,-1,-1
393,543,1624333736571,-1,-1,-1
394,767,1624333737583,-1,-1,-1
395,583,1624333738593,-1,-1,-1
396,831,1624333739609,-1,-1,-1
397,687,1624333740584,-1,-1,-1
398,727,1624333741632,-1,-1,-1
399,759,1624333742571,-1,-1,-1
400,655,1624333742571,-1,-1,-1
401,471,1624333743619,-1,-1,-1
402,639,1624333745573,-1,-1,-1
403,847,1624333746618,-1,-1,-1
404,871,1624333748569,-1,-1,-1
405,911,1624333749591,-1,-1,-1
406,519,1624333749591,-1,-1,-1
407,895,1624333750596,-1,-1,-1
408,879,1624333754567,-1,-1,-1
409,655,1624333754567,-1,-1,-1
410,879,1624333758580,-1,-1,-1
411,751,1624333760609,-1,-1,-1
412,615,1624333761582,-1,-1,-1
413,727,1624333764625,-1,-1,-1
414,639,1624333775570,-1,-1,-1
415,823,1624333776659,-1,-1,-1
416,751,1624333777597,-1,-1,-1
417,583,1624333777597,-1,-1,-1
418,823,1624333778606,-1,-1,-1
419,567,1624333779581,-1,-1,-1
420,631,1624333779581,-1,-1,-1
421,735,1624333781605,-1,-1,-1
422,759,1624333782584,-1,-1,-1
423,639,1624333783558,-1,-1,-1
424,735,1624333783558,-1,-1,-1
425,679,1624333784575,-1,-1,-1
426,631,1624333785732,-1,-1,-1
427,623,1624333787608,-1,-1,-1
428,623,1624333789556,-1,-1,-1
429,487,1624333795557,-1,-1,-1
430,567,1624333796573,-1,-1,-1
431,799,1624333797620,-1,-1,-1
432,815,1624333800661,-1,-1,-1
433,695,1624333806582,-1,-1,-1
434,719,1624333807555,-1,-1,-1
435,663,1624333810630,-1,-1,-1
436,727,1624333811573,-1,-1,-1
437,623,1624333813599,-1,-1,-1
438,615,1624333814571,-1,-1,-1
439,487,1624333814571,-1,-1,-1
440,751,1624333815620,-1,-1,-1
441,663,1624333815620,-1,-1,-1
442,751,1624333816633,-1,-1,-1
443,447,1624333820574,-1,-1,-1
444,591,1624333821585,-1,-1,-1
445,559,1624333823573,-1,-1,-1
446,671,1624333825560,-1,-1,-1
447,743,1624333828597,-1,-1,-1
448,663,1624333828597,-1,-1,-1
449,887,1624333829568,-1,-1,-1
450,695,1624333830656,-1,-1,-1
451,711,1624333830656,-1,-1,-1
452,759,1624333831708,-1,-1,-1
453,471,1624333834558,-1,-1,-1
454,823,1624333838568,-1,-1,-1
455,479,1624333840559,-1,-1,-1
456,567,1624333843594,-1,-1,-1
457,647,1624333844569,-1,-1,-1
458,767,1624333845619,-1,-1,-1
459,783,1624333846636,-1,-1,-1
460,783,1624333848623,-1,-1,-1
461,727,1624333848623,-1,-1,-1
462,663,1624333849595,-1,-1,-1
463,703,1624333851580,-1,-1,-1
464,887,1624333852557,-1,-1,-1
465,775,1624333853685,-1,-1,-1
466,703,1624333860582,-1,-1,-1
467,671,1624333860582,-1,-1,-1
468,743,1624333863588,-1,-1,-1
469,935,1624333865645,-1,-1,-1
470,495,1624333867557,-1,-1,-1
471,927,1624333868566,-1,-1,-1
472,703,1624333868566,-1,-1,-1
473,919,1624333872651,-1,-1,-1
474,687,1624333874648,-1,-1,-1
475,679,1624333876594,-1,-1,-1
476,655,1624333877640,-1,-1,-1
477,815,1624333884657,-1,-1,-1
478,655,1624333886682,-1,-1,-1
479,951,1624333892569,-1,-1,-1
480,799,1624333895610,-1,-1,-1
481,583,1624333896732,-1,-1,-1
482,663,1624333898605,-1,-1,-1
483,719,1624333902577,-1,-1,-1
484,751,1624333905583,-1,-1,-1
485,807,1624333907644,-1,-1,-1
486,679,1624333908621,-1,-1,-1
487,647,1624333913569,-1,-1,-1
488,527,1624333914620,-1,-1,-1
489,735,1624333916569,-1,-1,-1
490,767,1624333917582,-1,-1,-1
491,1167,1624333932578,-1,-1,-1
492,839,1624333936557,-1,-1,-1
493,639,1624333939553,-1,-1,-1
494,1215,1624333942602,-1,-1,-1
495,1167,1624333943569,-1,-1,-1
496,1263,1624333944618,-1,-1,-1
497,1175,1624333945668,-1,-1,-1
498,951,1624333948633,-1,-1,-1
499,1287,1624333949571,-1,-1,-1
500,1151,1624333952645,-1,-1,-1
501,1279,1624333955570,-1,-1,-1
502,863,1624333960558,-1,-1,-1
503,1295,1624333961570,-1,-1,-1
504,1263,1624333964643,-1,-1,-1
505,727,1624333965586,-1,-1,-1
506,895,1624333968657,-1,-1,-1
507,983,1624333970647,-1,-1,-1
508,903,1624333974543,-1,-1,-1
509,1000,1624333977625,-1,-1,-1
510,527,1624333977625,-1,-1,-1
511,1127,1624333980544,-1,-1,-1
512,975,1624333986619,-1,-1,-1
513,1000,1624333987558,-1,-1,-1
514,1055,1624333991639,-1,-1,-1
515,1159,1624333995469,-1,-1,-1
516,1487,1624333998468,-1,-1,-1
517,1111,1624334001467,-1,-1,-1
518,1207,1624334002483,-1,-1,-1
519,1295,1624334003532,-1,-1,-1
520,1455,1624334005482,-1,-1,-1
521,1351,1624334008483,-1,-1,-1
522,1095,1624334015496,-1,-1,-1
523,799,1624334015496,-1,-1,-1
524,711,1624334016585,-1,-1,-1
525,975,1624334017484,-1,-1,-1
526,1095,1624334022469,-1,-1,-1
527,887,1624334023552,-1,-1,-1
528,735,1624334023552,-1,-1,-1
529,783,1624334024496,-1,-1,-1
530,1055,1624334025471,-1,-1,-1
531,655,1624334029486,-1,-1,-1
532,1047,1624334035520,-1,-1,-1
533,1055,1624334036535,-1,-1,-1
534,607,1624334036535,-1,-1,-1
535,719,1624334037469,-1,-1,-1
536,887,1624334038483,-1,-1,-1
537,831,1624334039495,-1,-1,-1
538,791,1624334042495,-1,-1,-1
539,847,1624334045494,-1,-1,-1
540,727,1624334045494,-1,-1,-1
541,735,1624334046626,-1,-1,-1
542,631,1624334047483,-1,-1,-1
543,711,1624334047483,-1,-1,-1
544,679,1624334048532,-1,-1,-1
545,967,1624334050523,-1,-1,-1
546,567,1624334051646,-1,-1,-1
547,711,1624334056522,-1,-1,-1
548,855,1624334057496,-1,-1,-1
549,743,1624334062485,-1,-1,-1
550,751,1624334064468,-1,-1,-1
551,671,1624334073468,-1,-1,-1
552,703,1624334075534,-1,-1,-1
553,703,1624334077483,-1,-1,-1
554,767,1624334081495,-1,-1,-1
555,503,1624334081496,-1,-1,-1
556,591,1624334085508,-1,-1,-1
557,663,1624334089518,-1,-1,-1
558,1023,1624334094467,-1,-1,-1
559,975,1624334095484,-1,-1,-1
560,1023,1624334096535,-1,-1,-1
561,1000,1624334101561,-1,-1,-1
562,1383,1624334102499,-1,-1,-1
563,1047,1624334105493,-1,-1,-1
564,943,1624334106504,-1,-1,-1
565,1127,1624334114531,-1,-1,-1
566,1407,1624334116522,-1,-1,-1
567,1407,1624334117531,-1,-1,-1
568,775,1624334120532,-1,-1,-1
569,1231,1624334121471,-1,-1,-1
570,775,1624334124507,-1,-1,-1
571,975,1624334125481,-1,-1,-1
572,687,1624334126531,-1,-1,-1
573,711,1624334126531,-1,-1,-1
574,983,1624334131485,-1,-1,-1
575,623,1624334136470,-1,-1,-1
576,735,1624334137479,-1,-1,-1
577,679,1624334137479,-1,-1,-1
578,903,1624334138529,-1,-1,-1
579,767,1624334147569,-1,-1,-1
580,1055,1624334158479,-1,-1,-1
581,1103,1624334163469,-1,-1,-1
582,663,1624334168493,-1,-1,-1
583,1071,1624334169470,-1,-1,-1
584,911,1624334170481,-1,-1,-1
585,1079,1624334174458,-1,-1,-1
586,719,1624334175505,-1,-1,-1
587,991,1624334176519,-1,-1,-1
588,919,1624334177459,-1,-1,-1
589,1191,1624334184507,-1,-1,-1
590,743,1624334189530,-1,-1,-1
591,839,1624334192531,-1,-1,-1
592,671,1624334193468,-1,-1,-1
593,719,1624334194521,-1,-1,-1
594,599,1624334194521,-1,-1,-1
595,703,1624334198532,-1,-1,-1
596,815,1624334201496,-1,-1,-1
597,927,1624334202506,-1,-1,-1
598,951,1624334204495,-1,-1,-1
599,743,1624334206517,-1,-1,-1
600,711,1624334210605,-1,-1,-1
601,823,1624334210605,-1,-1,-1
602,911,1624334211472,-1,-1,-1
603,991,1624334215556,-1,-1,-1
604,751,1624334215556,-1,-1,-1
605,623,1624334216459,-1,-1,-1
606,735,1624334218483,-1,-1,-1
607,559,1624334219533,-1,-1,-1
608,767,1624334222458,-1,-1,-1
609,655,1624334224483,-1,-1,-1
610,703,1624334224483,-1,-1,-1
611,895,1624334227482,-1,-1,-1
612,759,1624334230593,-1,-1,-1
613,1039,1624334238581,-1,-1,-1
614,959,1624334242559,-1,-1,-1
615,743,1624334243461,-1,-1,-1
616,927,1624334244471,-1,-1,-1
617,759,1624334245558,-1,-1,-1
618,1023,1624334246530,-1,-1,-1
619,1039,1624334247469,-1,-1,-1
620,759,1624334251518,-1,-1,-1
621,903,1624334257555,-1,-1,-1
622,639,1624334258493,-1,-1,-1
623,711,1624334265546,-1,-1,-1
624,1007,1624334267456,-1,-1,-1
625,743,1624334270455,-1,-1,-1
626,567,1624334271624,-1,-1,-1
627,1031,1624334273457,-1,-1,-1
628,799,1624334274549,-1,-1,-1
629,527,1624334274549,-1,-1,-1
630,591,1624334275560,-1,-1,-1
631,583,1624334275560,-1,-1,-1
632,647,1624334278482,-1,-1,-1
633,719,1624334282459,-1,-1,-1
634,559,1624334284483,-1,-1,-1
635,607,1624334285530,-1,-1,-1
636,775,1624334287631,-1,-1,-1
637,799,1624334295545,-1,-1,-1
638,879,1624334297495,-1,-1,-1
639,767,1624334298581,-1,-1,-1
640,663,1624334299481,-1,-1,-1
641,975,1624334301468,-1,-1,-1
642,639,1624334302524,-1,-1,-1
643,879,1624334303493,-1,-1,-1
644,703,1624334308480,-1,-1,-1
645,631,1624334308480,-1,-1,-1
646,719,1624334312568,-1,-1,-1
647,687,1624334317484,-1,-1,-1
648,775,1624334318459,-1,-1,-1
649,559,1624334327533,-1,-1,-1
650,887,1624334328507,-1,-1,-1
651,887,1624334329516,-1,-1,-1
652,719,1624334330455,-1,-1,-1
653,751,1624334332481,-1,-1,-1
654,591,1624334332481,-1,-1,-1
655,727,1624334335446,-1,-1,-1
656,599,1624334335446,-1,-1,-1
657,655,1624334343542,-1,-1,-1
658,831,1624334347450,-1,-1,-1
659,863,1624334350448,-1,-1,-1
660,751,1624334351532,-1,-1,-1
661,607,1624334356595,-1,-1,-1
662,855,1624334358473,-1,-1,-1
663,559,1624334359443,-1,-1,-1
664,1039,1624334360495,-1,-1,-1
665,671,1624334363455,-1,-1,-1
666,1063,1624334364544,-1,-1,-1
667,1007,1624334365482,-1,-1,-1
668,743,1624334366455,-1,-1,-1
669,1007,1624334369455,-1,-1,-1
670,1039,1624334372455,-1,-1,-1
671,719,1624334372455,-1,-1,-1
672,1231,1624334374481,-1,-1,-1
673,863,1624334375458,-1,-1,-1
674,719,1624334375459,-1,-1,-1
675,1367,1624334380445,-1,-1,-1
676,783,1624334382469,-1,-1,-1
677,1271,1624334385468,-1,-1,-1
678,887,1624334386444,-1,-1,-1
679,1351,1624334389445,-1,-1,-1
680,703,1624334390494,-1,-1,-1
681,767,1624334393494,-1,-1,-1
682,695,1624334393494,-1,-1,-1
683,991,1624334396458,-1,-1,-1
684,1063,1624334397506,-1,-1,-1
685,1287,1624334402459,-1,-1,-1
686,1223,1624334406470,-1,-1,-1
687,1567,1624334408496,-1,-1,-1
688,1607,1624334409582,-1,-1,-1
689,1047,1624334415470,-1,-1,-1
690,1215,1624334420457,-1,-1,-1
691,1375,1624334422443,-1,-1,-1
692,1495,1624334423461,-1,-1,-1
693,1159,1624334424474,-1,-1,-1
694,895,1624334425443,-1,-1,-1
695,711,1624334426494,-1,-1,-1
696,695,1624334445638,-1,-1,-1
697,783,1624334448433,-1,-1,-1
698,1295,1624334449481,-1,-1,-1
699,911,1624334450454,-1,-1,-1
700,695,1624334451468,-1,-1,-1
701,895,1624334452446,-1,-1,-1
702,943,1624334455481,-1,-1,-1
703,1000,1624334456495,-1,-1,-1
704,1047,1624334466582,-1,-1,-1
705,679,1624334466582,-1,-1,-1
706,855,1624334469468,-1,-1,-1
707,919,1624334470479,-1,-1,-1
708,903,1624334473443,-1,-1,-1
709,1079,1624334474539,-1,-1,-1
710,1151,1624334477456,-1,-1,-1
711,735,1624334482450,-1,-1,-1
712,1119,1624334484506,-1,-1,-1
713,783,1624334484506,-1,-1,-1
714,975,1624334485445,-1,-1,-1
715,655,1624334490475,-1,-1,-1
716,775,1624334493506,-1,-1,-1
717,711,1624334494519,-1,-1,-1
718,759,1624334495604,-1,-1,-1
719,791,1624334496431,-1,-1,-1
720,783,1624334498497,-1,-1,-1
721,735,1624334499432,-1,-1,-1
722,767,1624334499432,-1,-1,-1
723,703,1624334500444,-1,-1,-1
724,759,1624334501495,-1,-1,-1
725,703,1624334502433,-1,-1,-1
726,719,1624334502433,-1,-1,-1
727,735,1624334503442,-1,-1,-1
728,751,1624334504497,-1,-1,-1
729,727,1624334505431,-1,-1,-1
730,711,1624334507496,-1,-1,-1
731,759,1624334507496,-1,-1,-1
732,687,1624334508469,-1,-1,-1
733,703,1624334509448,-1,-1,-1
734,535,1624334509448,-1,-1,-1
735,703,1624334514432,-1,-1,-1
736,783,1624334518482,-1,-1,-1
737,711,1624334520581,-1,-1,-1
738,639,1624334523433,-1,-1,-1
739,871,1624334530591,-1,-1,-1
740,559,1624334536444,-1,-1,-1
741,927,1624334543531,-1,-1,-1
742,783,1624334543531,-1,-1,-1
743,647,1624334549493,-1,-1,-1
744,599,1624334551521,-1,-1,-1
745,655,1624334555459,-1,-1,-1
746,663,1624334556438,-1,-1,-1
747,663,1624334559469,-1,-1,-1
748,791,1624334561531,-1,-1,-1
749,623,1624334562468,-1,-1,-1
750,847,1624334562468,-1,-1,-1
751,687,1624334565431,-1,-1,-1
752,839,1624334567531,-1,-1,-1
753,775,1624334568506,-1,-1,-1
754,735,1624334575446,-1,-1,-1
755,1111,1624334580468,-1,-1,-1
756,767,1624334581481,-1,-1,-1
757,727,1624334581481,-1,-1,-1
758,591,1624334585456,-1,-1,-1
759,871,1624334586468,-1,-1,-1
760,751,1624334588496,-1,-1,-1
761,735,1624334589468,-1,-1,-1
762,767,1624334594496,-1,-1,-1
763,751,1624334595438,-1,-1,-1
764,791,1624334596554,-1,-1,-1
765,951,1624334597455,-1,-1,-1
766,583,1624334609494,-1,-1,-1
767,687,1624334610469,-1,-1,-1
768,535,1624334616507,-1,-1,-1
769,991,1624334617484,-1,-1,-1
770,831,1624334622507,-1,-1,-1
771,943,1624334625431,-1,-1,-1
772,639,1624334626443,-1,-1,-1
773,551,1624334627493,-1,-1,-1
774,791,1624334637431,-1,-1,-1
775,983,1624334639569,-1,-1,-1
776,991,1624334640468,-1,-1,-1
777,615,1624334641556,-1,-1,-1
778,911,1624334642456,-1,-1,-1
779,991,1624334643506,-1,-1,-1
780,567,1624334647444,-1,-1,-1
781,879,1624334648419,-1,-1,-1
782,807,1624334650444,-1,-1,-1
783,1055,1624334652432,-1,-1,-1
784,1071,1624334653481,-1,-1,-1
785,775,1624334653481,-1,-1,-1
786,791,1624334656444,-1,-1,-1
787,719,1624334660419,-1,-1,-1
788,631,1624334670431,-1,-1,-1
789,807,1624334671445,-1,-1,-1
790,991,1624334686444,-1,-1,-1
791,599,1624334689444,-1,-1,-1
792,1015,1624334702419,-1,-1,-1
793,679,1624334715431,-1,-1,-1
794,495,1624334715431,-1,-1,-1
795,823,1624334720457,-1,-1,-1
796,703,1624334721431,-1,-1,-1
797,655,1624334728485,-1,-1,-1
798,655,1624334729419,-1,-1,-1
799,951,1624334747497,-1,-1,-1
800,863,1624334748431,-1,-1,-1
801,743,1624334751469,-1,-1,-1
802,759,1624334753494,-1,-1,-1
803,639,1624334758518,-1,-1,-1
804,799,1624334759426,-1,-1,-1
805,631,1624334760435,-1,-1,-1
806,503,1624334768420,-1,-1,-1
807,575,1624334770454,-1,-1,-1
808,951,1624334771418,-1,-1,-1
809,607,1624334780493,-1,-1,-1
810,1095,1624334781470,-1,-1,-1
811,1215,1624334788409,-1,-1,-1
812,1263,1624334793468,-1,-1,-1
813,1127,1624334798423,-1,-1,-1
814,1023,1624334799431,-1,-1,-1
815,727,1624334800444,-1,-1,-1
816,631,1624334807455,-1,-1,-1
817,783,1624334827522,-1,-1,-1
818,959,1624334831494,-1,-1,-1
819,743,1624334831495,-1,-1,-1
820,519,1624334843458,-1,-1,-1
821,831,1624334844433,-1,-1,-1
822,831,1624334844433,-1,-1,-1
823,919,1624334851445,-1,-1,-1
824,639,1624334852494,-1,-1,-1
825,503,1624334854408,-1,-1,-1
826,855,1624334854409,-1,-1,-1
827,511,1624334858459,-1,-1,-1
828,815,1624334858459,-1,-1,-1
829,847,1624334859469,-1,-1,-1
830,975,1624334860409,-1,-1,-1
831,871,1624334864422,-1,-1,-1
832,727,1624334864422,-1,-1,-1
833,703,1624334868433,-1,-1,-1
834,503,1624334874431,-1,-1,-1
835,543,1624334875443,-1,-1,-1
836,743,1624334875443,-1,-1,-1
837,871,1624334876456,-1,-1,-1
838,607,1624334877469,-1,-1,-1
839,711,1624334877469,-1,-1,-1
840,479,1624334880434,-1,-1,-1
841,751,1624334881484,-1,-1,-1
842,847,1624334882456,-1,-1,-1
843,543,1624334883508,-1,-1,-1
844,783,1624334885459,-1,-1,-1
845,791,1624334888459,-1,-1,-1
846,775,1624334890406,-1,-1,-1
847,503,1624334892468,-1,-1,-1
848,959,1624334905409,-1,-1,-1
849,543,1624334909495,-1,-1,-1
850,751,1624334909495,-1,-1,-1
851,719,1624334910431,-1,-1,-1
852,695,1624334911443,-1,-1,-1
853,895,1624334913433,-1,-1,-1
854,535,1624334916472,-1,-1,-1
855,935,1624334917448,-1,-1,-1
856,823,1624334917448,-1,-1,-1
857,831,1624334918418,-1,-1,-1
858,647,1624334921570,-1,-1,-1
859,839,1624334922431,-1,-1,-1
860,703,1624334923482,-1,-1,-1
861,983,1624334924419,-1,-1,-1
862,663,1624334927456,-1,-1,-1
863,695,1624334927456,-1,-1,-1
864,711,1624334929406,-1,-1,-1
865,615,1624334934507,-1,-1,-1
866,567,1624334936533,-1,-1,-1
867,727,1624334940433,-1,-1,-1
868,575,1624334941443,-1,-1,-1
869,687,1624334959447,-1,-1,-1
870,855,1624334962517,-1,-1,-1
871,535,1624334964506,-1,-1,-1
872,895,1624334965488,-1,-1,-1
873,559,1624334970432,-1,-1,-1
874,775,1624334972491,-1,-1,-1
875,903,1624334978456,-1,-1,-1
876,695,1624334979508,-1,-1,-1
877,807,1624334980414,-1,-1,-1
878,687,1624334983444,-1,-1,-1
879,703,1624334983444,-1,-1,-1
880,711,1624334990456,-1,-1,-1
881,823,1624334991432,-1,-1,-1
882,751,1624334995447,-1,-1,-1
883,591,1624334998444,-1,-1,-1
884,591,1624335001481,-1,-1,-1
885,751,1624335001481,-1,-1,-1
886,607,1624335002420,-1,-1,-1
887,623,1624335003394,-1,-1,-1
888,911,1624335003394,-1,-1,-1
889,799,1624335009397,-1,-1,-1
890,495,1624335021433,-1,-1,-1
891,783,1624335023455,-1,-1,-1
892,671,1624335028409,-1,-1,-1
893,599,1624335028409,-1,-1,-1
894,767,1624335031406,-1,-1,-1
895,559,1624335033393,-1,-1,-1
896,503,1624335037444,-1,-1,-1
897,767,1624335038496,-1,-1,-1
898,607,1624335038496,-1,-1,-1
899,807,1624335040408,-1,-1,-1
900,679,1624335049407,-1,-1,-1
901,623,1624335050418,-1,-1,-1
902,743,1624335052409,-1,-1,-1
903,735,1624335064406,-1,-1,-1
904,647,1624335077494,-1,-1,-1
905,631,1624335085444,-1,-1,-1
906,935,1624335089418,-1,-1,-1
907,679,1624335090431,-1,-1,-1
908,743,1624335092420,-1,-1,-1
909,655,1624335093393,-1,-1,-1
910,663,1624335094407,-1,-1,-1
911,655,1624335104421,-1,-1,-1
912,631,1624335107420,-1,-1,-1
913,703,1624335123431,-1,-1,-1
914,751,1624335124445,-1,-1,-1
915,751,1624335125381,-1,-1,-1
916,855,1624335130406,-1,-1,-1
917,879,1624335133418,-1,-1,-1
918,791,1624335134456,-1,-1,-1
919,831,1624335135393,-1,-1,-1
920,823,1624335135393,-1,-1,-1
921,991,1624335143460,-1,-1,-1
922,463,1624335151487,-1,-1,-1
923,583,1624335153430,-1,-1,-1
924,671,1624335159395,-1,-1,-1
925,863,1624335161419,-1,-1,-1
926,511,1624335163408,-1,-1,-1
927,695,1624335168396,-1,-1,-1
928,503,1624335168396,-1,-1,-1
929,895,1624335176456,-1,-1,-1
930,671,1624335176456,-1,-1,-1
931,847,1624335187405,-1,-1,-1
932,583,1624335189431,-1,-1,-1
933,767,1624335189431,-1,-1,-1
934,567,1624335190481,-1,-1,-1
935,487,1624335190481,-1,-1,-1
936,823,1624335191422,-1,-1,-1
937,543,1624335192468,-1,-1,-1
938,735,1624335200382,-1,-1,-1
939,831,1624335200382,-1,-1,-1
940,775,1624335208405,-1,-1,-1
941,575,1624335211445,-1,-1,-1
942,535,1624335216433,-1,-1,-1
943,631,1624335217444,-1,-1,-1
944,735,1624335225394,-1,-1,-1
945,879,1624335226406,-1,-1,-1
946,607,1624335227382,-1,-1,-1
947,559,1624335233421,-1,-1,-1
948,735,1624335239382,-1,-1,-1
949,655,1624335240543,-1,-1,-1
950,879,1624335247406,-1,-1,-1
951,799,1624335248381,-1,-1,-1
952,687,1624335253405,-1,-1,-1
953,551,1624335253405,-1,-1,-1
954,703,1624335255395,-1,-1,-1
955,791,1624335261431,-1,-1,-1
956,479,1624335265412,-1,-1,-1
957,639,1624335268369,-1,-1,-1
958,663,1624335269382,-1,-1,-1
959,679,1624335269383,-1,-1,-1
960,663,1624335270545,-1,-1,-1
961,623,1624335271406,-1,-1,-1
962,671,1624335271406,-1,-1,-1
963,519,1624335275381,-1,-1,-1
964,823,1624335276470,-1,-1,-1
965,623,1624335277368,-1,-1,-1
966,615,1624335279393,-1,-1,-1
967,511,1624335288393,-1,-1,-1
968,767,1624335290419,-1,-1,-1
969,735,1624335296456,-1,-1,-1
970,863,1624335300394,-1,-1,-1
971,919,1624335303430,-1,-1,-1
972,647,1624335308383,-1,-1,-1
973,615,1624335309507,-1,-1,-1
974,639,1624335310443,-1,-1,-1
975,671,1624335310443,-1,-1,-1
976,535,1624335312393,-1,-1,-1
977,735,1624335314456,-1,-1,-1
978,751,1624335317461,-1,-1,-1
979,671,1624335326379,-1,-1,-1
980,663,1624335327392,-1,-1,-1
981,647,1624335328447,-1,-1,-1
982,735,1624335328447,-1,-1,-1
983,703,1624335329421,-1,-1,-1
984,791,1624335348434,-1,-1,-1
985,767,1624335352409,-1,-1,-1
986,479,1624335361366,-1,-1,-1
987,623,1624335365381,-1,-1,-1
988,687,1624335371458,-1,-1,-1
989,599,1624335371458,-1,-1,-1
990,799,1624335377419,-1,-1,-1
991,663,1624335383384,-1,-1,-1
992,647,1624335383384,-1,-1,-1
993,647,1624335384396,-1,-1,-1
994,559,1624335385369,-1,-1,-1
995,663,1624335385369,-1,-1,-1
996,671,1624335386418,-1,-1,-1
997,599,1624335387432,-1,-1,-1
998,671,1624335387432,-1,-1,-1
999,655,1624335388406,-1,-1,-1
1000,615,1624335389384,-1,-1,-1
1001,583,1624335398497,-1,-1,-1
1002,623,1624335398497,-1,-1,-1
1003,623,1624335399394,-1,-1,-1
1004,695,1624335400369,-1,-1,-1
1005,639,1624335400369,-1,-1,-1
1006,719,1624335401418,-1,-1,-1
1007,895,1624335411394,-1,-1,-1
1008,767,1624335414396,-1,-1,-1
1009,831,1624335420509,-1,-1,-1
1010,607,1624335427411,-1,-1,-1
1011,759,1624335430405,-1,-1,-1
1012,719,1624335434381,-1,-1,-1
1013,711,1624335435505,-1,-1,-1
1014,591,1624335437381,-1,-1,-1
1015,727,1624335439449,-1,-1,-1
1016,615,1624335440382,-1,-1,-1
1017,727,1624335444506,-1,-1,-1
1018,887,1624335452381,-1,-1,-1
1019,551,1624335453394,-1,-1,-1
1020,679,1624335461419,-1,-1,-1
1021,751,1624335462396,-1,-1,-1
1022,735,1624335463371,-1,-1,-1
1023,743,1624335466406,-1,-1,-1
1024,1023,1624335467419,-1,-1,-1
1025,1031,1624335468431,-1,-1,-1
1026,687,1624335469481,-1,-1,-1
1027,1319,1624335477396,-1,-1,-1
1028,839,1624335477396,-1,-1,-1
1029,807,1624335481443,-1,-1,-1
1030,871,1624335486353,-1,-1,-1
1031,1191,1624335490369,-1,-1,-1
1032,695,1624335499368,-1,-1,-1
1033,1023,1624335500423,-1,-1,-1
1034,759,1624335503419,-1,-1,-1
1035,671,1624335506379,-1,-1,-1
1036,799,1624335513431,-1,-1,-1
1037,671,1624335514372,-1,-1,-1
1038,735,1624335519356,-1,-1,-1
1039,759,1624335521418,-1,-1,-1
1040,575,1624335529369,-1,-1,-1
1041,607,1624335538408,-1,-1,-1
1042,663,1624335538408,-1,-1,-1
1043,703,1624335542420,-1,-1,-1
1044,815,1624335548381,-1,-1,-1
1045,799,1624335548381,-1,-1,-1
1046,743,1624335555394,-1,-1,-1
1047,631,1624335562370,-1,-1,-1
1048,671,1624335564359,-1,-1,-1
1049,783,1624335576356,-1,-1,-1
1050,983,1624335584381,-1,-1,-1
1051,1031,1624335591433,-1,-1,-1
1052,887,1624335592444,-1,-1,-1
1053,1063,1624335593459,-1,-1,-1
1054,711,1624335594356,-1,-1,-1
1055,671,1624335594356,-1,-1,-1
1056,783,1624335603358,-1,-1,-1
1057,775,1624335604409,-1,-1,-1
1058,687,1624335613370,-1,-1,-1
1059,911,1624335614458,-1,-1,-1
1060,607,1624335615358,-1,-1,-1
1061,615,1624335617381,-1,-1,-1
1062,687,1624335624361,-1,-1,-1
1063,687,1624335628372,-1,-1,-1
1064,727,1624335629420,-1,-1,-1
1065,671,1624335629420,-1,-1,-1
1066,895,1624335634444,-1,-1,-1
1067,455,1624335636394,-1,-1,-1
1068,959,1624335645394,-1,-1,-1
1069,791,1624335648356,-1,-1,-1
1070,911,1624335654357,-1,-1,-1
1071,567,1624335655406,-1,-1,-1
1072,1183,1624335656381,-1,-1,-1
1073,807,1624335660356,-1,-1,-1
1074,903,1624335665418,-1,-1,-1
1075,991,1624335666356,-1,-1,-1
1076,1319,1624335667370,-1,-1,-1
1077,703,1624335672431,-1,-1,-1
1078,1151,1624335673378,-1,-1,-1
1079,1023,1624335674382,-1,-1,-1
1080,1159,1624335675393,-1,-1,-1
1081,1023,1624335676407,-1,-1,-1
1082,807,1624335679369,-1,-1,-1
1083,631,1624335681393,-1,-1,-1
1084,791,1624335683381,-1,-1,-1
1085,767,1624335690359,-1,-1,-1
1086,791,1624335691479,-1,-1,-1
1087,1023,1624335693356,-1,-1,-1
1088,839,1624335702356,-1,-1,-1
1089,639,1624335717431,-1,-1,-1
1090,1063,1624335718406,-1,-1,-1
1091,679,1624335718406,-1,-1,-1
1092,751,1624335719343,-1,-1,-1
1093,823,1624335723469,-1,-1,-1
1094,991,1624335727369,-1,-1,-1
1095,831,1624335729356,-1,-1,-1
1096,751,1624335738435,-1,-1,-1
1097,727,1624335744355,-1,-1,-1
1098,1007,1624335745408,-1,-1,-1
1099,1175,1624335760445,-1,-1,-1
1100,671,1624335760445,-1,-1,-1
1101,815,1624335761380,-1,-1,-1
1102,1071,1624335764343,-1,-1,-1
1103,815,1624335765355,-1,-1,-1
1104,1031,1624335766442,-1,-1,-1
1105,951,1624335767455,-1,-1,-1
1106,679,1624335769407,-1,-1,-1
1107,871,1624335775483,-1,-1,-1
1108,879,1624335777356,-1,-1,-1
1109,719,1624335778445,-1,-1,-1
1110,719,1624335779355,-1,-1,-1
1111,1055,1624335780356,-1,-1,-1
1112,919,1624335784406,-1,-1,-1
1113,751,1624335785418,-1,-1,-1
1114,743,1624335785418,-1,-1,-1
1115,759,1624335791418,-1,-1,-1
1116,671,1624335809346,-1,-1,-1
1117,615,1624335811331,-1,-1,-1
1118,887,1624335812340,-1,-1,-1
1119,735,1624335812340,-1,-1,-1
1120,711,1624335813355,-1,-1,-1
1121,727,1624335820406,-1,-1,-1
1122,471,1624335821455,-1,-1,-1
1123,647,1624335824343,-1,-1,-1
1124,687,1624335832406,-1,-1,-1
1125,751,1624335833344,-1,-1,-1
1126,671,1624335834394,-1,-1,-1
1127,1055,1624335835444,-1,-1,-1
1128,687,1624335837356,-1,-1,-1
1129,783,1624335841409,-1,-1,-1
1130,855,1624335853444,-1,-1,-1
1131,679,1624335865406,-1,-1,-1
1132,679,1624335867393,-1,-1,-1
1133,711,1624335868406,-1,-1,-1
1134,951,1624335875419,-1,-1,-1
1135,767,1624335877331,-1,-1,-1
1136,727,1624335878343,-1,-1,-1
1137,695,1624335880406,-1,-1,-1
1138,935,1624335881346,-1,-1,-1
1139,615,1624335883443,-1,-1,-1
1140,719,1624335888355,-1,-1,-1
1141,799,1624335889405,-1,-1,-1
1142,599,1624335890381,-1,-1,-1
1143,623,1624335890381,-1,-1,-1
1144,783,1624335896346,-1,-1,-1
1145,759,1624335901484,-1,-1,-1
1146,799,1624335910370,-1,-1,-1
1147,679,1624335910371,-1,-1,-1
1148,919,1624335913332,-1,-1,-1
1149,671,1624335914385,-1,-1,-1
1150,815,1624335920344,-1,-1,-1
1151,599,1624335936431,-1,-1,-1
1152,767,1624335939357,-1,-1,-1
1153,687,1624335939357,-1,-1,-1
1154,639,1624335940333,-1,-1,-1
1155,607,1624335944384,-1,-1,-1
1156,503,1624335946331,-1,-1,-1
1157,743,1624335949328,-1,-1,-1
1158,591,1624335959459,-1,-1,-1
1159,671,1624335961408,-1,-1,-1
1160,895,1624335970331,-1,-1,-1
1161,711,1624335971346,-1,-1,-1
1162,703,1624335977343,-1,-1,-1
1163,623,1624335977343,-1,-1,-1
1164,687,1624335978431,-1,-1,-1
1165,591,1624335979408,-1,-1,-1
1166,791,1624335985330,-1,-1,-1
1167,919,1624335989343,-1,-1,-1
1168,487,1624335993320,-1,-1,-1
1169,511,1624336004346,-1,-1,-1
1170,647,1624336005357,-1,-1,-1
1171,887,1624336009371,-1,-1,-1
1172,479,1624336010458,-1,-1,-1
1173,775,1624336024334,-1,-1,-1
1174,687,1624336026319,-1,-1,-1
1175,815,1624336027330,-1,-1,-1
1176,631,1624336029356,-1,-1,-1
1177,959,1624336031344,-1,-1,-1
1178,807,1624336044322,-1,-1,-1
1179,855,1624336056321,-1,-1,-1
1180,743,1624336058380,-1,-1,-1
1181,695,1624336062353,-1,-1,-1
1182,759,1624336063543,-1,-1,-1
1183,647,1624336066575,-1,-1,-1
1184,495,1624336067626,-1,-1,-1
1185,695,1624336069651,-1,-1,-1
1186,647,1624336070552,-1,-1,-1
1187,591,1624336076520,-1,-1,-1
1188,687,1624336079519,-1,-1,-1
1189,679,1624336080532,-1,-1,-1
1190,679,1624336085520,-1,-1,-1
1191,695,1624336101602,-1,-1,-1
1192,743,1624336101602,-1,-1,-1
1193,567,1624336115521,-1,-1,-1
1194,759,1624336116533,-1,-1,-1
1195,775,1624336116533,-1,-1,-1
1196,687,1624336119529,-1,-1,-1
1197,647,1624336120620,-1,-1,-1
1198,775,1624336122532,-1,-1,-1
1199,671,1624336123548,-1,-1,-1
1200,751,1624336123548,-1,-1,-1
1201,751,1624336124519,-1,-1,-1
1202,703,1624336125573,-1,-1,-1
1203,655,1624336125573,-1,-1,-1
1204,727,1624336126581,-1,-1,-1
1205,679,1624336127556,-1,-1,-1
1206,759,1624336131603,-1,-1,-1
1207,679,1624336132546,-1,-1,-1
1208,735,1624336142557,-1,-1,-1
1209,647,1624336145557,-1,-1,-1
1210,823,1624336156546,-1,-1,-1
1211,663,1624336164533,-1,-1,-1
1212,679,1624336165505,-1,-1,-1
1213,799,1624336165505,-1,-1,-1
1214,863,1624336178592,-1,-1,-1
1215,1063,1624336179646,-1,-1,-1
1216,775,1624336185569,-1,-1,-1
1217,1007,1624336192544,-1,-1,-1
1218,711,1624336193558,-1,-1,-1
1219,1175,1624336194534,-1,-1,-1
1220,1143,1624336202591,-1,-1,-1
1221,943,1624336203530,-1,-1,-1
1222,831,1624336206580,-1,-1,-1
1223,663,1624336209606,-1,-1,-1
1224,583,1624336210582,-1,-1,-1
1225,655,1624336210582,-1,-1,-1
1226,607,1624336211594,-1,-1,-1
1227,1135,1624336212533,-1,-1,-1
1228,703,1624336213509,-1,-1,-1
1229,1095,1624336216507,-1,-1,-1
1230,711,1624336218644,-1,-1,-1
1231,687,1624336219577,-1,-1,-1
1232,719,1624336219577,-1,-1,-1
1233,703,1624336220519,-1,-1,-1
1234,543,1624336222584,-1,-1,-1
1235,671,1624336224533,-1,-1,-1
1236,711,1624336244639,-1,-1,-1
1237,719,1624336244640,-1,-1,-1
1238,935,1624336245517,-1,-1,-1
1239,647,1624336250558,-1,-1,-1
1240,559,1624336251606,-1,-1,-1
1241,679,1624336265555,-1,-1,-1
1242,1023,1624336268519,-1,-1,-1
1243,751,1624336279507,-1,-1,-1
1244,799,1624336288507,-1,-1,-1
1245,599,1624336288507,-1,-1,-1
1246,679,1624336297507,-1,-1,-1
1247,735,1624336302568,-1,-1,-1
1248,671,1624336302568,-1,-1,-1
1249,919,1624336303508,-1,-1,-1
1250,735,1624336304520,-1,-1,-1
1251,671,1624336311568,-1,-1,-1
1252,751,1624336314496,-1,-1,-1
1253,695,1624336315581,-1,-1,-1
1254,1079,1624336316517,-1,-1,-1
1255,1175,1624336319558,-1,-1,-1
1256,895,1624336320492,-1,-1,-1
1257,1151,1624336321658,-1,-1,-1
1258,919,1624336336620,-1,-1,-1
1259,1247,1624336339546,-1,-1,-1
1260,911,1624336339546,-1,-1,-1
1261,1127,1624336341569,-1,-1,-1
1262,903,1624336342507,-1,-1,-1
1263,751,1624336342507,-1,-1,-1
1264,663,1624336343558,-1,-1,-1
1265,727,1624336344569,-1,-1,-1
1266,1135,1624336345545,-1,-1,-1
1267,1031,1624336346557,-1,-1,-1
1268,631,1624336346557,-1,-1,-1
1269,863,1624336347531,-1,-1,-1
1270,887,1624336351504,-1,-1,-1
1271,1335,1624336354546,-1,-1,-1
1272,1487,1624336355557,-1,-1,-1
1273,1487,1624336371495,-1,-1,-1
1274,1575,1624336372508,-1,-1,-1
1275,1343,1624336373557,-1,-1,-1
1276,1079,1624336375506,-1,-1,-1
1277,1335,1624336376517,-1,-1,-1
1278,1215,1624336379557,-1,-1,-1
1279,847,1624336380572,-1,-1,-1
1280,1343,1624336381506,-1,-1,-1
1281,1383,1624336382519,-1,-1,-1
1282,1727,1624336384506,-1,-1,-1
1283,1039,1624336385518,-1,-1,-1
1284,1527,1624336391521,-1,-1,-1
1285,959,1624336394519,-1,-1,-1
1286,1527,1624336397523,-1,-1,-1
1287,1615,1624336404570,-1,-1,-1
1288,1095,1624336405545,-1,-1,-1
1289,1599,1624336407533,-1,-1,-1
1290,743,1624336422532,-1,-1,-1
1291,1415,1624336439521,-1,-1,-1
1292,775,1624336447507,-1,-1,-1
1293,1287,1624336448594,-1,-1,-1
1294,1255,1624336452495,-1,-1,-1
1295,1551,1624336456546,-1,-1,-1
1296,1399,1624336457522,-1,-1,-1
1297,1311,1624336458494,-1,-1,-1
1298,1639,1624336460599,-1,-1,-1
1299,1711,1624336465509,-1,-1,-1
1300,983,1624336466631,-1,-1,-1
1301,1159,1624336474508,-1,-1,-1
1302,1447,1624336475635,-1,-1,-1
1303,1055,1624336476571,-1,-1,-1
1304,1151,1624336477507,-1,-1,-1
1305,1007,1624336481557,-1,-1,-1
1306,879,1624336489508,-1,-1,-1
1307,743,1624336494496,-1,-1,-1
1308,703,1624336495545,-1,-1,-1
1309,1343,1624336496483,-1,-1,-1
1310,831,1624336497530,-1,-1,-1
1311,1335,1624336503607,-1,-1,-1
1312,1399,1624336509574,-1,-1,-1
1313,1015,1624336510506,-1,-1,-1
1314,783,1624336514482,-1,-1,-1
1315,1367,1624336516506,-1,-1,-1
1316,1463,1624336517556,-1,-1,-1
1317,1151,1624336518495,-1,-1,-1
1318,1335,1624336524533,-1,-1,-1
1319,1767,1624336525514,-1,-1,-1
1320,1255,1624336527570,-1,-1,-1
1321,1311,1624336528620,-1,-1,-1
1322,1071,1624336536495,-1,-1,-1
1323,1015,1624336537508,-1,-1,-1
1324,735,1624336540543,-1,-1,-1
1325,783,1624336543506,-1,-1,-1
1326,1063,1624336549506,-1,-1,-1
1327,1479,1624336550483,-1,-1,-1
1328,1015,1624336561581,-1,-1,-1
1329,911,1624336564506,-1,-1,-1
1330,1287,1624336565484,-1,-1,-1
1331,1527,1624336567545,-1,-1,-1
1332,1383,1624336568557,-1,-1,-1
1333,1047,1624336580483,-1,-1,-1
1334,871,1624336581569,-1,-1,-1
1335,1167,1624336590498,-1,-1,-1
1336,1383,1624336592480,-1,-1,-1
1337,735,1624336592480,-1,-1,-1
1338,1127,1624336593535,-1,-1,-1
1339,1247,1624336597544,-1,-1,-1
1340,1319,1624336599494,-1,-1,-1
1341,1287,1624336600546,-1,-1,-1
1342,1247,1624336601522,-1,-1,-1
1343,1359,1624336603508,-1,-1,-1
1344,1327,1624336606508,-1,-1,-1
1345,743,1624336607483,-1,-1,-1
1346,839,1624336609619,-1,-1,-1
1347,1119,1624336611531,-1,-1,-1
1348,831,1624336613520,-1,-1,-1
1349,799,1624336614494,-1,-1,-1
1350,1391,1624336618507,-1,-1,-1
1351,1191,1624336619481,-1,-1,-1
1352,1343,1624336625031,-1,-1,-1
1353,895,1624336632043,-1,-1,-1
1354,1255,1624336633058,-1,-1,-1
1355,711,1624336636024,-1,-1,-1
1356,823,1624336637032,-1,-1,-1
1357,951,1624336638121,-1,-1,-1
1358,935,1624336639102,-1,-1,-1
1359,903,1624336642995,-1,-1,-1
1360,863,1624336645993,-1,-1,-1
1361,687,1624336652484,-1,-1,-1
1362,567,1624336652484,-1,-1,-1
1363,831,1624336653499,-1,-1,-1
1364,727,1624336654544,-1,-1,-1
1365,639,1624336655483,-1,-1,-1
1366,903,1624336657467,-1,-1,-1
1367,1079,1624336664483,-1,-1,-1
1368,1000,1624336665495,-1,-1,-1
1369,559,1624336667033,-1,-1,-1
1370,919,1624336669095,-1,-1,-1
1371,663,1624336670068,-1,-1,-1
1372,839,1624336670068,-1,-1,-1
1373,719,1624336672995,-1,-1,-1
1374,1239,1624336676969,-1,-1,-1
1375,663,1624336680983,-1,-1,-1
1376,671,1624336682031,-1,-1,-1
1377,703,1624336682031,-1,-1,-1
1378,647,1624336682966,-1,-1,-1
1379,1319,1624336684020,-1,-1,-1
1380,671,1624336685069,-1,-1,-1
1381,1311,1624336685970,-1,-1,-1
1382,735,1624336691034,-1,-1,-1
1383,1135,1624336692008,-1,-1,-1
1384,1063,1624336692980,-1,-1,-1
1385,1279,1624336694070,-1,-1,-1
1386,1223,1624336702058,-1,-1,-1
1387,1183,1624336703072,-1,-1,-1
1388,975,1624336704009,-1,-1,-1
1389,1095,1624336711019,-1,-1,-1
1390,1359,1624336713007,-1,-1,-1
1391,1015,1624336713980,-1,-1,-1
1392,1327,1624336714996,-1,-1,-1
1393,1095,1624336717994,-1,-1,-1
1394,1463,1624336720997,-1,-1,-1
1395,1159,1624336722983,-1,-1,-1
1396,1015,1624336728985,-1,-1,-1
1397,975,1624336730144,-1,-1,-1
1398,671,1624336731981,-1,-1,-1
1399,983,1624336736969,-1,-1,-1
1400,799,1624336740981,-1,-1,-1
1401,1103,1624336741993,-1,-1,-1
1402,1087,1624336744020,-1,-1,-1
1403,655,1624336753058,-1,-1,-1
1404,743,1624336756994,-1,-1,-1
1405,759,1624336757971,-1,-1,-1
1406,943,1624336759056,-1,-1,-1
1407,799,1624336768995,-1,-1,-1
1408,831,1624336771993,-1,-1,-1
1409,935,1624336777056,-1,-1,-1
1410,655,1624336777056,-1,-1,-1
1411,935,1624336780056,-1,-1,-1
1412,847,1624336787971,-1,-1,-1
1413,951,1624336788982,-1,-1,-1
1414,631,1624336790108,-1,-1,-1
1415,751,1624336791121,-1,-1,-1
1416,847,1624336797983,-1,-1,-1
1417,623,1624336801060,-1,-1,-1
1418,751,1624336801996,-1,-1,-1
1419,807,1624336802969,-1,-1,-1
1420,559,1624336802969,-1,-1,-1
1421,471,1624336807058,-1,-1,-1
1422,679,1624336812046,-1,-1,-1
1423,735,1624336813018,-1,-1,-1
1424,655,1624336813018,-1,-1,-1
1425,711,1624336813998,-1,-1,-1
1426,743,1624336817031,-1,-1,-1
1427,567,1624336818042,-1,-1,-1
1428,743,1624336818042,-1,-1,-1
1429,695,1624336818979,-1,-1,-1
1430,759,1624336820070,-1,-1,-1
1431,727,1624336820070,-1,-1,-1
1432,663,1624336823972,-1,-1,-1
1433,831,1624336828994,-1,-1,-1
1434,1055,1624336836007,-1,-1,-1
1435,767,1624336837018,-1,-1,-1
1436,647,1624336839006,-1,-1,-1
1437,623,1624336839982,-1,-1,-1
1438,823,1624336841069,-1,-1,-1
1439,647,1624336841069,-1,-1,-1
1440,871,1624336841970,-1,-1,-1
1441,1087,1624336843018,-1,-1,-1
1442,583,1624336843956,-1,-1,-1
1443,727,1624336844970,-1,-1,-1
1444,727,1624336844970,-1,-1,-1
1445,767,1624336848045,-1,-1,-1
1446,695,1624336849057,-1,-1,-1
1447,679,1624336849957,-1,-1,-1
1448,831,1624336851047,-1,-1,-1
1449,695,1624336859970,-1,-1,-1
1450,679,1624336861023,-1,-1,-1
1451,663,1624336867018,-1,-1,-1
1452,711,1624336875044,-1,-1,-1
1453,687,1624336876956,-1,-1,-1
1454,903,1624336877969,-1,-1,-1
1455,575,1624336878979,-1,-1,-1
1456,495,1624336878979,-1,-1,-1
1457,879,1624336879959,-1,-1,-1
1458,791,1624336882958,-1,-1,-1
1459,439,1624336882959,-1,-1,-1
1460,711,1624336884981,-1,-1,-1
1461,631,1624336884981,-1,-1,-1
1462,639,1624336890041,-1,-1,-1
1463,735,1624336890041,-1,-1,-1
1464,495,1624336890983,-1,-1,-1
1465,815,1624336891998,-1,-1,-1
1466,799,1624336893043,-1,-1,-1
1467,639,1624336894993,-1,-1,-1
1468,751,1624336894994,-1,-1,-1
1469,791,1624336896045,-1,-1,-1
1470,655,1624336896982,-1,-1,-1
1471,679,1624336896982,-1,-1,-1
1472,663,1624336899119,-1,-1,-1
1473,615,1624336899979,-1,-1,-1
1474,839,1624336901107,-1,-1,-1
1475,975,1624336903959,-1,-1,-1
1476,759,1624336907030,-1,-1,-1
1477,647,1624336909058,-1,-1,-1
1478,839,1624336909957,-1,-1,-1
1479,799,1624336911981,-1,-1,-1
1480,847,1624336915058,-1,-1,-1
1481,711,1624336916033,-1,-1,-1
1482,687,1624336916971,-1,-1,-1
1483,647,1624336916971,-1,-1,-1
1484,735,1624336917981,-1,-1,-1
1485,623,1624336918958,-1,-1,-1
1486,695,1624336921060,-1,-1,-1
1487,743,1624336921060,-1,-1,-1
1488,679,1624336922971,-1,-1,-1
1489,623,1624336929978,-1,-1,-1
1490,935,1624336932983,-1,-1,-1
1491,783,1624336936999,-1,-1,-1
1492,727,1624336938983,-1,-1,-1
1493,687,1624336945056,-1,-1,-1
1494,567,1624336948057,-1,-1,-1
1495,639,1624336948057,-1,-1,-1
1496,735,1624336951018,-1,-1,-1
1497,951,1624336954019,-1,-1,-1
1498,743,1624336955032,-1,-1,-1
1499,751,1624336956942,-1,-1,-1
1500,687,1624336959043,-1,-1,-1
1501,839,1624336959945,-1,-1,-1
1502,727,1624336960995,-1,-1,-1
1503,807,1624336961970,-1,-1,-1
1504,599,1624336961970,-1,-1,-1
1505,943,1624336963025,-1,-1,-1
1506,799,1624336964031,-1,-1,-1
1507,735,1624336968044,-1,-1,-1
1508,727,1624336968943,-1,-1,-1
1509,719,1624336968943,-1,-1,-1
1510,647,1624336970031,-1,-1,-1
1511,711,1624336971945,-1,-1,-1
1512,671,1624336975954,-1,-1,-1
1513,663,1624336975954,-1,-1,-1
1514,751,1624336977983,-1,-1,-1
1515,543,1624336978962,-1,-1,-1
1516,711,1624336980008,-1,-1,-1
1517,671,1624336980008,-1,-1,-1
1518,687,1624336981014,-1,-1,-1
1519,655,1624336983943,-1,-1,-1
1520,703,1624336987020,-1,-1,-1
1521,695,1624336989008,-1,-1,-1
1522,679,1624336989942,-1,-1,-1
1523,639,1624336989942,-1,-1,-1
1524,879,1624336990958,-1,-1,-1
1525,719,1624336992006,-1,-1,-1
1526,623,1624336992006,-1,-1,-1
1527,879,1624336993019,-1,-1,-1
1528,655,1624336994970,-1,-1,-1
1529,615,1624336998007,-1,-1,-1
1530,743,1624336998944,-1,-1,-1
1531,695,1624336999956,-1,-1,-1
1532,855,1624336999956,-1,-1,-1
1533,735,1624337001044,-1,-1,-1
1534,783,1624337001981,-1,-1,-1
1535,655,1624337002994,-1,-1,-1
1536,727,1624337002994,-1,-1,-1
1537,663,1624337004046,-1,-1,-1
1538,583,1624337004986,-1,-1,-1
1539,895,1624337005958,-1,-1,-1
1540,527,1624337007944,-1,-1,-1
1541,727,1624337011056,-1,-1,-1
1542,759,1624337012032,-1,-1,-1
1543,455,1624337016045,-1,-1,-1
1544,719,1624337020996,-1,-1,-1
1545,751,1624337022044,-1,-1,-1
1546,679,1624337025045,-1,-1,-1
1547,759,1624337025045,-1,-1,-1
1548,767,1624337036033,-1,-1,-1
1549,599,1624337037011,-1,-1,-1
1550,687,1624337038992,-1,-1,-1
1551,639,1624337041957,-1,-1,-1
1552,671,1624337043945,-1,-1,-1
1553,1055,1624337048970,-1,-1,-1
1554,1111,1624337049944,-1,-1,-1
1555,927,1624337050958,-1,-1,-1
1556,1015,1624337058982,-1,-1,-1
1557,975,1624337064944,-1,-1,-1
1558,1287,1624337068021,-1,-1,-1
1559,1207,1624337071958,-1,-1,-1
1560,1007,1624337073044,-1,-1,-1
1561,991,1624337073944,-1,-1,-1
1562,919,1624337076948,-1,-1,-1
1563,831,1624337079945,-1,-1,-1
1564,1383,1624337080957,-1,-1,-1
1565,1343,1624337086957,-1,-1,-1
1566,1367,1624337088945,-1,-1,-1
1567,759,1624337088945,-1,-1,-1
1568,1271,1624337091005,-1,-1,-1
1569,871,1624337095958,-1,-1,-1
1570,879,1624337096968,-1,-1,-1
1571,1023,1624337100945,-1,-1,-1
1572,775,1624337100945,-1,-1,-1
1573,695,1624337103946,-1,-1,-1
1574,1295,1624337107998,-1,-1,-1
1575,1239,1624337114935,-1,-1,-1
1576,1103,1624337115982,-1,-1,-1
1577,1111,1624337116961,-1,-1,-1
1578,1311,1624337124006,-1,-1,-1
1579,1263,1624337125957,-1,-1,-1
1580,727,1624337127942,-1,-1,-1
1581,1351,1624337128993,-1,-1,-1
1582,543,1624337144233,-1,-1,-1
1583,767,1624337149958,-1,-1,-1
1584,759,1624337150969,-1,-1,-1
1585,959,1624337153935,-1,-1,-1
1586,807,1624337162931,-1,-1,-1
1587,927,1624337162931,-1,-1,-1
1588,863,1624337163946,-1,-1,-1
1589,743,1624337164995,-1,-1,-1
1590,663,1624337167961,-1,-1,-1
1591,855,1624337172945,-1,-1,-1
1592,775,1624337174931,-1,-1,-1
1593,607,1624337174931,-1,-1,-1
1594,599,1624337175980,-1,-1,-1
1595,879,1624337176956,-1,-1,-1
1596,823,1624337177972,-1,-1,-1
1597,711,1624337179956,-1,-1,-1
1598,735,1624337181944,-1,-1,-1
1599,615,1624337184948,-1,-1,-1
1600,647,1624337184948,-1,-1,-1
1601,695,1624337185956,-1,-1,-1
1602,759,1624337186973,-1,-1,-1
1603,599,1624337191956,-1,-1,-1
1604,711,1624337191956,-1,-1,-1
1605,591,1624337192935,-1,-1,-1
1606,807,1624337197958,-1,-1,-1
1607,527,1624337199943,-1,-1,-1
1608,823,1624337200995,-1,-1,-1
1609,655,1624337201932,-1,-1,-1
1610,671,1624337201932,-1,-1,-1
1611,711,1624337203957,-1,-1,-1
1612,567,1624337206019,-1,-1,-1
1613,823,1624337206995,-1,-1,-1
1614,743,1624337206995,-1,-1,-1
1615,543,1624337211006,-1,-1,-1
1616,671,1624337211006,-1,-1,-1
1617,495,1624337211943,-1,-1,-1
1618,831,1624337212953,-1,-1,-1
1619,527,1624337215962,-1,-1,-1
1620,647,1624337219972,-1,-1,-1
1621,543,1624337220981,-1,-1,-1
1622,783,1624337220981,-1,-1,-1
1623,639,1624337221956,-1,-1,-1
1624,831,1624337222931,-1,-1,-1
1625,735,1624337223984,-1,-1,-1
1626,711,1624337223984,-1,-1,-1
1627,935,1624337226007,-1,-1,-1
1628,927,1624337226945,-1,-1,-1
1629,583,1624337227957,-1,-1,-1
1630,951,1624337230954,-1,-1,-1
1631,583,1624337233958,-1,-1,-1
1632,551,1624337235983,-1,-1,-1
1633,799,1624337243932,-1,-1,-1
1634,951,1624337247944,-1,-1,-1
1635,951,1624337248957,-1,-1,-1
1636,759,1624337258934,-1,-1,-1
1637,767,1624337261932,-1,-1,-1
1638,951,1624337264930,-1,-1,-1
1639,711,1624337266958,-1,-1,-1
1640,775,1624337268984,-1,-1,-1
1641,591,1624337272992,-1,-1,-1
1642,1079,1624337276970,-1,-1,-1
1643,1087,1624337278956,-1,-1,-1
1644,991,1624337279935,-1,-1,-1
1645,759,1624337280945,-1,-1,-1
1646,791,1624337285932,-1,-1,-1
1647,647,1624337291026,-1,-1,-1
1648,911,1624337297033,-1,-1,-1
1649,1079,1624337297931,-1,-1,-1
1650,687,1624337304944,-1,-1,-1
1651,727,1624337305920,-1,-1,-1
1652,815,1624337312932,-1,-1,-1
1653,783,1624337313945,-1,-1,-1
1654,807,1624337320997,-1,-1,-1
1655,735,1624337321930,-1,-1,-1
1656,847,1624337322981,-1,-1,-1
1657,1223,1624337327970,-1,-1,-1
1658,727,1624337330931,-1,-1,-1
1659,839,1624337338020,-1,-1,-1
1660,903,1624337338956,-1,-1,-1
1661,1279,1624337339971,-1,-1,-1
1662,951,1624337342938,-1,-1,-1
1663,847,1624337359959,-1,-1,-1
1664,711,1624337362919,-1,-1,-1
1665,639,1624337363932,-1,-1,-1
1666,655,1624337366933,-1,-1,-1
1667,663,1624337368922,-1,-1,-1
1668,535,1624337368922,-1,-1,-1
1669,703,1624337370007,-1,-1,-1
1670,783,1624337370946,-1,-1,-1
1671,919,1624337371918,-1,-1,-1
1672,743,1624337372971,-1,-1,-1
1673,695,1624337374921,-1,-1,-1
1674,655,1624337378973,-1,-1,-1
1675,719,1624337387935,-1,-1,-1
1676,631,1624337387935,-1,-1,-1
1677,607,1624337389094,-1,-1,-1
1678,1095,1624337389960,-1,-1,-1
1679,1063,1624337390970,-1,-1,-1
1680,671,1624337391945,-1,-1,-1
1681,935,1624337397946,-1,-1,-1
1682,927,1624337398918,-1,-1,-1
1683,615,1624337399934,-1,-1,-1
1684,983,1624337400946,-1,-1,-1
1685,1047,1624337401993,-1,-1,-1
1686,847,1624337403006,-1,-1,-1
1687,967,1624337413017,-1,-1,-1
1688,1103,1624337413955,-1,-1,-1
1689,799,1624337418949,-1,-1,-1
1690,975,1624337419921,-1,-1,-1
1691,1223,1624337420971,-1,-1,-1
1692,695,1624337423932,-1,-1,-1
1693,1055,1624337428021,-1,-1,-1
1694,1127,1624337428916,-1,-1,-1
1695,1247,1624337434018,-1,-1,-1
1696,1007,1624337434921,-1,-1,-1
1697,967,1624337440958,-1,-1,-1
1698,1111,1624337447971,-1,-1,-1
1699,967,1624337448946,-1,-1,-1
1700,871,1624337449923,-1,-1,-1
1701,855,1624337452918,-1,-1,-1
1702,727,1624337453939,-1,-1,-1
1703,1223,1624337456931,-1,-1,-1
1704,1271,1624337458919,-1,-1,-1
1705,727,1624337459935,-1,-1,-1
1706,727,1624337460978,-1,-1,-1
1707,903,1624337464954,-1,-1,-1
1708,823,1624337467021,-1,-1,-1
1709,1231,1624337472942,-1,-1,-1
1710,855,1624337473918,-1,-1,-1
1711,743,1624337479920,-1,-1,-1
1712,1311,1624337481944,-1,-1,-1
1713,1327,1624337482921,-1,-1,-1
1714,1487,1624337486932,-1,-1,-1
1715,1407,1624337489932,-1,-1,-1
1716,1143,1624337490909,-1,-1,-1
1717,919,1624337491921,-1,-1,-1
1718,1343,1624337493907,-1,-1,-1
1719,1175,1624337496907,-1,-1,-1
1720,1239,1624337499904,-1,-1,-1
1721,839,1624337502006,-1,-1,-1
1722,911,1624337504970,-1,-1,-1
1723,727,1624337505983,-1,-1,-1
1724,1391,1624337506956,-1,-1,-1
1725,743,1624337507934,-1,-1,-1
1726,1119,1624337516931,-1,-1,-1
1727,815,1624337517943,-1,-1,-1
1728,1303,1624337518918,-1,-1,-1
1729,1135,1624337519971,-1,-1,-1
1730,927,1624337520942,-1,-1,-1
1731,895,1624337541906,-1,-1,-1
1732,1223,1624337547944,-1,-1,-1
1733,679,1624337550909,-1,-1,-1
1734,1119,1624337553946,-1,-1,-1
1735,943,1624337554958,-1,-1,-1
1736,679,1624337558931,-1,-1,-1
1737,751,1624337562907,-1,-1,-1
1738,967,1624337563917,-1,-1,-1
1739,1199,1624337566920,-1,-1,-1
1740,1079,1624337569923,-1,-1,-1
1741,599,1624337572917,-1,-1,-1
1742,687,1624337575995,-1,-1,-1
1743,791,1624337576932,-1,-1,-1
1744,807,1624337578919,-1,-1,-1
1745,607,1624337579934,-1,-1,-1
1746,967,1624337581915,-1,-1,-1
1747,1103,1624337582930,-1,-1,-1
1748,783,1624337583910,-1,-1,-1
1749,1167,1624337584995,-1,-1,-1
1750,991,1624337587960,-1,-1,-1
1751,991,1624337588932,-1,-1,-1
1752,967,1624337589906,-1,-1,-1
1753,655,1624337590920,-1,-1,-1
1754,663,1624337590920,-1,-1,-1
1755,711,1624337591931,-1,-1,-1
1756,919,1624337599919,-1,-1,-1
1757,503,1624337599919,-1,-1,-1
1758,607,1624337600971,-1,-1,-1
1759,983,1624337601909,-1,-1,-1
1760,543,1624337602957,-1,-1,-1
1761,919,1624337604947,-1,-1,-1
1762,639,1624337607004,-1,-1,-1
1763,735,1624337609929,-1,-1,-1
1764,647,1624337610906,-1,-1,-1
1765,735,1624337615969,-1,-1,-1
1766,743,1624337617995,-1,-1,-1
1767,535,1624337618935,-1,-1,-1
1768,783,1624337620996,-1,-1,-1
1769,903,1624337621933,-1,-1,-1
1770,831,1624337622906,-1,-1,-1
1771,687,1624337630931,-1,-1,-1
1772,759,1624337637943,-1,-1,-1
1773,615,1624337640907,-1,-1,-1
1774,671,1624337641918,-1,-1,-1
1775,599,1624337642932,-1,-1,-1
1776,735,1624337642933,-1,-1,-1
1777,543,1624337644957,-1,-1,-1
1778,791,1624337647916,-1,-1,-1
1779,631,1624337650956,-1,-1,-1
1780,647,1624337651891,-1,-1,-1
1781,575,1624337659917,-1,-1,-1
1782,855,1624337660929,-1,-1,-1
1783,543,1624337660929,-1,-1,-1
1784,583,1624337661942,-1,-1,-1
1785,559,1624337661942,-1,-1,-1
1786,631,1624337663929,-1,-1,-1
1787,1023,1624337667904,-1,-1,-1
1788,663,1624337668919,-1,-1,-1
1789,1031,1624337669893,-1,-1,-1
1790,615,1624337669893,-1,-1,-1
1791,943,1624337670904,-1,-1,-1
1792,743,1624337671916,-1,-1,-1
1793,631,1624337685930,-1,-1,-1
1794,671,1624337685930,-1,-1,-1
1795,655,1624337686956,-1,-1,-1
1796,679,1624337689954,-1,-1,-1
1797,687,1624337695920,-1,-1,-1
1798,655,1624337713915,-1,-1,-1
1799,695,1624337719921,-1,-1,-1
1800,935,1624337724910,-1,-1,-1
1801,655,1624337724910,-1,-1,-1
1802,967,1624337728957,-1,-1,-1
1803,783,1624337745908,-1,-1,-1
1804,687,1624337749920,-1,-1,-1
1805,527,1624337750894,-1,-1,-1
1806,711,1624337758918,-1,-1,-1
1807,807,1624337764881,-1,-1,-1
1808,559,1624337771932,-1,-1,-1
1809,639,1624337785995,-1,-1,-1
1810,839,1624337793907,-1,-1,-1
1811,831,1624337800885,-1,-1,-1
1812,735,1624337805907,-1,-1,-1
1813,1367,1624337811907,-1,-1,-1
1814,1023,1624337817909,-1,-1,-1
1815,1079,1624337818883,-1,-1,-1
1816,1375,1624337821882,-1,-1,-1
1817,1207,1624337822970,-1,-1,-1
1818,919,1624337823907,-1,-1,-1
1819,871,1624337824956,-1,-1,-1
1820,1143,1624337827996,-1,-1,-1
1821,727,1624337839919,-1,-1,-1
1822,1159,1624337848881,-1,-1,-1
1823,679,1624337858971,-1,-1,-1
1824,671,1624337860881,-1,-1,-1
1825,695,1624337861898,-1,-1,-1
1826,671,1624337863882,-1,-1,-1
1827,847,1624337864894,-1,-1,-1
1828,703,1624337867933,-1,-1,-1
1829,639,1624337868943,-1,-1,-1
1830,1119,1624337869957,-1,-1,-1
1831,1239,1624337872918,-1,-1,-1
1832,1071,1624337873935,-1,-1,-1
1833,743,1624337881884,-1,-1,-1
1834,751,1624337882893,-1,-1,-1
1835,1055,1624337886909,-1,-1,-1
1836,1063,1624337887920,-1,-1,-1
1837,1327,1624337889907,-1,-1,-1
1838,975,1624337896884,-1,-1,-1
1839,879,1624337897896,-1,-1,-1
1840,671,1624337898905,-1,-1,-1
1841,815,1624337902922,-1,-1,-1
1842,839,1624337905882,-1,-1,-1
1843,1047,1624337917886,-1,-1,-1
1844,895,1624337922981,-1,-1,-1
1845,815,1624337928907,-1,-1,-1
1846,927,1624337929920,-1,-1,-1
1847,1031,1624337930894,-1,-1,-1
1848,975,1624337934944,-1,-1,-1
1849,743,1624337936891,-1,-1,-1
1850,671,1624337938920,-1,-1,-1
1851,583,1624337945895,-1,-1,-1
1852,871,1624337946981,-1,-1,-1
1853,767,1624337947881,-1,-1,-1
1854,831,1624337947881,-1,-1,-1
1855,583,1624337948971,-1,-1,-1
1856,767,1624337949907,-1,-1,-1
1857,679,1624337949907,-1,-1,-1
1858,527,1624337952908,-1,-1,-1
1859,919,1624337953883,-1,-1,-1
1860,1079,1624337961903,-1,-1,-1
1861,927,1624337963894,-1,-1,-1
1862,503,1624337963894,-1,-1,-1
1863,807,1624337964907,-1,-1,-1
1864,647,1624337965881,-1,-1,-1
1865,799,1624337965881,-1,-1,-1
1866,551,1624337966968,-1,-1,-1
1867,799,1624337967905,-1,-1,-1
1868,775,1624337970982,-1,-1,-1
1869,727,1624337970982,-1,-1,-1
1870,663,1624337971880,-1,-1,-1
1871,559,1624337972894,-1,-1,-1
1872,527,1624337972894,-1,-1,-1
1873,927,1624337973908,-1,-1,-1
1874,551,1624337976909,-1,-1,-1
1875,495,1624337977883,-1,-1,-1
1876,647,1624337978893,-1,-1,-1
1877,783,1624337979906,-1,-1,-1
1878,631,1624337980916,-1,-1,-1
1879,711,1624337980916,-1,-1,-1
1880,903,1624337982906,-1,-1,-1
1881,727,1624337983881,-1,-1,-1
1882,687,1624337984928,-1,-1,-1
1883,719,1624337985903,-1,-1,-1
1884,687,1624337987892,-1,-1,-1
1885,623,1624337988866,-1,-1,-1
1886,679,1624337989882,-1,-1,-1
1887,727,1624337989882,-1,-1,-1
1888,783,1624337990971,-1,-1,-1
1889,503,1624337991870,-1,-1,-1
1890,911,1624337994946,-1,-1,-1
1891,775,1624337995882,-1,-1,-1
1892,839,1624338009871,-1,-1,-1
1893,855,1624338019881,-1,-1,-1
1894,655,1624338021870,-1,-1,-1
1895,719,1624338022883,-1,-1,-1
1896,719,1624338023896,-1,-1,-1
1897,543,1624338027945,-1,-1,-1
1898,639,1624338043906,-1,-1,-1
1899,1039,1624338045870,-1,-1,-1
1900,951,1624338046881,-1,-1,-1
1901,839,1624338048871,-1,-1,-1
1902,639,1624338049884,-1,-1,-1
1903,631,1624338051906,-1,-1,-1
1904,831,1624338080899,-1,-1,-1
1905,807,1624338084907,-1,-1,-1
1906,967,1624338095895,-1,-1,-1
1907,551,1624338097885,-1,-1,-1
1908,871,1624338098931,-1,-1,-1
1909,487,1624338100881,-1,-1,-1
1910,895,1624338102868,-1,-1,-1
1911,527,1624338107894,-1,-1,-1
1912,911,1624338108868,-1,-1,-1
1913,623,1624338110894,-1,-1,-1
1914,719,1624338111942,-1,-1,-1
1915,639,1624338112880,-1,-1,-1
1916,615,1624338112880,-1,-1,-1
1917,639,1624338114871,-1,-1,-1
1918,567,1624338117907,-1,-1,-1
1919,951,1624338122856,-1,-1,-1
1920,1047,1624338126944,-1,-1,-1
1921,735,1624338127918,-1,-1,-1
1922,743,1624338128858,-1,-1,-1
1923,631,1624338131855,-1,-1,-1
1924,495,1624338133882,-1,-1,-1
1925,807,1624338135870,-1,-1,-1
1926,895,1624338136882,-1,-1,-1
1927,719,1624338143856,-1,-1,-1
1928,879,1624338144870,-1,-1,-1
1929,911,1624338145881,-1,-1,-1
1930,671,1624338146931,-1,-1,-1
1931,1047,1624338152856,-1,-1,-1
1932,1023,1624338163883,-1,-1,-1
1933,1327,1624338171869,-1,-1,-1
1934,1351,1624338173856,-1,-1,-1
1935,1367,1624338174868,-1,-1,-1
1936,1319,1624338179858,-1,-1,-1
1937,1271,1624338188858,-1,-1,-1
1938,791,1624338190920,-1,-1,-1
1939,839,1624338191858,-1,-1,-1
1940,671,1624338199882,-1,-1,-1
1941,895,1624338206857,-1,-1,-1
1942,647,1624338213870,-1,-1,-1
1943,615,1624338214922,-1,-1,-1
1944,623,1624338214922,-1,-1,-1
1945,695,1624338215856,-1,-1,-1
1946,679,1624338216868,-1,-1,-1
1947,711,1624338216868,-1,-1,-1
1948,727,1624338217881,-1,-1,-1
1949,687,1624338218861,-1,-1,-1
1950,695,1624338227861,-1,-1,-1
1951,655,1624338228869,-1,-1,-1
1952,1047,1624338233932,-1,-1,-1
1953,687,1624338247921,-1,-1,-1
1954,951,1624338248857,-1,-1,-1
1955,567,1624338249871,-1,-1,-1
1956,735,1624338249871,-1,-1,-1
1957,511,1624338258871,-1,-1,-1
1958,543,1624338260898,-1,-1,-1
1959,967,1624338261871,-1,-1,-1
1960,895,1624338264872,-1,-1,-1
1961,1079,1624338265921,-1,-1,-1
1962,927,1624338266853,-1,-1,-1
1963,1055,1624338267867,-1,-1,-1
1964,735,1624338274956,-1,-1,-1
1965,1000,1624338278856,-1,-1,-1
1966,655,1624338279870,-1,-1,-1
1967,783,1624338279870,-1,-1,-1
1968,623,1624338280918,-1,-1,-1
1969,783,1624338281930,-1,-1,-1
1970,703,1624338282869,-1,-1,-1
1971,719,1624338282869,-1,-1,-1
1972,679,1624338286882,-1,-1,-1
1973,943,1624338289920,-1,-1,-1
1974,879,1624338292883,-1,-1,-1
1975,823,1624338300906,-1,-1,-1
1976,783,1624338302855,-1,-1,-1
1977,991,1624338303906,-1,-1,-1
1978,1079,1624338314894,-1,-1,-1
1979,1055,1624338315871,-1,-1,-1
1980,1000,1624338320898,-1,-1,-1
1981,959,1624338321868,-1,-1,-1
1982,1279,1624338325845,-1,-1,-1
1983,919,1624338326855,-1,-1,-1
1984,807,1624338327865,-1,-1,-1
1985,743,1624338331883,-1,-1,-1
1986,687,1624338332858,-1,-1,-1
1987,719,1624338335855,-1,-1,-1
1988,663,1624338335855,-1,-1,-1
1989,855,1624338336944,-1,-1,-1
1990,1079,1624338339869,-1,-1,-1
1991,1143,1624338342906,-1,-1,-1
1992,983,1624338343844,-1,-1,-1
1993,543,1624338344855,-1,-1,-1
1994,663,1624338344855,-1,-1,-1
1995,943,1624338347972,-1,-1,-1
1996,671,1624338349885,-1,-1,-1
1997,943,1624338360867,-1,-1,-1
1998,543,1624338363869,-1,-1,-1
1999,1367,1624338390868,-1,-1,-1
2000,719,1624338391840,-1,-1,-1
2001,1279,1624338392858,-1,-1,-1
2002,1007,1624338393907,-1,-1,-1
2003,1143,1624338394843,-1,-1,-1
2004,1223,1624338407857,-1,-1,-1
2005,1127,1624338417870,-1,-1,-1
2006,655,1624338419858,-1,-1,-1
2007,663,1624338420873,-1,-1,-1
2008,727,1624338428857,-1,-1,-1
2009,1343,1624338430885,-1,-1,-1
2010,1000,1624338431855,-1,-1,-1
2011,1399,1624338441906,-1,-1,-1
2012,1383,1624338442846,-1,-1,-1
2013,1471,1624338444870,-1,-1,-1
2014,1055,1624338450944,-1,-1,-1
2015,1255,1624338451846,-1,-1,-1
2016,719,1624338456870,-1,-1,-1
2017,735,1624338458892,-1,-1,-1
2018,1079,1624338459908,-1,-1,-1
2019,1311,1624338463847,-1,-1,-1
2020,727,1624338464855,-1,-1,-1
2021,1199,1624338465872,-1,-1,-1
2022,935,1624338467894,-1,-1,-1
2023,1111,1624338471832,-1,-1,-1
2024,1399,1624338474833,-1,-1,-1
2025,1087,1624338478845,-1,-1,-1
2026,1015,1624338479932,-1,-1,-1
2027,1375,1624338487845,-1,-1,-1
2028,1247,1624338489833,-1,-1,-1
2029,1111,1624338490845,-1,-1,-1
2030,1431,1624338491856,-1,-1,-1
2031,839,1624338492831,-1,-1,-1
2032,1599,1624338495905,-1,-1,-1
2033,1375,1624338497895,-1,-1,-1
2034,871,1624338500856,-1,-1,-1
2035,1111,1624338501829,-1,-1,-1
2036,1071,1624338502844,-1,-1,-1
2037,1151,1624338506859,-1,-1,-1
2038,967,1624338507832,-1,-1,-1
2039,1223,1624338517881,-1,-1,-1
2040,1551,1624338522832,-1,-1,-1
2041,831,1624338531870,-1,-1,-1
2042,1239,1624338535920,-1,-1,-1
2043,1111,1624338536858,-1,-1,-1
2044,1000,1624338551935,-1,-1,-1
2045,1007,1624338552832,-1,-1,-1
2046,903,1624338552832,-1,-1,-1
2047,1000,1624338553846,-1,-1,-1
2048,1055,1624338555835,-1,-1,-1
2049,583,1624338555835,-1,-1,-1
2050,895,1624338559842,-1,-1,-1
2051,615,1624338564831,-1,-1,-1
2052,943,1624338565843,-1,-1,-1
2053,687,1624338566858,-1,-1,-1
2054,663,1624338567870,-1,-1,-1
2055,727,1624338568845,-1,-1,-1
2056,1135,1624338571919,-1,-1,-1
2057,975,1624338572853,-1,-1,-1
2058,615,1624338573833,-1,-1,-1
2059,695,1624338577881,-1,-1,-1
2060,735,1624338585869,-1,-1,-1
2061,903,1624338590856,-1,-1,-1
2062,855,1624338593894,-1,-1,-1
2063,1183,1624338594907,-1,-1,-1
2064,1119,1624338599895,-1,-1,-1
2065,1175,1624338606833,-1,-1,-1
2066,807,1624338608856,-1,-1,-1
2067,719,1624338611895,-1,-1,-1
2068,655,1624338612870,-1,-1,-1
2069,687,1624338614858,-1,-1,-1
2070,719,1624338615830,-1,-1,-1
2071,647,1624338620857,-1,-1,-1
2072,735,1624338620857,-1,-1,-1
2073,983,1624338626858,-1,-1,-1
2074,647,1624338634843,-1,-1,-1
2075,823,1624338643884,-1,-1,-1
2076,1031,1624338644898,-1,-1,-1
2077,943,1624338653858,-1,-1,-1
2078,775,1624338656859,-1,-1,-1
2079,799,1624338657832,-1,-1,-1
2080,975,1624338658844,-1,-1,-1
2081,903,1624338660834,-1,-1,-1
2082,599,1624338664846,-1,-1,-1
2083,759,1624338665896,-1,-1,-1
2084,879,1624338669832,-1,-1,-1
2085,783,1624338670845,-1,-1,-1
2086,607,1624338672827,-1,-1,-1
2087,919,1624338673840,-1,-1,-1
2088,711,1624338675905,-1,-1,-1
2089,647,1624338677823,-1,-1,-1
2090,967,1624338680818,-1,-1,-1
2091,759,1624338681835,-1,-1,-1
2092,775,1624338688846,-1,-1,-1
2093,903,1624338689822,-1,-1,-1
2094,943,1624338700921,-1,-1,-1
2095,1087,1624338706885,-1,-1,-1
2096,1303,1624338710821,-1,-1,-1
2097,703,1624338711833,-1,-1,-1
2098,1095,1624338713821,-1,-1,-1
2099,1079,1624338714832,-1,-1,-1
2100,719,1624338715883,-1,-1,-1
2101,783,1624338716832,-1,-1,-1
2102,695,1624338717831,-1,-1,-1
2103,855,1624338718844,-1,-1,-1
2104,927,1624338720907,-1,-1,-1
2105,655,1624338721845,-1,-1,-1
2106,839,1624338723829,-1,-1,-1
2107,1215,1624338724843,-1,-1,-1
2108,1079,1624338725856,-1,-1,-1
2109,1111,1624338726831,-1,-1,-1
2110,1159,1624338730881,-1,-1,-1
2111,1343,1624338731821,-1,-1,-1
2112,959,1624338734820,-1,-1,-1
2113,887,1624338734820,-1,-1,-1
2114,839,1624338735868,-1,-1,-1
2115,671,1624338737822,-1,-1,-1
2116,647,1624338738831,-1,-1,-1
2117,655,1624338739844,-1,-1,-1
2118,775,1624338739844,-1,-1,-1
2119,863,1624338740892,-1,-1,-1
2120,807,1624338741832,-1,-1,-1
2121,983,1624338742845,-1,-1,-1
2122,823,1624338743819,-1,-1,-1
2123,511,1624338746819,-1,-1,-1
2124,727,1624338751845,-1,-1,-1
2125,695,1624338752859,-1,-1,-1
2126,687,1624338752859,-1,-1,-1
2127,663,1624338753867,-1,-1,-1
2128,767,1624338754845,-1,-1,-1
2129,679,1624338759833,-1,-1,-1
2130,655,1624338763919,-1,-1,-1
2131,639,1624338766846,-1,-1,-1
2132,551,1624338768831,-1,-1,-1
2133,847,1624338769846,-1,-1,-1
2134,903,1624338775846,-1,-1,-1
2135,639,1624338776823,-1,-1,-1
2136,903,1624338778882,-1,-1,-1
2137,815,1624338782858,-1,-1,-1
2138,863,1624338790844,-1,-1,-1
2139,711,1624338791818,-1,-1,-1
2140,671,1624338791818,-1,-1,-1
2141,631,1624338793883,-1,-1,-1
2142,815,1624338796844,-1,-1,-1
2143,759,1624338802846,-1,-1,-1
2144,639,1624338803819,-1,-1,-1
2145,503,1624338803819,-1,-1,-1
2146,759,1624338804869,-1,-1,-1
2147,623,1624338805886,-1,-1,-1
2148,807,1624338806857,-1,-1,-1
2149,639,1624338810869,-1,-1,-1
2150,471,1624338812817,-1,-1,-1
2151,615,1624338812817,-1,-1,-1
2152,847,1624338816831,-1,-1,-1
2153,847,1624338820807,-1,-1,-1
2154,919,1624338824819,-1,-1,-1
2155,711,1624338825870,-1,-1,-1
2156,423,1624338833820,-1,-1,-1
2157,679,1624338837832,-1,-1,-1
2158,607,1624338839819,-1,-1,-1
2159,687,1624338841808,-1,-1,-1
2160,831,1624338842818,-1,-1,-1
2161,639,1624338844843,-1,-1,-1
2162,719,1624338845856,-1,-1,-1
2163,631,1624338845856,-1,-1,-1
2164,495,1624338849868,-1,-1,-1
2165,879,1624338850809,-1,-1,-1
2166,455,1624338853805,-1,-1,-1
2167,423,1624338853805,-1,-1,-1
2168,623,1624338855906,-1,-1,-1
2169,767,1624338857820,-1,-1,-1
2170,551,1624338858832,-1,-1,-1
2171,807,1624338861831,-1,-1,-1
2172,703,1624338866820,-1,-1,-1
2173,655,1624338866820,-1,-1,-1
2174,815,1624338867834,-1,-1,-1
2175,623,1624338869859,-1,-1,-1
2176,847,1624338871805,-1,-1,-1
2177,823,1624338876869,-1,-1,-1
2178,1127,1624338883806,-1,-1,-1
2179,1151,1624338884818,-1,-1,-1
2180,1079,1624338885831,-1,-1,-1
2181,759,1624338887822,-1,-1,-1
2182,1327,1624338889807,-1,-1,-1
2183,1087,1624338890820,-1,-1,-1
2184,1311,1624338891832,-1,-1,-1
2185,959,1624338892808,-1,-1,-1
2186,1023,1624338893854,-1,-1,-1
2187,735,1624338896859,-1,-1,-1
2188,1231,1624338897832,-1,-1,-1
2189,1239,1624338900868,-1,-1,-1
2190,775,1624338901808,-1,-1,-1
2191,1343,1624338902820,-1,-1,-1
2192,1319,1624338907808,-1,-1,-1
2193,855,1624338916881,-1,-1,-1
2194,1343,1624338918832,-1,-1,-1
2195,967,1624338919808,-1,-1,-1
2196,1311,1624338922807,-1,-1,-1
2197,935,1624338946806,-1,-1,-1
2198,935,1624338947818,-1,-1,-1
2199,839,1624338948835,-1,-1,-1
2200,863,1624338950857,-1,-1,-1
2201,599,1624338951830,-1,-1,-1
2202,863,1624338954866,-1,-1,-1
2203,455,1624338956821,-1,-1,-1
2204,711,1624338958810,-1,-1,-1
2205,839,1624338958810,-1,-1,-1
2206,607,1624338959893,-1,-1,-1
2207,895,1624338960908,-1,-1,-1
2208,831,1624338962820,-1,-1,-1
2209,703,1624338963832,-1,-1,-1
2210,847,1624338964885,-1,-1,-1
2211,647,1624338964885,-1,-1,-1
2212,759,1624338966873,-1,-1,-1
2213,791,1624338969832,-1,-1,-1
2214,591,1624338971819,-1,-1,-1
2215,751,1624338972833,-1,-1,-1
2216,767,1624338973843,-1,-1,-1
2217,863,1624338981831,-1,-1,-1
2218,687,1624338981831,-1,-1,-1
2219,631,1624338984832,-1,-1,-1
2220,679,1624338987831,-1,-1,-1
2221,847,1624338991848,-1,-1,-1
2222,607,1624338995816,-1,-1,-1
2223,567,1624339002906,-1,-1,-1
2224,535,1624339007272,-1,-1,-1
2225,575,1624339014244,-1,-1,-1
2226,591,1624339014244,-1,-1,-1
