,RR,Timestamp,SensorContact,errorEstimate,blockerBit
0,511,1623764718829,-1,-1,-1
1,575,1623764719812,-1,-1,-1
2,535,1623764719812,-1,-1,-1
3,615,1623764720802,-1,-1,-1
4,607,1623764722811,-1,-1,-1
5,567,1623764724791,-1,-1,-1
6,535,1623764725812,-1,-1,-1
7,535,1623764725812,-1,-1,-1
8,551,1623764726802,-1,-1,-1
9,527,1623764726802,-1,-1,-1
10,519,1623764727792,-1,-1,-1
11,511,1623764727792,-1,-1,-1
12,599,1623764728813,-1,-1,-1
13,535,1623764728813,-1,-1,-1
14,535,1623764729799,-1,-1,-1
15,599,1623764729799,-1,-1,-1
16,551,1623764730792,-1,-1,-1
17,439,1623764730792,-1,-1,-1
18,607,1623764732802,-1,-1,-1
19,591,1623764733791,-1,-1,-1
20,607,1623764734812,-1,-1,-1
21,647,1623764734812,-1,-1,-1
22,583,1623764735832,-1,-1,-1
23,567,1623764735832,-1,-1,-1
24,599,1623764736821,-1,-1,-1
25,551,1623764739791,-1,-1,-1
26,567,1623764739791,-1,-1,-1
27,647,1623764748797,-1,-1,-1
28,575,1623764748798,-1,-1,-1
29,487,1623764750803,-1,-1,-1
30,535,1623764751792,-1,-1,-1
31,527,1623764754791,-1,-1,-1
32,583,1623764754791,-1,-1,-1
33,559,1623764755782,-1,-1,-1
34,567,1623764755782,-1,-1,-1
35,551,1623764756802,-1,-1,-1
36,599,1623764757789,-1,-1,-1
37,535,1623764757789,-1,-1,-1
38,631,1623764759801,-1,-1,-1
39,607,1623764760792,-1,-1,-1
40,479,1623764760792,-1,-1,-1
41,591,1623764761783,-1,-1,-1
42,527,1623764761783,-1,-1,-1
43,615,1623764762803,-1,-1,-1
44,591,1623764762803,-1,-1,-1
45,503,1623764763791,-1,-1,-1
46,631,1623764764781,-1,-1,-1
47,535,1623764764781,-1,-1,-1
48,599,1623764765799,-1,-1,-1
49,583,1623764765800,-1,-1,-1
50,599,1623764766791,-1,-1,-1
51,583,1623764766792,-1,-1,-1
52,567,1623764767781,-1,-1,-1
53,559,1623764768829,-1,-1,-1
54,567,1623764768829,-1,-1,-1
55,503,1623764772790,-1,-1,-1
56,575,1623764774801,-1,-1,-1
57,623,1623764775793,-1,-1,-1
58,575,1623764776781,-1,-1,-1
59,583,1623764776781,-1,-1,-1
60,607,1623764777802,-1,-1,-1
61,591,1623764777802,-1,-1,-1
62,535,1623764778790,-1,-1,-1
63,631,1623764779782,-1,-1,-1
64,575,1623764779782,-1,-1,-1
65,615,1623764781791,-1,-1,-1
66,631,1623764782780,-1,-1,-1
67,623,1623764782780,-1,-1,-1
68,607,1623764783801,-1,-1,-1
69,615,1623764783802,-1,-1,-1
70,623,1623764784790,-1,-1,-1
71,631,1623764785780,-1,-1,-1
72,631,1623764785781,-1,-1,-1
73,607,1623764786801,-1,-1,-1
74,631,1623764787791,-1,-1,-1
75,607,1623764787791,-1,-1,-1
76,607,1623764788781,-1,-1,-1
77,599,1623764788781,-1,-1,-1
78,623,1623764789801,-1,-1,-1
79,615,1623764790791,-1,-1,-1
80,615,1623764790791,-1,-1,-1
81,631,1623764791781,-1,-1,-1
82,647,1623764792802,-1,-1,-1
83,623,1623764792802,-1,-1,-1
84,615,1623764793790,-1,-1,-1
85,615,1623764793790,-1,-1,-1
86,631,1623764794782,-1,-1,-1
87,631,1623764795801,-1,-1,-1
88,599,1623764795802,-1,-1,-1
89,615,1623764796788,-1,-1,-1
90,623,1623764796788,-1,-1,-1
91,639,1623764797781,-1,-1,-1
92,607,1623764798801,-1,-1,-1
93,607,1623764798801,-1,-1,-1
94,583,1623764799791,-1,-1,-1
95,631,1623764800782,-1,-1,-1
96,567,1623764800782,-1,-1,-1
97,591,1623764804801,-1,-1,-1
98,647,1623764804801,-1,-1,-1
99,615,1623764805791,-1,-1,-1
100,599,1623764805791,-1,-1,-1
101,599,1623764806780,-1,-1,-1
102,615,1623764807802,-1,-1,-1
103,599,1623764807802,-1,-1,-1
104,591,1623764808790,-1,-1,-1
105,591,1623764808791,-1,-1,-1
106,623,1623764809781,-1,-1,-1
107,591,1623764810801,-1,-1,-1
108,607,1623764810801,-1,-1,-1
109,607,1623764811790,-1,-1,-1
110,615,1623764811790,-1,-1,-1
111,615,1623764813801,-1,-1,-1
112,599,1623764814791,-1,-1,-1
113,623,1623764815781,-1,-1,-1
114,559,1623764815782,-1,-1,-1
115,623,1623764816801,-1,-1,-1
116,631,1623764816802,-1,-1,-1
117,591,1623764817792,-1,-1,-1
118,671,1623764818781,-1,-1,-1
119,583,1623764818781,-1,-1,-1
120,623,1623764819801,-1,-1,-1
121,607,1623764819801,-1,-1,-1
122,615,1623764825802,-1,-1,-1
123,599,1623764826793,-1,-1,-1
124,639,1623764827780,-1,-1,-1
125,639,1623764827780,-1,-1,-1
126,639,1623764829834,-1,-1,-1
127,567,1623764831842,-1,-1,-1
128,575,1623764831842,-1,-1,-1
129,455,1623764832834,-1,-1,-1
130,695,1623764833825,-1,-1,-1
131,687,1623764833825,-1,-1,-1
132,599,1623764834874,-1,-1,-1
133,559,1623764834875,-1,-1,-1
134,575,1623764835865,-1,-1,-1
135,607,1623764838834,-1,-1,-1
136,623,1623764838835,-1,-1,-1
137,615,1623764839825,-1,-1,-1
138,607,1623764839825,-1,-1,-1
139,639,1623764840844,-1,-1,-1
140,647,1623764841834,-1,-1,-1
141,567,1623764841834,-1,-1,-1
142,615,1623764842824,-1,-1,-1
143,607,1623764842825,-1,-1,-1
144,615,1623764843841,-1,-1,-1
145,591,1623764844833,-1,-1,-1
146,439,1623764844833,-1,-1,-1
147,791,1623764845821,-1,-1,-1
148,639,1623764846842,-1,-1,-1
149,591,1623764846842,-1,-1,-1
150,615,1623764847834,-1,-1,-1
151,639,1623764847834,-1,-1,-1
152,631,1623764848823,-1,-1,-1
153,607,1623764849845,-1,-1,-1
154,639,1623764849845,-1,-1,-1
155,639,1623764850832,-1,-1,-1
156,631,1623764851825,-1,-1,-1
157,615,1623764851825,-1,-1,-1
158,599,1623764852845,-1,-1,-1
159,615,1623764852845,-1,-1,-1
160,599,1623764853835,-1,-1,-1
161,583,1623764854825,-1,-1,-1
162,583,1623764854825,-1,-1,-1
163,655,1623764855845,-1,-1,-1
164,607,1623764857824,-1,-1,-1
165,623,1623764857824,-1,-1,-1
166,615,1623764858844,-1,-1,-1
167,607,1623764858844,-1,-1,-1
168,463,1623764861843,-1,-1,-1
169,583,1623764863825,-1,-1,-1
170,591,1623764864845,-1,-1,-1
171,599,1623764864845,-1,-1,-1
172,615,1623764867875,-1,-1,-1
173,591,1623764868834,-1,-1,-1
174,575,1623764870846,-1,-1,-1
175,583,1623764870846,-1,-1,-1
176,591,1623764871834,-1,-1,-1
177,607,1623764872825,-1,-1,-1
178,591,1623764872825,-1,-1,-1
179,591,1623764873846,-1,-1,-1
180,599,1623764873846,-1,-1,-1
181,623,1623764874835,-1,-1,-1
182,623,1623764875823,-1,-1,-1
183,479,1623764877834,-1,-1,-1
184,631,1623764886835,-1,-1,-1
185,535,1623764887824,-1,-1,-1
186,607,1623764887824,-1,-1,-1
187,599,1623764888847,-1,-1,-1
188,583,1623764889834,-1,-1,-1
189,647,1623764889834,-1,-1,-1
190,511,1623764890825,-1,-1,-1
191,583,1623764892835,-1,-1,-1
192,607,1623764892836,-1,-1,-1
193,583,1623764893825,-1,-1,-1
194,639,1623764893825,-1,-1,-1
195,575,1623764894815,-1,-1,-1
196,607,1623764895835,-1,-1,-1
197,591,1623764895835,-1,-1,-1
198,607,1623764896826,-1,-1,-1
199,623,1623764896826,-1,-1,-1
200,567,1623764897814,-1,-1,-1
201,599,1623764898835,-1,-1,-1
202,399,1623764899824,-1,-1,-1
203,615,1623764899824,-1,-1,-1
204,567,1623764900814,-1,-1,-1
205,607,1623764901832,-1,-1,-1
206,647,1623764901832,-1,-1,-1
207,583,1623764902825,-1,-1,-1
208,591,1623764902825,-1,-1,-1
209,615,1623764903815,-1,-1,-1
210,471,1623764905822,-1,-1,-1
211,663,1623764909815,-1,-1,-1
212,543,1623764910835,-1,-1,-1
213,807,1623764910836,-1,-1,-1
214,439,1623764912814,-1,-1,-1
215,647,1623764914824,-1,-1,-1
216,607,1623764915815,-1,-1,-1
217,567,1623764916834,-1,-1,-1
218,615,1623764916834,-1,-1,-1
219,591,1623764917824,-1,-1,-1
220,583,1623764917825,-1,-1,-1
221,583,1623764918844,-1,-1,-1
222,631,1623764919835,-1,-1,-1
223,599,1623764919835,-1,-1,-1
224,599,1623764920825,-1,-1,-1
225,639,1623764920825,-1,-1,-1
226,639,1623764921815,-1,-1,-1
227,575,1623764922835,-1,-1,-1
228,599,1623764922835,-1,-1,-1
229,591,1623764923825,-1,-1,-1
230,615,1623764923825,-1,-1,-1
231,567,1623764924815,-1,-1,-1
232,591,1623764925834,-1,-1,-1
233,583,1623764925834,-1,-1,-1
234,607,1623764926825,-1,-1,-1
235,583,1623764926825,-1,-1,-1
236,583,1623764927815,-1,-1,-1
237,623,1623764928834,-1,-1,-1
238,631,1623764928834,-1,-1,-1
239,607,1623764929825,-1,-1,-1
240,623,1623764929825,-1,-1,-1
241,639,1623764930815,-1,-1,-1
242,623,1623764931835,-1,-1,-1
243,623,1623764931835,-1,-1,-1
244,607,1623764932885,-1,-1,-1
245,615,1623764932885,-1,-1,-1
246,623,1623764933811,-1,-1,-1
247,591,1623764934835,-1,-1,-1
248,607,1623764934835,-1,-1,-1
249,599,1623764935825,-1,-1,-1
250,607,1623764936815,-1,-1,-1
251,727,1623764936815,-1,-1,-1
252,615,1623764938825,-1,-1,-1
253,599,1623764939816,-1,-1,-1
254,591,1623764939817,-1,-1,-1
255,615,1623764940834,-1,-1,-1
256,615,1623764940834,-1,-1,-1
257,623,1623764941826,-1,-1,-1
258,599,1623764942814,-1,-1,-1
259,575,1623764942815,-1,-1,-1
260,607,1623764943835,-1,-1,-1
261,631,1623764943835,-1,-1,-1
262,663,1623764944825,-1,-1,-1
263,607,1623764945815,-1,-1,-1
264,575,1623764945815,-1,-1,-1
265,623,1623764946832,-1,-1,-1
266,655,1623764947825,-1,-1,-1
267,575,1623764947826,-1,-1,-1
268,615,1623764948815,-1,-1,-1
269,631,1623764948815,-1,-1,-1
270,583,1623764949835,-1,-1,-1
271,623,1623764950855,-1,-1,-1
272,591,1623764950855,-1,-1,-1
273,639,1623764951844,-1,-1,-1
274,599,1623764951844,-1,-1,-1
275,623,1623764952835,-1,-1,-1
276,615,1623764953825,-1,-1,-1
277,687,1623764953825,-1,-1,-1
278,567,1623764954815,-1,-1,-1
279,615,1623764955835,-1,-1,-1
280,559,1623764955835,-1,-1,-1
281,567,1623764957814,-1,-1,-1
282,623,1623764958834,-1,-1,-1
283,791,1623764958835,-1,-1,-1
284,759,1623764961834,-1,-1,-1
285,599,1623764962825,-1,-1,-1
286,599,1623764962825,-1,-1,-1
287,607,1623764963811,-1,-1,-1
288,615,1623764964834,-1,-1,-1
289,575,1623764964834,-1,-1,-1
290,615,1623764965825,-1,-1,-1
291,599,1623764965825,-1,-1,-1
292,583,1623764966813,-1,-1,-1
293,583,1623764967835,-1,-1,-1
294,687,1623764968826,-1,-1,-1
295,591,1623764969813,-1,-1,-1
296,615,1623764970834,-1,-1,-1
297,623,1623764970834,-1,-1,-1
298,639,1623764971825,-1,-1,-1
299,575,1623764971825,-1,-1,-1
300,583,1623764972815,-1,-1,-1
301,623,1623764973835,-1,-1,-1
302,591,1623764973835,-1,-1,-1
303,623,1623764974826,-1,-1,-1
304,607,1623764974826,-1,-1,-1
305,639,1623764975813,-1,-1,-1
306,567,1623764978814,-1,-1,-1
307,567,1623764979835,-1,-1,-1
308,607,1623764979836,-1,-1,-1
309,599,1623764980825,-1,-1,-1
310,583,1623764980826,-1,-1,-1
311,607,1623764981814,-1,-1,-1
312,615,1623764982835,-1,-1,-1
313,631,1623764982835,-1,-1,-1
314,607,1623764983855,-1,-1,-1
315,575,1623764983855,-1,-1,-1
316,655,1623764985834,-1,-1,-1
317,791,1623764987815,-1,-1,-1
318,615,1623764988834,-1,-1,-1
319,551,1623764988834,-1,-1,-1
320,591,1623764989825,-1,-1,-1
321,551,1623764991835,-1,-1,-1
322,647,1623764991835,-1,-1,-1
323,583,1623764992822,-1,-1,-1
324,655,1623764993814,-1,-1,-1
325,615,1623764993814,-1,-1,-1
326,575,1623764994836,-1,-1,-1
327,591,1623764994836,-1,-1,-1
328,615,1623764995824,-1,-1,-1
329,583,1623764996815,-1,-1,-1
330,583,1623764996815,-1,-1,-1
331,607,1623764997835,-1,-1,-1
332,639,1623764997835,-1,-1,-1
333,607,1623764998825,-1,-1,-1
334,607,1623764999814,-1,-1,-1
335,623,1623764999814,-1,-1,-1
336,615,1623765000835,-1,-1,-1
337,559,1623765000835,-1,-1,-1
338,575,1623765001825,-1,-1,-1
339,559,1623765002816,-1,-1,-1
340,583,1623765002816,-1,-1,-1
341,591,1623765003831,-1,-1,-1
342,583,1623765003831,-1,-1,-1
343,623,1623765004821,-1,-1,-1
344,487,1623765004821,-1,-1,-1
345,655,1623765005810,-1,-1,-1
346,639,1623765007825,-1,-1,-1
347,583,1623765008811,-1,-1,-1
348,607,1623765008812,-1,-1,-1
349,583,1623765010822,-1,-1,-1
350,607,1623765010822,-1,-1,-1
351,599,1623765011811,-1,-1,-1
352,631,1623765012802,-1,-1,-1
353,623,1623765012802,-1,-1,-1
354,607,1623765013821,-1,-1,-1
355,615,1623765014811,-1,-1,-1
356,631,1623765014812,-1,-1,-1
357,615,1623765015802,-1,-1,-1
358,599,1623765015802,-1,-1,-1
359,615,1623765016851,-1,-1,-1
360,631,1623765017843,-1,-1,-1
361,615,1623765017843,-1,-1,-1
362,615,1623765018832,-1,-1,-1
363,599,1623765018832,-1,-1,-1
364,607,1623765019825,-1,-1,-1
365,583,1623765020812,-1,-1,-1
366,623,1623765020812,-1,-1,-1
367,567,1623765021803,-1,-1,-1
368,599,1623765021803,-1,-1,-1
369,591,1623765022825,-1,-1,-1
370,623,1623765023815,-1,-1,-1
371,615,1623765023815,-1,-1,-1
372,623,1623765024802,-1,-1,-1
373,599,1623765025822,-1,-1,-1
374,583,1623765025822,-1,-1,-1
375,599,1623765026815,-1,-1,-1
376,567,1623765026815,-1,-1,-1
377,583,1623765027800,-1,-1,-1
378,591,1623765027800,-1,-1,-1
379,591,1623765028824,-1,-1,-1
380,575,1623765029812,-1,-1,-1
381,583,1623765029812,-1,-1,-1
382,591,1623765030805,-1,-1,-1
383,599,1623765030805,-1,-1,-1
384,607,1623765031825,-1,-1,-1
385,591,1623765032815,-1,-1,-1
386,615,1623765032815,-1,-1,-1
387,615,1623765033802,-1,-1,-1
388,623,1623765033802,-1,-1,-1
389,615,1623765034824,-1,-1,-1
390,591,1623765035812,-1,-1,-1
391,599,1623765035813,-1,-1,-1
392,623,1623765036803,-1,-1,-1
393,575,1623765036803,-1,-1,-1
394,599,1623765037822,-1,-1,-1
395,591,1623765038812,-1,-1,-1
396,623,1623765038812,-1,-1,-1
397,575,1623765039804,-1,-1,-1
398,615,1623765039804,-1,-1,-1
399,615,1623765040824,-1,-1,-1
400,623,1623765041815,-1,-1,-1
401,607,1623765041815,-1,-1,-1
402,607,1623765042805,-1,-1,-1
403,623,1623765043823,-1,-1,-1
404,663,1623765043823,-1,-1,-1
405,623,1623765044812,-1,-1,-1
406,631,1623765044812,-1,-1,-1
407,615,1623765045804,-1,-1,-1
408,639,1623765046822,-1,-1,-1
409,663,1623765046822,-1,-1,-1
410,615,1623765047814,-1,-1,-1
411,631,1623765048805,-1,-1,-1
412,607,1623765048805,-1,-1,-1
413,639,1623765049854,-1,-1,-1
414,647,1623765050844,-1,-1,-1
415,599,1623765050844,-1,-1,-1
416,623,1623765051804,-1,-1,-1
417,615,1623765051804,-1,-1,-1
418,631,1623765052825,-1,-1,-1
419,599,1623765053815,-1,-1,-1
420,631,1623765053815,-1,-1,-1
421,599,1623765054805,-1,-1,-1
422,647,1623765054805,-1,-1,-1
423,623,1623765055824,-1,-1,-1
424,599,1623765056823,-1,-1,-1
425,631,1623765056823,-1,-1,-1
426,615,1623765057805,-1,-1,-1
427,615,1623765058822,-1,-1,-1
428,631,1623765058822,-1,-1,-1
429,607,1623765059842,-1,-1,-1
430,639,1623765059842,-1,-1,-1
431,639,1623765060802,-1,-1,-1
432,599,1623765061823,-1,-1,-1
433,623,1623765061823,-1,-1,-1
434,639,1623765062815,-1,-1,-1
435,639,1623765063804,-1,-1,-1
436,631,1623765063804,-1,-1,-1
437,607,1623765064824,-1,-1,-1
438,623,1623765064824,-1,-1,-1
439,631,1623765065815,-1,-1,-1
440,599,1623765066803,-1,-1,-1
441,623,1623765066803,-1,-1,-1
442,591,1623765067825,-1,-1,-1
443,607,1623765068815,-1,-1,-1
444,615,1623765068816,-1,-1,-1
445,631,1623765069805,-1,-1,-1
446,599,1623765069805,-1,-1,-1
447,591,1623765070824,-1,-1,-1
448,615,1623765071813,-1,-1,-1
449,559,1623765071813,-1,-1,-1
450,567,1623765072805,-1,-1,-1
451,575,1623765072805,-1,-1,-1
452,591,1623765073825,-1,-1,-1
453,615,1623765073825,-1,-1,-1
454,599,1623765074815,-1,-1,-1
455,575,1623765075805,-1,-1,-1
456,599,1623765075805,-1,-1,-1
457,623,1623765076825,-1,-1,-1
458,607,1623765077815,-1,-1,-1
459,639,1623765077815,-1,-1,-1
460,607,1623765078805,-1,-1,-1
461,623,1623765078805,-1,-1,-1
462,615,1623765079825,-1,-1,-1
463,631,1623765080815,-1,-1,-1
464,639,1623765080815,-1,-1,-1
465,623,1623765081805,-1,-1,-1
466,615,1623765082854,-1,-1,-1
467,623,1623765082855,-1,-1,-1
468,631,1623765083845,-1,-1,-1
469,639,1623765083845,-1,-1,-1
470,615,1623765084805,-1,-1,-1
471,623,1623765085826,-1,-1,-1
472,607,1623765085826,-1,-1,-1
473,631,1623765086815,-1,-1,-1
474,639,1623765087805,-1,-1,-1
475,607,1623765087805,-1,-1,-1
476,615,1623765088825,-1,-1,-1
477,615,1623765088825,-1,-1,-1
478,647,1623765089815,-1,-1,-1
479,631,1623765090804,-1,-1,-1
480,599,1623765090804,-1,-1,-1
481,655,1623765091824,-1,-1,-1
482,647,1623765092815,-1,-1,-1
483,647,1623765092815,-1,-1,-1
484,647,1623765093805,-1,-1,-1
485,631,1623765093805,-1,-1,-1
486,615,1623765094825,-1,-1,-1
487,647,1623765095814,-1,-1,-1
488,623,1623765095814,-1,-1,-1
489,647,1623765096804,-1,-1,-1
490,607,1623765097824,-1,-1,-1
491,631,1623765097824,-1,-1,-1
492,663,1623765098815,-1,-1,-1
493,631,1623765099803,-1,-1,-1
494,647,1623765099803,-1,-1,-1
495,623,1623765100824,-1,-1,-1
496,663,1623765100825,-1,-1,-1
497,639,1623765101815,-1,-1,-1
498,615,1623765102802,-1,-1,-1
499,615,1623765102802,-1,-1,-1
500,623,1623765103825,-1,-1,-1
501,623,1623765104815,-1,-1,-1
502,639,1623765104815,-1,-1,-1
503,647,1623765105804,-1,-1,-1
504,639,1623765106824,-1,-1,-1
505,655,1623765107815,-1,-1,-1
506,647,1623765108804,-1,-1,-1
507,567,1623765109825,-1,-1,-1
508,599,1623765110815,-1,-1,-1
509,615,1623765111806,-1,-1,-1
510,639,1623765112825,-1,-1,-1
511,583,1623765112825,-1,-1,-1
512,743,1623765114805,-1,-1,-1
513,559,1623765115855,-1,-1,-1
514,607,1623765115855,-1,-1,-1
515,471,1623765116845,-1,-1,-1
516,655,1623765116845,-1,-1,-1
517,695,1623765117804,-1,-1,-1
518,583,1623765118825,-1,-1,-1
519,567,1623765118825,-1,-1,-1
520,639,1623765119816,-1,-1,-1
521,551,1623765119816,-1,-1,-1
522,583,1623765120805,-1,-1,-1
523,575,1623765121825,-1,-1,-1
524,615,1623765121825,-1,-1,-1
525,583,1623765122815,-1,-1,-1
526,575,1623765122815,-1,-1,-1
527,607,1623765123804,-1,-1,-1
528,607,1623765124825,-1,-1,-1
529,607,1623765124825,-1,-1,-1
530,615,1623765125815,-1,-1,-1
531,607,1623765125815,-1,-1,-1
532,623,1623765126805,-1,-1,-1
533,615,1623765127824,-1,-1,-1
534,631,1623765127824,-1,-1,-1
535,599,1623765128815,-1,-1,-1
536,599,1623765128815,-1,-1,-1
537,607,1623765129805,-1,-1,-1
538,599,1623765130825,-1,-1,-1
539,599,1623765130825,-1,-1,-1
540,623,1623765131815,-1,-1,-1
541,607,1623765131815,-1,-1,-1
542,623,1623765132804,-1,-1,-1
543,639,1623765133823,-1,-1,-1
544,631,1623765133823,-1,-1,-1
545,663,1623765134815,-1,-1,-1
546,655,1623765135805,-1,-1,-1
547,647,1623765135805,-1,-1,-1
548,623,1623765136826,-1,-1,-1
549,631,1623765137815,-1,-1,-1
550,647,1623765137815,-1,-1,-1
551,631,1623765138805,-1,-1,-1
552,615,1623765138805,-1,-1,-1
553,623,1623765139825,-1,-1,-1
554,615,1623765140815,-1,-1,-1
555,607,1623765140815,-1,-1,-1
556,607,1623765141804,-1,-1,-1
557,647,1623765142825,-1,-1,-1
558,599,1623765142825,-1,-1,-1
559,623,1623765143815,-1,-1,-1
560,647,1623765143815,-1,-1,-1
561,639,1623765144806,-1,-1,-1
562,655,1623765145825,-1,-1,-1
563,647,1623765145825,-1,-1,-1
564,663,1623765146814,-1,-1,-1
565,655,1623765147804,-1,-1,-1
566,639,1623765147804,-1,-1,-1
567,647,1623765148854,-1,-1,-1
568,671,1623765149845,-1,-1,-1
569,663,1623765149846,-1,-1,-1
570,623,1623765150805,-1,-1,-1
571,647,1623765151826,-1,-1,-1
572,623,1623765151827,-1,-1,-1
573,647,1623765152815,-1,-1,-1
574,647,1623765153805,-1,-1,-1
575,607,1623765153805,-1,-1,-1
576,631,1623765154824,-1,-1,-1
577,631,1623765154824,-1,-1,-1
578,591,1623765155815,-1,-1,-1
579,615,1623765156805,-1,-1,-1
580,599,1623765156805,-1,-1,-1
581,623,1623765157795,-1,-1,-1
582,591,1623765157795,-1,-1,-1
583,607,1623765158814,-1,-1,-1
584,615,1623765159805,-1,-1,-1
585,631,1623765159805,-1,-1,-1
586,615,1623765160795,-1,-1,-1
587,623,1623765161812,-1,-1,-1
588,615,1623765161812,-1,-1,-1
589,599,1623765162805,-1,-1,-1
590,583,1623765162805,-1,-1,-1
591,583,1623765163795,-1,-1,-1
592,583,1623765163795,-1,-1,-1
593,607,1623765164815,-1,-1,-1
594,623,1623765165805,-1,-1,-1
595,607,1623765165805,-1,-1,-1
596,591,1623765166825,-1,-1,-1
597,607,1623765167815,-1,-1,-1
598,599,1623765167815,-1,-1,-1
599,631,1623765168805,-1,-1,-1
600,599,1623765168805,-1,-1,-1
601,631,1623765169795,-1,-1,-1
602,631,1623765170814,-1,-1,-1
603,631,1623765170814,-1,-1,-1
604,631,1623765171805,-1,-1,-1
605,639,1623765172795,-1,-1,-1
606,671,1623765172795,-1,-1,-1
607,663,1623765173815,-1,-1,-1
608,663,1623765174805,-1,-1,-1
609,639,1623765174805,-1,-1,-1
610,655,1623765175795,-1,-1,-1
611,655,1623765175795,-1,-1,-1
612,623,1623765176815,-1,-1,-1
613,647,1623765177805,-1,-1,-1
614,623,1623765177806,-1,-1,-1
615,639,1623765178795,-1,-1,-1
616,631,1623765179812,-1,-1,-1
617,639,1623765179812,-1,-1,-1
618,615,1623765180804,-1,-1,-1
619,647,1623765181794,-1,-1,-1
620,631,1623765181794,-1,-1,-1
621,639,1623765182813,-1,-1,-1
622,647,1623765182813,-1,-1,-1
623,647,1623765183805,-1,-1,-1
624,623,1623765184795,-1,-1,-1
625,623,1623765184795,-1,-1,-1
626,631,1623765185815,-1,-1,-1
627,655,1623765186805,-1,-1,-1
628,663,1623765186805,-1,-1,-1
629,639,1623765187791,-1,-1,-1
630,647,1623765188815,-1,-1,-1
631,647,1623765188816,-1,-1,-1
632,639,1623765189805,-1,-1,-1
633,639,1623765190795,-1,-1,-1
634,639,1623765190795,-1,-1,-1
635,639,1623765191815,-1,-1,-1
636,647,1623765191815,-1,-1,-1
637,647,1623765192803,-1,-1,-1
638,623,1623765193795,-1,-1,-1
639,639,1623765193795,-1,-1,-1
640,639,1623765194815,-1,-1,-1
641,655,1623765195805,-1,-1,-1
642,607,1623765195805,-1,-1,-1
643,615,1623765196794,-1,-1,-1
644,639,1623765197815,-1,-1,-1
645,647,1623765197815,-1,-1,-1
646,623,1623765198804,-1,-1,-1
647,607,1623765198804,-1,-1,-1
648,567,1623765200815,-1,-1,-1
649,599,1623765201806,-1,-1,-1
650,599,1623765201806,-1,-1,-1
651,615,1623765202791,-1,-1,-1
652,631,1623765203820,-1,-1,-1
653,647,1623765203820,-1,-1,-1
654,583,1623765204805,-1,-1,-1
655,655,1623765205795,-1,-1,-1
656,639,1623765205795,-1,-1,-1
657,631,1623765206815,-1,-1,-1
658,623,1623765206815,-1,-1,-1
659,583,1623765207805,-1,-1,-1
660,655,1623765208795,-1,-1,-1
661,631,1623765208795,-1,-1,-1
662,631,1623765209816,-1,-1,-1
663,591,1623765210804,-1,-1,-1
664,727,1623765211795,-1,-1,-1
665,551,1623765212815,-1,-1,-1
666,591,1623765213805,-1,-1,-1
667,607,1623765215815,-1,-1,-1
668,631,1623765216804,-1,-1,-1
669,647,1623765216804,-1,-1,-1
670,687,1623765217823,-1,-1,-1
671,655,1623765218815,-1,-1,-1
672,623,1623765218815,-1,-1,-1
673,615,1623765219806,-1,-1,-1
674,639,1623765220795,-1,-1,-1
675,663,1623765220795,-1,-1,-1
676,639,1623765221814,-1,-1,-1
677,623,1623765222805,-1,-1,-1
678,623,1623765222805,-1,-1,-1
679,647,1623765223795,-1,-1,-1
680,639,1623765223795,-1,-1,-1
681,623,1623765224814,-1,-1,-1
682,623,1623765225805,-1,-1,-1
683,607,1623765225805,-1,-1,-1
684,615,1623765226796,-1,-1,-1
685,631,1623765227815,-1,-1,-1
686,615,1623765227816,-1,-1,-1
687,623,1623765228805,-1,-1,-1
688,615,1623765228805,-1,-1,-1
689,647,1623765229795,-1,-1,-1
690,615,1623765230812,-1,-1,-1
691,639,1623765230812,-1,-1,-1
692,639,1623765231806,-1,-1,-1
693,655,1623765232827,-1,-1,-1
694,655,1623765232827,-1,-1,-1
695,639,1623765233815,-1,-1,-1
696,623,1623765234806,-1,-1,-1
697,679,1623765234807,-1,-1,-1
698,647,1623765235795,-1,-1,-1
699,679,1623765236815,-1,-1,-1
700,639,1623765236815,-1,-1,-1
701,647,1623765237805,-1,-1,-1
702,639,1623765237805,-1,-1,-1
703,663,1623765238794,-1,-1,-1
704,639,1623765239815,-1,-1,-1
705,623,1623765239815,-1,-1,-1
706,639,1623765240805,-1,-1,-1
707,631,1623765241795,-1,-1,-1
708,647,1623765241795,-1,-1,-1
709,639,1623765242816,-1,-1,-1
710,607,1623765243805,-1,-1,-1
711,663,1623765243805,-1,-1,-1
712,623,1623765244794,-1,-1,-1
713,623,1623765245815,-1,-1,-1
714,623,1623765245815,-1,-1,-1
715,695,1623765246805,-1,-1,-1
716,615,1623765246805,-1,-1,-1
717,519,1623765247795,-1,-1,-1
718,695,1623765248814,-1,-1,-1
719,647,1623765248814,-1,-1,-1
720,615,1623765249805,-1,-1,-1
721,599,1623765250795,-1,-1,-1
722,575,1623765250795,-1,-1,-1
723,671,1623765251815,-1,-1,-1
724,639,1623765251815,-1,-1,-1
725,615,1623765252801,-1,-1,-1
726,615,1623765253795,-1,-1,-1
727,599,1623765253796,-1,-1,-1
728,639,1623765254815,-1,-1,-1
729,623,1623765255805,-1,-1,-1
730,639,1623765255805,-1,-1,-1
731,639,1623765256794,-1,-1,-1
732,655,1623765256794,-1,-1,-1
733,639,1623765257814,-1,-1,-1
734,655,1623765258804,-1,-1,-1
735,647,1623765258804,-1,-1,-1
736,679,1623765259794,-1,-1,-1
737,639,1623765260815,-1,-1,-1
738,655,1623765260815,-1,-1,-1
739,671,1623765261804,-1,-1,-1
740,647,1623765262795,-1,-1,-1
741,655,1623765262795,-1,-1,-1
742,647,1623765263815,-1,-1,-1
743,655,1623765264806,-1,-1,-1
744,639,1623765264806,-1,-1,-1
745,663,1623765265825,-1,-1,-1
746,655,1623765266815,-1,-1,-1
747,639,1623765266815,-1,-1,-1
748,639,1623765267804,-1,-1,-1
749,639,1623765268795,-1,-1,-1
750,639,1623765268795,-1,-1,-1
751,671,1623765269815,-1,-1,-1
752,623,1623765269816,-1,-1,-1
753,623,1623765270805,-1,-1,-1
754,655,1623765271795,-1,-1,-1
755,655,1623765271795,-1,-1,-1
756,655,1623765272815,-1,-1,-1
757,663,1623765273805,-1,-1,-1
758,663,1623765273805,-1,-1,-1
759,655,1623765274794,-1,-1,-1
760,663,1623765275815,-1,-1,-1
761,655,1623765275816,-1,-1,-1
762,663,1623765276805,-1,-1,-1
763,663,1623765277795,-1,-1,-1
764,647,1623765277795,-1,-1,-1
765,655,1623765278814,-1,-1,-1
766,655,1623765279805,-1,-1,-1
767,623,1623765279805,-1,-1,-1
768,639,1623765280794,-1,-1,-1
769,663,1623765281815,-1,-1,-1
770,623,1623765281815,-1,-1,-1
771,647,1623765282805,-1,-1,-1
772,615,1623765282805,-1,-1,-1
773,679,1623765283795,-1,-1,-1
774,623,1623765284785,-1,-1,-1
775,639,1623765284785,-1,-1,-1
776,639,1623765285806,-1,-1,-1
777,647,1623765286796,-1,-1,-1
778,655,1623765286796,-1,-1,-1
779,623,1623765287785,-1,-1,-1
780,647,1623765288805,-1,-1,-1
781,647,1623765288805,-1,-1,-1
782,631,1623765289795,-1,-1,-1
783,647,1623765290784,-1,-1,-1
784,647,1623765290785,-1,-1,-1
785,631,1623765291804,-1,-1,-1
786,647,1623765291804,-1,-1,-1
787,647,1623765292795,-1,-1,-1
788,655,1623765293785,-1,-1,-1
789,647,1623765293785,-1,-1,-1
790,615,1623765294805,-1,-1,-1
791,647,1623765295795,-1,-1,-1
792,647,1623765295795,-1,-1,-1
793,639,1623765296785,-1,-1,-1
794,623,1623765297835,-1,-1,-1
795,647,1623765297836,-1,-1,-1
796,663,1623765298825,-1,-1,-1
797,615,1623765299815,-1,-1,-1
798,623,1623765299815,-1,-1,-1
799,623,1623765300805,-1,-1,-1
800,655,1623765300805,-1,-1,-1
801,647,1623765301795,-1,-1,-1
802,623,1623765302785,-1,-1,-1
803,631,1623765302785,-1,-1,-1
804,655,1623765303805,-1,-1,-1
805,623,1623765304795,-1,-1,-1
806,615,1623765304795,-1,-1,-1
807,639,1623765305785,-1,-1,-1
808,663,1623765306805,-1,-1,-1
809,639,1623765306805,-1,-1,-1
810,607,1623765307795,-1,-1,-1
811,703,1623765307795,-1,-1,-1
812,655,1623765308786,-1,-1,-1
813,655,1623765309805,-1,-1,-1
814,671,1623765309805,-1,-1,-1
815,671,1623765310792,-1,-1,-1
816,647,1623765311782,-1,-1,-1
817,639,1623765311783,-1,-1,-1
818,631,1623765312803,-1,-1,-1
819,639,1623765313793,-1,-1,-1
820,535,1623765313793,-1,-1,-1
821,711,1623765314783,-1,-1,-1
822,615,1623765315804,-1,-1,-1
823,623,1623765315804,-1,-1,-1
824,639,1623765316793,-1,-1,-1
825,607,1623765316793,-1,-1,-1
826,671,1623765317786,-1,-1,-1
827,591,1623765318804,-1,-1,-1
828,639,1623765318805,-1,-1,-1
829,599,1623765319795,-1,-1,-1
830,599,1623765320785,-1,-1,-1
831,583,1623765320786,-1,-1,-1
832,615,1623765321806,-1,-1,-1
833,607,1623765321806,-1,-1,-1
834,623,1623765322795,-1,-1,-1
835,623,1623765323785,-1,-1,-1
836,623,1623765323785,-1,-1,-1
837,615,1623765324806,-1,-1,-1
838,623,1623765324806,-1,-1,-1
839,663,1623765325795,-1,-1,-1
840,623,1623765326785,-1,-1,-1
841,639,1623765326785,-1,-1,-1
842,639,1623765327804,-1,-1,-1
843,663,1623765328795,-1,-1,-1
844,615,1623765328795,-1,-1,-1
845,623,1623765329785,-1,-1,-1
846,615,1623765330833,-1,-1,-1
847,671,1623765330833,-1,-1,-1
848,639,1623765331825,-1,-1,-1
849,639,1623765332815,-1,-1,-1
850,679,1623765332815,-1,-1,-1
851,647,1623765333804,-1,-1,-1
852,639,1623765333804,-1,-1,-1
853,647,1623765334796,-1,-1,-1
854,655,1623765335785,-1,-1,-1
855,615,1623765335785,-1,-1,-1
856,623,1623765336805,-1,-1,-1
857,647,1623765337793,-1,-1,-1
858,607,1623765337793,-1,-1,-1
859,615,1623765338785,-1,-1,-1
860,607,1623765338785,-1,-1,-1
861,671,1623765339805,-1,-1,-1
862,623,1623765340794,-1,-1,-1
863,615,1623765340795,-1,-1,-1
864,631,1623765341785,-1,-1,-1
865,615,1623765342805,-1,-1,-1
866,631,1623765342805,-1,-1,-1
867,671,1623765343795,-1,-1,-1
868,647,1623765344784,-1,-1,-1
869,671,1623765344784,-1,-1,-1
870,663,1623765345803,-1,-1,-1
871,655,1623765346795,-1,-1,-1
872,695,1623765346795,-1,-1,-1
873,639,1623765347784,-1,-1,-1
874,655,1623765348805,-1,-1,-1
875,655,1623765348805,-1,-1,-1
876,639,1623765349793,-1,-1,-1
877,615,1623765351805,-1,-1,-1
878,695,1623765352795,-1,-1,-1
879,655,1623765352795,-1,-1,-1
880,647,1623765353783,-1,-1,-1
881,631,1623765353783,-1,-1,-1
882,647,1623765354804,-1,-1,-1
883,631,1623765355795,-1,-1,-1
884,623,1623765355795,-1,-1,-1
885,647,1623765356785,-1,-1,-1
886,639,1623765357805,-1,-1,-1
887,631,1623765357805,-1,-1,-1
888,671,1623765358792,-1,-1,-1
889,583,1623765359785,-1,-1,-1
890,655,1623765359785,-1,-1,-1
891,639,1623765360803,-1,-1,-1
892,655,1623765361795,-1,-1,-1
893,679,1623765361795,-1,-1,-1
894,679,1623765362785,-1,-1,-1
895,687,1623765363836,-1,-1,-1
896,687,1623765363836,-1,-1,-1
897,631,1623765364825,-1,-1,-1
898,671,1623765365813,-1,-1,-1
899,671,1623765365813,-1,-1,-1
900,687,1623765366804,-1,-1,-1
901,671,1623765367825,-1,-1,-1
902,671,1623765367825,-1,-1,-1
903,647,1623765368782,-1,-1,-1
904,679,1623765369805,-1,-1,-1
905,647,1623765369805,-1,-1,-1
906,663,1623765370795,-1,-1,-1
907,671,1623765371786,-1,-1,-1
908,663,1623765371786,-1,-1,-1
909,687,1623765372805,-1,-1,-1
910,639,1623765373796,-1,-1,-1
911,647,1623765373796,-1,-1,-1
912,655,1623765374787,-1,-1,-1
913,631,1623765375805,-1,-1,-1
914,647,1623765375805,-1,-1,-1
915,631,1623765376795,-1,-1,-1
916,639,1623765376795,-1,-1,-1
917,623,1623765377785,-1,-1,-1
918,655,1623765378805,-1,-1,-1
919,671,1623765378805,-1,-1,-1
920,647,1623765379795,-1,-1,-1
921,639,1623765380785,-1,-1,-1
922,655,1623765380785,-1,-1,-1
923,735,1623765381805,-1,-1,-1
924,831,1623765382795,-1,-1,-1
925,631,1623765384805,-1,-1,-1
926,623,1623765384805,-1,-1,-1
927,647,1623765385795,-1,-1,-1
928,631,1623765385795,-1,-1,-1
929,631,1623765386786,-1,-1,-1
930,639,1623765387805,-1,-1,-1
931,639,1623765387805,-1,-1,-1
932,647,1623765388795,-1,-1,-1
933,655,1623765389782,-1,-1,-1
934,615,1623765389782,-1,-1,-1
935,575,1623765391795,-1,-1,-1
936,607,1623765392784,-1,-1,-1
937,583,1623765392785,-1,-1,-1
938,615,1623765393805,-1,-1,-1
939,591,1623765393805,-1,-1,-1
940,615,1623765394794,-1,-1,-1
941,599,1623765395785,-1,-1,-1
942,615,1623765395785,-1,-1,-1
943,631,1623765396835,-1,-1,-1
944,575,1623765397825,-1,-1,-1
945,663,1623765397825,-1,-1,-1
946,639,1623765398785,-1,-1,-1
947,639,1623765398785,-1,-1,-1
948,639,1623765399804,-1,-1,-1
949,639,1623765400794,-1,-1,-1
950,663,1623765400794,-1,-1,-1
951,639,1623765401784,-1,-1,-1
952,647,1623765402804,-1,-1,-1
953,647,1623765402804,-1,-1,-1
954,615,1623765403795,-1,-1,-1
955,639,1623765404784,-1,-1,-1
956,631,1623765404784,-1,-1,-1
957,631,1623765405806,-1,-1,-1
958,663,1623765406795,-1,-1,-1
959,631,1623765406795,-1,-1,-1
960,663,1623765407785,-1,-1,-1
961,663,1623765407785,-1,-1,-1
962,639,1623765408804,-1,-1,-1
963,655,1623765409795,-1,-1,-1
964,655,1623765409795,-1,-1,-1
965,671,1623765410783,-1,-1,-1
966,663,1623765411805,-1,-1,-1
967,655,1623765411805,-1,-1,-1
968,655,1623765412795,-1,-1,-1
969,687,1623765413785,-1,-1,-1
970,655,1623765413785,-1,-1,-1
971,663,1623765414805,-1,-1,-1
972,671,1623765415795,-1,-1,-1
973,671,1623765415795,-1,-1,-1
974,663,1623765416785,-1,-1,-1
975,679,1623765417806,-1,-1,-1
976,679,1623765417807,-1,-1,-1
977,687,1623765418795,-1,-1,-1
978,703,1623765419782,-1,-1,-1
979,687,1623765420804,-1,-1,-1
980,647,1623765420804,-1,-1,-1
981,663,1623765421795,-1,-1,-1
982,671,1623765422786,-1,-1,-1
983,647,1623765422786,-1,-1,-1
984,671,1623765423805,-1,-1,-1
985,647,1623765423805,-1,-1,-1
986,647,1623765424795,-1,-1,-1
987,671,1623765425785,-1,-1,-1
988,631,1623765425785,-1,-1,-1
989,663,1623765426805,-1,-1,-1
990,623,1623765427795,-1,-1,-1
991,687,1623765427795,-1,-1,-1
992,639,1623765428785,-1,-1,-1
993,631,1623765429835,-1,-1,-1
994,655,1623765429835,-1,-1,-1
995,671,1623765430825,-1,-1,-1
996,615,1623765431785,-1,-1,-1
997,647,1623765431785,-1,-1,-1
998,631,1623765432806,-1,-1,-1
999,639,1623765433795,-1,-1,-1
1000,599,1623765433795,-1,-1,-1
1001,663,1623765434785,-1,-1,-1
1002,639,1623765434785,-1,-1,-1
1003,631,1623765435774,-1,-1,-1
1004,607,1623765436795,-1,-1,-1
1005,639,1623765436795,-1,-1,-1
1006,655,1623765437785,-1,-1,-1
1007,655,1623765438775,-1,-1,-1
1008,631,1623765438775,-1,-1,-1
1009,639,1623765439797,-1,-1,-1
1010,647,1623765440785,-1,-1,-1
1011,679,1623765440786,-1,-1,-1
1012,639,1623765441776,-1,-1,-1
1013,655,1623765442795,-1,-1,-1
1014,647,1623765442795,-1,-1,-1
1015,703,1623765443785,-1,-1,-1
1016,631,1623765444775,-1,-1,-1
1017,671,1623765444775,-1,-1,-1
1018,631,1623765445795,-1,-1,-1
1019,679,1623765446785,-1,-1,-1
1020,623,1623765446785,-1,-1,-1
1021,671,1623765447776,-1,-1,-1
1022,647,1623765447776,-1,-1,-1
1023,647,1623765448795,-1,-1,-1
1024,623,1623765449785,-1,-1,-1
1025,631,1623765449785,-1,-1,-1
1026,639,1623765450773,-1,-1,-1
1027,647,1623765451794,-1,-1,-1
1028,615,1623765451794,-1,-1,-1
1029,639,1623765452785,-1,-1,-1
1030,615,1623765453775,-1,-1,-1
1031,623,1623765453775,-1,-1,-1
1032,639,1623765454795,-1,-1,-1
1033,575,1623765454795,-1,-1,-1
1034,647,1623765455782,-1,-1,-1
1035,615,1623765456774,-1,-1,-1
1036,623,1623765456774,-1,-1,-1
1037,647,1623765457795,-1,-1,-1
1038,607,1623765457795,-1,-1,-1
1039,655,1623765458785,-1,-1,-1
1040,623,1623765459775,-1,-1,-1
1041,607,1623765459775,-1,-1,-1
1042,647,1623765460795,-1,-1,-1
1043,615,1623765461785,-1,-1,-1
1044,615,1623765461786,-1,-1,-1
1045,623,1623765462775,-1,-1,-1
1046,655,1623765466795,-1,-1,-1
1047,655,1623765467785,-1,-1,-1
1048,623,1623765468775,-1,-1,-1
1049,599,1623765468775,-1,-1,-1
1050,615,1623765469795,-1,-1,-1
1051,607,1623765469795,-1,-1,-1
1052,607,1623765470785,-1,-1,-1
1053,599,1623765471775,-1,-1,-1
1054,615,1623765471775,-1,-1,-1
1055,607,1623765472796,-1,-1,-1
1056,607,1623765472796,-1,-1,-1
1057,599,1623765473785,-1,-1,-1
1058,599,1623765474775,-1,-1,-1
1059,591,1623765474775,-1,-1,-1
1060,607,1623765475794,-1,-1,-1
1061,599,1623765475794,-1,-1,-1
1062,575,1623765476781,-1,-1,-1
1063,615,1623765477775,-1,-1,-1
1064,591,1623765477775,-1,-1,-1
1065,623,1623765478795,-1,-1,-1
1066,591,1623765478795,-1,-1,-1
1067,615,1623765479785,-1,-1,-1
1068,599,1623765480775,-1,-1,-1
1069,631,1623765480776,-1,-1,-1
1070,575,1623765481795,-1,-1,-1
1071,647,1623765482788,-1,-1,-1
1072,591,1623765482788,-1,-1,-1
1073,607,1623765483776,-1,-1,-1
1074,591,1623765483776,-1,-1,-1
1075,631,1623765484795,-1,-1,-1
1076,615,1623765485782,-1,-1,-1
1077,599,1623765485782,-1,-1,-1
1078,615,1623765486775,-1,-1,-1
1079,607,1623765486775,-1,-1,-1
1080,575,1623765487794,-1,-1,-1
1081,591,1623765488785,-1,-1,-1
1082,575,1623765488785,-1,-1,-1
1083,583,1623765489774,-1,-1,-1
1084,599,1623765489774,-1,-1,-1
1085,559,1623765490795,-1,-1,-1
1086,599,1623765490795,-1,-1,-1
1087,575,1623765491815,-1,-1,-1
1088,527,1623765492775,-1,-1,-1
1089,583,1623765492775,-1,-1,-1
1090,567,1623765493794,-1,-1,-1
1091,551,1623765493794,-1,-1,-1
1092,583,1623765494785,-1,-1,-1
1093,551,1623765494785,-1,-1,-1
1094,575,1623765495773,-1,-1,-1
1095,559,1623765496825,-1,-1,-1
1096,575,1623765496825,-1,-1,-1
1097,591,1623765497781,-1,-1,-1
1098,583,1623765497781,-1,-1,-1
1099,599,1623765498771,-1,-1,-1
1100,543,1623765498771,-1,-1,-1
1101,623,1623765501775,-1,-1,-1
1102,599,1623765502794,-1,-1,-1
1103,559,1623765502794,-1,-1,-1
1104,551,1623765503785,-1,-1,-1
1105,559,1623765503785,-1,-1,-1
1106,583,1623765504773,-1,-1,-1
1107,599,1623765504773,-1,-1,-1
1108,615,1623765505794,-1,-1,-1
1109,591,1623765506784,-1,-1,-1
1110,607,1623765506784,-1,-1,-1
1111,623,1623765507775,-1,-1,-1
1112,623,1623765507775,-1,-1,-1
1113,631,1623765508791,-1,-1,-1
1114,639,1623765509781,-1,-1,-1
1115,687,1623765509781,-1,-1,-1
1116,655,1623765510771,-1,-1,-1
1117,655,1623765511793,-1,-1,-1
1118,655,1623765511793,-1,-1,-1
1119,663,1623765512784,-1,-1,-1
1120,647,1623765513805,-1,-1,-1
1121,647,1623765513805,-1,-1,-1
1122,639,1623765514795,-1,-1,-1
1123,655,1623765515786,-1,-1,-1
1124,631,1623765515786,-1,-1,-1
1125,647,1623765516772,-1,-1,-1
1126,647,1623765517795,-1,-1,-1
1127,607,1623765517795,-1,-1,-1
1128,631,1623765518785,-1,-1,-1
1129,615,1623765518785,-1,-1,-1
1130,639,1623765519775,-1,-1,-1
1131,615,1623765520795,-1,-1,-1
1132,631,1623765520795,-1,-1,-1
1133,615,1623765521785,-1,-1,-1
1134,647,1623765522775,-1,-1,-1
1135,615,1623765522775,-1,-1,-1
1136,639,1623765523795,-1,-1,-1
1137,623,1623765523795,-1,-1,-1
1138,655,1623765524784,-1,-1,-1
1139,679,1623765525776,-1,-1,-1
1140,639,1623765525776,-1,-1,-1
1141,623,1623765526795,-1,-1,-1
1142,671,1623765527785,-1,-1,-1
1143,679,1623765527786,-1,-1,-1
1144,631,1623765528773,-1,-1,-1
1145,631,1623765529796,-1,-1,-1
1146,695,1623765529796,-1,-1,-1
1147,631,1623765530785,-1,-1,-1
1148,623,1623765531773,-1,-1,-1
1149,671,1623765531773,-1,-1,-1
1150,671,1623765532795,-1,-1,-1
1151,647,1623765533785,-1,-1,-1
1152,615,1623765533785,-1,-1,-1
1153,695,1623765534775,-1,-1,-1
1154,623,1623765535795,-1,-1,-1
1155,695,1623765535795,-1,-1,-1
1156,631,1623765536786,-1,-1,-1
1157,703,1623765537776,-1,-1,-1
1158,631,1623765537776,-1,-1,-1
1159,671,1623765538795,-1,-1,-1
1160,695,1623765539785,-1,-1,-1
1161,655,1623765539786,-1,-1,-1
1162,663,1623765540775,-1,-1,-1
1163,687,1623765541795,-1,-1,-1
1164,655,1623765541795,-1,-1,-1
1165,695,1623765542784,-1,-1,-1
1166,647,1623765543775,-1,-1,-1
1167,663,1623765543775,-1,-1,-1
1168,671,1623765546802,-1,-1,-1
1169,687,1623765547791,-1,-1,-1
1170,687,1623765547791,-1,-1,-1
1171,639,1623765548787,-1,-1,-1
1172,679,1623765549776,-1,-1,-1
1173,679,1623765549776,-1,-1,-1
1174,679,1623765550795,-1,-1,-1
1175,679,1623765551782,-1,-1,-1
1176,663,1623765551782,-1,-1,-1
1177,687,1623765552775,-1,-1,-1
1178,655,1623765553795,-1,-1,-1
1179,663,1623765553795,-1,-1,-1
1180,655,1623765554784,-1,-1,-1
1181,663,1623765555775,-1,-1,-1
1182,639,1623765555775,-1,-1,-1
1183,655,1623765556765,-1,-1,-1
1184,647,1623765557785,-1,-1,-1
1185,639,1623765557785,-1,-1,-1
1186,615,1623765558775,-1,-1,-1
1187,623,1623765558775,-1,-1,-1
1188,639,1623765559767,-1,-1,-1
1189,647,1623765560782,-1,-1,-1
1190,599,1623765560782,-1,-1,-1
1191,615,1623765561771,-1,-1,-1
1192,631,1623765562765,-1,-1,-1
1193,663,1623765562765,-1,-1,-1
1194,607,1623765563784,-1,-1,-1
1195,623,1623765563784,-1,-1,-1
1196,663,1623765564773,-1,-1,-1
1197,639,1623765565765,-1,-1,-1
1198,623,1623765565765,-1,-1,-1
1199,639,1623765566783,-1,-1,-1
1200,663,1623765567774,-1,-1,-1
1201,647,1623765567774,-1,-1,-1
1202,607,1623765568765,-1,-1,-1
1203,663,1623765569784,-1,-1,-1
1204,607,1623765569784,-1,-1,-1
1205,631,1623765570776,-1,-1,-1
1206,647,1623765571793,-1,-1,-1
1207,623,1623765571793,-1,-1,-1
1208,607,1623765572784,-1,-1,-1
1209,631,1623765572784,-1,-1,-1
1210,623,1623765573775,-1,-1,-1
1211,639,1623765574765,-1,-1,-1
1212,615,1623765574765,-1,-1,-1
1213,639,1623765575785,-1,-1,-1
1214,607,1623765576774,-1,-1,-1
1215,671,1623765576775,-1,-1,-1
1216,615,1623765577765,-1,-1,-1
1217,647,1623765577765,-1,-1,-1
1218,647,1623765578785,-1,-1,-1
1219,655,1623765579804,-1,-1,-1
1220,615,1623765579805,-1,-1,-1
1221,599,1623765580795,-1,-1,-1
1222,679,1623765581785,-1,-1,-1
1223,679,1623765581785,-1,-1,-1
1224,655,1623765582775,-1,-1,-1
1225,631,1623765583765,-1,-1,-1
1226,647,1623765583765,-1,-1,-1
1227,607,1623765584785,-1,-1,-1
1228,599,1623765584785,-1,-1,-1
1229,623,1623765585774,-1,-1,-1
1230,623,1623765586765,-1,-1,-1
1231,623,1623765586765,-1,-1,-1
1232,631,1623765587785,-1,-1,-1
1233,647,1623765588775,-1,-1,-1
1234,631,1623765588775,-1,-1,-1
1235,623,1623765589766,-1,-1,-1
1236,607,1623765589766,-1,-1,-1
1237,639,1623765590785,-1,-1,-1
1238,647,1623765591775,-1,-1,-1
1239,607,1623765591776,-1,-1,-1
1240,631,1623765592766,-1,-1,-1
1241,655,1623765593785,-1,-1,-1
1242,671,1623765593786,-1,-1,-1
1243,631,1623765594775,-1,-1,-1
1244,639,1623765595765,-1,-1,-1
1245,631,1623765595765,-1,-1,-1
1246,671,1623765596785,-1,-1,-1
1247,623,1623765597775,-1,-1,-1
1248,663,1623765597775,-1,-1,-1
1249,631,1623765598766,-1,-1,-1
1250,655,1623765598766,-1,-1,-1
1251,751,1623765599785,-1,-1,-1
1252,615,1623765602781,-1,-1,-1
1253,647,1623765602781,-1,-1,-1
1254,647,1623765603776,-1,-1,-1
1255,639,1623765604765,-1,-1,-1
1256,655,1623765604765,-1,-1,-1
1257,559,1623765605785,-1,-1,-1
1258,743,1623765606775,-1,-1,-1
1259,631,1623765606775,-1,-1,-1
1260,639,1623765607770,-1,-1,-1
1261,687,1623765608786,-1,-1,-1
1262,647,1623765608786,-1,-1,-1
1263,663,1623765609771,-1,-1,-1
1264,879,1623765610765,-1,-1,-1
1265,431,1623765610765,-1,-1,-1
1266,631,1623765611784,-1,-1,-1
1267,623,1623765611785,-1,-1,-1
1268,663,1623765612806,-1,-1,-1
1269,703,1623765613791,-1,-1,-1
1270,623,1623765613791,-1,-1,-1
1271,647,1623765614785,-1,-1,-1
1272,663,1623765615775,-1,-1,-1
1273,623,1623765615775,-1,-1,-1
1274,679,1623765616766,-1,-1,-1
1275,679,1623765617785,-1,-1,-1
1276,663,1623765617786,-1,-1,-1
1277,655,1623765618774,-1,-1,-1
1278,663,1623765619761,-1,-1,-1
1279,679,1623765619761,-1,-1,-1
1280,679,1623765620783,-1,-1,-1
1281,687,1623765621772,-1,-1,-1
1282,615,1623765623782,-1,-1,-1
1283,663,1623765625761,-1,-1,-1
1284,687,1623765626782,-1,-1,-1
1285,647,1623765627770,-1,-1,-1
1286,663,1623765627770,-1,-1,-1
1287,647,1623765628762,-1,-1,-1
1288,639,1623765632785,-1,-1,-1
1289,655,1623765633771,-1,-1,-1
1290,671,1623765634762,-1,-1,-1
1291,679,1623765634762,-1,-1,-1
1292,583,1623765635788,-1,-1,-1
1293,695,1623765636772,-1,-1,-1
1294,639,1623765636773,-1,-1,-1
1295,663,1623765637765,-1,-1,-1
1296,647,1623765638784,-1,-1,-1
1297,639,1623765638784,-1,-1,-1
1298,671,1623765639772,-1,-1,-1
1299,631,1623765640765,-1,-1,-1
1300,663,1623765640765,-1,-1,-1
1301,639,1623765641784,-1,-1,-1
1302,655,1623765642775,-1,-1,-1
1303,639,1623765642775,-1,-1,-1
1304,631,1623765643765,-1,-1,-1
1305,647,1623765644814,-1,-1,-1
1306,671,1623765644815,-1,-1,-1
1307,599,1623765645802,-1,-1,-1
1308,655,1623765645802,-1,-1,-1
1309,671,1623765646796,-1,-1,-1
1310,663,1623765647785,-1,-1,-1
1311,599,1623765647785,-1,-1,-1
1312,639,1623765648773,-1,-1,-1
1313,687,1623765649766,-1,-1,-1
1314,647,1623765649766,-1,-1,-1
1315,655,1623765650782,-1,-1,-1
1316,655,1623765651772,-1,-1,-1
1317,759,1623765653784,-1,-1,-1
1318,671,1623765653784,-1,-1,-1
1319,639,1623765654774,-1,-1,-1
1320,647,1623765655764,-1,-1,-1
1321,647,1623765655764,-1,-1,-1
1322,655,1623765656785,-1,-1,-1
1323,615,1623765656785,-1,-1,-1
1324,623,1623765657776,-1,-1,-1
1325,655,1623765658764,-1,-1,-1
1326,639,1623765658765,-1,-1,-1
1327,623,1623765659782,-1,-1,-1
1328,647,1623765660773,-1,-1,-1
1329,663,1623765660773,-1,-1,-1
1330,679,1623765661765,-1,-1,-1
1331,639,1623765662783,-1,-1,-1
1332,679,1623765662783,-1,-1,-1
1333,631,1623765663775,-1,-1,-1
1334,679,1623765664765,-1,-1,-1
1335,631,1623765664765,-1,-1,-1
1336,671,1623765665786,-1,-1,-1
1337,671,1623765666774,-1,-1,-1
1338,639,1623765666774,-1,-1,-1
1339,639,1623765667764,-1,-1,-1
1340,655,1623765668785,-1,-1,-1
1341,663,1623765668785,-1,-1,-1
1342,631,1623765669772,-1,-1,-1
1343,631,1623765669772,-1,-1,-1
1344,647,1623765670764,-1,-1,-1
1345,615,1623765672775,-1,-1,-1
1346,679,1623765674785,-1,-1,-1
1347,639,1623765675775,-1,-1,-1
1348,703,1623765675775,-1,-1,-1
1349,647,1623765676760,-1,-1,-1
1350,655,1623765677812,-1,-1,-1
1351,679,1623765677812,-1,-1,-1
1352,671,1623765678804,-1,-1,-1
1353,671,1623765679794,-1,-1,-1
1354,607,1623765679794,-1,-1,-1
1355,679,1623765680787,-1,-1,-1
1356,663,1623765681776,-1,-1,-1
1357,655,1623765681776,-1,-1,-1
1358,639,1623765682764,-1,-1,-1
1359,695,1623765683785,-1,-1,-1
1360,647,1623765683785,-1,-1,-1
1361,687,1623765684774,-1,-1,-1
1362,623,1623765685765,-1,-1,-1
1363,687,1623765685765,-1,-1,-1
1364,599,1623765686785,-1,-1,-1
1365,647,1623765687775,-1,-1,-1
1366,647,1623765687775,-1,-1,-1
1367,583,1623765688764,-1,-1,-1
1368,631,1623765688764,-1,-1,-1
1369,655,1623765689785,-1,-1,-1
1370,647,1623765690775,-1,-1,-1
1371,623,1623765690775,-1,-1,-1
1372,655,1623765691766,-1,-1,-1
1373,639,1623765692787,-1,-1,-1
1374,647,1623765692787,-1,-1,-1
1375,647,1623765693775,-1,-1,-1
1376,615,1623765694765,-1,-1,-1
1377,639,1623765694765,-1,-1,-1
1378,647,1623765695785,-1,-1,-1
1379,591,1623765695785,-1,-1,-1
1380,655,1623765696775,-1,-1,-1
1381,623,1623765697763,-1,-1,-1
1382,631,1623765697763,-1,-1,-1
1383,639,1623765698785,-1,-1,-1
1384,615,1623765699775,-1,-1,-1
1385,663,1623765699776,-1,-1,-1
1386,631,1623765700765,-1,-1,-1
1387,647,1623765701786,-1,-1,-1
1388,623,1623765701786,-1,-1,-1
1389,639,1623765702773,-1,-1,-1
1390,455,1623765702774,-1,-1,-1
1391,623,1623765705776,-1,-1,-1
1392,623,1623765706764,-1,-1,-1
1393,623,1623765706765,-1,-1,-1
1394,639,1623765707784,-1,-1,-1
1395,623,1623765707785,-1,-1,-1
1396,599,1623765708774,-1,-1,-1
1397,663,1623765709765,-1,-1,-1
1398,607,1623765709765,-1,-1,-1
1399,671,1623765710754,-1,-1,-1
1400,599,1623765711805,-1,-1,-1
1401,631,1623765711806,-1,-1,-1
1402,663,1623765712766,-1,-1,-1
1403,671,1623765713755,-1,-1,-1
1404,655,1623765713755,-1,-1,-1
1405,647,1623765714775,-1,-1,-1
1406,671,1623765715764,-1,-1,-1
1407,623,1623765715765,-1,-1,-1
1408,679,1623765716756,-1,-1,-1
1409,639,1623765716756,-1,-1,-1
1410,639,1623765717774,-1,-1,-1
1411,663,1623765718764,-1,-1,-1
1412,639,1623765718764,-1,-1,-1
1413,647,1623765719755,-1,-1,-1
1414,639,1623765720775,-1,-1,-1
1415,663,1623765720775,-1,-1,-1
1416,631,1623765721765,-1,-1,-1
1417,639,1623765722755,-1,-1,-1
1418,623,1623765722755,-1,-1,-1
1419,663,1623765723776,-1,-1,-1
1420,615,1623765724764,-1,-1,-1
1421,615,1623765724765,-1,-1,-1
1422,647,1623765725756,-1,-1,-1
1423,679,1623765726775,-1,-1,-1
1424,639,1623765726775,-1,-1,-1
1425,631,1623765727765,-1,-1,-1
1426,695,1623765727765,-1,-1,-1
1427,623,1623765728756,-1,-1,-1
1428,639,1623765729775,-1,-1,-1
1429,671,1623765729775,-1,-1,-1
1430,623,1623765730765,-1,-1,-1
1431,639,1623765731755,-1,-1,-1
1432,623,1623765731755,-1,-1,-1
1433,607,1623765732775,-1,-1,-1
1434,655,1623765733766,-1,-1,-1
1435,599,1623765733766,-1,-1,-1
1436,647,1623765734756,-1,-1,-1
1437,623,1623765734756,-1,-1,-1
1438,647,1623765735775,-1,-1,-1
1439,623,1623765736765,-1,-1,-1
1440,639,1623765736765,-1,-1,-1
1441,639,1623765737755,-1,-1,-1
1442,647,1623765738775,-1,-1,-1
1443,663,1623765738775,-1,-1,-1
1444,647,1623765739766,-1,-1,-1
1445,671,1623765740756,-1,-1,-1
1446,695,1623765740756,-1,-1,-1
1447,687,1623765741775,-1,-1,-1
1448,647,1623765742764,-1,-1,-1
1449,663,1623765742764,-1,-1,-1
1450,687,1623765743755,-1,-1,-1
1451,639,1623765744804,-1,-1,-1
1452,655,1623765744804,-1,-1,-1
1453,655,1623765745761,-1,-1,-1
1454,615,1623765746752,-1,-1,-1
1455,663,1623765746752,-1,-1,-1
1456,591,1623765747772,-1,-1,-1
1457,639,1623765747772,-1,-1,-1
1458,639,1623765748763,-1,-1,-1
1459,591,1623765749753,-1,-1,-1
1460,631,1623765749753,-1,-1,-1
1461,599,1623765750772,-1,-1,-1
1462,607,1623765751761,-1,-1,-1
1463,575,1623765751761,-1,-1,-1
1464,655,1623765752753,-1,-1,-1
1465,575,1623765752753,-1,-1,-1
1466,647,1623765753775,-1,-1,-1
1467,615,1623765754763,-1,-1,-1
1468,639,1623765754763,-1,-1,-1
1469,647,1623765755755,-1,-1,-1
1470,607,1623765756775,-1,-1,-1
1471,679,1623765756776,-1,-1,-1
1472,655,1623765757765,-1,-1,-1
1473,655,1623765758755,-1,-1,-1
1474,655,1623765758755,-1,-1,-1
1475,687,1623765759775,-1,-1,-1
1476,655,1623765760765,-1,-1,-1
1477,655,1623765760765,-1,-1,-1
1478,623,1623765761755,-1,-1,-1
1479,687,1623765761755,-1,-1,-1
1480,631,1623765762775,-1,-1,-1
1481,623,1623765763765,-1,-1,-1
1482,663,1623765763765,-1,-1,-1
1483,631,1623765764756,-1,-1,-1
1484,679,1623765765776,-1,-1,-1
1485,655,1623765765776,-1,-1,-1
1486,647,1623765766762,-1,-1,-1
1487,607,1623765767755,-1,-1,-1
1488,663,1623765767756,-1,-1,-1
1489,639,1623765768776,-1,-1,-1
1490,679,1623765769764,-1,-1,-1
1491,607,1623765769764,-1,-1,-1
1492,655,1623765770755,-1,-1,-1
1493,631,1623765770755,-1,-1,-1
1494,655,1623765771775,-1,-1,-1
1495,631,1623765772765,-1,-1,-1
1496,647,1623765772765,-1,-1,-1
1497,679,1623765773755,-1,-1,-1
1498,623,1623765774775,-1,-1,-1
1499,663,1623765774775,-1,-1,-1
1500,623,1623765775765,-1,-1,-1
1501,663,1623765776755,-1,-1,-1
1502,623,1623765776755,-1,-1,-1
1503,647,1623765777805,-1,-1,-1
1504,655,1623765778766,-1,-1,-1
1505,623,1623765778766,-1,-1,-1
1506,623,1623765779756,-1,-1,-1
1507,615,1623765779756,-1,-1,-1
1508,647,1623765780776,-1,-1,-1
1509,631,1623765781765,-1,-1,-1
1510,623,1623765781765,-1,-1,-1
1511,623,1623765782755,-1,-1,-1
1512,599,1623765783775,-1,-1,-1
1513,655,1623765783775,-1,-1,-1
1514,615,1623765784765,-1,-1,-1
1515,623,1623765785755,-1,-1,-1
1516,623,1623765785755,-1,-1,-1
1517,615,1623765786776,-1,-1,-1
1518,591,1623765786776,-1,-1,-1
1519,615,1623765787766,-1,-1,-1
1520,639,1623765788755,-1,-1,-1
1521,599,1623765788755,-1,-1,-1
1522,647,1623765789775,-1,-1,-1
1523,599,1623765789775,-1,-1,-1
1524,631,1623765790765,-1,-1,-1
1525,599,1623765791755,-1,-1,-1
1526,655,1623765791755,-1,-1,-1
1527,607,1623765792776,-1,-1,-1
1528,623,1623765793766,-1,-1,-1
1529,639,1623765793766,-1,-1,-1
1530,663,1623765794756,-1,-1,-1
1531,615,1623765794756,-1,-1,-1
1532,631,1623765795777,-1,-1,-1
1533,615,1623765796765,-1,-1,-1
1534,655,1623765796765,-1,-1,-1
1535,615,1623765797755,-1,-1,-1
1536,631,1623765798774,-1,-1,-1
1537,607,1623765798775,-1,-1,-1
1538,647,1623765799765,-1,-1,-1
1539,615,1623765800755,-1,-1,-1
1540,615,1623765800755,-1,-1,-1
1541,607,1623765801775,-1,-1,-1
1542,623,1623765801775,-1,-1,-1
1543,639,1623765802765,-1,-1,-1
1544,607,1623765803753,-1,-1,-1
1545,583,1623765803753,-1,-1,-1
1546,631,1623765804775,-1,-1,-1
1547,631,1623765804775,-1,-1,-1
1548,607,1623765805766,-1,-1,-1
1549,663,1623765806755,-1,-1,-1
1550,607,1623765806755,-1,-1,-1
1551,623,1623765807779,-1,-1,-1
1552,647,1623765808766,-1,-1,-1
1553,607,1623765808766,-1,-1,-1
1554,639,1623765809755,-1,-1,-1
1555,663,1623765810803,-1,-1,-1
1556,623,1623765810803,-1,-1,-1
1557,631,1623765811766,-1,-1,-1
1558,647,1623765811766,-1,-1,-1
1559,623,1623765812755,-1,-1,-1
1560,655,1623765813775,-1,-1,-1
1561,623,1623765813775,-1,-1,-1
1562,631,1623765814765,-1,-1,-1
1563,631,1623765815754,-1,-1,-1
1564,639,1623765815755,-1,-1,-1
1565,631,1623765816775,-1,-1,-1
1566,647,1623765817765,-1,-1,-1
1567,623,1623765817765,-1,-1,-1
1568,631,1623765818755,-1,-1,-1
1569,671,1623765818755,-1,-1,-1
1570,615,1623765819775,-1,-1,-1
1571,639,1623765820766,-1,-1,-1
1572,639,1623765820766,-1,-1,-1
1573,623,1623765821755,-1,-1,-1
1574,631,1623765822775,-1,-1,-1
1575,631,1623765822775,-1,-1,-1
1576,623,1623765823765,-1,-1,-1
1577,655,1623765823765,-1,-1,-1
1578,647,1623765824755,-1,-1,-1
1579,647,1623765825775,-1,-1,-1
1580,631,1623765825775,-1,-1,-1
1581,631,1623765826765,-1,-1,-1
1582,655,1623765827785,-1,-1,-1
1583,623,1623765827785,-1,-1,-1
1584,631,1623765828775,-1,-1,-1
1585,623,1623765829765,-1,-1,-1
1586,639,1623765829765,-1,-1,-1
1587,631,1623765830756,-1,-1,-1
1588,599,1623765830756,-1,-1,-1
1589,607,1623765831775,-1,-1,-1
1590,615,1623765832765,-1,-1,-1
1591,615,1623765832766,-1,-1,-1
1592,639,1623765833755,-1,-1,-1
1593,607,1623765834775,-1,-1,-1
1594,623,1623765834775,-1,-1,-1
1595,647,1623765835766,-1,-1,-1
1596,639,1623765835766,-1,-1,-1
1597,631,1623765836755,-1,-1,-1
1598,647,1623765837775,-1,-1,-1
1599,671,1623765837775,-1,-1,-1
1600,647,1623765838765,-1,-1,-1
1601,687,1623765839755,-1,-1,-1
1602,663,1623765839755,-1,-1,-1
1603,655,1623765840775,-1,-1,-1
1604,647,1623765841764,-1,-1,-1
1605,631,1623765841764,-1,-1,-1
1606,647,1623765842755,-1,-1,-1
1607,623,1623765843775,-1,-1,-1
1608,639,1623765843776,-1,-1,-1
1609,647,1623765844765,-1,-1,-1
1610,607,1623765845755,-1,-1,-1
1611,607,1623765845755,-1,-1,-1
1612,623,1623765846771,-1,-1,-1
1613,623,1623765846771,-1,-1,-1
1614,623,1623765847765,-1,-1,-1
1615,639,1623765849315,-1,-1,-1
1616,623,1623765849315,-1,-1,-1
1617,591,1623765850305,-1,-1,-1
1618,639,1623765850305,-1,-1,-1
1619,591,1623765851326,-1,-1,-1
1620,575,1623765852315,-1,-1,-1
1621,615,1623765852315,-1,-1,-1
1622,639,1623765853305,-1,-1,-1
1623,623,1623765854323,-1,-1,-1
1624,631,1623765854323,-1,-1,-1
1625,623,1623765854577,-1,-1,-1
1626,607,1623765854577,-1,-1,-1
1627,655,1623765855567,-1,-1,-1
1628,663,1623765856588,-1,-1,-1
1629,607,1623765856588,-1,-1,-1
1630,655,1623765857577,-1,-1,-1
1631,647,1623765858568,-1,-1,-1
1632,663,1623765858568,-1,-1,-1
1633,663,1623765859586,-1,-1,-1
1634,671,1623765860605,-1,-1,-1
1635,639,1623765860606,-1,-1,-1
1636,663,1623765861597,-1,-1,-1
1637,655,1623765862588,-1,-1,-1
1638,671,1623765862588,-1,-1,-1
1639,679,1623765863577,-1,-1,-1
1640,655,1623765864566,-1,-1,-1
1641,671,1623765864566,-1,-1,-1
1642,687,1623765865591,-1,-1,-1
1643,671,1623765866576,-1,-1,-1
1644,695,1623765866576,-1,-1,-1
1645,671,1623765867567,-1,-1,-1
1646,695,1623765868587,-1,-1,-1
1647,631,1623765868587,-1,-1,-1
1648,647,1623765869578,-1,-1,-1
1649,671,1623765870566,-1,-1,-1
1650,655,1623765870566,-1,-1,-1
1651,615,1623765871587,-1,-1,-1
1652,655,1623765872576,-1,-1,-1
1653,599,1623765872576,-1,-1,-1
1654,655,1623765873566,-1,-1,-1
1655,631,1623765873566,-1,-1,-1
1656,671,1623765874587,-1,-1,-1
1657,623,1623765875576,-1,-1,-1
1658,639,1623765875576,-1,-1,-1
1659,647,1623765876567,-1,-1,-1
1660,639,1623765877589,-1,-1,-1
1661,615,1623765877589,-1,-1,-1
1662,639,1623765878577,-1,-1,-1
1663,679,1623765879566,-1,-1,-1
1664,663,1623765879566,-1,-1,-1
1665,671,1623765880586,-1,-1,-1
1666,703,1623765881577,-1,-1,-1
1667,671,1623765881577,-1,-1,-1
1668,679,1623765882567,-1,-1,-1
1669,631,1623765883587,-1,-1,-1
1670,647,1623765883587,-1,-1,-1
1671,687,1623765884579,-1,-1,-1
1672,671,1623765885568,-1,-1,-1
1673,623,1623765885568,-1,-1,-1
1674,647,1623765886587,-1,-1,-1
1675,655,1623765887577,-1,-1,-1
1676,623,1623765887578,-1,-1,-1
1677,631,1623765888567,-1,-1,-1
1678,679,1623765889589,-1,-1,-1
1679,647,1623765889589,-1,-1,-1
1680,663,1623765890580,-1,-1,-1
1681,663,1623765891570,-1,-1,-1
1682,639,1623765891570,-1,-1,-1
1683,663,1623765892587,-1,-1,-1
1684,663,1623765892587,-1,-1,-1
1685,647,1623765893609,-1,-1,-1
1686,639,1623765894599,-1,-1,-1
1687,647,1623765894599,-1,-1,-1
1688,687,1623765895590,-1,-1,-1
1689,631,1623765896581,-1,-1,-1
1690,623,1623765896581,-1,-1,-1
1691,615,1623765897570,-1,-1,-1
1692,663,1623765898590,-1,-1,-1
1693,615,1623765898591,-1,-1,-1
1694,623,1623765899580,-1,-1,-1
1695,647,1623765900568,-1,-1,-1
1696,631,1623765900568,-1,-1,-1
1697,655,1623765901597,-1,-1,-1
1698,615,1623765901597,-1,-1,-1
1699,647,1623765902580,-1,-1,-1
1700,663,1623765903567,-1,-1,-1
1701,647,1623765903567,-1,-1,-1
1702,639,1623765904591,-1,-1,-1
1703,663,1623765905580,-1,-1,-1
1704,647,1623765905580,-1,-1,-1
1705,631,1623765906569,-1,-1,-1
1706,559,1623765908577,-1,-1,-1
1707,719,1623765909568,-1,-1,-1
1708,631,1623765909568,-1,-1,-1
1709,639,1623765910590,-1,-1,-1
1710,623,1623765911580,-1,-1,-1
1711,623,1623765911580,-1,-1,-1
1712,615,1623765912570,-1,-1,-1
1713,599,1623765912570,-1,-1,-1
1714,623,1623765913590,-1,-1,-1
1715,607,1623765914578,-1,-1,-1
1716,631,1623765914578,-1,-1,-1
1717,607,1623765915599,-1,-1,-1
1718,639,1623765915599,-1,-1,-1
1719,695,1623765916589,-1,-1,-1
1720,679,1623765917578,-1,-1,-1
1721,655,1623765918568,-1,-1,-1
1722,679,1623765918568,-1,-1,-1
1723,639,1623765919589,-1,-1,-1
1724,655,1623765919589,-1,-1,-1
1725,719,1623765920579,-1,-1,-1
1726,567,1623765921570,-1,-1,-1
1727,671,1623765921570,-1,-1,-1
1728,647,1623765922590,-1,-1,-1
1729,671,1623765923580,-1,-1,-1
1730,663,1623765923580,-1,-1,-1
1731,647,1623765924568,-1,-1,-1
1732,679,1623765925588,-1,-1,-1
1733,639,1623765925588,-1,-1,-1
1734,687,1623765926608,-1,-1,-1
1735,671,1623765927596,-1,-1,-1
1736,671,1623765927596,-1,-1,-1
1737,679,1623765928586,-1,-1,-1
1738,687,1623765929577,-1,-1,-1
1739,695,1623765929577,-1,-1,-1
1740,663,1623765930566,-1,-1,-1
1741,679,1623765931586,-1,-1,-1
1742,663,1623765931586,-1,-1,-1
1743,695,1623765932577,-1,-1,-1
1744,639,1623765933570,-1,-1,-1
1745,695,1623765934588,-1,-1,-1
1746,671,1623765934588,-1,-1,-1
1747,687,1623765935578,-1,-1,-1
1748,631,1623765936567,-1,-1,-1
1749,671,1623765936567,-1,-1,-1
1750,679,1623765937586,-1,-1,-1
1751,639,1623765938579,-1,-1,-1
1752,679,1623765938579,-1,-1,-1
1753,647,1623765939567,-1,-1,-1
1754,647,1623765939568,-1,-1,-1
1755,655,1623765940587,-1,-1,-1
1756,647,1623765941577,-1,-1,-1
1757,615,1623765941578,-1,-1,-1
1758,607,1623765942569,-1,-1,-1
1759,639,1623765943587,-1,-1,-1
1760,631,1623765943587,-1,-1,-1
1761,639,1623765944577,-1,-1,-1
1762,631,1623765945567,-1,-1,-1
1763,639,1623765945567,-1,-1,-1
1764,647,1623765946587,-1,-1,-1
1765,663,1623765947579,-1,-1,-1
1766,687,1623765947579,-1,-1,-1
1767,671,1623765948569,-1,-1,-1
1768,663,1623765949589,-1,-1,-1
1769,679,1623765949590,-1,-1,-1
1770,679,1623765950583,-1,-1,-1
1771,695,1623765951569,-1,-1,-1
1772,687,1623765951569,-1,-1,-1
1773,687,1623765952587,-1,-1,-1
1774,663,1623765953581,-1,-1,-1
1775,647,1623765953581,-1,-1,-1
1776,671,1623765954571,-1,-1,-1
1777,679,1623765955590,-1,-1,-1
1778,655,1623765955590,-1,-1,-1
1779,719,1623765956578,-1,-1,-1
1780,631,1623765957571,-1,-1,-1
1781,711,1623765957571,-1,-1,-1
1782,631,1623765958620,-1,-1,-1
1783,711,1623765959611,-1,-1,-1
1784,647,1623765959611,-1,-1,-1
1785,639,1623765960600,-1,-1,-1
1786,607,1623765961588,-1,-1,-1
1787,743,1623765961588,-1,-1,-1
1788,631,1623765962576,-1,-1,-1
1789,647,1623765963570,-1,-1,-1
1790,647,1623765963571,-1,-1,-1
1791,687,1623765964590,-1,-1,-1
1792,623,1623765965579,-1,-1,-1
1793,647,1623765965579,-1,-1,-1
1794,695,1623765966568,-1,-1,-1
1795,679,1623765967590,-1,-1,-1
1796,695,1623765967591,-1,-1,-1
1797,687,1623765968579,-1,-1,-1
1798,655,1623765969569,-1,-1,-1
1799,711,1623765969569,-1,-1,-1
1800,663,1623765970589,-1,-1,-1
1801,703,1623765971580,-1,-1,-1
1802,655,1623765971580,-1,-1,-1
1803,647,1623765972570,-1,-1,-1
1804,679,1623765973588,-1,-1,-1
1805,687,1623765973588,-1,-1,-1
1806,663,1623765974580,-1,-1,-1
1807,655,1623765975571,-1,-1,-1
1808,671,1623765975571,-1,-1,-1
1809,663,1623765976587,-1,-1,-1
1810,679,1623765977580,-1,-1,-1
1811,727,1623765977580,-1,-1,-1
1812,623,1623765978570,-1,-1,-1
1813,703,1623765979590,-1,-1,-1
1814,679,1623765979590,-1,-1,-1
1815,639,1623765980580,-1,-1,-1
1816,663,1623765981570,-1,-1,-1
1817,695,1623765981570,-1,-1,-1
1818,687,1623765982588,-1,-1,-1
1819,623,1623765983579,-1,-1,-1
1820,687,1623765983580,-1,-1,-1
1821,687,1623765984570,-1,-1,-1
1822,687,1623765985591,-1,-1,-1
1823,647,1623765985591,-1,-1,-1
1824,695,1623765986577,-1,-1,-1
1825,663,1623765987570,-1,-1,-1
1826,679,1623765988560,-1,-1,-1
1827,663,1623765988560,-1,-1,-1
1828,695,1623765989580,-1,-1,-1
1829,663,1623765990569,-1,-1,-1
1830,735,1623765990569,-1,-1,-1
1831,679,1623765991560,-1,-1,-1
1832,655,1623765992609,-1,-1,-1
1833,687,1623765992610,-1,-1,-1
1834,695,1623765993599,-1,-1,-1
1835,639,1623765994560,-1,-1,-1
1836,655,1623765994560,-1,-1,-1
1837,687,1623765995580,-1,-1,-1
1838,631,1623765996567,-1,-1,-1
1839,663,1623765996567,-1,-1,-1
1840,647,1623765997560,-1,-1,-1
1841,711,1623765998580,-1,-1,-1
1842,607,1623765998581,-1,-1,-1
1843,663,1623765999571,-1,-1,-1
1844,639,1623766000559,-1,-1,-1
1845,671,1623766000559,-1,-1,-1
1846,671,1623766001580,-1,-1,-1
1847,615,1623766002570,-1,-1,-1
1848,655,1623766002570,-1,-1,-1
1849,663,1623766003560,-1,-1,-1
1850,623,1623766003560,-1,-1,-1
1851,663,1623766004580,-1,-1,-1
1852,647,1623766005570,-1,-1,-1
1853,655,1623766005570,-1,-1,-1
1854,631,1623766006560,-1,-1,-1
1855,655,1623766007579,-1,-1,-1
1856,631,1623766007580,-1,-1,-1
1857,655,1623766008570,-1,-1,-1
1858,655,1623766009559,-1,-1,-1
1859,639,1623766009559,-1,-1,-1
1860,671,1623766010580,-1,-1,-1
1861,639,1623766011572,-1,-1,-1
1862,687,1623766011572,-1,-1,-1
1863,623,1623766012560,-1,-1,-1
1864,663,1623766013579,-1,-1,-1
1865,647,1623766013580,-1,-1,-1
1866,639,1623766014569,-1,-1,-1
1867,639,1623766015561,-1,-1,-1
1868,655,1623766015561,-1,-1,-1
1869,655,1623766016580,-1,-1,-1
1870,623,1623766016580,-1,-1,-1
1871,647,1623766017570,-1,-1,-1
1872,623,1623766018560,-1,-1,-1
1873,663,1623766018561,-1,-1,-1
1874,647,1623766019580,-1,-1,-1
1875,631,1623766020570,-1,-1,-1
1876,623,1623766020570,-1,-1,-1
1877,639,1623766021556,-1,-1,-1
1878,647,1623766022580,-1,-1,-1
1879,647,1623766022580,-1,-1,-1
1880,615,1623766023571,-1,-1,-1
1881,639,1623766023571,-1,-1,-1
1882,631,1623766024560,-1,-1,-1
1883,663,1623766025609,-1,-1,-1
1884,599,1623766025609,-1,-1,-1
1885,671,1623766026600,-1,-1,-1
1886,623,1623766027557,-1,-1,-1
1887,655,1623766027557,-1,-1,-1
1888,639,1623766028580,-1,-1,-1
1889,703,1623766029568,-1,-1,-1
1890,631,1623766029568,-1,-1,-1
1891,679,1623766030557,-1,-1,-1
1892,679,1623766031577,-1,-1,-1
1893,671,1623766031577,-1,-1,-1
1894,679,1623766032570,-1,-1,-1
1895,639,1623766033560,-1,-1,-1
1896,631,1623766033560,-1,-1,-1
1897,687,1623766034580,-1,-1,-1
1898,615,1623766035570,-1,-1,-1
1899,679,1623766035570,-1,-1,-1
1900,663,1623766036560,-1,-1,-1
1901,663,1623766037580,-1,-1,-1
1902,647,1623766037580,-1,-1,-1
1903,639,1623766038570,-1,-1,-1
1904,647,1623766039561,-1,-1,-1
1905,671,1623766039562,-1,-1,-1
1906,639,1623766040580,-1,-1,-1
1907,631,1623766040580,-1,-1,-1
1908,615,1623766041570,-1,-1,-1
1909,647,1623766042560,-1,-1,-1
1910,623,1623766042560,-1,-1,-1
1911,599,1623766043581,-1,-1,-1
1912,631,1623766044570,-1,-1,-1
1913,615,1623766044570,-1,-1,-1
1914,663,1623766045560,-1,-1,-1
1915,615,1623766046580,-1,-1,-1
1916,599,1623766046580,-1,-1,-1
1917,663,1623766047570,-1,-1,-1
1918,607,1623766047571,-1,-1,-1
1919,679,1623766048560,-1,-1,-1
1920,631,1623766049580,-1,-1,-1
1921,655,1623766049580,-1,-1,-1
1922,615,1623766050568,-1,-1,-1
1923,599,1623766051556,-1,-1,-1
1924,631,1623766051557,-1,-1,-1
1925,639,1623766052577,-1,-1,-1
1926,615,1623766052577,-1,-1,-1
1927,591,1623766053568,-1,-1,-1
1928,639,1623766054557,-1,-1,-1
1929,647,1623766054557,-1,-1,-1
1930,623,1623766055578,-1,-1,-1
1931,639,1623766056567,-1,-1,-1
1932,607,1623766056567,-1,-1,-1
1933,671,1623766057559,-1,-1,-1
1934,623,1623766057559,-1,-1,-1
1935,639,1623766058608,-1,-1,-1
1936,623,1623766059567,-1,-1,-1
1937,647,1623766059567,-1,-1,-1
1938,687,1623766060557,-1,-1,-1
1939,647,1623766061579,-1,-1,-1
1940,623,1623766061579,-1,-1,-1
1941,671,1623766062570,-1,-1,-1
1942,639,1623766063560,-1,-1,-1
1943,663,1623766063561,-1,-1,-1
1944,647,1623766064579,-1,-1,-1
1945,647,1623766065569,-1,-1,-1
1946,671,1623766065569,-1,-1,-1
1947,639,1623766066558,-1,-1,-1
1948,671,1623766067580,-1,-1,-1
1949,655,1623766067580,-1,-1,-1
1950,631,1623766068570,-1,-1,-1
1951,623,1623766069559,-1,-1,-1
1952,655,1623766069559,-1,-1,-1
1953,655,1623766070579,-1,-1,-1
1954,687,1623766071570,-1,-1,-1
1955,647,1623766071570,-1,-1,-1
1956,679,1623766072560,-1,-1,-1
1957,663,1623766073579,-1,-1,-1
1958,711,1623766073579,-1,-1,-1
1959,671,1623766074571,-1,-1,-1
1960,663,1623766075560,-1,-1,-1
1961,719,1623766075560,-1,-1,-1
1962,703,1623766076577,-1,-1,-1
1963,679,1623766077566,-1,-1,-1
1964,671,1623766077566,-1,-1,-1
1965,687,1623766078556,-1,-1,-1
1966,647,1623766079576,-1,-1,-1
1967,711,1623766079576,-1,-1,-1
1968,679,1623766080566,-1,-1,-1
1969,639,1623766081556,-1,-1,-1
1970,679,1623766081556,-1,-1,-1
1971,647,1623766082577,-1,-1,-1
1972,663,1623766083570,-1,-1,-1
1973,623,1623766083570,-1,-1,-1
1974,655,1623766084561,-1,-1,-1
1975,623,1623766087561,-1,-1,-1
1976,663,1623766088578,-1,-1,-1
1977,615,1623766088578,-1,-1,-1
1978,599,1623766089570,-1,-1,-1
1979,623,1623766090557,-1,-1,-1
1980,639,1623766090557,-1,-1,-1
1981,623,1623766091608,-1,-1,-1
1982,655,1623766092570,-1,-1,-1
1983,615,1623766092570,-1,-1,-1
1984,631,1623766093560,-1,-1,-1
1985,607,1623766093560,-1,-1,-1
1986,655,1623766094580,-1,-1,-1
1987,623,1623766095567,-1,-1,-1
1988,647,1623766095568,-1,-1,-1
1989,679,1623766096559,-1,-1,-1
1990,623,1623766097577,-1,-1,-1
1991,655,1623766097577,-1,-1,-1
1992,647,1623766098570,-1,-1,-1
1993,639,1623766099561,-1,-1,-1
1994,679,1623766099561,-1,-1,-1
1995,655,1623766100576,-1,-1,-1
1996,647,1623766101570,-1,-1,-1
1997,647,1623766101570,-1,-1,-1
1998,655,1623766102560,-1,-1,-1
1999,631,1623766102560,-1,-1,-1
2000,671,1623766103580,-1,-1,-1
2001,631,1623766104570,-1,-1,-1
2002,663,1623766104570,-1,-1,-1
2003,639,1623766105560,-1,-1,-1
2004,647,1623766106581,-1,-1,-1
2005,639,1623766106582,-1,-1,-1
2006,655,1623766107570,-1,-1,-1
2007,631,1623766108560,-1,-1,-1
2008,639,1623766108560,-1,-1,-1
2009,623,1623766109581,-1,-1,-1
2010,631,1623766110570,-1,-1,-1
2011,663,1623766110570,-1,-1,-1
2012,623,1623766111559,-1,-1,-1
2013,631,1623766111559,-1,-1,-1
2014,647,1623766112580,-1,-1,-1
2015,655,1623766113570,-1,-1,-1
2016,639,1623766113571,-1,-1,-1
2017,647,1623766114560,-1,-1,-1
2018,631,1623766115579,-1,-1,-1
2019,671,1623766115579,-1,-1,-1
2020,671,1623766116571,-1,-1,-1
2021,615,1623766117561,-1,-1,-1
2022,671,1623766117561,-1,-1,-1
2023,671,1623766118580,-1,-1,-1
2024,663,1623766119569,-1,-1,-1
2025,631,1623766119569,-1,-1,-1
2026,687,1623766120556,-1,-1,-1
2027,591,1623766121580,-1,-1,-1
2028,655,1623766121580,-1,-1,-1
2029,687,1623766122570,-1,-1,-1
2030,599,1623766123560,-1,-1,-1
2031,647,1623766123560,-1,-1,-1
2032,631,1623766124611,-1,-1,-1
2033,671,1623766124611,-1,-1,-1
2034,615,1623766125570,-1,-1,-1
2035,647,1623766126561,-1,-1,-1
2036,671,1623766126561,-1,-1,-1
2037,623,1623766127580,-1,-1,-1
2038,703,1623766128570,-1,-1,-1
2039,623,1623766128570,-1,-1,-1
2040,679,1623766129560,-1,-1,-1
2041,663,1623766130550,-1,-1,-1
2042,687,1623766130550,-1,-1,-1
2043,671,1623766131571,-1,-1,-1
2044,623,1623766132560,-1,-1,-1
2045,719,1623766132560,-1,-1,-1
2046,599,1623766133550,-1,-1,-1
2047,687,1623766134568,-1,-1,-1
2048,679,1623766134568,-1,-1,-1
2049,687,1623766135561,-1,-1,-1
2050,679,1623766136550,-1,-1,-1
2051,655,1623766136550,-1,-1,-1
2052,663,1623766137570,-1,-1,-1
2053,703,1623766138561,-1,-1,-1
2054,655,1623766138561,-1,-1,-1
2055,687,1623766139547,-1,-1,-1
2056,671,1623766140569,-1,-1,-1
2057,655,1623766140570,-1,-1,-1
2058,719,1623766141559,-1,-1,-1
2059,639,1623766142578,-1,-1,-1
2060,655,1623766142578,-1,-1,-1
2061,639,1623766143570,-1,-1,-1
2062,647,1623766144560,-1,-1,-1
2063,671,1623766144560,-1,-1,-1
2064,639,1623766145547,-1,-1,-1
2065,655,1623766146568,-1,-1,-1
2066,623,1623766146568,-1,-1,-1
2067,647,1623766147558,-1,-1,-1
2068,671,1623766148551,-1,-1,-1
2069,679,1623766148551,-1,-1,-1
2070,639,1623766149572,-1,-1,-1
2071,687,1623766150559,-1,-1,-1
2072,663,1623766150559,-1,-1,-1
2073,639,1623766151579,-1,-1,-1
2074,703,1623766152570,-1,-1,-1
2075,639,1623766152570,-1,-1,-1
2076,647,1623766153560,-1,-1,-1
2077,671,1623766154580,-1,-1,-1
2078,647,1623766154580,-1,-1,-1
2079,623,1623766155570,-1,-1,-1
2080,639,1623766156560,-1,-1,-1
2081,599,1623766156560,-1,-1,-1
2082,679,1623766157608,-1,-1,-1
2083,631,1623766157608,-1,-1,-1
2084,615,1623766158570,-1,-1,-1
2085,599,1623766159559,-1,-1,-1
2086,679,1623766159559,-1,-1,-1
2087,607,1623766160578,-1,-1,-1
2088,655,1623766161568,-1,-1,-1
2089,631,1623766161568,-1,-1,-1
2090,679,1623766162559,-1,-1,-1
2091,639,1623766163581,-1,-1,-1
2092,623,1623766163581,-1,-1,-1
2093,631,1623766164570,-1,-1,-1
2094,663,1623766165560,-1,-1,-1
2095,631,1623766165560,-1,-1,-1
2096,647,1623766166579,-1,-1,-1
2097,647,1623766166579,-1,-1,-1
2098,631,1623766167570,-1,-1,-1
2099,671,1623766168559,-1,-1,-1
2100,663,1623766168560,-1,-1,-1
2101,679,1623766172551,-1,-1,-1
2102,663,1623766173573,-1,-1,-1
2103,695,1623766174590,-1,-1,-1
2104,631,1623766174590,-1,-1,-1
2105,655,1623766175582,-1,-1,-1
2106,663,1623766176570,-1,-1,-1
2107,663,1623766176570,-1,-1,-1
2108,663,1623766177560,-1,-1,-1
2109,647,1623766178579,-1,-1,-1
2110,671,1623766178580,-1,-1,-1
2111,647,1623766179570,-1,-1,-1
2112,647,1623766180560,-1,-1,-1
2113,639,1623766180560,-1,-1,-1
2114,623,1623766181580,-1,-1,-1
2115,663,1623766182570,-1,-1,-1
2116,655,1623766182571,-1,-1,-1
2117,623,1623766183560,-1,-1,-1
2118,663,1623766184579,-1,-1,-1
2119,655,1623766184579,-1,-1,-1
2120,671,1623766185570,-1,-1,-1
2121,655,1623766185571,-1,-1,-1
2122,663,1623766186560,-1,-1,-1
2123,687,1623766187550,-1,-1,-1
2124,639,1623766187550,-1,-1,-1
2125,631,1623766188570,-1,-1,-1
2126,655,1623766189557,-1,-1,-1
2127,679,1623766189558,-1,-1,-1
2128,623,1623766190550,-1,-1,-1
2129,655,1623766191570,-1,-1,-1
2130,639,1623766191571,-1,-1,-1
2131,647,1623766192560,-1,-1,-1
2132,631,1623766193551,-1,-1,-1
2133,655,1623766193551,-1,-1,-1
2134,631,1623766194571,-1,-1,-1
2135,679,1623766195560,-1,-1,-1
2136,631,1623766195560,-1,-1,-1
2137,679,1623766196550,-1,-1,-1
2138,623,1623766197572,-1,-1,-1
2139,687,1623766197572,-1,-1,-1
2140,639,1623766198559,-1,-1,-1
2141,639,1623766199550,-1,-1,-1
2142,655,1623766199550,-1,-1,-1
2143,679,1623766200568,-1,-1,-1
2144,647,1623766201555,-1,-1,-1
2145,663,1623766201555,-1,-1,-1
2146,711,1623766202547,-1,-1,-1
2147,663,1623766203566,-1,-1,-1
2148,703,1623766203566,-1,-1,-1
2149,631,1623766204559,-1,-1,-1
2150,663,1623766205551,-1,-1,-1
2151,687,1623766205551,-1,-1,-1
2152,647,1623766206569,-1,-1,-1
2153,647,1623766207590,-1,-1,-1
2154,671,1623766207590,-1,-1,-1
2155,671,1623766208580,-1,-1,-1
2156,671,1623766209570,-1,-1,-1
2157,671,1623766209570,-1,-1,-1
2158,631,1623766210561,-1,-1,-1
2159,663,1623766211548,-1,-1,-1
2160,671,1623766211548,-1,-1,-1
2161,631,1623766212569,-1,-1,-1
2162,631,1623766212569,-1,-1,-1
2163,647,1623766213560,-1,-1,-1
2164,623,1623766214550,-1,-1,-1
2165,623,1623766214550,-1,-1,-1
2166,3343,1623766219561,-1,-1,-1
2167,615,1623766219561,-1,-1,-1
2168,639,1623766220551,-1,-1,-1
2169,647,1623766221571,-1,-1,-1
2170,647,1623766221571,-1,-1,-1
2171,671,1623766222557,-1,-1,-1
2172,623,1623766223553,-1,-1,-1
2173,655,1623766223553,-1,-1,-1
2174,671,1623766224567,-1,-1,-1
2175,639,1623766225559,-1,-1,-1
2176,655,1623766225559,-1,-1,-1
2177,639,1623766226547,-1,-1,-1
2178,655,1623766226548,-1,-1,-1
2179,615,1623766227567,-1,-1,-1
2180,599,1623766228557,-1,-1,-1
2181,615,1623766228557,-1,-1,-1
2182,615,1623766229546,-1,-1,-1
2183,591,1623766230566,-1,-1,-1
2184,599,1623766230566,-1,-1,-1
2185,431,1623766231557,-1,-1,-1
2186,759,1623766231557,-1,-1,-1
2187,591,1623766232549,-1,-1,-1
2188,599,1623766232549,-1,-1,-1
2189,599,1623766233567,-1,-1,-1
2190,607,1623766234557,-1,-1,-1
2191,607,1623766234557,-1,-1,-1
2192,623,1623766235549,-1,-1,-1
2193,607,1623766236568,-1,-1,-1
2194,607,1623766236568,-1,-1,-1
2195,599,1623766237561,-1,-1,-1
2196,615,1623766237562,-1,-1,-1
2197,639,1623766238548,-1,-1,-1
2198,615,1623766239570,-1,-1,-1
2199,623,1623766239570,-1,-1,-1
2200,655,1623766240591,-1,-1,-1
2201,687,1623766241579,-1,-1,-1
2202,639,1623766241579,-1,-1,-1
2203,647,1623766242569,-1,-1,-1
2204,679,1623766243560,-1,-1,-1
2205,679,1623766243560,-1,-1,-1
2206,647,1623766244551,-1,-1,-1
2207,655,1623766245570,-1,-1,-1
2208,655,1623766245570,-1,-1,-1
2209,663,1623766246560,-1,-1,-1
2210,639,1623766246560,-1,-1,-1
2211,631,1623766247550,-1,-1,-1
2212,655,1623766248571,-1,-1,-1
2213,631,1623766248571,-1,-1,-1
2214,639,1623766249560,-1,-1,-1
2215,647,1623766250551,-1,-1,-1
2216,655,1623766250551,-1,-1,-1
2217,655,1623766251570,-1,-1,-1
2218,647,1623766252560,-1,-1,-1
2219,639,1623766252560,-1,-1,-1
2220,639,1623766253550,-1,-1,-1
2221,615,1623766254570,-1,-1,-1
2222,631,1623766254571,-1,-1,-1
2223,647,1623766255560,-1,-1,-1
2224,671,1623766256551,-1,-1,-1
2225,647,1623766256551,-1,-1,-1
2226,639,1623766257569,-1,-1,-1
2227,647,1623766257569,-1,-1,-1
2228,671,1623766258560,-1,-1,-1
2229,639,1623766259550,-1,-1,-1
2230,631,1623766259551,-1,-1,-1
2231,647,1623766260567,-1,-1,-1
2232,671,1623766261560,-1,-1,-1
2233,631,1623766261560,-1,-1,-1
2234,615,1623766262549,-1,-1,-1
2235,639,1623766263566,-1,-1,-1
2236,647,1623766263566,-1,-1,-1
2237,647,1623766264559,-1,-1,-1
2238,623,1623766265550,-1,-1,-1
2239,647,1623766265550,-1,-1,-1
2240,639,1623766266571,-1,-1,-1
2241,623,1623766266571,-1,-1,-1
2242,655,1623766267559,-1,-1,-1
2243,599,1623766268550,-1,-1,-1
2244,607,1623766268550,-1,-1,-1
2245,631,1623766269540,-1,-1,-1
2246,623,1623766270561,-1,-1,-1
2247,623,1623766270561,-1,-1,-1
2248,655,1623766271549,-1,-1,-1
2249,623,1623766271549,-1,-1,-1
2250,599,1623766272540,-1,-1,-1
2251,623,1623766273590,-1,-1,-1
2252,639,1623766273590,-1,-1,-1
2253,615,1623766274580,-1,-1,-1
2254,607,1623766275540,-1,-1,-1
2255,631,1623766275540,-1,-1,-1
2256,671,1623766276561,-1,-1,-1
2257,687,1623766277550,-1,-1,-1
2258,655,1623766277550,-1,-1,-1
2259,631,1623766278541,-1,-1,-1
2260,679,1623766279561,-1,-1,-1
2261,671,1623766279561,-1,-1,-1
2262,599,1623766281540,-1,-1,-1
2263,615,1623766282561,-1,-1,-1
2264,639,1623766282561,-1,-1,-1
2265,631,1623766283548,-1,-1,-1
2266,639,1623766284571,-1,-1,-1
2267,623,1623766284571,-1,-1,-1
2268,639,1623766285560,-1,-1,-1
2269,639,1623766285560,-1,-1,-1
2270,655,1623766286550,-1,-1,-1
2271,639,1623766287540,-1,-1,-1
2272,623,1623766287540,-1,-1,-1
2273,639,1623766288559,-1,-1,-1
2274,663,1623766289550,-1,-1,-1
2275,647,1623766289550,-1,-1,-1
2276,631,1623766290541,-1,-1,-1
2277,639,1623766291561,-1,-1,-1
2278,639,1623766291562,-1,-1,-1
2279,631,1623766292551,-1,-1,-1
2280,655,1623766293540,-1,-1,-1
2281,623,1623766294557,-1,-1,-1
2282,623,1623766295550,-1,-1,-1
2283,599,1623766296571,-1,-1,-1
2284,583,1623766296571,-1,-1,-1
2285,631,1623766297560,-1,-1,-1
2286,631,1623766297561,-1,-1,-1
2287,591,1623766298550,-1,-1,-1
2288,599,1623766299537,-1,-1,-1
2289,623,1623766299537,-1,-1,-1
2290,639,1623766300560,-1,-1,-1
2291,623,1623766301553,-1,-1,-1
2292,623,1623766301553,-1,-1,-1
2293,615,1623766302541,-1,-1,-1
2294,663,1623766302541,-1,-1,-1
2295,647,1623766303561,-1,-1,-1
2296,623,1623766304550,-1,-1,-1
2297,631,1623766304551,-1,-1,-1
2298,647,1623766305600,-1,-1,-1
2299,655,1623766306589,-1,-1,-1
2300,615,1623766306590,-1,-1,-1
2301,663,1623766307580,-1,-1,-1
2302,591,1623766308541,-1,-1,-1
2303,631,1623766308541,-1,-1,-1
2304,607,1623766309558,-1,-1,-1
2305,623,1623766309558,-1,-1,-1
2306,655,1623766310550,-1,-1,-1
2307,623,1623766311540,-1,-1,-1
2308,623,1623766311540,-1,-1,-1
2309,647,1623766312560,-1,-1,-1
2310,647,1623766313550,-1,-1,-1
2311,663,1623766313551,-1,-1,-1
2312,647,1623766314538,-1,-1,-1
2313,639,1623766315560,-1,-1,-1
2314,647,1623766315560,-1,-1,-1
2315,671,1623766316550,-1,-1,-1
2316,631,1623766316551,-1,-1,-1
2317,647,1623766317540,-1,-1,-1
2318,655,1623766318590,-1,-1,-1
2319,671,1623766318590,-1,-1,-1
2320,647,1623766319549,-1,-1,-1
2321,647,1623766320540,-1,-1,-1
2322,647,1623766320540,-1,-1,-1
2323,671,1623766321560,-1,-1,-1
2324,647,1623766322548,-1,-1,-1
2325,655,1623766322548,-1,-1,-1
2326,655,1623766323540,-1,-1,-1
2327,631,1623766324560,-1,-1,-1
2328,639,1623766324561,-1,-1,-1
2329,663,1623766325549,-1,-1,-1
2330,671,1623766326540,-1,-1,-1
2331,655,1623766326540,-1,-1,-1
2332,647,1623766327562,-1,-1,-1
2333,655,1623766328550,-1,-1,-1
2334,655,1623766328550,-1,-1,-1
2335,623,1623766329541,-1,-1,-1
2336,623,1623766330566,-1,-1,-1
2337,615,1623766330566,-1,-1,-1
2338,639,1623766332540,-1,-1,-1
2339,655,1623766333560,-1,-1,-1
2340,639,1623766333560,-1,-1,-1
2341,615,1623766334550,-1,-1,-1
2342,639,1623766335541,-1,-1,-1
2343,687,1623766335541,-1,-1,-1
2344,631,1623766336560,-1,-1,-1
2345,631,1623766337547,-1,-1,-1
2346,639,1623766337547,-1,-1,-1
2347,663,1623766338535,-1,-1,-1
2348,615,1623766338535,-1,-1,-1
2349,623,1623766339589,-1,-1,-1
2350,631,1623766340577,-1,-1,-1
2351,655,1623766340577,-1,-1,-1
2352,623,1623766341540,-1,-1,-1
2353,615,1623766342560,-1,-1,-1
2354,599,1623766344540,-1,-1,-1
2355,607,1623766344540,-1,-1,-1
2356,623,1623766345560,-1,-1,-1
2357,639,1623766345560,-1,-1,-1
2358,663,1623766346551,-1,-1,-1
2359,607,1623766347540,-1,-1,-1
2360,639,1623766347541,-1,-1,-1
2361,623,1623766348557,-1,-1,-1
2362,679,1623766349549,-1,-1,-1
2363,655,1623766349549,-1,-1,-1
2364,663,1623766350541,-1,-1,-1
2365,591,1623766351560,-1,-1,-1
2366,639,1623766351560,-1,-1,-1
2367,631,1623766352550,-1,-1,-1
2368,623,1623766352551,-1,-1,-1
2369,607,1623766353540,-1,-1,-1
2370,607,1623766354558,-1,-1,-1
2371,655,1623766354558,-1,-1,-1
2372,607,1623766355551,-1,-1,-1
2373,631,1623766356537,-1,-1,-1
2374,623,1623766356537,-1,-1,-1
2375,663,1623766357561,-1,-1,-1
2376,639,1623766357561,-1,-1,-1
2377,623,1623766358550,-1,-1,-1
2378,631,1623766359539,-1,-1,-1
2379,647,1623766359540,-1,-1,-1
2380,639,1623766360558,-1,-1,-1
2381,607,1623766361550,-1,-1,-1
2382,663,1623766361550,-1,-1,-1
2383,655,1623766362540,-1,-1,-1
2384,623,1623766363560,-1,-1,-1
2385,647,1623766363560,-1,-1,-1
2386,679,1623766364547,-1,-1,-1
2387,631,1623766364547,-1,-1,-1
2388,591,1623766365539,-1,-1,-1
2389,663,1623766366559,-1,-1,-1
2390,663,1623766366559,-1,-1,-1
2391,623,1623766367551,-1,-1,-1
2392,599,1623766368541,-1,-1,-1
2393,623,1623766368541,-1,-1,-1
2394,679,1623766369561,-1,-1,-1
2395,607,1623766370550,-1,-1,-1
2396,623,1623766370551,-1,-1,-1
2397,655,1623766371540,-1,-1,-1
2398,647,1623766371540,-1,-1,-1
2399,655,1623766372590,-1,-1,-1
2400,591,1623766373580,-1,-1,-1
2401,735,1623766373580,-1,-1,-1
2402,575,1623766374540,-1,-1,-1
2403,559,1623766376546,-1,-1,-1
2404,671,1623766377540,-1,-1,-1
2405,631,1623766377540,-1,-1,-1
2406,599,1623766378561,-1,-1,-1
2407,703,1623766379550,-1,-1,-1
2408,567,1623766379550,-1,-1,-1
2409,615,1623766380540,-1,-1,-1
2410,679,1623766380541,-1,-1,-1
2411,511,1623766381561,-1,-1,-1
2412,767,1623766382550,-1,-1,-1
2413,511,1623766382550,-1,-1,-1
2414,775,1623766383540,-1,-1,-1
2415,607,1623766384560,-1,-1,-1
2416,639,1623766384560,-1,-1,-1
2417,607,1623766385550,-1,-1,-1
2418,647,1623766386540,-1,-1,-1
2419,631,1623766386540,-1,-1,-1
2420,631,1623766387560,-1,-1,-1
2421,639,1623766387560,-1,-1,-1
2422,639,1623766388548,-1,-1,-1
2423,607,1623766389540,-1,-1,-1
2424,519,1623766392539,-1,-1,-1
2425,663,1623766396560,-1,-1,-1
2426,647,1623766397551,-1,-1,-1
2427,663,1623766397551,-1,-1,-1
2428,607,1623766402561,-1,-1,-1
2429,679,1623766403551,-1,-1,-1
2430,695,1623766404541,-1,-1,-1
2431,655,1623766405530,-1,-1,-1
2432,663,1623766405530,-1,-1,-1
2433,615,1623766406551,-1,-1,-1
2434,639,1623766406551,-1,-1,-1
2435,543,1623766407540,-1,-1,-1
2436,727,1623766408530,-1,-1,-1
2437,623,1623766408530,-1,-1,-1
2438,599,1623766409550,-1,-1,-1
2439,687,1623766410542,-1,-1,-1
2440,615,1623766410542,-1,-1,-1
2441,607,1623766411527,-1,-1,-1
2442,599,1623766416541,-1,-1,-1
2443,615,1623766416541,-1,-1,-1
2444,567,1623766418550,-1,-1,-1
2445,567,1623766419540,-1,-1,-1
2446,687,1623766419540,-1,-1,-1
2447,591,1623766420559,-1,-1,-1
2448,567,1623766420559,-1,-1,-1
2449,615,1623766421551,-1,-1,-1
2450,631,1623766422541,-1,-1,-1
2451,599,1623766424547,-1,-1,-1
