,RR,Timestamp,SensorContact,errorEstimate,blockerBit
0,727,1624948904663,-1,-1,-1
1,599,1624948904663,-1,-1,-1
2,735,1624948915158,-1,-1,-1
3,783,1624948916130,-1,-1,-1
4,911,1624948920147,-1,-1,-1
5,983,1624948927159,-1,-1,-1
6,583,1624948933159,-1,-1,-1
7,703,1624948949137,-1,-1,-1
8,1023,1624948955137,-1,-1,-1
9,551,1624948956148,-1,-1,-1
10,639,1624948956149,-1,-1,-1
11,727,1624948958135,-1,-1,-1
12,719,1624948962147,-1,-1,-1
13,751,1624948963124,-1,-1,-1
14,759,1624948963124,-1,-1,-1
15,807,1624948968147,-1,-1,-1
16,671,1624948975121,-1,-1,-1
17,735,1624948976134,-1,-1,-1
18,639,1624948977149,-1,-1,-1
19,703,1624948980185,-1,-1,-1
20,719,1624948982135,-1,-1,-1
21,703,1624948985137,-1,-1,-1
22,951,1624948987123,-1,-1,-1
23,775,1624948988135,-1,-1,-1
24,583,1624948989148,-1,-1,-1
25,967,1624949004147,-1,-1,-1
26,903,1624949005123,-1,-1,-1
27,799,1624949006135,-1,-1,-1
28,703,1624949011123,-1,-1,-1
29,831,1624949012136,-1,-1,-1
30,911,1624949014124,-1,-1,-1
31,887,1624949020123,-1,-1,-1
32,727,1624949020124,-1,-1,-1
33,751,1624949038124,-1,-1,-1
34,551,1624949038124,-1,-1,-1
35,759,1624949039210,-1,-1,-1
36,719,1624949040186,-1,-1,-1
37,775,1624949053123,-1,-1,-1
38,767,1624949054136,-1,-1,-1
39,655,1624949054136,-1,-1,-1
40,727,1624949055151,-1,-1,-1
41,671,1624949056199,-1,-1,-1
42,687,1624949058149,-1,-1,-1
43,567,1624949058149,-1,-1,-1
44,839,1624949059122,-1,-1,-1
45,695,1624949060136,-1,-1,-1
46,743,1624949062122,-1,-1,-1
47,591,1624949068124,-1,-1,-1
48,791,1624949075138,-1,-1,-1
49,631,1624949081136,-1,-1,-1
50,871,1624949082149,-1,-1,-1
51,839,1624949083124,-1,-1,-1
52,799,1624949084137,-1,-1,-1
53,887,1624949085148,-1,-1,-1
54,919,1624949086124,-1,-1,-1
55,959,1624949096136,-1,-1,-1
56,1191,1624949097148,-1,-1,-1
57,1319,1624949101123,-1,-1,-1
58,1479,1624949111137,-1,-1,-1
59,983,1624949112188,-1,-1,-1
60,1095,1624949127149,-1,-1,-1
61,799,1624949139111,-1,-1,-1
62,775,1624949140126,-1,-1,-1
63,823,1624949141137,-1,-1,-1
64,799,1624949142111,-1,-1,-1
65,727,1624949144137,-1,-1,-1
66,703,1624949148112,-1,-1,-1
67,679,1624949154112,-1,-1,-1
68,599,1624949168137,-1,-1,-1
69,719,1624949170124,-1,-1,-1
70,671,1624949170124,-1,-1,-1
71,759,1624949171139,-1,-1,-1
72,631,1624949173125,-1,-1,-1
73,703,1624949175112,-1,-1,-1
74,639,1624949175113,-1,-1,-1
75,455,1624949176124,-1,-1,-1
76,479,1624949178112,-1,-1,-1
77,607,1624949178112,-1,-1,-1
78,655,1624949179122,-1,-1,-1
79,447,1624949180136,-1,-1,-1
80,655,1624949180136,-1,-1,-1
81,735,1624949181114,-1,-1,-1
82,631,1624949182124,-1,-1,-1
83,671,1624949184112,-1,-1,-1
84,719,1624949187111,-1,-1,-1
85,711,1624949188125,-1,-1,-1
86,839,1624949192139,-1,-1,-1
87,655,1624949198136,-1,-1,-1
88,703,1624949199115,-1,-1,-1
89,695,1624949200128,-1,-1,-1
90,703,1624949206162,-1,-1,-1
91,703,1624949206162,-1,-1,-1
92,607,1624949207138,-1,-1,-1
93,711,1624949209125,-1,-1,-1
94,703,1624949210137,-1,-1,-1
95,631,1624949211110,-1,-1,-1
96,607,1624949213137,-1,-1,-1
97,687,1624949214111,-1,-1,-1
98,887,1624949216173,-1,-1,-1
99,583,1624949216173,-1,-1,-1
100,687,1624949217111,-1,-1,-1
101,783,1624949220112,-1,-1,-1
102,703,1624949222174,-1,-1,-1
103,719,1624949223114,-1,-1,-1
104,503,1624949228138,-1,-1,-1
105,831,1624949229112,-1,-1,-1
106,791,1624949233125,-1,-1,-1
107,639,1624949234137,-1,-1,-1
108,895,1624949235112,-1,-1,-1
109,583,1624949235112,-1,-1,-1
110,791,1624949239162,-1,-1,-1
111,631,1624949240137,-1,-1,-1
112,567,1624949242125,-1,-1,-1
113,743,1624949243175,-1,-1,-1
114,719,1624949247112,-1,-1,-1
115,639,1624949247112,-1,-1,-1
116,599,1624949248127,-1,-1,-1
117,839,1624949249139,-1,-1,-1
118,655,1624949249139,-1,-1,-1
119,767,1624949250111,-1,-1,-1
120,679,1624949253113,-1,-1,-1
121,671,1624949260126,-1,-1,-1
122,591,1624949261138,-1,-1,-1
123,799,1624949261138,-1,-1,-1
124,631,1624949262112,-1,-1,-1
125,607,1624949263124,-1,-1,-1
126,847,1624949263124,-1,-1,-1
127,671,1624949264139,-1,-1,-1
128,727,1624949265113,-1,-1,-1
129,711,1624949266163,-1,-1,-1
130,711,1624949268113,-1,-1,-1
131,703,1624949268113,-1,-1,-1
132,695,1624949269126,-1,-1,-1
133,583,1624949270138,-1,-1,-1
134,831,1624949271114,-1,-1,-1
135,687,1624949271115,-1,-1,-1
136,663,1624949272163,-1,-1,-1
137,719,1624949275164,-1,-1,-1
138,711,1624949276138,-1,-1,-1
139,727,1624949280113,-1,-1,-1
140,655,1624949281126,-1,-1,-1
141,711,1624949282136,-1,-1,-1
142,623,1624949282136,-1,-1,-1
143,799,1624949283115,-1,-1,-1
144,695,1624949287125,-1,-1,-1
145,695,1624949287126,-1,-1,-1
146,663,1624949288100,-1,-1,-1
147,639,1624949290126,-1,-1,-1
148,591,1624949291101,-1,-1,-1
149,591,1624949291101,-1,-1,-1
150,655,1624949309099,-1,-1,-1
151,807,1624949314125,-1,-1,-1
152,655,1624949314125,-1,-1,-1
153,639,1624949320124,-1,-1,-1
154,855,1624949324101,-1,-1,-1
155,823,1624949324101,-1,-1,-1
156,615,1624949325113,-1,-1,-1
157,719,1624949327101,-1,-1,-1
158,551,1624949333100,-1,-1,-1
159,775,1624949333100,-1,-1,-1
160,671,1624949339101,-1,-1,-1
161,639,1624949353127,-1,-1,-1
162,679,1624949356126,-1,-1,-1
163,607,1624949357102,-1,-1,-1
164,727,1624949358111,-1,-1,-1
165,791,1624949358111,-1,-1,-1
166,663,1624949359127,-1,-1,-1
167,639,1624949363100,-1,-1,-1
168,487,1624949364113,-1,-1,-1
169,783,1624949366101,-1,-1,-1
170,847,1624949369102,-1,-1,-1
171,751,1624949370113,-1,-1,-1
172,559,1624949371164,-1,-1,-1
173,927,1624949372100,-1,-1,-1
174,623,1624949372100,-1,-1,-1
175,783,1624949373114,-1,-1,-1
176,711,1624949374126,-1,-1,-1
177,575,1624949377126,-1,-1,-1
178,519,1624949378100,-1,-1,-1
179,727,1624949381102,-1,-1,-1
180,831,1624949383126,-1,-1,-1
181,735,1624949384099,-1,-1,-1
182,863,1624949386125,-1,-1,-1
183,695,1624949387102,-1,-1,-1
184,679,1624949390101,-1,-1,-1
185,767,1624949391115,-1,-1,-1
186,767,1624949391115,-1,-1,-1
187,759,1624949392126,-1,-1,-1
188,759,1624949397114,-1,-1,-1
189,591,1624949404164,-1,-1,-1
190,831,1624949405140,-1,-1,-1
191,535,1624949406114,-1,-1,-1
192,631,1624949406114,-1,-1,-1
193,567,1624949411101,-1,-1,-1
194,479,1624949411101,-1,-1,-1
195,735,1624949412114,-1,-1,-1
196,655,1624949414102,-1,-1,-1
197,663,1624949415114,-1,-1,-1
198,703,1624949416090,-1,-1,-1
199,679,1624949416090,-1,-1,-1
200,543,1624949417101,-1,-1,-1
201,519,1624949419089,-1,-1,-1
202,647,1624949420102,-1,-1,-1
203,567,1624949421152,-1,-1,-1
204,767,1624949421152,-1,-1,-1
205,423,1624949422088,-1,-1,-1
206,735,1624949423103,-1,-1,-1
207,511,1624949424114,-1,-1,-1
208,591,1624949425089,-1,-1,-1
209,511,1624949425089,-1,-1,-1
210,607,1624949426102,-1,-1,-1
211,463,1624949426102,-1,-1,-1
212,639,1624949427115,-1,-1,-1
213,447,1624949427115,-1,-1,-1
214,631,1624949428090,-1,-1,-1
215,415,1624949429101,-1,-1,-1
216,615,1624949430113,-1,-1,-1
217,367,1624949432102,-1,-1,-1
218,367,1624949432102,-1,-1,-1
219,687,1624949433114,-1,-1,-1
220,719,1624949434089,-1,-1,-1
221,567,1624949435105,-1,-1,-1
222,423,1624949436117,-1,-1,-1
223,615,1624949436117,-1,-1,-1
224,599,1624949437090,-1,-1,-1
225,503,1624949437090,-1,-1,-1
226,671,1624949440090,-1,-1,-1
227,399,1624949440090,-1,-1,-1
228,543,1624949441102,-1,-1,-1
229,527,1624949441102,-1,-1,-1
230,471,1624949442114,-1,-1,-1
231,391,1624949442114,-1,-1,-1
232,559,1624949444102,-1,-1,-1
233,407,1624949445119,-1,-1,-1
234,711,1624949445119,-1,-1,-1
235,391,1624949446095,-1,-1,-1
236,599,1624949448111,-1,-1,-1
237,647,1624949449090,-1,-1,-1
238,495,1624949450102,-1,-1,-1
239,367,1624949450102,-1,-1,-1
240,647,1624949451114,-1,-1,-1
241,407,1624949451114,-1,-1,-1
242,351,1624949454151,-1,-1,-1
243,695,1624949455087,-1,-1,-1
244,399,1624949456100,-1,-1,-1
245,567,1624949457115,-1,-1,-1
246,511,1624949457115,-1,-1,-1
247,543,1624949458087,-1,-1,-1
248,495,1624949458087,-1,-1,-1
249,615,1624949459099,-1,-1,-1
250,415,1624949459099,-1,-1,-1
251,591,1624949460116,-1,-1,-1
252,359,1624949462102,-1,-1,-1
253,455,1624949462102,-1,-1,-1
254,591,1624949464088,-1,-1,-1
255,399,1624949464088,-1,-1,-1
256,511,1624949467090,-1,-1,-1
257,407,1624949470089,-1,-1,-1
258,559,1624949471139,-1,-1,-1
259,495,1624949472114,-1,-1,-1
260,591,1624949473091,-1,-1,-1
261,607,1624949476127,-1,-1,-1
262,463,1624949476127,-1,-1,-1
263,367,1624949478115,-1,-1,-1
264,463,1624949481116,-1,-1,-1
265,663,1624949482089,-1,-1,-1
266,399,1624949482089,-1,-1,-1
267,567,1624949483104,-1,-1,-1
268,431,1624949484115,-1,-1,-1
269,511,1624949486177,-1,-1,-1
270,503,1624949490189,-1,-1,-1
271,479,1624949491089,-1,-1,-1
272,447,1624949491089,-1,-1,-1
273,431,1624949492104,-1,-1,-1
274,463,1624949493153,-1,-1,-1
275,439,1624949496115,-1,-1,-1
276,495,1624949496115,-1,-1,-1
277,479,1624949496115,-1,-1,-1
278,463,1624949497090,-1,-1,-1
279,447,1624949497090,-1,-1,-1
280,319,1624949498102,-1,-1,-1
281,511,1624949498102,-1,-1,-1
282,527,1624949499115,-1,-1,-1
283,479,1624949499115,-1,-1,-1
284,487,1624949500090,-1,-1,-1
285,455,1624949500090,-1,-1,-1
286,487,1624949501103,-1,-1,-1
287,495,1624949501103,-1,-1,-1
288,399,1624949502115,-1,-1,-1
289,303,1624949502115,-1,-1,-1
290,599,1624949502115,-1,-1,-1
291,407,1624949503090,-1,-1,-1
292,543,1624949503090,-1,-1,-1
293,447,1624949504139,-1,-1,-1
294,455,1624949504139,-1,-1,-1
295,407,1624949505115,-1,-1,-1
296,311,1624949507101,-1,-1,-1
297,463,1624949508117,-1,-1,-1
298,487,1624949509164,-1,-1,-1
299,519,1624949509164,-1,-1,-1
300,447,1624949509164,-1,-1,-1
301,487,1624949510101,-1,-1,-1
302,455,1624949510101,-1,-1,-1
303,479,1624949512090,-1,-1,-1
304,495,1624949512090,-1,-1,-1
305,407,1624949513179,-1,-1,-1
306,599,1624949513179,-1,-1,-1
307,607,1624949521128,-1,-1,-1
308,423,1624949521128,-1,-1,-1
309,375,1624949523114,-1,-1,-1
310,647,1624949523114,-1,-1,-1
311,471,1624949525102,-1,-1,-1
312,639,1624949526116,-1,-1,-1
313,383,1624949526116,-1,-1,-1
314,575,1624949529115,-1,-1,-1
315,519,1624949531101,-1,-1,-1
316,655,1624949533091,-1,-1,-1
317,551,1624949534103,-1,-1,-1
318,519,1624949536091,-1,-1,-1
319,511,1624949536091,-1,-1,-1
320,575,1624949537140,-1,-1,-1
321,511,1624949538116,-1,-1,-1
322,543,1624949539129,-1,-1,-1
323,543,1624949543102,-1,-1,-1
324,519,1624949544114,-1,-1,-1
325,487,1624949544114,-1,-1,-1
326,439,1624949544114,-1,-1,-1
327,631,1624949545092,-1,-1,-1
328,519,1624949547115,-1,-1,-1
329,583,1624949547115,-1,-1,-1
330,487,1624949548090,-1,-1,-1
331,575,1624949549103,-1,-1,-1
332,591,1624949550115,-1,-1,-1
333,591,1624949552103,-1,-1,-1
334,431,1624949553153,-1,-1,-1
335,535,1624949553153,-1,-1,-1
336,567,1624949556115,-1,-1,-1
337,631,1624949558103,-1,-1,-1
338,455,1624949558103,-1,-1,-1
339,655,1624949559115,-1,-1,-1
340,455,1624949559115,-1,-1,-1
341,591,1624949560090,-1,-1,-1
342,463,1624949560090,-1,-1,-1
343,591,1624949561103,-1,-1,-1
344,775,1624949564103,-1,-1,-1
345,455,1624949565078,-1,-1,-1
346,735,1624949565078,-1,-1,-1
347,495,1624949567103,-1,-1,-1
348,607,1624949568078,-1,-1,-1
349,711,1624949568078,-1,-1,-1
350,519,1624949571078,-1,-1,-1
351,567,1624949572091,-1,-1,-1
352,463,1624949572091,-1,-1,-1
353,575,1624949573103,-1,-1,-1
354,519,1624949574078,-1,-1,-1
355,623,1624949575091,-1,-1,-1
356,759,1624949576103,-1,-1,-1
357,463,1624949579103,-1,-1,-1
358,663,1624949589079,-1,-1,-1
359,495,1624949589079,-1,-1,-1
360,511,1624949590090,-1,-1,-1
361,519,1624949590090,-1,-1,-1
362,527,1624949591103,-1,-1,-1
363,503,1624949591103,-1,-1,-1
364,519,1624949592077,-1,-1,-1
365,375,1624949592077,-1,-1,-1
366,623,1624949593090,-1,-1,-1
367,407,1624949593090,-1,-1,-1
368,615,1624949594103,-1,-1,-1
369,423,1624949594103,-1,-1,-1
370,599,1624949595081,-1,-1,-1
371,519,1624949595081,-1,-1,-1
372,479,1624949596091,-1,-1,-1
373,495,1624949596091,-1,-1,-1
374,503,1624949597103,-1,-1,-1
375,399,1624949597103,-1,-1,-1
376,599,1624949598078,-1,-1,-1
377,423,1624949598078,-1,-1,-1
378,631,1624949599128,-1,-1,-1
379,439,1624949599128,-1,-1,-1
380,655,1624949600103,-1,-1,-1
381,375,1624949600103,-1,-1,-1
382,639,1624949601078,-1,-1,-1
383,439,1624949601078,-1,-1,-1
384,631,1624949602090,-1,-1,-1
385,535,1624949603141,-1,-1,-1
386,519,1624949603141,-1,-1,-1
387,407,1624949604079,-1,-1,-1
388,551,1624949604079,-1,-1,-1
389,471,1624949605092,-1,-1,-1
390,599,1624949605092,-1,-1,-1
391,439,1624949606103,-1,-1,-1
392,551,1624949606103,-1,-1,-1
393,479,1624949607079,-1,-1,-1
394,535,1624949607079,-1,-1,-1
395,423,1624949608091,-1,-1,-1
396,591,1624949608091,-1,-1,-1
397,479,1624949609103,-1,-1,-1
398,535,1624949609103,-1,-1,-1
399,495,1624949610078,-1,-1,-1
400,559,1624949610078,-1,-1,-1
401,471,1624949611088,-1,-1,-1
402,535,1624949611088,-1,-1,-1
403,439,1624949613079,-1,-1,-1
404,631,1624949613079,-1,-1,-1
405,399,1624949614092,-1,-1,-1
406,663,1624949615104,-1,-1,-1
407,391,1624949615104,-1,-1,-1
408,599,1624949616079,-1,-1,-1
409,495,1624949622079,-1,-1,-1
410,575,1624949623091,-1,-1,-1
411,447,1624949623091,-1,-1,-1
412,623,1624949624104,-1,-1,-1
413,479,1624949625079,-1,-1,-1
414,623,1624949626090,-1,-1,-1
415,391,1624949626090,-1,-1,-1
416,559,1624949627104,-1,-1,-1
417,535,1624949628079,-1,-1,-1
418,575,1624949629090,-1,-1,-1
419,463,1624949629090,-1,-1,-1
420,543,1624949630104,-1,-1,-1
421,495,1624949630104,-1,-1,-1
422,631,1624949631117,-1,-1,-1
423,391,1624949631117,-1,-1,-1
424,575,1624949632091,-1,-1,-1
425,455,1624949632091,-1,-1,-1
426,535,1624949633103,-1,-1,-1
427,503,1624949633103,-1,-1,-1
428,479,1624949634115,-1,-1,-1
429,519,1624949634115,-1,-1,-1
430,559,1624949635091,-1,-1,-1
431,463,1624949635091,-1,-1,-1
432,599,1624949636141,-1,-1,-1
433,399,1624949636141,-1,-1,-1
434,519,1624949639104,-1,-1,-1
435,407,1624949643157,-1,-1,-1
436,583,1624949644094,-1,-1,-1
437,807,1624949649080,-1,-1,-1
438,647,1624949649080,-1,-1,-1
439,687,1624949650091,-1,-1,-1
440,471,1624949651178,-1,-1,-1
441,519,1624949665089,-1,-1,-1
442,391,1624949665089,-1,-1,-1
443,479,1624949669140,-1,-1,-1
444,375,1624949670117,-1,-1,-1
445,455,1624949678103,-1,-1,-1
446,415,1624949685079,-1,-1,-1
447,575,1624949685079,-1,-1,-1
448,447,1624949686129,-1,-1,-1
449,559,1624949686129,-1,-1,-1
450,439,1624949687066,-1,-1,-1
451,599,1624949687066,-1,-1,-1
452,335,1624949688079,-1,-1,-1
453,343,1624949690117,-1,-1,-1
454,359,1624949691079,-1,-1,-1
455,639,1624949691079,-1,-1,-1
456,391,1624949692091,-1,-1,-1
457,631,1624949692091,-1,-1,-1
458,623,1624949697080,-1,-1,-1
459,543,1624949704090,-1,-1,-1
460,647,1624949705067,-1,-1,-1
461,367,1624949705067,-1,-1,-1
462,487,1624949707167,-1,-1,-1
463,567,1624949707167,-1,-1,-1
464,551,1624949708068,-1,-1,-1
465,431,1624949708069,-1,-1,-1
466,367,1624949709121,-1,-1,-1
467,591,1624949709122,-1,-1,-1
468,559,1624949710091,-1,-1,-1
469,463,1624949710091,-1,-1,-1
470,607,1624949713091,-1,-1,-1
471,487,1624949713091,-1,-1,-1
472,375,1624949720140,-1,-1,-1
473,623,1624949720140,-1,-1,-1
474,383,1624949729067,-1,-1,-1
475,527,1624949731092,-1,-1,-1
476,519,1624949734092,-1,-1,-1
477,415,1624949741066,-1,-1,-1
478,583,1624949742117,-1,-1,-1
479,391,1624949743092,-1,-1,-1
480,607,1624949745117,-1,-1,-1
481,719,1624949747067,-1,-1,-1
482,719,1624949747067,-1,-1,-1
483,535,1624949748093,-1,-1,-1
484,455,1624949748093,-1,-1,-1
485,719,1624949749091,-1,-1,-1
486,559,1624949750067,-1,-1,-1
487,415,1624949750067,-1,-1,-1
488,559,1624949762067,-1,-1,-1
489,487,1624949763079,-1,-1,-1
490,543,1624949763079,-1,-1,-1
491,439,1624949764093,-1,-1,-1
492,535,1624949765068,-1,-1,-1
493,503,1624949766117,-1,-1,-1
494,559,1624949766117,-1,-1,-1
495,439,1624949767092,-1,-1,-1
496,503,1624949767092,-1,-1,-1
497,479,1624949768069,-1,-1,-1
498,575,1624949768069,-1,-1,-1
499,519,1624949773092,-1,-1,-1
500,519,1624949773092,-1,-1,-1
501,487,1624949774068,-1,-1,-1
502,495,1624949775118,-1,-1,-1
503,567,1624949777106,-1,-1,-1
504,615,1624949777106,-1,-1,-1
505,607,1624949778079,-1,-1,-1
506,415,1624949778079,-1,-1,-1
507,615,1624949779092,-1,-1,-1
508,495,1624949779092,-1,-1,-1
509,439,1624949780068,-1,-1,-1
510,567,1624949780068,-1,-1,-1
511,455,1624949786105,-1,-1,-1
512,575,1624949788093,-1,-1,-1
513,535,1624949798068,-1,-1,-1
514,415,1624949799080,-1,-1,-1
515,735,1624949803092,-1,-1,-1
516,487,1624949810068,-1,-1,-1
517,607,1624949810068,-1,-1,-1
518,559,1624949812091,-1,-1,-1
519,471,1624949813068,-1,-1,-1
520,519,1624949813068,-1,-1,-1
521,615,1624949815092,-1,-1,-1
522,575,1624949815092,-1,-1,-1
523,471,1624949816069,-1,-1,-1
524,559,1624949816069,-1,-1,-1
525,487,1624949817080,-1,-1,-1
526,623,1624949818090,-1,-1,-1
527,591,1624949819142,-1,-1,-1
528,511,1624949819142,-1,-1,-1
529,535,1624949820081,-1,-1,-1
530,447,1624949823081,-1,-1,-1
531,463,1624949823081,-1,-1,-1
532,735,1624949824092,-1,-1,-1
533,783,1624949825067,-1,-1,-1
534,559,1624949825068,-1,-1,-1
535,487,1624949826080,-1,-1,-1
536,519,1624949826080,-1,-1,-1
537,479,1624949827092,-1,-1,-1
538,415,1624949827092,-1,-1,-1
539,583,1624949828067,-1,-1,-1
540,607,1624949828067,-1,-1,-1
541,407,1624949829081,-1,-1,-1
542,519,1624949829081,-1,-1,-1
543,503,1624949830092,-1,-1,-1
544,527,1624949836093,-1,-1,-1
545,487,1624949837067,-1,-1,-1
546,439,1624949839092,-1,-1,-1
547,623,1624949840067,-1,-1,-1
548,399,1624949842093,-1,-1,-1
549,631,1624949843067,-1,-1,-1
550,551,1624949853119,-1,-1,-1
551,503,1624949854130,-1,-1,-1
552,471,1624949854130,-1,-1,-1
553,503,1624949855068,-1,-1,-1
554,511,1624949855068,-1,-1,-1
555,487,1624949856080,-1,-1,-1
556,503,1624949856080,-1,-1,-1
557,519,1624949857091,-1,-1,-1
558,591,1624949858068,-1,-1,-1
559,487,1624949859080,-1,-1,-1
560,631,1624949860093,-1,-1,-1
561,535,1624949861069,-1,-1,-1
562,647,1624949862080,-1,-1,-1
563,783,1624949862080,-1,-1,-1
564,519,1624949863092,-1,-1,-1
565,543,1624949863092,-1,-1,-1
566,511,1624949864069,-1,-1,-1
567,519,1624949864069,-1,-1,-1
568,487,1624949865080,-1,-1,-1
569,479,1624949865080,-1,-1,-1
570,519,1624949868155,-1,-1,-1
571,527,1624949869092,-1,-1,-1
572,471,1624949871080,-1,-1,-1
573,543,1624949872093,-1,-1,-1
574,511,1624949872093,-1,-1,-1
575,463,1624949873069,-1,-1,-1
576,463,1624949873069,-1,-1,-1
577,559,1624949874080,-1,-1,-1
578,503,1624949874080,-1,-1,-1
579,663,1624949875093,-1,-1,-1
580,471,1624949876105,-1,-1,-1
581,551,1624949877080,-1,-1,-1
582,471,1624949877080,-1,-1,-1
583,535,1624949878094,-1,-1,-1
584,479,1624949878094,-1,-1,-1
585,519,1624949879107,-1,-1,-1
586,511,1624949880081,-1,-1,-1
587,495,1624949880081,-1,-1,-1
588,783,1624949881093,-1,-1,-1
589,551,1624949883080,-1,-1,-1
590,487,1624949883080,-1,-1,-1
591,791,1624949884130,-1,-1,-1
592,527,1624949886080,-1,-1,-1
593,575,1624949886080,-1,-1,-1
594,455,1624949887094,-1,-1,-1
595,535,1624949887094,-1,-1,-1
596,431,1624949888069,-1,-1,-1
597,559,1624949888069,-1,-1,-1
598,479,1624949889079,-1,-1,-1
599,559,1624949889079,-1,-1,-1
600,487,1624949890131,-1,-1,-1
601,519,1624949890131,-1,-1,-1
602,431,1624949891069,-1,-1,-1
603,479,1624949891069,-1,-1,-1
604,519,1624949892081,-1,-1,-1
605,567,1624949894068,-1,-1,-1
606,567,1624949899093,-1,-1,-1
607,519,1624949899093,-1,-1,-1
608,479,1624949900069,-1,-1,-1
609,551,1624949900069,-1,-1,-1
610,439,1624949903069,-1,-1,-1
611,455,1624949909142,-1,-1,-1
612,607,1624949909143,-1,-1,-1
613,415,1624949910153,-1,-1,-1
614,567,1624949911093,-1,-1,-1
615,463,1624949912070,-1,-1,-1
616,551,1624949912070,-1,-1,-1
617,5431,1624949918105,-1,-1,-1
618,559,1624949919081,-1,-1,-1
619,591,1624949920056,-1,-1,-1
620,439,1624949920056,-1,-1,-1
621,647,1624949921069,-1,-1,-1
622,423,1624949923056,-1,-1,-1
623,655,1624949924068,-1,-1,-1
624,575,1624949924068,-1,-1,-1
625,687,1624949925080,-1,-1,-1
626,695,1624949926056,-1,-1,-1
627,551,1624949926056,-1,-1,-1
628,599,1624949928191,-1,-1,-1
629,383,1624949929060,-1,-1,-1
630,479,1624949930071,-1,-1,-1
631,655,1624949931079,-1,-1,-1
632,471,1624949940081,-1,-1,-1
633,575,1624949940081,-1,-1,-1
634,511,1624949962055,-1,-1,-1
635,615,1624949963068,-1,-1,-1
636,463,1624949965053,-1,-1,-1
637,775,1624949966141,-1,-1,-1
638,695,1624949966141,-1,-1,-1
639,559,1624949967082,-1,-1,-1
640,647,1624949970080,-1,-1,-1
641,583,1624949971056,-1,-1,-1
642,519,1624949972068,-1,-1,-1
643,543,1624949972068,-1,-1,-1
644,591,1624949973079,-1,-1,-1
645,743,1624949974056,-1,-1,-1
646,663,1624949982081,-1,-1,-1
647,527,1624949982082,-1,-1,-1
648,415,1624949983055,-1,-1,-1
649,519,1624949983055,-1,-1,-1
650,463,1624949983055,-1,-1,-1
651,519,1624949986056,-1,-1,-1
652,519,1624949988083,-1,-1,-1
653,519,1624949988083,-1,-1,-1
654,591,1624949991081,-1,-1,-1
655,431,1624949991081,-1,-1,-1
656,495,1624949992054,-1,-1,-1
657,575,1624949992054,-1,-1,-1
658,543,1624950002068,-1,-1,-1
659,519,1624950008068,-1,-1,-1
660,447,1624950019055,-1,-1,-1
661,527,1624950019055,-1,-1,-1
662,463,1624950020068,-1,-1,-1
663,535,1624950020068,-1,-1,-1
664,543,1624950021081,-1,-1,-1
665,575,1624950021081,-1,-1,-1
666,407,1624950022057,-1,-1,-1
667,775,1624950026070,-1,-1,-1
668,535,1624950027081,-1,-1,-1
669,543,1624950027081,-1,-1,-1
670,399,1624950028056,-1,-1,-1
671,455,1624950028056,-1,-1,-1
672,495,1624950034093,-1,-1,-1
673,535,1624950035068,-1,-1,-1
674,503,1624950035068,-1,-1,-1
675,599,1624950036082,-1,-1,-1
676,423,1624950036082,-1,-1,-1
677,439,1624950037057,-1,-1,-1
678,695,1624950038068,-1,-1,-1
679,679,1624950043057,-1,-1,-1
680,383,1624950044069,-1,-1,-1
681,375,1624950049058,-1,-1,-1
682,695,1624950050069,-1,-1,-1
683,703,1624950051082,-1,-1,-1
684,407,1624950051082,-1,-1,-1
685,583,1624950052056,-1,-1,-1
686,607,1624950052056,-1,-1,-1
687,591,1624950057044,-1,-1,-1
688,607,1624950058056,-1,-1,-1
689,607,1624950066044,-1,-1,-1
690,583,1624950067095,-1,-1,-1
691,783,1624950069045,-1,-1,-1
692,495,1624950070057,-1,-1,-1
693,543,1624950074068,-1,-1,-1
694,463,1624950075044,-1,-1,-1
695,527,1624950075044,-1,-1,-1
696,631,1624950076057,-1,-1,-1
697,703,1624950077068,-1,-1,-1
698,647,1624950077069,-1,-1,-1
699,543,1624950078045,-1,-1,-1
700,527,1624950078045,-1,-1,-1
701,535,1624950081044,-1,-1,-1
702,479,1624950082057,-1,-1,-1
703,527,1624950085058,-1,-1,-1
704,511,1624950086069,-1,-1,-1
705,495,1624950086069,-1,-1,-1
706,351,1624950087044,-1,-1,-1
707,623,1624950088057,-1,-1,-1
708,447,1624950089070,-1,-1,-1
709,559,1624950089070,-1,-1,-1
710,527,1624950090044,-1,-1,-1
711,463,1624950090044,-1,-1,-1
712,535,1624950091058,-1,-1,-1
713,543,1624950096045,-1,-1,-1
714,383,1624950098070,-1,-1,-1
715,615,1624950108044,-1,-1,-1
716,607,1624950108044,-1,-1,-1
717,431,1624950109058,-1,-1,-1
718,639,1624950109058,-1,-1,-1
719,511,1624950111044,-1,-1,-1
720,567,1624950111044,-1,-1,-1
721,455,1624950112058,-1,-1,-1
722,575,1624950112058,-1,-1,-1
723,431,1624950113069,-1,-1,-1
724,519,1624950113069,-1,-1,-1
725,495,1624950114044,-1,-1,-1
726,575,1624950114044,-1,-1,-1
727,455,1624950115057,-1,-1,-1
728,559,1624950116069,-1,-1,-1
729,479,1624950118058,-1,-1,-1
730,583,1624950119069,-1,-1,-1
731,471,1624950119069,-1,-1,-1
732,567,1624950120045,-1,-1,-1
733,463,1624950120045,-1,-1,-1
734,471,1624950121057,-1,-1,-1
735,471,1624950121057,-1,-1,-1
736,575,1624950122069,-1,-1,-1
737,463,1624950122069,-1,-1,-1
738,567,1624950123045,-1,-1,-1
739,431,1624950124058,-1,-1,-1
740,567,1624950125069,-1,-1,-1
741,519,1624950125069,-1,-1,-1
742,543,1624950126120,-1,-1,-1
743,431,1624950126120,-1,-1,-1
744,559,1624950127058,-1,-1,-1
745,495,1624950127058,-1,-1,-1
746,543,1624950128069,-1,-1,-1
747,559,1624950129045,-1,-1,-1
748,511,1624950130056,-1,-1,-1
749,423,1624950131070,-1,-1,-1
750,455,1624950132045,-1,-1,-1
751,495,1624950132045,-1,-1,-1
752,559,1624950133057,-1,-1,-1
753,511,1624950133057,-1,-1,-1
754,767,1624950134069,-1,-1,-1
755,551,1624950135044,-1,-1,-1
756,615,1624950138045,-1,-1,-1
757,527,1624950140069,-1,-1,-1
758,535,1624950140069,-1,-1,-1
759,479,1624950143069,-1,-1,-1
760,519,1624950144045,-1,-1,-1
761,535,1624950145057,-1,-1,-1
762,559,1624950145057,-1,-1,-1
763,503,1624950149071,-1,-1,-1
764,567,1624950149071,-1,-1,-1
765,479,1624950150082,-1,-1,-1
766,575,1624950150082,-1,-1,-1
767,543,1624950153045,-1,-1,-1
768,479,1624950154056,-1,-1,-1
769,479,1624950154056,-1,-1,-1
770,647,1624950158070,-1,-1,-1
771,511,1624950162045,-1,-1,-1
772,615,1624950170070,-1,-1,-1
773,367,1624950170070,-1,-1,-1
774,671,1624950171045,-1,-1,-1
775,351,1624950171045,-1,-1,-1
776,719,1624950173070,-1,-1,-1
777,647,1624950173071,-1,-1,-1
778,719,1624950174044,-1,-1,-1
779,351,1624950174044,-1,-1,-1
780,711,1624950175056,-1,-1,-1
781,703,1624950176071,-1,-1,-1
782,671,1624950176071,-1,-1,-1
783,703,1624950177045,-1,-1,-1
784,407,1624950179070,-1,-1,-1
785,711,1624950179070,-1,-1,-1
786,663,1624950180044,-1,-1,-1
787,407,1624950180044,-1,-1,-1
788,663,1624950183083,-1,-1,-1
789,655,1624950184058,-1,-1,-1
790,431,1624950184058,-1,-1,-1
791,583,1624950185073,-1,-1,-1
792,447,1624950185073,-1,-1,-1
793,567,1624950186045,-1,-1,-1
794,439,1624950186045,-1,-1,-1
795,607,1624950187057,-1,-1,-1
796,423,1624950187057,-1,-1,-1
797,375,1624950188032,-1,-1,-1
798,623,1624950188032,-1,-1,-1
799,623,1624950189043,-1,-1,-1
800,383,1624950189043,-1,-1,-1
801,367,1624950190056,-1,-1,-1
802,663,1624950190056,-1,-1,-1
803,359,1624950191033,-1,-1,-1
804,591,1624950191033,-1,-1,-1
805,583,1624950193057,-1,-1,-1
806,639,1624950200071,-1,-1,-1
807,383,1624950201044,-1,-1,-1
808,631,1624950204045,-1,-1,-1
809,575,1624950211058,-1,-1,-1
810,3519,1624950215033,-1,-1,-1
811,503,1624950215033,-1,-1,-1
812,343,1624950219046,-1,-1,-1
813,527,1624950221033,-1,-1,-1
814,463,1624950222046,-1,-1,-1
815,607,1624950223058,-1,-1,-1
816,455,1624950224033,-1,-1,-1
817,319,1624950225044,-1,-1,-1
818,431,1624950225044,-1,-1,-1
819,439,1624950226058,-1,-1,-1
820,527,1624950227033,-1,-1,-1
821,599,1624950227033,-1,-1,-1
822,447,1624950229058,-1,-1,-1
823,303,1624950229058,-1,-1,-1
824,535,1624950229058,-1,-1,-1
825,495,1624950231047,-1,-1,-1
826,575,1624950232057,-1,-1,-1
827,479,1624950232057,-1,-1,-1
828,551,1624950233069,-1,-1,-1
829,495,1624950234045,-1,-1,-1
830,311,1624950239034,-1,-1,-1
831,335,1624950240045,-1,-1,-1
832,399,1624950242033,-1,-1,-1
833,439,1624950243047,-1,-1,-1
834,479,1624950243047,-1,-1,-1
835,6599,1624950253058,-1,-1,-1
836,559,1624950253058,-1,-1,-1
837,11143,1624950265058,-1,-1,-1
838,567,1624950265058,-1,-1,-1
839,5527,1624950271057,-1,-1,-1
840,335,1624950271057,-1,-1,-1
841,551,1624950272031,-1,-1,-1
842,2391,1624950275033,-1,-1,-1
843,535,1624950275033,-1,-1,-1
844,559,1624950276043,-1,-1,-1
845,431,1624950276043,-1,-1,-1
846,3343,1624950280055,-1,-1,-1
847,287,1624950280055,-1,-1,-1
848,295,1624950280055,-1,-1,-1
849,543,1624950281031,-1,-1,-1
850,447,1624950281031,-1,-1,-1
