,RR,Timestamp,SensorContact,errorEstimate,blockerBit
0,736,1623073041904,-1,-1,-1
1,729,1623073041905,-1,-1,-1
2,711,1623073041905,-1,-1,-1
3,709,1623073041905,-1,-1,-1
4,720,1623073042849,-1,-1,-1
5,710,1623073042849,-1,-1,-1
6,1359,1623073044797,-1,-1,-1
7,774,1623073045798,-1,-1,-1
8,744,1623073045799,-1,-1,-1
9,691,1623073046797,-1,-1,-1
10,717,1623073047748,-1,-1,-1
11,680,1623073047748,-1,-1,-1
12,720,1623073048750,-1,-1,-1
13,1487,1623073050705,-1,-1,-1
14,1299,1623073051654,-1,-1,-1
15,645,1623073052654,-1,-1,-1
16,754,1623073052654,-1,-1,-1
17,706,1623073053653,-1,-1,-1
18,735,1623073054604,-1,-1,-1
19,713,1623073055603,-1,-1,-1
20,706,1623073055603,-1,-1,-1
21,700,1623073056553,-1,-1,-1
22,686,1623073057580,-1,-1,-1
23,686,1623073057580,-1,-1,-1
24,691,1623073058502,-1,-1,-1
25,681,1623073059498,-1,-1,-1
26,487,1623073059498,-1,-1,-1
27,559,1623073060504,-1,-1,-1
28,501,1623073060504,-1,-1,-1
29,608,1623073061447,-1,-1,-1
30,657,1623073062453,-1,-1,-1
31,652,1623073062453,-1,-1,-1
32,619,1623073063402,-1,-1,-1
33,1040,1623073064400,-1,-1,-1
34,1989,1623073066403,-1,-1,-1
35,918,1623073067352,-1,-1,-1
36,452,1623073067352,-1,-1,-1
37,379,1623073068298,-1,-1,-1
38,439,1623073068298,-1,-1,-1
39,752,1623073069298,-1,-1,-1
40,418,1623073069298,-1,-1,-1
41,928,1623073071258,-1,-1,-1
42,651,1623073071259,-1,-1,-1
43,647,1623073072202,-1,-1,-1
44,754,1623073073199,-1,-1,-1
45,743,1623073073199,-1,-1,-1
46,817,1623073074247,-1,-1,-1
47,924,1623073075152,-1,-1,-1
48,575,1623073076152,-1,-1,-1
49,562,1623073076152,-1,-1,-1
50,277,1623073077101,-1,-1,-1
51,559,1623073077101,-1,-1,-1
52,277,1623073077101,-1,-1,-1
53,557,1623073078102,-1,-1,-1
54,279,1623073078102,-1,-1,-1
55,278,1623073079053,-1,-1,-1
56,279,1623073079053,-1,-1,-1
57,941,1623073081052,-1,-1,-1
58,1476,1623073081052,-1,-1,-1
59,830,1623073082002,-1,-1,-1
60,820,1623073083052,-1,-1,-1
61,613,1623073083949,-1,-1,-1
62,810,1623073083949,-1,-1,-1
63,314,1623073084949,-1,-1,-1
64,848,1623073085903,-1,-1,-1
65,834,1623073086902,-1,-1,-1
66,924,1623073086902,-1,-1,-1
67,813,1623073087902,-1,-1,-1
68,841,1623073088853,-1,-1,-1
69,761,1623073089851,-1,-1,-1
70,768,1623073090802,-1,-1,-1
71,686,1623073090802,-1,-1,-1
72,773,1623073091803,-1,-1,-1
73,758,1623073092753,-1,-1,-1
74,823,1623073093753,-1,-1,-1
75,796,1623073094753,-1,-1,-1
76,813,1623073095704,-1,-1,-1
77,796,1623073095704,-1,-1,-1
78,812,1623073096703,-1,-1,-1
79,771,1623073097654,-1,-1,-1
80,782,1623073098654,-1,-1,-1
81,772,1623073098654,-1,-1,-1
82,745,1623073099653,-1,-1,-1
83,821,1623073100601,-1,-1,-1
84,877,1623073101604,-1,-1,-1
85,897,1623073102553,-1,-1,-1
86,864,1623073103558,-1,-1,-1
87,898,1623073104604,-1,-1,-1
88,917,1623073105503,-1,-1,-1
89,936,1623073106504,-1,-1,-1
90,879,1623073107452,-1,-1,-1
91,839,1623073107452,-1,-1,-1
92,810,1623073108454,-1,-1,-1
93,805,1623073109400,-1,-1,-1
94,777,1623073110403,-1,-1,-1
95,758,1623073111355,-1,-1,-1
96,491,1623073111355,-1,-1,-1
97,501,1623073112355,-1,-1,-1
98,649,1623073112355,-1,-1,-1
99,601,1623073113405,-1,-1,-1
100,1157,1623073114301,-1,-1,-1
101,502,1623073115303,-1,-1,-1
102,847,1623073115303,-1,-1,-1
103,819,1623073116253,-1,-1,-1
104,972,1623073117254,-1,-1,-1
105,661,1623073118201,-1,-1,-1
106,761,1623073119200,-1,-1,-1
107,707,1623073119200,-1,-1,-1
108,698,1623073120201,-1,-1,-1
109,673,1623073121153,-1,-1,-1
110,666,1623073122153,-1,-1,-1
111,680,1623073122153,-1,-1,-1
112,727,1623073123102,-1,-1,-1
113,787,1623073124099,-1,-1,-1
114,862,1623073125103,-1,-1,-1
115,821,1623073126052,-1,-1,-1
116,908,1623073126052,-1,-1,-1
117,858,1623073127054,-1,-1,-1
118,864,1623073128003,-1,-1,-1
119,790,1623073128998,-1,-1,-1
120,834,1623073129952,-1,-1,-1
121,776,1623073130952,-1,-1,-1
122,738,1623073131920,-1,-1,-1
123,503,1623073131920,-1,-1,-1
124,987,1623073132952,-1,-1,-1
125,762,1623073133925,-1,-1,-1
126,719,1623073133925,-1,-1,-1
127,827,1623073134854,-1,-1,-1
128,775,1623073135854,-1,-1,-1
129,801,1623073136804,-1,-1,-1
130,786,1623073137903,-1,-1,-1
131,769,1623073137903,-1,-1,-1
132,810,1623073138754,-1,-1,-1
133,1101,1623073139753,-1,-1,-1
134,696,1623073140755,-1,-1,-1
135,540,1623073141703,-1,-1,-1
136,753,1623073142703,-1,-1,-1
137,760,1623073142703,-1,-1,-1
138,781,1623073143653,-1,-1,-1
139,792,1623073144699,-1,-1,-1
140,758,1623073145598,-1,-1,-1
141,781,1623073146603,-1,-1,-1
142,797,1623073146603,-1,-1,-1
143,785,1623073147551,-1,-1,-1
144,751,1623073148552,-1,-1,-1
145,755,1623073149553,-1,-1,-1
146,782,1623073149553,-1,-1,-1
147,773,1623073150504,-1,-1,-1
148,661,1623073151500,-1,-1,-1
149,969,1623073152454,-1,-1,-1
150,641,1623073152454,-1,-1,-1
151,748,1623073153454,-1,-1,-1
152,734,1623073154454,-1,-1,-1
153,1427,1623073156403,-1,-1,-1
154,988,1623073157352,-1,-1,-1
155,696,1623073157352,-1,-1,-1
156,657,1623073158354,-1,-1,-1
157,742,1623073159304,-1,-1,-1
158,779,1623073160303,-1,-1,-1
159,731,1623073160303,-1,-1,-1
160,718,1623073161253,-1,-1,-1
161,708,1623073162254,-1,-1,-1
162,714,1623073162254,-1,-1,-1
163,725,1623073163204,-1,-1,-1
164,772,1623073164201,-1,-1,-1
165,836,1623073165223,-1,-1,-1
166,785,1623073166152,-1,-1,-1
167,804,1623073166152,-1,-1,-1
168,771,1623073167150,-1,-1,-1
169,702,1623073168097,-1,-1,-1
170,790,1623073169102,-1,-1,-1
171,1262,1623073170055,-1,-1,-1
172,644,1623073171053,-1,-1,-1
173,704,1623073171053,-1,-1,-1
174,642,1623073172149,-1,-1,-1
175,1322,1623073173001,-1,-1,-1
176,780,1623073173998,-1,-1,-1
177,826,1623073174947,-1,-1,-1
178,1014,1623073175948,-1,-1,-1
179,951,1623073176898,-1,-1,-1
180,982,1623073177897,-1,-1,-1
181,972,1623073178902,-1,-1,-1
182,911,1623073179855,-1,-1,-1
183,900,1623073180854,-1,-1,-1
184,870,1623073181803,-1,-1,-1
185,774,1623073182797,-1,-1,-1
186,864,1623073183801,-1,-1,-1
187,1532,1623073184753,-1,-1,-1
188,793,1623073185749,-1,-1,-1
189,742,1623073186704,-1,-1,-1
190,758,1623073186704,-1,-1,-1
191,789,1623073187699,-1,-1,-1
192,820,1623073188652,-1,-1,-1
193,787,1623073189653,-1,-1,-1
194,806,1623073190654,-1,-1,-1
195,731,1623073190654,-1,-1,-1
196,748,1623073191604,-1,-1,-1
197,725,1623073192604,-1,-1,-1
198,730,1623073193555,-1,-1,-1
199,702,1623073193555,-1,-1,-1
200,700,1623073194553,-1,-1,-1
201,727,1623073195503,-1,-1,-1
202,702,1623073196504,-1,-1,-1
203,741,1623073196504,-1,-1,-1
204,720,1623073197504,-1,-1,-1
205,741,1623073198451,-1,-1,-1
206,725,1623073199453,-1,-1,-1
207,704,1623073199453,-1,-1,-1
208,732,1623073200447,-1,-1,-1
209,807,1623073201404,-1,-1,-1
210,956,1623073202354,-1,-1,-1
211,920,1623073203354,-1,-1,-1
212,893,1623073204354,-1,-1,-1
213,851,1623073205298,-1,-1,-1
214,738,1623073206298,-1,-1,-1
215,897,1623073206299,-1,-1,-1
216,816,1623073207298,-1,-1,-1
217,763,1623073208248,-1,-1,-1
218,789,1623073209198,-1,-1,-1
219,444,1623073209198,-1,-1,-1
220,373,1623073209198,-1,-1,-1
221,687,1623073210202,-1,-1,-1
222,775,1623073211198,-1,-1,-1
223,782,1623073212149,-1,-1,-1
224,776,1623073213155,-1,-1,-1
225,680,1623073213155,-1,-1,-1
226,783,1623073214098,-1,-1,-1
227,780,1623073215103,-1,-1,-1
228,699,1623073216202,-1,-1,-1
229,777,1623073216202,-1,-1,-1
230,394,1623073217052,-1,-1,-1
231,1129,1623073218052,-1,-1,-1
232,758,1623073219001,-1,-1,-1
233,766,1623073219001,-1,-1,-1
234,676,1623073220006,-1,-1,-1
235,1358,1623073220999,-1,-1,-1
236,1356,1623073222954,-1,-1,-1
237,1358,1623073223904,-1,-1,-1
238,1438,1623073225851,-1,-1,-1
239,943,1623073226853,-1,-1,-1
240,489,1623073226854,-1,-1,-1
241,528,1623073227796,-1,-1,-1
242,550,1623073227797,-1,-1,-1
243,652,1623073228802,-1,-1,-1
244,622,1623073229798,-1,-1,-1
245,572,1623073229798,-1,-1,-1
246,630,1623073230758,-1,-1,-1
247,745,1623073231748,-1,-1,-1
248,1135,1623073232705,-1,-1,-1
249,1524,1623073234649,-1,-1,-1
250,1567,1623073235647,-1,-1,-1
251,462,1623073235647,-1,-1,-1
252,683,1623073236654,-1,-1,-1
253,758,1623073237604,-1,-1,-1
254,983,1623073238604,-1,-1,-1
255,963,1623073239553,-1,-1,-1
256,991,1623073240554,-1,-1,-1
257,935,1623073241553,-1,-1,-1
258,878,1623073242502,-1,-1,-1
259,845,1623073243505,-1,-1,-1
260,815,1623073243505,-1,-1,-1
261,813,1623073244454,-1,-1,-1
262,820,1623073245503,-1,-1,-1
263,785,1623073246400,-1,-1,-1
264,784,1623073247400,-1,-1,-1
265,796,1623073248453,-1,-1,-1
266,817,1623073248453,-1,-1,-1
267,818,1623073249350,-1,-1,-1
268,791,1623073250451,-1,-1,-1
269,774,1623073251302,-1,-1,-1
270,768,1623073252351,-1,-1,-1
271,777,1623073252351,-1,-1,-1
272,769,1623073253305,-1,-1,-1
273,885,1623073254253,-1,-1,-1
274,866,1623073255302,-1,-1,-1
275,814,1623073256201,-1,-1,-1
276,856,1623073257199,-1,-1,-1
277,790,1623073257199,-1,-1,-1
278,787,1623073258147,-1,-1,-1
279,737,1623073259151,-1,-1,-1
280,687,1623073260099,-1,-1,-1
281,708,1623073261102,-1,-1,-1
282,670,1623073261102,-1,-1,-1
283,690,1623073262105,-1,-1,-1
284,653,1623073263098,-1,-1,-1
285,650,1623073263098,-1,-1,-1
286,663,1623073264047,-1,-1,-1
287,673,1623073265000,-1,-1,-1
288,822,1623073265000,-1,-1,-1
289,873,1623073266003,-1,-1,-1
290,1092,1623073266998,-1,-1,-1
291,1008,1623073267948,-1,-1,-1
292,968,1623073268951,-1,-1,-1
293,951,1623073269905,-1,-1,-1
294,904,1623073270905,-1,-1,-1
295,875,1623073271852,-1,-1,-1
296,846,1623073272852,-1,-1,-1
297,827,1623073273853,-1,-1,-1
298,803,1623073274799,-1,-1,-1
299,795,1623073275804,-1,-1,-1
300,795,1623073275804,-1,-1,-1
301,792,1623073276752,-1,-1,-1
302,777,1623073277754,-1,-1,-1
303,767,1623073278754,-1,-1,-1
304,775,1623073279754,-1,-1,-1
305,760,1623073279754,-1,-1,-1
306,769,1623073280704,-1,-1,-1
307,781,1623073281653,-1,-1,-1
308,769,1623073282654,-1,-1,-1
309,763,1623073283603,-1,-1,-1
310,727,1623073283604,-1,-1,-1
311,725,1623073284604,-1,-1,-1
312,731,1623073285555,-1,-1,-1
313,741,1623073285555,-1,-1,-1
314,759,1623073286555,-1,-1,-1
315,773,1623073287554,-1,-1,-1
316,768,1623073288503,-1,-1,-1
317,752,1623073289499,-1,-1,-1
318,730,1623073289499,-1,-1,-1
319,700,1623073290448,-1,-1,-1
320,686,1623073291453,-1,-1,-1
321,658,1623073291453,-1,-1,-1
322,652,1623073292502,-1,-1,-1
323,640,1623073293403,-1,-1,-1
324,642,1623073293403,-1,-1,-1
325,681,1623073294398,-1,-1,-1
326,853,1623073295350,-1,-1,-1
327,988,1623073296354,-1,-1,-1
328,957,1623073297297,-1,-1,-1
329,969,1623073298301,-1,-1,-1
330,992,1623073299252,-1,-1,-1
331,934,1623073300254,-1,-1,-1
332,897,1623073301248,-1,-1,-1
333,884,1623073302204,-1,-1,-1
334,839,1623073303209,-1,-1,-1
335,822,1623073303209,-1,-1,-1
336,790,1623073304154,-1,-1,-1
337,795,1623073305151,-1,-1,-1
338,1164,1623073307100,-1,-1,-1
339,1188,1623073308104,-1,-1,-1
340,666,1623073308104,-1,-1,-1
341,804,1623073309154,-1,-1,-1
342,767,1623073310053,-1,-1,-1
343,751,1623073311052,-1,-1,-1
344,716,1623073311052,-1,-1,-1
345,383,1623073311997,-1,-1,-1
346,548,1623073311997,-1,-1,-1
347,952,1623073313949,-1,-1,-1
348,1528,1623073314903,-1,-1,-1
349,799,1623073315903,-1,-1,-1
350,783,1623073315903,-1,-1,-1
351,748,1623073316899,-1,-1,-1
352,739,1623073317854,-1,-1,-1
353,681,1623073318847,-1,-1,-1
354,678,1623073318847,-1,-1,-1
355,654,1623073319803,-1,-1,-1
356,671,1623073320803,-1,-1,-1
357,627,1623073320803,-1,-1,-1
358,631,1623073321803,-1,-1,-1
359,626,1623073321803,-1,-1,-1
360,875,1623073323754,-1,-1,-1
361,664,1623073323754,-1,-1,-1
362,1129,1623073324703,-1,-1,-1
363,918,1623073325704,-1,-1,-1
364,1284,1623073326653,-1,-1,-1
365,637,1623073327652,-1,-1,-1
366,756,1623073328649,-1,-1,-1
367,802,1623073329599,-1,-1,-1
368,512,1623073329599,-1,-1,-1
369,309,1623073330603,-1,-1,-1
370,718,1623073330603,-1,-1,-1
371,853,1623073331553,-1,-1,-1
372,677,1623073332553,-1,-1,-1
373,777,1623073333553,-1,-1,-1
374,662,1623073333553,-1,-1,-1
375,751,1623073334504,-1,-1,-1
376,607,1623073335504,-1,-1,-1
377,673,1623073335504,-1,-1,-1
378,579,1623073336461,-1,-1,-1
379,599,1623073337454,-1,-1,-1
380,648,1623073337454,-1,-1,-1
381,615,1623073338402,-1,-1,-1
382,628,1623073339403,-1,-1,-1
383,663,1623073339403,-1,-1,-1
384,609,1623073340405,-1,-1,-1
385,604,1623073340405,-1,-1,-1
386,582,1623073341353,-1,-1,-1
387,612,1623073342352,-1,-1,-1
388,558,1623073342352,-1,-1,-1
389,586,1623073343303,-1,-1,-1
390,1256,1623073344299,-1,-1,-1
391,438,1623073345251,-1,-1,-1
392,635,1623073345251,-1,-1,-1
393,728,1623073346248,-1,-1,-1
394,659,1623073347254,-1,-1,-1
395,678,1623073347254,-1,-1,-1
396,607,1623073348248,-1,-1,-1
397,643,1623073349201,-1,-1,-1
398,700,1623073349201,-1,-1,-1
399,664,1623073350148,-1,-1,-1
400,662,1623073351152,-1,-1,-1
401,707,1623073352101,-1,-1,-1
402,685,1623073352101,-1,-1,-1
403,711,1623073353097,-1,-1,-1
404,696,1623073354097,-1,-1,-1
405,691,1623073354097,-1,-1,-1
406,731,1623073355047,-1,-1,-1
407,761,1623073356048,-1,-1,-1
408,641,1623073356048,-1,-1,-1
409,709,1623073357003,-1,-1,-1
410,678,1623073358051,-1,-1,-1
411,675,1623073358948,-1,-1,-1
412,648,1623073358948,-1,-1,-1
413,1599,1623073360947,-1,-1,-1
414,1760,1623073362903,-1,-1,-1
415,649,1623073364098,-1,-1,-1
416,682,1623073364098,-1,-1,-1
417,710,1623073364849,-1,-1,-1
418,1443,1623073365907,-1,-1,-1
419,682,1623073367600,-1,-1,-1
420,704,1623073367802,-1,-1,-1
421,656,1623073367802,-1,-1,-1
422,594,1623073368754,-1,-1,-1
423,670,1623073369754,-1,-1,-1
424,820,1623073370705,-1,-1,-1
425,657,1623073370705,-1,-1,-1
426,791,1623073371754,-1,-1,-1
427,1001,1623073372652,-1,-1,-1
428,674,1623073373654,-1,-1,-1
429,646,1623073373654,-1,-1,-1
430,638,1623073374653,-1,-1,-1
431,650,1623073375703,-1,-1,-1
432,807,1623073376603,-1,-1,-1
433,1346,1623073379647,-1,-1,-1
434,628,1623073380798,-1,-1,-1
435,1020,1623073430421,-1,-1,-1
436,540,1623073430422,-1,-1,-1
437,743,1623073431418,-1,-1,-1
438,743,1623073432371,-1,-1,-1
439,806,1623073432371,-1,-1,-1
440,612,1623073433421,-1,-1,-1
441,813,1623073435719,-1,-1,-1
442,559,1623073435719,-1,-1,-1
443,571,1623073435765,-1,-1,-1
444,652,1623073436323,-1,-1,-1
445,712,1623073436323,-1,-1,-1
446,918,1623073439265,-1,-1,-1
447,1089,1623073439310,-1,-1,-1
448,689,1623073439310,-1,-1,-1
449,724,1623073440522,-1,-1,-1
450,563,1623073441320,-1,-1,-1
451,1109,1623073442220,-1,-1,-1
452,1667,1623073444116,-1,-1,-1
453,812,1623073444116,-1,-1,-1
454,1037,1623073445120,-1,-1,-1
455,586,1623073446065,-1,-1,-1
456,660,1623073447070,-1,-1,-1
457,582,1623073447070,-1,-1,-1
458,722,1623073448069,-1,-1,-1
459,644,1623073449015,-1,-1,-1
460,632,1623073449015,-1,-1,-1
461,656,1623073450017,-1,-1,-1
462,682,1623073450970,-1,-1,-1
463,678,1623073450970,-1,-1,-1
464,695,1623073451965,-1,-1,-1
465,619,1623073452925,-1,-1,-1
466,1174,1623073453922,-1,-1,-1
467,408,1623073453922,-1,-1,-1
468,1454,1623073455872,-1,-1,-1
469,1992,1623073457820,-1,-1,-1
470,691,1623073458968,-1,-1,-1
471,684,1623073458968,-1,-1,-1
472,668,1623073459821,-1,-1,-1
473,717,1623073460770,-1,-1,-1
474,687,1623073460770,-1,-1,-1
475,894,1623073462967,-1,-1,-1
476,567,1623073463039,-1,-1,-1
477,664,1623073463820,-1,-1,-1
478,923,1623073464664,-1,-1,-1
479,919,1623073464664,-1,-1,-1
480,765,1623073465720,-1,-1,-1
481,580,1623073467065,-1,-1,-1
482,610,1623073467065,-1,-1,-1
483,714,1623073467621,-1,-1,-1
484,670,1623073468619,-1,-1,-1
485,771,1623073469622,-1,-1,-1
486,684,1623073469622,-1,-1,-1
487,702,1623073470620,-1,-1,-1
488,703,1623073471618,-1,-1,-1
489,700,1623073471618,-1,-1,-1
490,697,1623073472519,-1,-1,-1
491,729,1623073473521,-1,-1,-1
492,727,1623073474520,-1,-1,-1
493,706,1623073474520,-1,-1,-1
494,769,1623073475471,-1,-1,-1
495,762,1623073476471,-1,-1,-1
496,774,1623073477420,-1,-1,-1
497,807,1623073478417,-1,-1,-1
498,398,1623073478417,-1,-1,-1
499,1093,1623073479366,-1,-1,-1
500,661,1623073480371,-1,-1,-1
501,623,1623073480371,-1,-1,-1
502,719,1623073481321,-1,-1,-1
503,420,1623073482422,-1,-1,-1
504,1026,1623073483417,-1,-1,-1
505,668,1623073483417,-1,-1,-1
506,647,1623073484269,-1,-1,-1
507,544,1623073484269,-1,-1,-1
508,829,1623073485269,-1,-1,-1
509,609,1623073486214,-1,-1,-1
510,612,1623073487216,-1,-1,-1
511,1528,1623073489168,-1,-1,-1
512,841,1623073489168,-1,-1,-1
513,733,1623073490172,-1,-1,-1
514,793,1623073491119,-1,-1,-1
515,1002,1623073492168,-1,-1,-1
516,943,1623073493064,-1,-1,-1
517,921,1623073494064,-1,-1,-1
518,910,1623073494064,-1,-1,-1
519,841,1623073495069,-1,-1,-1
520,826,1623073496015,-1,-1,-1
521,796,1623073497015,-1,-1,-1
522,777,1623073497963,-1,-1,-1
523,774,1623073498964,-1,-1,-1
524,790,1623073498964,-1,-1,-1
525,790,1623073499965,-1,-1,-1
526,813,1623073500921,-1,-1,-1
527,800,1623073501919,-1,-1,-1
528,781,1623073502866,-1,-1,-1
529,779,1623073502866,-1,-1,-1
530,760,1623073503967,-1,-1,-1
531,750,1623073504868,-1,-1,-1
532,769,1623073505823,-1,-1,-1
533,779,1623073505823,-1,-1,-1
534,778,1623073506771,-1,-1,-1
535,806,1623073507770,-1,-1,-1
536,795,1623073508769,-1,-1,-1
537,799,1623073509774,-1,-1,-1
538,813,1623073510720,-1,-1,-1
539,810,1623073510720,-1,-1,-1
540,801,1623073511720,-1,-1,-1
541,804,1623073512669,-1,-1,-1
542,784,1623073513619,-1,-1,-1
543,792,1623073514670,-1,-1,-1
544,788,1623073514670,-1,-1,-1
545,783,1623073515619,-1,-1,-1
546,819,1623073516570,-1,-1,-1
547,793,1623073517570,-1,-1,-1
548,783,1623073518522,-1,-1,-1
549,816,1623073519515,-1,-1,-1
550,817,1623073519515,-1,-1,-1
551,798,1623073520523,-1,-1,-1
552,797,1623073521468,-1,-1,-1
553,773,1623073522618,-1,-1,-1
554,748,1623073523425,-1,-1,-1
555,759,1623073523425,-1,-1,-1
556,765,1623073524419,-1,-1,-1
557,788,1623073525370,-1,-1,-1
558,818,1623073526371,-1,-1,-1
559,812,1623073527321,-1,-1,-1
560,825,1623073527322,-1,-1,-1
561,829,1623073528319,-1,-1,-1
562,806,1623073529321,-1,-1,-1
563,822,1623073530321,-1,-1,-1
564,830,1623073531321,-1,-1,-1
565,820,1623073532221,-1,-1,-1
566,831,1623073533222,-1,-1,-1
567,840,1623073533222,-1,-1,-1
568,821,1623073534164,-1,-1,-1
569,844,1623073535166,-1,-1,-1
570,849,1623073536168,-1,-1,-1
571,818,1623073537222,-1,-1,-1
572,834,1623073538119,-1,-1,-1
573,849,1623073539065,-1,-1,-1
574,815,1623073539065,-1,-1,-1
575,840,1623073540069,-1,-1,-1
576,839,1623073541169,-1,-1,-1
577,809,1623073542017,-1,-1,-1
578,826,1623073543018,-1,-1,-1
579,812,1623073543967,-1,-1,-1
580,803,1623073543967,-1,-1,-1
581,814,1623073544966,-1,-1,-1
582,794,1623073546169,-1,-1,-1
583,764,1623073546924,-1,-1,-1
584,741,1623073547870,-1,-1,-1
585,755,1623073547870,-1,-1,-1
586,768,1623073548864,-1,-1,-1
587,768,1623073549872,-1,-1,-1
588,796,1623073550820,-1,-1,-1
589,827,1623073551869,-1,-1,-1
590,833,1623073551870,-1,-1,-1
591,862,1623073552771,-1,-1,-1
592,872,1623073553866,-1,-1,-1
593,859,1623073554721,-1,-1,-1
594,861,1623073555715,-1,-1,-1
595,862,1623073556670,-1,-1,-1
596,825,1623073557716,-1,-1,-1
597,830,1623073558672,-1,-1,-1
598,838,1623073558672,-1,-1,-1
599,812,1623073559622,-1,-1,-1
600,812,1623073560622,-1,-1,-1
601,792,1623073561571,-1,-1,-1
602,811,1623073562572,-1,-1,-1
603,799,1623073562572,-1,-1,-1
604,790,1623073563570,-1,-1,-1
605,796,1623073564514,-1,-1,-1
606,818,1623073565601,-1,-1,-1
607,816,1623073566471,-1,-1,-1
608,825,1623073567471,-1,-1,-1
609,823,1623073567471,-1,-1,-1
610,806,1623073568419,-1,-1,-1
611,792,1623073569421,-1,-1,-1
612,773,1623073570420,-1,-1,-1
613,782,1623073571371,-1,-1,-1
614,787,1623073571371,-1,-1,-1
615,792,1623073572473,-1,-1,-1
616,814,1623073573320,-1,-1,-1
617,804,1623073574316,-1,-1,-1
618,792,1623073575320,-1,-1,-1
619,815,1623073576317,-1,-1,-1
620,830,1623073576317,-1,-1,-1
621,825,1623073577264,-1,-1,-1
622,830,1623073578270,-1,-1,-1
623,822,1623073579220,-1,-1,-1
624,798,1623073580170,-1,-1,-1
625,796,1623073581169,-1,-1,-1
626,789,1623073581169,-1,-1,-1
627,763,1623073582119,-1,-1,-1
628,793,1623073583121,-1,-1,-1
629,780,1623073584114,-1,-1,-1
630,767,1623073585069,-1,-1,-1
631,746,1623073585069,-1,-1,-1
632,740,1623073586072,-1,-1,-1
633,725,1623073587016,-1,-1,-1
634,704,1623073588015,-1,-1,-1
635,733,1623073588015,-1,-1,-1
636,708,1623073588968,-1,-1,-1
637,744,1623073589968,-1,-1,-1
638,622,1623073589968,-1,-1,-1
639,800,1623073590965,-1,-1,-1
640,828,1623073592923,-1,-1,-1
641,1449,1623073593869,-1,-1,-1
642,773,1623073594872,-1,-1,-1
643,688,1623073594872,-1,-1,-1
644,636,1623073595824,-1,-1,-1
645,769,1623073596822,-1,-1,-1
646,814,1623073596822,-1,-1,-1
647,853,1623073597822,-1,-1,-1
648,848,1623073598770,-1,-1,-1
649,800,1623073599774,-1,-1,-1
650,765,1623073600724,-1,-1,-1
651,761,1623073600724,-1,-1,-1
652,746,1623073601722,-1,-1,-1
653,747,1623073602669,-1,-1,-1
654,758,1623073603769,-1,-1,-1
655,743,1623073604620,-1,-1,-1
656,721,1623073604620,-1,-1,-1
657,704,1623073605620,-1,-1,-1
658,703,1623073606619,-1,-1,-1
659,703,1623073606619,-1,-1,-1
660,715,1623073607619,-1,-1,-1
661,741,1623073608570,-1,-1,-1
662,755,1623073609571,-1,-1,-1
663,750,1623073609571,-1,-1,-1
664,747,1623073610522,-1,-1,-1
665,740,1623073611570,-1,-1,-1
666,728,1623073612465,-1,-1,-1
667,722,1623073612465,-1,-1,-1
668,714,1623073613471,-1,-1,-1
669,711,1623073614421,-1,-1,-1
670,705,1623073615421,-1,-1,-1
671,720,1623073615421,-1,-1,-1
672,728,1623073616423,-1,-1,-1
673,784,1623073617370,-1,-1,-1
674,766,1623073618371,-1,-1,-1
675,782,1623073618371,-1,-1,-1
676,771,1623073619315,-1,-1,-1
677,788,1623073620314,-1,-1,-1
678,767,1623073621263,-1,-1,-1
679,756,1623073622314,-1,-1,-1
680,750,1623073622314,-1,-1,-1
681,740,1623073623270,-1,-1,-1
682,732,1623073624266,-1,-1,-1
683,720,1623073625220,-1,-1,-1
684,717,1623073625220,-1,-1,-1
685,719,1623073626169,-1,-1,-1
686,729,1623073627169,-1,-1,-1
687,743,1623073628170,-1,-1,-1
688,734,1623073628170,-1,-1,-1
689,744,1623073629122,-1,-1,-1
690,761,1623073630117,-1,-1,-1
691,820,1623073631066,-1,-1,-1
692,813,1623073632064,-1,-1,-1
693,789,1623073632064,-1,-1,-1
694,778,1623073633014,-1,-1,-1
695,784,1623073634014,-1,-1,-1
696,771,1623073635014,-1,-1,-1
697,764,1623073635965,-1,-1,-1
698,765,1623073635965,-1,-1,-1
699,798,1623073636968,-1,-1,-1
700,775,1623073637922,-1,-1,-1
701,784,1623073638922,-1,-1,-1
702,791,1623073639918,-1,-1,-1
703,767,1623073639918,-1,-1,-1
704,767,1623073640965,-1,-1,-1
705,776,1623073641870,-1,-1,-1
706,757,1623073642821,-1,-1,-1
707,762,1623073642821,-1,-1,-1
708,748,1623073643821,-1,-1,-1
709,723,1623073644770,-1,-1,-1
710,713,1623073645771,-1,-1,-1
711,705,1623073645771,-1,-1,-1
712,723,1623073646870,-1,-1,-1
713,775,1623073647718,-1,-1,-1
714,819,1623073648771,-1,-1,-1
715,843,1623073649671,-1,-1,-1
716,832,1623073649671,-1,-1,-1
717,817,1623073650714,-1,-1,-1
718,791,1623073651725,-1,-1,-1
719,778,1623073652666,-1,-1,-1
720,776,1623073653566,-1,-1,-1
721,769,1623073654617,-1,-1,-1
722,771,1623073654618,-1,-1,-1
723,780,1623073655566,-1,-1,-1
724,770,1623073656615,-1,-1,-1
725,757,1623073657521,-1,-1,-1
726,752,1623073657521,-1,-1,-1
727,742,1623073658570,-1,-1,-1
728,730,1623073659470,-1,-1,-1
729,724,1623073660420,-1,-1,-1
730,709,1623073660420,-1,-1,-1
731,714,1623073661421,-1,-1,-1
732,717,1623073662420,-1,-1,-1
733,730,1623073663370,-1,-1,-1
734,761,1623073663370,-1,-1,-1
735,778,1623073664368,-1,-1,-1
736,786,1623073665319,-1,-1,-1
737,803,1623073666319,-1,-1,-1
738,763,1623073667271,-1,-1,-1
739,778,1623073667272,-1,-1,-1
740,760,1623073668269,-1,-1,-1
741,739,1623073669266,-1,-1,-1
742,762,1623073670214,-1,-1,-1
743,774,1623073671221,-1,-1,-1
744,826,1623073671221,-1,-1,-1
745,819,1623073672169,-1,-1,-1
746,779,1623073673222,-1,-1,-1
747,794,1623073674113,-1,-1,-1
748,789,1623073675119,-1,-1,-1
749,791,1623073675119,-1,-1,-1
750,770,1623073676116,-1,-1,-1
751,755,1623073677068,-1,-1,-1
752,759,1623073678069,-1,-1,-1
753,757,1623073679015,-1,-1,-1
754,763,1623073679015,-1,-1,-1
755,750,1623073680014,-1,-1,-1
756,747,1623073681023,-1,-1,-1
757,742,1623073682170,-1,-1,-1
758,723,1623073682170,-1,-1,-1
759,713,1623073683070,-1,-1,-1
760,686,1623073683924,-1,-1,-1
761,727,1623073684920,-1,-1,-1
762,767,1623073684920,-1,-1,-1
763,791,1623073685873,-1,-1,-1
764,732,1623073686872,-1,-1,-1
765,1513,1623073687871,-1,-1,-1
766,756,1623073688819,-1,-1,-1
767,836,1623073689818,-1,-1,-1
768,763,1623073690764,-1,-1,-1
769,830,1623073691767,-1,-1,-1
770,805,1623073691767,-1,-1,-1
771,763,1623073692719,-1,-1,-1
772,748,1623073693723,-1,-1,-1
773,745,1623073694719,-1,-1,-1
774,731,1623073695665,-1,-1,-1
775,715,1623073695665,-1,-1,-1
776,707,1623073696771,-1,-1,-1
777,696,1623073697622,-1,-1,-1
778,695,1623073697622,-1,-1,-1
779,690,1623073698620,-1,-1,-1
780,690,1623073699570,-1,-1,-1
781,689,1623073700569,-1,-1,-1
782,691,1623073700569,-1,-1,-1
783,696,1623073701570,-1,-1,-1
784,706,1623073702519,-1,-1,-1
785,698,1623073702519,-1,-1,-1
786,695,1623073703521,-1,-1,-1
787,687,1623073704521,-1,-1,-1
788,695,1623073704521,-1,-1,-1
789,704,1623073705469,-1,-1,-1
790,792,1623073706472,-1,-1,-1
791,979,1623073707419,-1,-1,-1
792,875,1623073708418,-1,-1,-1
793,842,1623073709365,-1,-1,-1
794,821,1623073710369,-1,-1,-1
795,791,1623073710369,-1,-1,-1
796,790,1623073711322,-1,-1,-1
797,756,1623073712318,-1,-1,-1
798,746,1623073713319,-1,-1,-1
799,714,1623073714314,-1,-1,-1
800,698,1623073714314,-1,-1,-1
801,682,1623073715269,-1,-1,-1
802,682,1623073716215,-1,-1,-1
803,684,1623073716215,-1,-1,-1
804,720,1623073717220,-1,-1,-1
805,714,1623073718169,-1,-1,-1
806,785,1623073719169,-1,-1,-1
807,816,1623073719169,-1,-1,-1
808,841,1623073720225,-1,-1,-1
809,836,1623073721118,-1,-1,-1
810,806,1623073722220,-1,-1,-1
811,762,1623073723121,-1,-1,-1
812,740,1623073723121,-1,-1,-1
813,730,1623073724166,-1,-1,-1
814,729,1623073725022,-1,-1,-1
815,731,1623073726020,-1,-1,-1
816,724,1623073726020,-1,-1,-1
817,728,1623073727019,-1,-1,-1
818,722,1623073727965,-1,-1,-1
819,717,1623073729021,-1,-1,-1
820,707,1623073729021,-1,-1,-1
821,717,1623073729923,-1,-1,-1
822,816,1623073730924,-1,-1,-1
823,968,1623073731869,-1,-1,-1
824,876,1623073733015,-1,-1,-1
825,847,1623073733869,-1,-1,-1
826,801,1623073734818,-1,-1,-1
827,779,1623073734819,-1,-1,-1
828,1307,1623073736769,-1,-1,-1
829,1037,1623073737819,-1,-1,-1
830,459,1623073737819,-1,-1,-1
831,372,1623073738769,-1,-1,-1
832,687,1623073738769,-1,-1,-1
833,763,1623073739722,-1,-1,-1
834,763,1623073740716,-1,-1,-1
835,705,1623073740716,-1,-1,-1
836,746,1623073741666,-1,-1,-1
837,663,1623073742667,-1,-1,-1
838,685,1623073743619,-1,-1,-1
839,724,1623073743619,-1,-1,-1
840,654,1623073744666,-1,-1,-1
841,681,1623073745616,-1,-1,-1
842,2127,1623073747569,-1,-1,-1
843,654,1623073748520,-1,-1,-1
844,705,1623073748520,-1,-1,-1
845,628,1623073749569,-1,-1,-1
846,761,1623073750471,-1,-1,-1
847,1299,1623073751469,-1,-1,-1
848,575,1623073752470,-1,-1,-1
849,1121,1623073753417,-1,-1,-1
850,943,1623073754422,-1,-1,-1
851,1285,1623073755369,-1,-1,-1
852,283,1623073756420,-1,-1,-1
853,541,1623073756420,-1,-1,-1
854,284,1623073756420,-1,-1,-1
855,855,1623073757419,-1,-1,-1
856,524,1623073758365,-1,-1,-1
857,295,1623073758365,-1,-1,-1
858,565,1623073759321,-1,-1,-1
859,1897,1623073760269,-1,-1,-1
860,781,1623073761270,-1,-1,-1
861,664,1623073762271,-1,-1,-1
862,861,1623073763220,-1,-1,-1
863,867,1623073764165,-1,-1,-1
864,1075,1623073765165,-1,-1,-1
865,1366,1623073767314,-1,-1,-1
866,2522,1623073769324,-1,-1,-1
867,856,1623073770569,-1,-1,-1
868,451,1623073770570,-1,-1,-1
869,685,1623073771169,-1,-1,-1
870,620,1623073772064,-1,-1,-1
871,611,1623073772064,-1,-1,-1
872,664,1623073773015,-1,-1,-1
873,786,1623073773966,-1,-1,-1
874,640,1623073773966,-1,-1,-1
875,431,1623073775019,-1,-1,-1
876,699,1623073775019,-1,-1,-1
877,1110,1623073777021,-1,-1,-1
878,848,1623073777021,-1,-1,-1
879,859,1623073777966,-1,-1,-1
880,828,1623073778869,-1,-1,-1
881,783,1623073780419,-1,-1,-1
882,760,1623073780869,-1,-1,-1
883,743,1623073780869,-1,-1,-1
884,724,1623073782269,-1,-1,-1
885,772,1623073782922,-1,-1,-1
886,711,1623073784270,-1,-1,-1
887,797,1623073784769,-1,-1,-1
888,781,1623073784769,-1,-1,-1
889,838,1623073786115,-1,-1,-1
890,837,1623073786719,-1,-1,-1
891,778,1623073787671,-1,-1,-1
892,837,1623073788771,-1,-1,-1
893,771,1623073788771,-1,-1,-1
894,755,1623073789720,-1,-1,-1
895,1108,1623073790618,-1,-1,-1
896,1452,1623073792571,-1,-1,-1
897,571,1623073792571,-1,-1,-1
898,842,1623073793569,-1,-1,-1
899,825,1623073794519,-1,-1,-1
900,797,1623073795521,-1,-1,-1
901,747,1623073796567,-1,-1,-1
902,752,1623073796567,-1,-1,-1
903,725,1623073797465,-1,-1,-1
904,722,1623073798468,-1,-1,-1
905,727,1623073799470,-1,-1,-1
906,728,1623073799470,-1,-1,-1
907,716,1623073800419,-1,-1,-1
908,710,1623073801364,-1,-1,-1
909,713,1623073802421,-1,-1,-1
910,718,1623073802421,-1,-1,-1
911,710,1623073803419,-1,-1,-1
912,708,1623073804319,-1,-1,-1
913,705,1623073805318,-1,-1,-1
914,696,1623073805318,-1,-1,-1
915,719,1623073806270,-1,-1,-1
916,744,1623073807270,-1,-1,-1
917,750,1623073808222,-1,-1,-1
918,756,1623073808222,-1,-1,-1
919,763,1623073809220,-1,-1,-1
920,740,1623073810220,-1,-1,-1
921,760,1623073811172,-1,-1,-1
922,743,1623073811172,-1,-1,-1
923,728,1623073812170,-1,-1,-1
924,736,1623073813119,-1,-1,-1
925,736,1623073814115,-1,-1,-1
926,730,1623073814115,-1,-1,-1
927,713,1623073815119,-1,-1,-1
928,734,1623073816064,-1,-1,-1
929,768,1623073817065,-1,-1,-1
930,769,1623073817065,-1,-1,-1
931,785,1623073818065,-1,-1,-1
932,795,1623073819065,-1,-1,-1
933,806,1623073820015,-1,-1,-1
934,795,1623073820969,-1,-1,-1
935,777,1623073820969,-1,-1,-1
936,766,1623073822015,-1,-1,-1
937,757,1623073822921,-1,-1,-1
938,757,1623073823967,-1,-1,-1
939,1011,1623073824871,-1,-1,-1
940,637,1623073825869,-1,-1,-1
941,550,1623073825869,-1,-1,-1
942,783,1623073826821,-1,-1,-1
943,601,1623073827820,-1,-1,-1
944,753,1623073827820,-1,-1,-1
945,700,1623073828769,-1,-1,-1
946,751,1623073829770,-1,-1,-1
947,693,1623073829770,-1,-1,-1
948,710,1623073830767,-1,-1,-1
949,596,1623073831723,-1,-1,-1
950,693,1623073831723,-1,-1,-1
951,702,1623073832721,-1,-1,-1
952,708,1623073833668,-1,-1,-1
953,511,1623073833668,-1,-1,-1
954,803,1623073834721,-1,-1,-1
955,582,1623073835618,-1,-1,-1
956,1052,1623073836619,-1,-1,-1
957,1139,1623073837669,-1,-1,-1
958,1066,1623073838569,-1,-1,-1
959,692,1623073839569,-1,-1,-1
960,429,1623073839569,-1,-1,-1
961,865,1623073840615,-1,-1,-1
962,538,1623073841522,-1,-1,-1
963,647,1623073841522,-1,-1,-1
964,597,1623073842470,-1,-1,-1
965,735,1623073843470,-1,-1,-1
966,704,1623073844472,-1,-1,-1
967,1042,1623073845419,-1,-1,-1
968,1195,1623073846419,-1,-1,-1
969,743,1623073847570,-1,-1,-1
970,1147,1623073848519,-1,-1,-1
971,652,1623073848519,-1,-1,-1
972,662,1623073849469,-1,-1,-1
973,788,1623073850373,-1,-1,-1
974,853,1623073851419,-1,-1,-1
975,836,1623073852370,-1,-1,-1
976,1271,1623073853268,-1,-1,-1
977,1379,1623073854270,-1,-1,-1
978,672,1623073855220,-1,-1,-1
979,690,1623073856221,-1,-1,-1
980,632,1623073856221,-1,-1,-1
981,613,1623073857222,-1,-1,-1
982,612,1623073858469,-1,-1,-1
983,596,1623073858469,-1,-1,-1
984,584,1623073859170,-1,-1,-1
985,618,1623073860115,-1,-1,-1
986,547,1623073860115,-1,-1,-1
987,1241,1623073861214,-1,-1,-1
988,623,1623073862119,-1,-1,-1
989,804,1623073863216,-1,-1,-1
990,816,1623073864165,-1,-1,-1
991,871,1623073865020,-1,-1,-1
992,799,1623073865020,-1,-1,-1
993,812,1623073866268,-1,-1,-1
994,1088,1623073866965,-1,-1,-1
995,907,1623073869117,-1,-1,-1
996,1173,1623073869117,-1,-1,-1
997,1290,1623073870866,-1,-1,-1
998,706,1623073870866,-1,-1,-1
999,642,1623073871871,-1,-1,-1
1000,625,1623073872869,-1,-1,-1
1001,542,1623073872869,-1,-1,-1
1002,605,1623073873821,-1,-1,-1
1003,631,1623073874821,-1,-1,-1
1004,681,1623073874821,-1,-1,-1
1005,693,1623073875818,-1,-1,-1
1006,745,1623073876768,-1,-1,-1
1007,782,1623073876768,-1,-1,-1
1008,747,1623073877720,-1,-1,-1
1009,721,1623073878718,-1,-1,-1
1010,695,1623073879717,-1,-1,-1
1011,604,1623073879717,-1,-1,-1
1012,1291,1623073881719,-1,-1,-1
1013,1472,1623073882721,-1,-1,-1
1014,696,1623073883670,-1,-1,-1
1015,601,1623073883670,-1,-1,-1
1016,615,1623073884570,-1,-1,-1
1017,658,1623073885570,-1,-1,-1
1018,619,1623073885570,-1,-1,-1
1019,659,1623073886570,-1,-1,-1
1020,636,1623073887522,-1,-1,-1
1021,672,1623073887522,-1,-1,-1
1022,732,1623073888570,-1,-1,-1
1023,754,1623073889523,-1,-1,-1
1024,754,1623073890620,-1,-1,-1
1025,736,1623073890620,-1,-1,-1
1026,702,1623073891716,-1,-1,-1
1027,704,1623073892417,-1,-1,-1
1028,663,1623073893519,-1,-1,-1
1029,629,1623073893519,-1,-1,-1
1030,1331,1623073895520,-1,-1,-1
1031,680,1623073895520,-1,-1,-1
1032,746,1623073897321,-1,-1,-1
1033,1773,1623073898318,-1,-1,-1
1034,472,1623073898318,-1,-1,-1
1035,1149,1623073900269,-1,-1,-1
1036,1163,1623073901218,-1,-1,-1
1037,672,1623073901218,-1,-1,-1
1038,661,1623073902215,-1,-1,-1
1039,667,1623073903169,-1,-1,-1
1040,456,1623073903169,-1,-1,-1
1041,304,1623073903169,-1,-1,-1
1042,666,1623073904164,-1,-1,-1
1043,694,1623073905170,-1,-1,-1
1044,641,1623073906219,-1,-1,-1
1045,611,1623073906219,-1,-1,-1
1046,647,1623073907117,-1,-1,-1
1047,658,1623073907117,-1,-1,-1
1048,696,1623073908069,-1,-1,-1
1049,679,1623073909068,-1,-1,-1
1050,729,1623073910019,-1,-1,-1
1051,711,1623073910019,-1,-1,-1
1052,683,1623073911067,-1,-1,-1
1053,721,1623073912072,-1,-1,-1
1054,692,1623073913719,-1,-1,-1
1055,696,1623073913719,-1,-1,-1
1056,689,1623073914013,-1,-1,-1
1057,1328,1623073915520,-1,-1,-1
1058,878,1623073916665,-1,-1,-1
1059,1230,1623073917172,-1,-1,-1
1060,679,1623073917964,-1,-1,-1
1061,668,1623073919019,-1,-1,-1
1062,865,1623073919817,-1,-1,-1
1063,505,1623073919818,-1,-1,-1
1064,628,1623073920823,-1,-1,-1
1065,603,1623073920823,-1,-1,-1
1066,706,1623073921765,-1,-1,-1
1067,732,1623073922869,-1,-1,-1
1068,584,1623073923965,-1,-1,-1
1069,788,1623073923965,-1,-1,-1
1070,661,1623073924720,-1,-1,-1
1071,568,1623073925719,-1,-1,-1
1072,1117,1623073926719,-1,-1,-1
1073,1067,1623073928265,-1,-1,-1
1074,578,1623073928265,-1,-1,-1
1075,539,1623073928620,-1,-1,-1
1076,736,1623073929721,-1,-1,-1
1077,1221,1623073930570,-1,-1,-1
1078,1276,1623073931569,-1,-1,-1
1079,706,1623073932569,-1,-1,-1
1080,617,1623073933520,-1,-1,-1
1081,588,1623073933520,-1,-1,-1
1082,658,1623073934519,-1,-1,-1
1083,665,1623073935469,-1,-1,-1
1084,705,1623073935469,-1,-1,-1
1085,693,1623073936463,-1,-1,-1
1086,701,1623073937472,-1,-1,-1
1087,694,1623073937472,-1,-1,-1
1088,713,1623073938412,-1,-1,-1
1089,702,1623073939413,-1,-1,-1
1090,640,1623073939413,-1,-1,-1
1091,833,1623073940364,-1,-1,-1
1092,555,1623073941363,-1,-1,-1
1093,1303,1623073942314,-1,-1,-1
1094,652,1623073943314,-1,-1,-1
1095,695,1623073944313,-1,-1,-1
1096,629,1623073944313,-1,-1,-1
1097,654,1623073945413,-1,-1,-1
1098,750,1623073946267,-1,-1,-1
1099,614,1623073946267,-1,-1,-1
1100,875,1623073947214,-1,-1,-1
1101,1152,1623073948219,-1,-1,-1
1102,781,1623073949268,-1,-1,-1
1103,1290,1623073951163,-1,-1,-1
1104,1369,1623073952114,-1,-1,-1
1105,678,1623073953114,-1,-1,-1
1106,640,1623073953114,-1,-1,-1
1107,714,1623073954064,-1,-1,-1
1108,620,1623073955065,-1,-1,-1
1109,737,1623073955065,-1,-1,-1
1110,549,1623073956019,-1,-1,-1
1111,718,1623073957018,-1,-1,-1
1112,638,1623073957018,-1,-1,-1
1113,658,1623073957972,-1,-1,-1
1114,1862,1623073959967,-1,-1,-1
1115,1746,1623073961965,-1,-1,-1
1116,1430,1623073962865,-1,-1,-1
1117,688,1623073963866,-1,-1,-1
1118,684,1623073964820,-1,-1,-1
1119,766,1623073964820,-1,-1,-1
1120,707,1623073965820,-1,-1,-1
1121,580,1623073966816,-1,-1,-1
1122,664,1623073966816,-1,-1,-1
1123,645,1623073967769,-1,-1,-1
1124,766,1623073968765,-1,-1,-1
1125,682,1623073969718,-1,-1,-1
1126,782,1623073970714,-1,-1,-1
1127,1270,1623073970714,-1,-1,-1
1128,713,1623073971665,-1,-1,-1
1129,666,1623073972667,-1,-1,-1
1130,665,1623073973618,-1,-1,-1
1131,632,1623073973618,-1,-1,-1
1132,647,1623073974620,-1,-1,-1
1133,633,1623073975670,-1,-1,-1
1134,710,1623073975670,-1,-1,-1
1135,912,1623073976620,-1,-1,-1
1136,576,1623073977569,-1,-1,-1
1137,1236,1623073978514,-1,-1,-1
1138,679,1623073979520,-1,-1,-1
1139,709,1623073980520,-1,-1,-1
1140,718,1623073980520,-1,-1,-1
1141,743,1623073981467,-1,-1,-1
1142,712,1623073982464,-1,-1,-1
1143,733,1623073983420,-1,-1,-1
1144,724,1623073983420,-1,-1,-1
1145,688,1623073984419,-1,-1,-1
1146,696,1623073985368,-1,-1,-1
1147,696,1623073985368,-1,-1,-1
1148,663,1623073986369,-1,-1,-1
1149,677,1623073987366,-1,-1,-1
1150,667,1623073988316,-1,-1,-1
1151,662,1623073988316,-1,-1,-1
1152,680,1623073989319,-1,-1,-1
1153,600,1623073989319,-1,-1,-1
1154,650,1623073990264,-1,-1,-1
1155,660,1623073991265,-1,-1,-1
1156,696,1623073992215,-1,-1,-1
1157,647,1623073992215,-1,-1,-1
1158,663,1623073993219,-1,-1,-1
1159,670,1623073994164,-1,-1,-1
1160,631,1623073994164,-1,-1,-1
1161,619,1623073995319,-1,-1,-1
1162,607,1623073995319,-1,-1,-1
1163,662,1623073996169,-1,-1,-1
1164,730,1623073997117,-1,-1,-1
1165,603,1623073997117,-1,-1,-1
1166,372,1623073998118,-1,-1,-1
1167,668,1623073999065,-1,-1,-1
1168,375,1623073999065,-1,-1,-1
1169,684,1623074000065,-1,-1,-1
1170,663,1623074000065,-1,-1,-1
1171,702,1623074001018,-1,-1,-1
1172,714,1623074002019,-1,-1,-1
1173,716,1623074003015,-1,-1,-1
1174,745,1623074003015,-1,-1,-1
1175,692,1623074003965,-1,-1,-1
1176,643,1623074004967,-1,-1,-1
1177,653,1623074004967,-1,-1,-1
1178,596,1623074005925,-1,-1,-1
1179,620,1623074006916,-1,-1,-1
1180,559,1623074006916,-1,-1,-1
1181,614,1623074007867,-1,-1,-1
1182,662,1623074007867,-1,-1,-1
1183,666,1623074009865,-1,-1,-1
1184,924,1623074009865,-1,-1,-1
1185,1230,1623074010819,-1,-1,-1
1186,534,1623074011924,-1,-1,-1
1187,917,1623074012766,-1,-1,-1
1188,909,1623074013819,-1,-1,-1
1189,1003,1623074014766,-1,-1,-1
1190,1206,1623074015770,-1,-1,-1
1191,535,1623074016720,-1,-1,-1
1192,616,1623074016720,-1,-1,-1
1193,611,1623074017669,-1,-1,-1
1194,606,1623074017669,-1,-1,-1
1195,581,1623074018669,-1,-1,-1
1196,512,1623074019620,-1,-1,-1
1197,1087,1623074020619,-1,-1,-1
1198,1259,1623074021619,-1,-1,-1
1199,378,1623074021619,-1,-1,-1
1200,610,1623074022569,-1,-1,-1
1201,597,1623074023570,-1,-1,-1
1202,622,1623074023570,-1,-1,-1
1203,617,1623074024520,-1,-1,-1
1204,604,1623074024520,-1,-1,-1
1205,592,1623074025521,-1,-1,-1
1206,632,1623074026469,-1,-1,-1
1207,772,1623074027463,-1,-1,-1
1208,1191,1623074028416,-1,-1,-1
1209,1187,1623074029419,-1,-1,-1
1210,1152,1623074030419,-1,-1,-1
1211,630,1623074031366,-1,-1,-1
1212,618,1623074031366,-1,-1,-1
1213,612,1623074032369,-1,-1,-1
1214,616,1623074033316,-1,-1,-1
1215,618,1623074033316,-1,-1,-1
1216,625,1623074034313,-1,-1,-1
1217,625,1623074035314,-1,-1,-1
1218,640,1623074035315,-1,-1,-1
1219,609,1623074036272,-1,-1,-1
1220,821,1623074037270,-1,-1,-1
1221,1196,1623074038216,-1,-1,-1
1222,1284,1623074040165,-1,-1,-1
1223,1174,1623074040165,-1,-1,-1
1224,634,1623074041169,-1,-1,-1
1225,628,1623074042114,-1,-1,-1
1226,634,1623074042114,-1,-1,-1
1227,634,1623074043118,-1,-1,-1
1228,632,1623074044115,-1,-1,-1
1229,651,1623074044115,-1,-1,-1
1230,621,1623074045118,-1,-1,-1
1231,1247,1623074046069,-1,-1,-1
1232,857,1623074047020,-1,-1,-1
1233,1170,1623074048017,-1,-1,-1
1234,721,1623074048965,-1,-1,-1
1235,653,1623074049965,-1,-1,-1
1236,687,1623074049965,-1,-1,-1
1237,681,1623074050968,-1,-1,-1
1238,679,1623074051922,-1,-1,-1
1239,682,1623074051922,-1,-1,-1
1240,681,1623074052924,-1,-1,-1
1241,674,1623074053870,-1,-1,-1
1242,680,1623074054865,-1,-1,-1
1243,669,1623074054865,-1,-1,-1
1244,638,1623074055820,-1,-1,-1
1245,658,1623074056817,-1,-1,-1
1246,649,1623074056817,-1,-1,-1
1247,655,1623074057818,-1,-1,-1
1248,659,1623074058769,-1,-1,-1
1249,613,1623074058769,-1,-1,-1
1250,708,1623074059770,-1,-1,-1
1251,680,1623074060721,-1,-1,-1
1252,695,1623074060721,-1,-1,-1
1253,636,1623074061718,-1,-1,-1
1254,1572,1623074063670,-1,-1,-1
1255,729,1623074063670,-1,-1,-1
1256,723,1623074064619,-1,-1,-1
1257,707,1623074065619,-1,-1,-1
1258,680,1623074066621,-1,-1,-1
1259,664,1623074066621,-1,-1,-1
1260,706,1623074067570,-1,-1,-1
1261,743,1623074068571,-1,-1,-1
1262,743,1623074068571,-1,-1,-1
1263,753,1623074069514,-1,-1,-1
1264,768,1623074070519,-1,-1,-1
1265,936,1623074071469,-1,-1,-1
1266,667,1623074072466,-1,-1,-1
1267,1122,1623074073519,-1,-1,-1
1268,431,1623074073519,-1,-1,-1
1269,768,1623074074416,-1,-1,-1
1270,703,1623074075419,-1,-1,-1
1271,708,1623074075419,-1,-1,-1
1272,717,1623074076369,-1,-1,-1
1273,674,1623074077418,-1,-1,-1
1274,745,1623074078417,-1,-1,-1
1275,592,1623074078417,-1,-1,-1
1276,643,1623074079319,-1,-1,-1
1277,667,1623074080369,-1,-1,-1
1278,627,1623074080369,-1,-1,-1
1279,627,1623074081271,-1,-1,-1
1280,650,1623074081271,-1,-1,-1
1281,660,1623074082319,-1,-1,-1
1282,660,1623074083220,-1,-1,-1
1283,675,1623074084214,-1,-1,-1
1284,666,1623074084214,-1,-1,-1
1285,715,1623074085214,-1,-1,-1
1286,734,1623074086167,-1,-1,-1
1287,762,1623074086167,-1,-1,-1
1288,827,1623074087168,-1,-1,-1
1289,996,1623074088119,-1,-1,-1
1290,1202,1623074090119,-1,-1,-1
1291,674,1623074090119,-1,-1,-1
1292,699,1623074091068,-1,-1,-1
1293,580,1623074091068,-1,-1,-1
1294,723,1623074092068,-1,-1,-1
1295,741,1623074093018,-1,-1,-1
1296,651,1623074094013,-1,-1,-1
1297,343,1623074094014,-1,-1,-1
1298,321,1623074094014,-1,-1,-1
1299,301,1623074095015,-1,-1,-1
1300,318,1623074095015,-1,-1,-1
1301,510,1623074095015,-1,-1,-1
1302,315,1623074095965,-1,-1,-1
1303,638,1623074095965,-1,-1,-1
1304,317,1623074096920,-1,-1,-1
1305,287,1623074096920,-1,-1,-1
1306,590,1623074097922,-1,-1,-1
1307,307,1623074097922,-1,-1,-1
1308,574,1623074098869,-1,-1,-1
1309,652,1623074098869,-1,-1,-1
1310,736,1623074099869,-1,-1,-1
1311,449,1623074099869,-1,-1,-1
1312,500,1623074100869,-1,-1,-1
1313,515,1623074100869,-1,-1,-1
1314,871,1623074101821,-1,-1,-1
1315,623,1623074102819,-1,-1,-1
1316,1083,1623074104771,-1,-1,-1
1317,1373,1623074105719,-1,-1,-1
1318,503,1623074105719,-1,-1,-1
1319,979,1623074106723,-1,-1,-1
1320,414,1623074106723,-1,-1,-1
1321,738,1623074108664,-1,-1,-1
1322,959,1623074108664,-1,-1,-1
1323,573,1623074109669,-1,-1,-1
1324,495,1623074109669,-1,-1,-1
1325,1364,1623074111617,-1,-1,-1
1326,691,1623074111617,-1,-1,-1
1327,627,1623074112568,-1,-1,-1
1328,1163,1623074113570,-1,-1,-1
1329,412,1623074114564,-1,-1,-1
1330,587,1623074114564,-1,-1,-1
1331,565,1623074115515,-1,-1,-1
1332,902,1623074116515,-1,-1,-1
1333,720,1623074117463,-1,-1,-1
1334,728,1623074117463,-1,-1,-1
1335,823,1623074119469,-1,-1,-1
1336,1340,1623074119469,-1,-1,-1
1337,548,1623074120421,-1,-1,-1
1338,636,1623074121420,-1,-1,-1
1339,615,1623074121420,-1,-1,-1
1340,634,1623074122369,-1,-1,-1
1341,709,1623074123369,-1,-1,-1
1342,723,1623074123370,-1,-1,-1
1343,823,1623074125319,-1,-1,-1
1344,791,1623074125319,-1,-1,-1
1345,795,1623074126321,-1,-1,-1
1346,770,1623074127269,-1,-1,-1
1347,735,1623074127269,-1,-1,-1
1348,778,1623074128267,-1,-1,-1
1349,740,1623074129268,-1,-1,-1
1350,690,1623074130218,-1,-1,-1
1351,769,1623074131226,-1,-1,-1
1352,790,1623074131226,-1,-1,-1
1353,743,1623074132168,-1,-1,-1
1354,743,1623074133165,-1,-1,-1
1355,750,1623074134115,-1,-1,-1
1356,698,1623074134115,-1,-1,-1
1357,755,1623074135115,-1,-1,-1
1358,649,1623074136065,-1,-1,-1
1359,780,1623074137069,-1,-1,-1
1360,737,1623074137069,-1,-1,-1
1361,711,1623074138065,-1,-1,-1
1362,713,1623074139014,-1,-1,-1
1363,720,1623074139014,-1,-1,-1
1364,720,1623074140018,-1,-1,-1
1365,746,1623074140964,-1,-1,-1
1366,752,1623074141967,-1,-1,-1
1367,758,1623074142965,-1,-1,-1
1368,815,1623074142965,-1,-1,-1
1369,941,1623074143923,-1,-1,-1
1370,690,1623074144923,-1,-1,-1
1371,855,1623074145868,-1,-1,-1
1372,700,1623074146922,-1,-1,-1
1373,716,1623074146922,-1,-1,-1
1374,658,1623074147815,-1,-1,-1
1375,660,1623074148818,-1,-1,-1
1376,633,1623074148818,-1,-1,-1
1377,635,1623074149815,-1,-1,-1
1378,645,1623074150768,-1,-1,-1
1379,537,1623074150768,-1,-1,-1
1380,889,1623074151770,-1,-1,-1
1381,415,1623074152714,-1,-1,-1
1382,311,1623074152714,-1,-1,-1
1383,321,1623074152714,-1,-1,-1
1384,315,1623074152714,-1,-1,-1
1385,314,1623074153716,-1,-1,-1
1386,324,1623074153716,-1,-1,-1
1387,297,1623074153716,-1,-1,-1
1388,348,1623074154669,-1,-1,-1
1389,317,1623074154669,-1,-1,-1
1390,601,1623074155668,-1,-1,-1
1391,363,1623074155668,-1,-1,-1
1392,860,1623074156669,-1,-1,-1
1393,286,1623074156669,-1,-1,-1
1394,323,1623074157616,-1,-1,-1
1395,543,1623074157616,-1,-1,-1
1396,562,1623074158613,-1,-1,-1
1397,349,1623074158614,-1,-1,-1
1398,878,1623074159569,-1,-1,-1
1399,668,1623074160569,-1,-1,-1
1400,664,1623074160569,-1,-1,-1
1401,853,1623074161519,-1,-1,-1
1402,548,1623074162520,-1,-1,-1
1403,723,1623074163569,-1,-1,-1
1404,419,1623074163569,-1,-1,-1
1405,377,1623074163569,-1,-1,-1
1406,709,1623074164470,-1,-1,-1
1407,498,1623074165469,-1,-1,-1
1408,385,1623074165469,-1,-1,-1
1409,401,1623074165469,-1,-1,-1
1410,426,1623074166416,-1,-1,-1
1411,571,1623074166416,-1,-1,-1
1412,491,1623074167429,-1,-1,-1
1413,473,1623074168369,-1,-1,-1
1414,1065,1623074169363,-1,-1,-1
1415,1418,1623074170369,-1,-1,-1
1416,610,1623074171315,-1,-1,-1
1417,828,1623074172320,-1,-1,-1
1418,1545,1623074173269,-1,-1,-1
1419,918,1623074174266,-1,-1,-1
1420,560,1623074175218,-1,-1,-1
1421,939,1623074176221,-1,-1,-1
1422,1335,1623074177215,-1,-1,-1
1423,570,1623074178264,-1,-1,-1
1424,790,1623074178264,-1,-1,-1
1425,389,1623074179166,-1,-1,-1
1426,862,1623074180269,-1,-1,-1
1427,933,1623074181213,-1,-1,-1
1428,1486,1623074182067,-1,-1,-1
1429,773,1623074183116,-1,-1,-1
1430,684,1623074184013,-1,-1,-1
1431,785,1623074184013,-1,-1,-1
1432,680,1623074185019,-1,-1,-1
1433,558,1623074186065,-1,-1,-1
1434,632,1623074186065,-1,-1,-1
1435,1226,1623074187969,-1,-1,-1
1436,1582,1623074188920,-1,-1,-1
1437,638,1623074189916,-1,-1,-1
1438,828,1623074190867,-1,-1,-1
1439,459,1623074190867,-1,-1,-1
1440,780,1623074191871,-1,-1,-1
1441,1491,1623074192870,-1,-1,-1
1442,554,1623074193818,-1,-1,-1
1443,1414,1623074194820,-1,-1,-1
1444,626,1623074195765,-1,-1,-1
1445,1147,1623074197714,-1,-1,-1
1446,1590,1623074199722,-1,-1,-1
1447,1513,1623074199722,-1,-1,-1
1448,912,1623074200664,-1,-1,-1
1449,885,1623074202624,-1,-1,-1
1450,1292,1623074203619,-1,-1,-1
1451,708,1623074203619,-1,-1,-1
1452,636,1623074204570,-1,-1,-1
1453,851,1623074205568,-1,-1,-1
1454,497,1623074205568,-1,-1,-1
1455,646,1623074206569,-1,-1,-1
1456,1041,1623074207520,-1,-1,-1
1457,306,1623074207520,-1,-1,-1
1458,827,1623074208520,-1,-1,-1
1459,878,1623074209470,-1,-1,-1
1460,637,1623074210464,-1,-1,-1
1461,1373,1623074211413,-1,-1,-1
1462,1196,1623074213413,-1,-1,-1
1463,791,1623074213413,-1,-1,-1
1464,489,1623074214369,-1,-1,-1
1465,414,1623074214369,-1,-1,-1
1466,966,1623074215369,-1,-1,-1
1467,434,1623074216322,-1,-1,-1
1468,725,1623074216322,-1,-1,-1
1469,504,1623074217315,-1,-1,-1
1470,460,1623074217315,-1,-1,-1
1471,629,1623074218270,-1,-1,-1
1472,731,1623074219270,-1,-1,-1
1473,827,1623074220267,-1,-1,-1
1474,782,1623074220267,-1,-1,-1
1475,730,1623074221217,-1,-1,-1
1476,823,1623074222215,-1,-1,-1
1477,569,1623074222215,-1,-1,-1
1478,673,1623074223169,-1,-1,-1
1479,389,1623074224164,-1,-1,-1
1480,531,1623074224164,-1,-1,-1
1481,982,1623074225126,-1,-1,-1
1482,613,1623074226118,-1,-1,-1
1483,621,1623074226118,-1,-1,-1
1484,761,1623074228069,-1,-1,-1
1485,1741,1623074229014,-1,-1,-1
1486,619,1623074229014,-1,-1,-1
1487,1253,1623074231014,-1,-1,-1
1488,785,1623074232013,-1,-1,-1
1489,766,1623074232964,-1,-1,-1
1490,1067,1623074232964,-1,-1,-1
1491,591,1623074233921,-1,-1,-1
1492,681,1623074234919,-1,-1,-1
1493,679,1623074235869,-1,-1,-1
1494,606,1623074235869,-1,-1,-1
1495,547,1623074236865,-1,-1,-1
1496,736,1623074237863,-1,-1,-1
1497,589,1623074237863,-1,-1,-1
1498,1150,1623074238814,-1,-1,-1
1499,1384,1623074240770,-1,-1,-1
1500,525,1623074240770,-1,-1,-1
1501,532,1623074241769,-1,-1,-1
1502,358,1623074241769,-1,-1,-1
1503,1310,1623074242715,-1,-1,-1
1504,656,1623074243720,-1,-1,-1
1505,808,1623074244816,-1,-1,-1
1506,539,1623074244816,-1,-1,-1
1507,728,1623074245667,-1,-1,-1
1508,673,1623074246665,-1,-1,-1
1509,699,1623074247663,-1,-1,-1
1510,661,1623074247663,-1,-1,-1
1511,677,1623074248664,-1,-1,-1
1512,590,1623074249564,-1,-1,-1
1513,630,1623074249564,-1,-1,-1
1514,649,1623074250570,-1,-1,-1
1515,618,1623074250570,-1,-1,-1
1516,597,1623074251568,-1,-1,-1
1517,587,1623074252568,-1,-1,-1
1518,595,1623074252568,-1,-1,-1
1519,626,1623074253513,-1,-1,-1
1520,610,1623074254468,-1,-1,-1
1521,604,1623074254468,-1,-1,-1
1522,599,1623074255468,-1,-1,-1
1523,587,1623074255468,-1,-1,-1
1524,691,1623074256464,-1,-1,-1
1525,1436,1623074258415,-1,-1,-1
1526,1637,1623074259369,-1,-1,-1
1527,568,1623074260364,-1,-1,-1
1528,622,1623074260364,-1,-1,-1
1529,551,1623074261470,-1,-1,-1
1530,681,1623074262316,-1,-1,-1
1531,570,1623074262316,-1,-1,-1
1532,625,1623074263315,-1,-1,-1
1533,674,1623074264266,-1,-1,-1
1534,604,1623074264266,-1,-1,-1
1535,659,1623074265263,-1,-1,-1
1536,596,1623074266213,-1,-1,-1
1537,625,1623074266213,-1,-1,-1
1538,690,1623074267214,-1,-1,-1
1539,585,1623074268164,-1,-1,-1
1540,379,1623074268164,-1,-1,-1
1541,904,1623074269163,-1,-1,-1
1542,650,1623074269163,-1,-1,-1
1543,682,1623074270216,-1,-1,-1
1544,670,1623074271115,-1,-1,-1
1545,590,1623074271116,-1,-1,-1
1546,590,1623074272116,-1,-1,-1
1547,644,1623074273064,-1,-1,-1
1548,645,1623074273064,-1,-1,-1
1549,706,1623074274065,-1,-1,-1
1550,651,1623074275015,-1,-1,-1
1551,629,1623074275015,-1,-1,-1
1552,643,1623074276014,-1,-1,-1
1553,711,1623074277013,-1,-1,-1
1554,614,1623074277013,-1,-1,-1
1555,677,1623074277965,-1,-1,-1
1556,619,1623074278966,-1,-1,-1
1557,647,1623074278966,-1,-1,-1
1558,708,1623074279917,-1,-1,-1
1559,662,1623074280919,-1,-1,-1
1560,723,1623074281924,-1,-1,-1
1561,1375,1623074282870,-1,-1,-1
1562,1191,1623074283862,-1,-1,-1
1563,923,1623074284819,-1,-1,-1
1564,570,1623074285869,-1,-1,-1
1565,667,1623074285870,-1,-1,-1
1566,931,1623074287770,-1,-1,-1
1567,1702,1623074288768,-1,-1,-1
1568,671,1623074289715,-1,-1,-1
1569,541,1623074290718,-1,-1,-1
1570,1425,1623074291665,-1,-1,-1
1571,1108,1623074292664,-1,-1,-1
1572,655,1623074293719,-1,-1,-1
1573,759,1623074293719,-1,-1,-1
1574,649,1623074294619,-1,-1,-1
1575,707,1623074295619,-1,-1,-1
1576,630,1623074295619,-1,-1,-1
1577,684,1623074296570,-1,-1,-1
1578,756,1623074297569,-1,-1,-1
1579,681,1623074298518,-1,-1,-1
1580,725,1623074298518,-1,-1,-1
1581,772,1623074299513,-1,-1,-1
1582,776,1623074300466,-1,-1,-1
1583,814,1623074301465,-1,-1,-1
1584,817,1623074302513,-1,-1,-1
1585,870,1623074302513,-1,-1,-1
1586,607,1623074303413,-1,-1,-1
1587,661,1623074304413,-1,-1,-1
1588,785,1623074305363,-1,-1,-1
1589,734,1623074305363,-1,-1,-1
1590,895,1623074307315,-1,-1,-1
1591,880,1623074307315,-1,-1,-1
1592,764,1623074308314,-1,-1,-1
1593,800,1623074309315,-1,-1,-1
1594,805,1623074310265,-1,-1,-1
1595,798,1623074310265,-1,-1,-1
1596,755,1623074311266,-1,-1,-1
1597,759,1623074312214,-1,-1,-1
1598,849,1623074313214,-1,-1,-1
1599,691,1623074313214,-1,-1,-1
1600,799,1623074314169,-1,-1,-1
1601,707,1623074315164,-1,-1,-1
1602,770,1623074316165,-1,-1,-1
1603,723,1623074317165,-1,-1,-1
1604,771,1623074317165,-1,-1,-1
1605,762,1623074318114,-1,-1,-1
1606,756,1623074319065,-1,-1,-1
1607,794,1623074320066,-1,-1,-1
1608,794,1623074321074,-1,-1,-1
1609,809,1623074321074,-1,-1,-1
1610,756,1623074322050,-1,-1,-1
1611,736,1623074323013,-1,-1,-1
1612,727,1623074323962,-1,-1,-1
1613,720,1623074323962,-1,-1,-1
1614,705,1623074324963,-1,-1,-1
1615,713,1623074325916,-1,-1,-1
1616,760,1623074326917,-1,-1,-1
1617,726,1623074326917,-1,-1,-1
1618,780,1623074327916,-1,-1,-1
1619,824,1623074328871,-1,-1,-1
1620,839,1623074329913,-1,-1,-1
1621,821,1623074330815,-1,-1,-1
1622,802,1623074330815,-1,-1,-1
1623,764,1623074331815,-1,-1,-1
1624,827,1623074332816,-1,-1,-1
1625,843,1623074333763,-1,-1,-1
1626,845,1623074334767,-1,-1,-1
1627,876,1623074335717,-1,-1,-1
1628,807,1623074336718,-1,-1,-1
1629,841,1623074336718,-1,-1,-1
1630,786,1623074337715,-1,-1,-1
1631,800,1623074338666,-1,-1,-1
1632,804,1623074339663,-1,-1,-1
1633,803,1623074340668,-1,-1,-1
1634,746,1623074340668,-1,-1,-1
1635,533,1623074341617,-1,-1,-1
1636,1187,1623074342565,-1,-1,-1
1637,871,1623074343565,-1,-1,-1
1638,845,1623074344564,-1,-1,-1
1639,841,1623074345520,-1,-1,-1
1640,800,1623074346514,-1,-1,-1
1641,785,1623074346514,-1,-1,-1
1642,798,1623074347470,-1,-1,-1
1643,781,1623074348470,-1,-1,-1
1644,790,1623074349420,-1,-1,-1
1645,839,1623074350420,-1,-1,-1
1646,828,1623074351371,-1,-1,-1
1647,805,1623074351371,-1,-1,-1
1648,788,1623074352371,-1,-1,-1
1649,790,1623074353363,-1,-1,-1
1650,781,1623074354316,-1,-1,-1
1651,784,1623074355319,-1,-1,-1
1652,810,1623074355319,-1,-1,-1
1653,783,1623074356272,-1,-1,-1
1654,780,1623074357271,-1,-1,-1
1655,785,1623074358212,-1,-1,-1
1656,716,1623074359223,-1,-1,-1
1657,785,1623074359223,-1,-1,-1
1658,806,1623074360214,-1,-1,-1
1659,788,1623074361215,-1,-1,-1
1660,849,1623074362164,-1,-1,-1
1661,842,1623074363116,-1,-1,-1
1662,837,1623074364114,-1,-1,-1
1663,819,1623074364114,-1,-1,-1
1664,793,1623074365115,-1,-1,-1
1665,814,1623074366063,-1,-1,-1
1666,797,1623074367068,-1,-1,-1
1667,773,1623074368017,-1,-1,-1
1668,775,1623074368017,-1,-1,-1
1669,838,1623074369016,-1,-1,-1
1670,801,1623074369967,-1,-1,-1
1671,835,1623074370970,-1,-1,-1
1672,757,1623074371923,-1,-1,-1
1673,820,1623074372916,-1,-1,-1
1674,816,1623074372916,-1,-1,-1
1675,828,1623074374014,-1,-1,-1
1676,775,1623074374865,-1,-1,-1
1677,862,1623074375917,-1,-1,-1
1678,1359,1623074376813,-1,-1,-1
1679,700,1623074377866,-1,-1,-1
1680,732,1623074378768,-1,-1,-1
1681,743,1623074379766,-1,-1,-1
1682,757,1623074379766,-1,-1,-1
1683,778,1623074380767,-1,-1,-1
1684,788,1623074381716,-1,-1,-1
1685,781,1623074382713,-1,-1,-1
1686,770,1623074382713,-1,-1,-1
1687,773,1623074383666,-1,-1,-1
1688,796,1623074384665,-1,-1,-1
1689,831,1623074385614,-1,-1,-1
1690,845,1623074386615,-1,-1,-1
1691,846,1623074387564,-1,-1,-1
1692,828,1623074388565,-1,-1,-1
1693,835,1623074388565,-1,-1,-1
1694,842,1623074389564,-1,-1,-1
1695,811,1623074390513,-1,-1,-1
1696,797,1623074391518,-1,-1,-1
1697,774,1623074392468,-1,-1,-1
1698,794,1623074393463,-1,-1,-1
1699,811,1623074393463,-1,-1,-1
1700,821,1623074394414,-1,-1,-1
1701,846,1623074395413,-1,-1,-1
1702,821,1623074396413,-1,-1,-1
1703,803,1623074397371,-1,-1,-1
1704,812,1623074398365,-1,-1,-1
1705,783,1623074398365,-1,-1,-1
1706,764,1623074399315,-1,-1,-1
1707,764,1623074400317,-1,-1,-1
1708,763,1623074401266,-1,-1,-1
1709,756,1623074401266,-1,-1,-1
1710,763,1623074402265,-1,-1,-1
1711,794,1623074403267,-1,-1,-1
1712,812,1623074404218,-1,-1,-1
1713,830,1623074405219,-1,-1,-1
1714,802,1623074406163,-1,-1,-1
1715,787,1623074406163,-1,-1,-1
1716,776,1623074407220,-1,-1,-1
1717,754,1623074408117,-1,-1,-1
1718,743,1623074409116,-1,-1,-1
1719,727,1623074409116,-1,-1,-1
1720,747,1623074410116,-1,-1,-1
1721,773,1623074411064,-1,-1,-1
1722,850,1623074412065,-1,-1,-1
1723,835,1623074413017,-1,-1,-1
1724,796,1623074414013,-1,-1,-1
1725,744,1623074414014,-1,-1,-1
1726,748,1623074414970,-1,-1,-1
1727,728,1623074416019,-1,-1,-1
1728,740,1623074417018,-1,-1,-1
1729,727,1623074417019,-1,-1,-1
1730,725,1623074417920,-1,-1,-1
1731,730,1623074418916,-1,-1,-1
1732,758,1623074419869,-1,-1,-1
1733,788,1623074419869,-1,-1,-1
1734,759,1623074420870,-1,-1,-1
1735,758,1623074421815,-1,-1,-1
1736,768,1623074422816,-1,-1,-1
1737,767,1623074422816,-1,-1,-1
1738,744,1623074423819,-1,-1,-1
1739,760,1623074424766,-1,-1,-1
1740,744,1623074425763,-1,-1,-1
1741,738,1623074425763,-1,-1,-1
1742,762,1623074426719,-1,-1,-1
1743,768,1623074427715,-1,-1,-1
1744,857,1623074428666,-1,-1,-1
1745,797,1623074429665,-1,-1,-1
1746,779,1623074430718,-1,-1,-1
1747,781,1623074430718,-1,-1,-1
1748,774,1623074431618,-1,-1,-1
1749,793,1623074432614,-1,-1,-1
1750,798,1623074433564,-1,-1,-1
1751,760,1623074434564,-1,-1,-1
1752,742,1623074434564,-1,-1,-1
1753,764,1623074435514,-1,-1,-1
1754,774,1623074436514,-1,-1,-1
1755,790,1623074437522,-1,-1,-1
1756,814,1623074437522,-1,-1,-1
1757,812,1623074438470,-1,-1,-1
1758,846,1623074439463,-1,-1,-1
1759,762,1623074440417,-1,-1,-1
1760,730,1623074441413,-1,-1,-1
1761,719,1623074441413,-1,-1,-1
1762,714,1623074442363,-1,-1,-1
1763,764,1623074443369,-1,-1,-1
1764,799,1623074444369,-1,-1,-1
1765,727,1623074445312,-1,-1,-1
1766,766,1623074445312,-1,-1,-1
1767,768,1623074446313,-1,-1,-1
1768,860,1623074447263,-1,-1,-1
1769,845,1623074448263,-1,-1,-1
1770,828,1623074449213,-1,-1,-1
1771,829,1623074450213,-1,-1,-1
1772,812,1623074450213,-1,-1,-1
1773,794,1623074451214,-1,-1,-1
1774,780,1623074452166,-1,-1,-1
1775,793,1623074453168,-1,-1,-1
1776,790,1623074454118,-1,-1,-1
1777,815,1623074454118,-1,-1,-1
1778,825,1623074455116,-1,-1,-1
1779,817,1623074456064,-1,-1,-1
1780,843,1623074457118,-1,-1,-1
1781,840,1623074458068,-1,-1,-1
1782,822,1623074459017,-1,-1,-1
1783,813,1623074460015,-1,-1,-1
1784,810,1623074460015,-1,-1,-1
1785,794,1623074460968,-1,-1,-1
1786,801,1623074461965,-1,-1,-1
1787,802,1623074463015,-1,-1,-1
1788,811,1623074463920,-1,-1,-1
1789,837,1623074463920,-1,-1,-1
1790,831,1623074464919,-1,-1,-1
1791,807,1623074465869,-1,-1,-1
1792,830,1623074466869,-1,-1,-1
1793,845,1623074467821,-1,-1,-1
1794,817,1623074468820,-1,-1,-1
1795,806,1623074469769,-1,-1,-1
1796,814,1623074469769,-1,-1,-1
1797,809,1623074470769,-1,-1,-1
1798,808,1623074471768,-1,-1,-1
1799,812,1623074472718,-1,-1,-1
1800,827,1623074473820,-1,-1,-1
1801,793,1623074474666,-1,-1,-1
1802,796,1623074474666,-1,-1,-1
1803,796,1623074475669,-1,-1,-1
1804,779,1623074476616,-1,-1,-1
1805,783,1623074477667,-1,-1,-1
1806,785,1623074478619,-1,-1,-1
1807,814,1623074478619,-1,-1,-1
1808,784,1623074479620,-1,-1,-1
1809,792,1623074480564,-1,-1,-1
1810,794,1623074481615,-1,-1,-1
1811,789,1623074482517,-1,-1,-1
1812,798,1623074482517,-1,-1,-1
1813,802,1623074483469,-1,-1,-1
1814,797,1623074484518,-1,-1,-1
1815,785,1623074485469,-1,-1,-1
1816,780,1623074486417,-1,-1,-1
1817,782,1623074486417,-1,-1,-1
1818,763,1623074487417,-1,-1,-1
1819,776,1623074488369,-1,-1,-1
1820,790,1623074489369,-1,-1,-1
1821,793,1623074490470,-1,-1,-1
1822,814,1623074490470,-1,-1,-1
1823,838,1623074491319,-1,-1,-1
1824,809,1623074492320,-1,-1,-1
1825,810,1623074493269,-1,-1,-1
1826,792,1623074494268,-1,-1,-1
1827,769,1623074495219,-1,-1,-1
1828,769,1623074495219,-1,-1,-1
1829,780,1623074496219,-1,-1,-1
1830,794,1623074497169,-1,-1,-1
1831,842,1623074498169,-1,-1,-1
1832,882,1623074499166,-1,-1,-1
1833,880,1623074500115,-1,-1,-1
1834,849,1623074501114,-1,-1,-1
1835,807,1623074501114,-1,-1,-1
1836,796,1623074502069,-1,-1,-1
1837,781,1623074503067,-1,-1,-1
1838,777,1623074504013,-1,-1,-1
1839,774,1623074505017,-1,-1,-1
1840,766,1623074505017,-1,-1,-1
1841,778,1623074505964,-1,-1,-1
1842,773,1623074507117,-1,-1,-1
1843,756,1623074507962,-1,-1,-1
1844,766,1623074507962,-1,-1,-1
1845,787,1623074508914,-1,-1,-1
1846,812,1623074509919,-1,-1,-1
1847,810,1623074510913,-1,-1,-1
1848,816,1623074511864,-1,-1,-1
1849,796,1623074512867,-1,-1,-1
1850,808,1623074512867,-1,-1,-1
1851,794,1623074513813,-1,-1,-1
1852,800,1623074514813,-1,-1,-1
1853,796,1623074515767,-1,-1,-1
1854,792,1623074516762,-1,-1,-1
1855,775,1623074516762,-1,-1,-1
1856,761,1623074517712,-1,-1,-1
1857,762,1623074518767,-1,-1,-1
1858,763,1623074519714,-1,-1,-1
1859,769,1623074520663,-1,-1,-1
1860,778,1623074520663,-1,-1,-1
1861,784,1623074521668,-1,-1,-1
1862,763,1623074522612,-1,-1,-1
1863,761,1623074523712,-1,-1,-1
1864,750,1623074523712,-1,-1,-1
1865,744,1623074524613,-1,-1,-1
1866,746,1623074525585,-1,-1,-1
1867,750,1623074526568,-1,-1,-1
1868,771,1623074527563,-1,-1,-1
1869,773,1623074527563,-1,-1,-1
1870,776,1623074528515,-1,-1,-1
1871,751,1623074529469,-1,-1,-1
1872,745,1623074530464,-1,-1,-1
1873,736,1623074530464,-1,-1,-1
1874,741,1623074531463,-1,-1,-1
1875,726,1623074532413,-1,-1,-1
1876,709,1623074533464,-1,-1,-1
1877,713,1623074533464,-1,-1,-1
1878,721,1623074534369,-1,-1,-1
1879,743,1623074535369,-1,-1,-1
1880,791,1623074536319,-1,-1,-1
1881,840,1623074537314,-1,-1,-1
1882,875,1623074537314,-1,-1,-1
1883,867,1623074538317,-1,-1,-1
1884,829,1623074539270,-1,-1,-1
1885,813,1623074540269,-1,-1,-1
1886,790,1623074541263,-1,-1,-1
1887,786,1623074542217,-1,-1,-1
1888,774,1623074542217,-1,-1,-1
1889,730,1623074543216,-1,-1,-1
1890,740,1623074544166,-1,-1,-1
1891,741,1623074545163,-1,-1,-1
1892,752,1623074545163,-1,-1,-1
1893,800,1623074546113,-1,-1,-1
1894,812,1623074547113,-1,-1,-1
1895,785,1623074548112,-1,-1,-1
1896,748,1623074549063,-1,-1,-1
1897,736,1623074549063,-1,-1,-1
1898,713,1623074550063,-1,-1,-1
1899,717,1623074551016,-1,-1,-1
1900,759,1623074552014,-1,-1,-1
1901,794,1623074552014,-1,-1,-1
1902,809,1623074552968,-1,-1,-1
1903,814,1623074553966,-1,-1,-1
1904,806,1623074554969,-1,-1,-1
1905,806,1623074555923,-1,-1,-1
1906,787,1623074556914,-1,-1,-1
1907,777,1623074556914,-1,-1,-1
1908,754,1623074557870,-1,-1,-1
1909,754,1623074558863,-1,-1,-1
1910,768,1623074559820,-1,-1,-1
1911,750,1623074559820,-1,-1,-1
1912,777,1623074560820,-1,-1,-1
1913,795,1623074561814,-1,-1,-1
1914,829,1623074562763,-1,-1,-1
1915,796,1623074563769,-1,-1,-1
1916,785,1623074564721,-1,-1,-1
1917,799,1623074564722,-1,-1,-1
1918,808,1623074565719,-1,-1,-1
1919,781,1623074566721,-1,-1,-1
1920,774,1623074567667,-1,-1,-1
1921,781,1623074568667,-1,-1,-1
1922,767,1623074568667,-1,-1,-1
1923,763,1623074569618,-1,-1,-1
1924,757,1623074570614,-1,-1,-1
1925,761,1623074571564,-1,-1,-1
1926,753,1623074571564,-1,-1,-1
1927,769,1623074572569,-1,-1,-1
1928,783,1623074573568,-1,-1,-1
1929,769,1623074574515,-1,-1,-1
1930,782,1623074575519,-1,-1,-1
1931,768,1623074575519,-1,-1,-1
1932,764,1623074576469,-1,-1,-1
1933,762,1623074577467,-1,-1,-1
1934,765,1623074578468,-1,-1,-1
1935,758,1623074578468,-1,-1,-1
1936,773,1623074579418,-1,-1,-1
1937,797,1623074580415,-1,-1,-1
1938,790,1623074581369,-1,-1,-1
1939,819,1623074582368,-1,-1,-1
1940,810,1623074583364,-1,-1,-1
1941,781,1623074583364,-1,-1,-1
1942,773,1623074584318,-1,-1,-1
1943,766,1623074585320,-1,-1,-1
1944,771,1623074586269,-1,-1,-1
1945,759,1623074587266,-1,-1,-1
1946,780,1623074587266,-1,-1,-1
1947,780,1623074588213,-1,-1,-1
1948,798,1623074589213,-1,-1,-1
1949,778,1623074590217,-1,-1,-1
1950,753,1623074590217,-1,-1,-1
1951,745,1623074591162,-1,-1,-1
1952,745,1623074592217,-1,-1,-1
1953,738,1623074593116,-1,-1,-1
1954,724,1623074594114,-1,-1,-1
1955,741,1623074594114,-1,-1,-1
1956,747,1623074595068,-1,-1,-1
1957,751,1623074596070,-1,-1,-1
1958,751,1623074597068,-1,-1,-1
1959,765,1623074597068,-1,-1,-1
1960,757,1623074598017,-1,-1,-1
1961,738,1623074599018,-1,-1,-1
1962,740,1623074599965,-1,-1,-1
1963,734,1623074599965,-1,-1,-1
1964,732,1623074601062,-1,-1,-1
1965,728,1623074601919,-1,-1,-1
1966,739,1623074602919,-1,-1,-1
1967,740,1623074602919,-1,-1,-1
1968,732,1623074603917,-1,-1,-1
1969,755,1623074604918,-1,-1,-1
1970,755,1623074605867,-1,-1,-1
1971,745,1623074605867,-1,-1,-1
1972,731,1623074606813,-1,-1,-1
1973,704,1623074607813,-1,-1,-1
1974,703,1623074608818,-1,-1,-1
1975,698,1623074608818,-1,-1,-1
1976,667,1623074609769,-1,-1,-1
1977,677,1623074610769,-1,-1,-1
1978,647,1623074610769,-1,-1,-1
1979,653,1623074611717,-1,-1,-1
1980,663,1623074612718,-1,-1,-1
1981,714,1623074612718,-1,-1,-1
1982,758,1623074613713,-1,-1,-1
1983,774,1623074614671,-1,-1,-1
1984,759,1623074615669,-1,-1,-1
1985,742,1623074616616,-1,-1,-1
1986,737,1623074616616,-1,-1,-1
1987,729,1623074617618,-1,-1,-1
1988,725,1623074618566,-1,-1,-1
1989,721,1623074619569,-1,-1,-1
1990,719,1623074619569,-1,-1,-1
1991,719,1623074620517,-1,-1,-1
1992,719,1623074621518,-1,-1,-1
1993,725,1623074621518,-1,-1,-1
1994,733,1623074622522,-1,-1,-1
1995,724,1623074623469,-1,-1,-1
1996,712,1623074624468,-1,-1,-1
1997,706,1623074624468,-1,-1,-1
1998,700,1623074625419,-1,-1,-1
1999,714,1623074626419,-1,-1,-1
2000,769,1623074627367,-1,-1,-1
2001,787,1623074627367,-1,-1,-1
2002,819,1623074628368,-1,-1,-1
2003,850,1623074629318,-1,-1,-1
2004,859,1623074630321,-1,-1,-1
2005,837,1623074631318,-1,-1,-1
2006,816,1623074632264,-1,-1,-1
2007,797,1623074633267,-1,-1,-1
2008,784,1623074633267,-1,-1,-1
2009,766,1623074634219,-1,-1,-1
2010,753,1623074635218,-1,-1,-1
2011,736,1623074636218,-1,-1,-1
2012,720,1623074636218,-1,-1,-1
2013,720,1623074637167,-1,-1,-1
2014,710,1623074638214,-1,-1,-1
2015,709,1623074639118,-1,-1,-1
2016,710,1623074639118,-1,-1,-1
2017,734,1623074640162,-1,-1,-1
2018,818,1623074641065,-1,-1,-1
2019,899,1623074642063,-1,-1,-1
2020,847,1623074643063,-1,-1,-1
2021,844,1623074644015,-1,-1,-1
2022,823,1623074644015,-1,-1,-1
2023,814,1623074645014,-1,-1,-1
2024,793,1623074645967,-1,-1,-1
2025,774,1623074646969,-1,-1,-1
2026,760,1623074647916,-1,-1,-1
2027,747,1623074647916,-1,-1,-1
2028,735,1623074648920,-1,-1,-1
2029,735,1623074649917,-1,-1,-1
2030,738,1623074650863,-1,-1,-1
2031,758,1623074650863,-1,-1,-1
2032,761,1623074651868,-1,-1,-1
2033,757,1623074652817,-1,-1,-1
2034,775,1623074653816,-1,-1,-1
2035,777,1623074654764,-1,-1,-1
2036,772,1623074654764,-1,-1,-1
2037,766,1623074655768,-1,-1,-1
2038,778,1623074656719,-1,-1,-1
2039,782,1623074657713,-1,-1,-1
2040,768,1623074657713,-1,-1,-1
2041,775,1623074658718,-1,-1,-1
2042,769,1623074659667,-1,-1,-1
2043,773,1623074660670,-1,-1,-1
2044,1251,1623074661618,-1,-1,-1
2045,966,1623074662668,-1,-1,-1
2046,695,1623074663570,-1,-1,-1
2047,698,1623074664569,-1,-1,-1
2048,724,1623074664569,-1,-1,-1
2049,489,1623074665568,-1,-1,-1
2050,2110,1623074667517,-1,-1,-1
2051,1043,1623074668466,-1,-1,-1
2052,1202,1623074669468,-1,-1,-1
2053,797,1623074670419,-1,-1,-1
2054,791,1623074671419,-1,-1,-1
2055,930,1623074672369,-1,-1,-1
2056,645,1623074672369,-1,-1,-1
2057,727,1623074673369,-1,-1,-1
2058,742,1623074674369,-1,-1,-1
2059,751,1623074675368,-1,-1,-1
2060,750,1623074676317,-1,-1,-1
2061,769,1623074676317,-1,-1,-1
2062,756,1623074677269,-1,-1,-1
2063,819,1623074678264,-1,-1,-1
2064,747,1623074679220,-1,-1,-1
2065,751,1623074679220,-1,-1,-1
2066,753,1623074680219,-1,-1,-1
2067,755,1623074681219,-1,-1,-1
2068,752,1623074682169,-1,-1,-1
2069,723,1623074682169,-1,-1,-1
2070,728,1623074683168,-1,-1,-1
2071,783,1623074684118,-1,-1,-1
2072,756,1623074685114,-1,-1,-1
2073,909,1623074686167,-1,-1,-1
2074,978,1623074687068,-1,-1,-1
2075,521,1623074687068,-1,-1,-1
2076,364,1623074688064,-1,-1,-1
2077,797,1623074688064,-1,-1,-1
2078,757,1623074689014,-1,-1,-1
2079,738,1623074690069,-1,-1,-1
2080,705,1623074690964,-1,-1,-1
2081,700,1623074690964,-1,-1,-1
2082,700,1623074691966,-1,-1,-1
2083,714,1623074692919,-1,-1,-1
2084,724,1623074693920,-1,-1,-1
2085,743,1623074693921,-1,-1,-1
2086,771,1623074694916,-1,-1,-1
2087,799,1623074695868,-1,-1,-1
2088,773,1623074696863,-1,-1,-1
2089,834,1623074697813,-1,-1,-1
2090,373,1623074697813,-1,-1,-1
2091,330,1623074697813,-1,-1,-1
2092,787,1623074698819,-1,-1,-1
2093,1517,1623074700762,-1,-1,-1
2094,727,1623074700762,-1,-1,-1
2095,981,1623074702817,-1,-1,-1
2096,1242,1623074703719,-1,-1,-1
2097,758,1623074703719,-1,-1,-1
2098,800,1623074704669,-1,-1,-1
2099,800,1623074705668,-1,-1,-1
2100,785,1623074706669,-1,-1,-1
2101,896,1623074707619,-1,-1,-1
2102,625,1623074708618,-1,-1,-1
2103,1050,1623074709562,-1,-1,-1
2104,1131,1623074710620,-1,-1,-1
2105,544,1623074710620,-1,-1,-1
2106,1079,1623074711519,-1,-1,-1
2107,607,1623074712519,-1,-1,-1
2108,801,1623074713513,-1,-1,-1
2109,781,1623074714464,-1,-1,-1
2110,693,1623074714464,-1,-1,-1
2111,818,1623074715470,-1,-1,-1
2112,814,1623074716414,-1,-1,-1
2113,815,1623074717419,-1,-1,-1
2114,869,1623074718367,-1,-1,-1
2115,1223,1623074719467,-1,-1,-1
2116,394,1623074719467,-1,-1,-1
2117,614,1623074720319,-1,-1,-1
2118,490,1623074720319,-1,-1,-1
2119,459,1623074721368,-1,-1,-1
2120,709,1623074722314,-1,-1,-1
2121,676,1623074722314,-1,-1,-1
2122,775,1623074723269,-1,-1,-1
2123,742,1623074724264,-1,-1,-1
2124,728,1623074725219,-1,-1,-1
2125,765,1623074725219,-1,-1,-1
2126,715,1623074726219,-1,-1,-1
2127,746,1623074727215,-1,-1,-1
2128,744,1623074728168,-1,-1,-1
2129,712,1623074728168,-1,-1,-1
2130,772,1623074729164,-1,-1,-1
2131,762,1623074730118,-1,-1,-1
2132,777,1623074731119,-1,-1,-1
2133,754,1623074732068,-1,-1,-1
2134,755,1623074732068,-1,-1,-1
2135,751,1623074733167,-1,-1,-1
2136,746,1623074734014,-1,-1,-1
2137,741,1623074735014,-1,-1,-1
2138,736,1623074735014,-1,-1,-1
2139,737,1623074736014,-1,-1,-1
2140,750,1623074737017,-1,-1,-1
2141,778,1623074737964,-1,-1,-1
2142,782,1623074738919,-1,-1,-1
2143,780,1623074738920,-1,-1,-1
2144,789,1623074739921,-1,-1,-1
2145,784,1623074740869,-1,-1,-1
2146,783,1623074741869,-1,-1,-1
2147,799,1623074741869,-1,-1,-1
2148,957,1623074743818,-1,-1,-1
2149,750,1623074743818,-1,-1,-1
2150,662,1623074744814,-1,-1,-1
2151,614,1623074745769,-1,-1,-1
2152,1479,1623074746768,-1,-1,-1
2153,830,1623074747768,-1,-1,-1
2154,649,1623074748719,-1,-1,-1
2155,789,1623074748719,-1,-1,-1
2156,735,1623074749719,-1,-1,-1
2157,780,1623074750664,-1,-1,-1
2158,820,1623074751668,-1,-1,-1
2159,741,1623074752618,-1,-1,-1
2160,793,1623074752618,-1,-1,-1
2161,762,1623074753617,-1,-1,-1
2162,760,1623074754619,-1,-1,-1
2163,757,1623074755567,-1,-1,-1
2164,745,1623074755567,-1,-1,-1
2165,761,1623074756569,-1,-1,-1
2166,761,1623074757515,-1,-1,-1
2167,789,1623074758513,-1,-1,-1
2168,785,1623074759521,-1,-1,-1
2169,786,1623074759521,-1,-1,-1
2170,803,1623074760466,-1,-1,-1
2171,785,1623074761464,-1,-1,-1
2172,756,1623074762415,-1,-1,-1
2173,756,1623074763416,-1,-1,-1
2174,758,1623074763416,-1,-1,-1
2175,755,1623074764369,-1,-1,-1
2176,750,1623074765365,-1,-1,-1
2177,753,1623074766368,-1,-1,-1
2178,760,1623074766368,-1,-1,-1
2179,782,1623074767318,-1,-1,-1
2180,762,1623074768319,-1,-1,-1
2181,774,1623074769367,-1,-1,-1
2182,790,1623074770268,-1,-1,-1
2183,781,1623074770269,-1,-1,-1
2184,750,1623074771214,-1,-1,-1
2185,771,1623074772212,-1,-1,-1
2186,812,1623074773212,-1,-1,-1
2187,1062,1623074774167,-1,-1,-1
2188,573,1623074774167,-1,-1,-1
2189,1622,1623074776116,-1,-1,-1
2190,574,1623074777119,-1,-1,-1
2191,758,1623074777119,-1,-1,-1
2192,800,1623074778067,-1,-1,-1
2193,732,1623074779067,-1,-1,-1
2194,729,1623074780063,-1,-1,-1
2195,706,1623074781068,-1,-1,-1
2196,693,1623074781068,-1,-1,-1
2197,683,1623074782014,-1,-1,-1
2198,678,1623074782968,-1,-1,-1
2199,684,1623074782968,-1,-1,-1
2200,685,1623074783964,-1,-1,-1
2201,708,1623074784913,-1,-1,-1
2202,724,1623074785918,-1,-1,-1
2203,741,1623074785918,-1,-1,-1
2204,736,1623074786870,-1,-1,-1
2205,746,1623074787869,-1,-1,-1
2206,790,1623074788869,-1,-1,-1
2207,798,1623074788869,-1,-1,-1
2208,809,1623074789816,-1,-1,-1
2209,805,1623074790820,-1,-1,-1
2210,778,1623074791769,-1,-1,-1
2211,764,1623074792769,-1,-1,-1
2212,730,1623074792769,-1,-1,-1
2213,721,1623074793719,-1,-1,-1
2214,724,1623074794719,-1,-1,-1
2215,729,1623074795719,-1,-1,-1
2216,744,1623074795719,-1,-1,-1
2217,755,1623074796667,-1,-1,-1
2218,760,1623074797667,-1,-1,-1
2219,767,1623074798618,-1,-1,-1
2220,777,1623074799616,-1,-1,-1
2221,763,1623074799616,-1,-1,-1
2222,742,1623074800567,-1,-1,-1
2223,745,1623074801569,-1,-1,-1
2224,805,1623074802569,-1,-1,-1
2225,987,1623074803518,-1,-1,-1
2226,887,1623074804517,-1,-1,-1
2227,876,1623074804517,-1,-1,-1
2228,850,1623074805465,-1,-1,-1
2229,804,1623074806470,-1,-1,-1
2230,795,1623074807417,-1,-1,-1
2231,793,1623074808415,-1,-1,-1
2232,799,1623074809418,-1,-1,-1
2233,794,1623074809418,-1,-1,-1
2234,783,1623074810367,-1,-1,-1
2235,754,1623074811369,-1,-1,-1
2236,757,1623074812317,-1,-1,-1
2237,756,1623074812317,-1,-1,-1
2238,750,1623074813317,-1,-1,-1
2239,741,1623074814264,-1,-1,-1
2240,738,1623074815269,-1,-1,-1
2241,759,1623074816268,-1,-1,-1
2242,829,1623074816268,-1,-1,-1
2243,899,1623074817214,-1,-1,-1
2244,877,1623074818218,-1,-1,-1
2245,830,1623074819267,-1,-1,-1
2246,830,1623074820164,-1,-1,-1
2247,800,1623074821118,-1,-1,-1
2248,782,1623074822118,-1,-1,-1
2249,767,1623074822118,-1,-1,-1
2250,772,1623074823118,-1,-1,-1
2251,766,1623074824069,-1,-1,-1
2252,763,1623074825070,-1,-1,-1
2253,764,1623074825070,-1,-1,-1
2254,740,1623074826014,-1,-1,-1
2255,736,1623074827013,-1,-1,-1
2256,728,1623074828019,-1,-1,-1
2257,759,1623074828019,-1,-1,-1
2258,847,1623074828968,-1,-1,-1
2259,896,1623074829966,-1,-1,-1
2260,810,1623074830923,-1,-1,-1
2261,812,1623074831966,-1,-1,-1
2262,841,1623074832919,-1,-1,-1
2263,816,1623074833868,-1,-1,-1
2264,822,1623074833868,-1,-1,-1
2265,802,1623074834864,-1,-1,-1
2266,795,1623074835867,-1,-1,-1
2267,780,1623074836816,-1,-1,-1
2268,775,1623074837768,-1,-1,-1
2269,761,1623074837768,-1,-1,-1
2270,761,1623074838767,-1,-1,-1
2271,769,1623074839769,-1,-1,-1
2272,767,1623074840716,-1,-1,-1
2273,780,1623074841718,-1,-1,-1
2274,809,1623074841718,-1,-1,-1
2275,825,1623074842668,-1,-1,-1
2276,828,1623074843669,-1,-1,-1
2277,848,1623074844616,-1,-1,-1
2278,848,1623074845618,-1,-1,-1
2279,811,1623074846619,-1,-1,-1
2280,827,1623074847564,-1,-1,-1
2281,832,1623074847564,-1,-1,-1
2282,819,1623074848574,-1,-1,-1
2283,825,1623074849516,-1,-1,-1
2284,838,1623074850518,-1,-1,-1
2285,832,1623074851515,-1,-1,-1
2286,835,1623074852520,-1,-1,-1
2287,843,1623074852520,-1,-1,-1
2288,840,1623074853466,-1,-1,-1
2289,845,1623074854415,-1,-1,-1
2290,840,1623074855419,-1,-1,-1
2291,807,1623074856369,-1,-1,-1
2292,805,1623074857364,-1,-1,-1
2293,797,1623074858369,-1,-1,-1
2294,785,1623074858369,-1,-1,-1
2295,784,1623074859318,-1,-1,-1
2296,793,1623074860266,-1,-1,-1
2297,813,1623074861271,-1,-1,-1
2298,805,1623074862317,-1,-1,-1
2299,773,1623074862317,-1,-1,-1
2300,772,1623074863220,-1,-1,-1
2301,772,1623074864219,-1,-1,-1
2302,780,1623074865220,-1,-1,-1
2303,786,1623074866167,-1,-1,-1
2304,796,1623074866167,-1,-1,-1
2305,813,1623074867118,-1,-1,-1
2306,818,1623074868119,-1,-1,-1
2307,827,1623074869118,-1,-1,-1
2308,811,1623074870069,-1,-1,-1
2309,829,1623074871064,-1,-1,-1
2310,824,1623074871064,-1,-1,-1
2311,826,1623074872118,-1,-1,-1
2312,829,1623074873014,-1,-1,-1
2313,825,1623074874014,-1,-1,-1
2314,808,1623074874964,-1,-1,-1
2315,809,1623074875968,-1,-1,-1
2316,794,1623074875968,-1,-1,-1
2317,770,1623074876917,-1,-1,-1
2318,754,1623074877921,-1,-1,-1
2319,744,1623074878869,-1,-1,-1
2320,742,1623074878869,-1,-1,-1
2321,758,1623074879869,-1,-1,-1
2322,742,1623074880819,-1,-1,-1
2323,743,1623074881819,-1,-1,-1
2324,772,1623074882819,-1,-1,-1
2325,818,1623074882819,-1,-1,-1
2326,825,1623074883768,-1,-1,-1
2327,835,1623074884769,-1,-1,-1
2328,847,1623074885720,-1,-1,-1
2329,828,1623074886717,-1,-1,-1
2330,811,1623074887719,-1,-1,-1
2331,801,1623074887719,-1,-1,-1
2332,796,1623074888670,-1,-1,-1
2333,777,1623074889669,-1,-1,-1
2334,779,1623074890617,-1,-1,-1
2335,791,1623074891619,-1,-1,-1
2336,805,1623074892569,-1,-1,-1
2337,803,1623074892569,-1,-1,-1
2338,815,1623074893569,-1,-1,-1
2339,825,1623074894514,-1,-1,-1
2340,815,1623074895523,-1,-1,-1
2341,824,1623074896616,-1,-1,-1
2342,825,1623074897463,-1,-1,-1
2343,810,1623074897463,-1,-1,-1
2344,807,1623074898468,-1,-1,-1
2345,805,1623074899416,-1,-1,-1
2346,794,1623074900418,-1,-1,-1
2347,793,1623074901418,-1,-1,-1
2348,781,1623074901418,-1,-1,-1
2349,772,1623074902368,-1,-1,-1
2350,765,1623074903368,-1,-1,-1
2351,743,1623074904318,-1,-1,-1
2352,746,1623074905319,-1,-1,-1
2353,750,1623074905319,-1,-1,-1
2354,726,1623074906268,-1,-1,-1
2355,705,1623074907270,-1,-1,-1
2356,737,1623074908270,-1,-1,-1
2357,656,1623074908270,-1,-1,-1
2358,700,1623074909218,-1,-1,-1
2359,683,1623074910215,-1,-1,-1
2360,677,1623074910215,-1,-1,-1
2361,679,1623074911162,-1,-1,-1
2362,684,1623074912218,-1,-1,-1
2363,713,1623074912218,-1,-1,-1
2364,731,1623074913116,-1,-1,-1
2365,734,1623074914114,-1,-1,-1
2366,739,1623074915116,-1,-1,-1
2367,734,1623074915116,-1,-1,-1
2368,727,1623074916064,-1,-1,-1
2369,716,1623074917067,-1,-1,-1
2370,704,1623074918019,-1,-1,-1
2371,704,1623074918019,-1,-1,-1
2372,693,1623074919013,-1,-1,-1
2373,670,1623074920012,-1,-1,-1
2374,706,1623074920012,-1,-1,-1
2375,689,1623074920968,-1,-1,-1
2376,711,1623074921967,-1,-1,-1
2377,750,1623074922919,-1,-1,-1
2378,741,1623074922919,-1,-1,-1
2379,740,1623074923919,-1,-1,-1
2380,751,1623074924921,-1,-1,-1
2381,764,1623074925869,-1,-1,-1
2382,784,1623074925869,-1,-1,-1
2383,803,1623074927019,-1,-1,-1
2384,802,1623074927818,-1,-1,-1
2385,799,1623074928868,-1,-1,-1
2386,786,1623074929766,-1,-1,-1
2387,768,1623074930768,-1,-1,-1
2388,755,1623074930768,-1,-1,-1
2389,744,1623074931716,-1,-1,-1
2390,745,1623074932718,-1,-1,-1
2391,741,1623074933719,-1,-1,-1
2392,739,1623074933719,-1,-1,-1
2393,734,1623074934667,-1,-1,-1
2394,744,1623074935671,-1,-1,-1
2395,765,1623074936619,-1,-1,-1
2396,846,1623074937619,-1,-1,-1
2397,820,1623074937619,-1,-1,-1
2398,803,1623074938566,-1,-1,-1
2399,797,1623074939669,-1,-1,-1
2400,772,1623074940518,-1,-1,-1
2401,772,1623074941569,-1,-1,-1
2402,774,1623074941569,-1,-1,-1
2403,789,1623074942519,-1,-1,-1
2404,769,1623074943468,-1,-1,-1
2405,776,1623074944467,-1,-1,-1
2406,771,1623074945418,-1,-1,-1
2407,771,1623074945418,-1,-1,-1
2408,778,1623074946418,-1,-1,-1
2409,778,1623074947416,-1,-1,-1
2410,756,1623074948369,-1,-1,-1
2411,750,1623074948369,-1,-1,-1
2412,750,1623074949369,-1,-1,-1
2413,741,1623074950362,-1,-1,-1
2414,741,1623074951319,-1,-1,-1
2415,750,1623074951319,-1,-1,-1
2416,764,1623074952269,-1,-1,-1
2417,776,1623074953264,-1,-1,-1
2418,782,1623074954215,-1,-1,-1
2419,808,1623074955218,-1,-1,-1
2420,807,1623074956219,-1,-1,-1
2421,794,1623074956219,-1,-1,-1
2422,801,1623074957167,-1,-1,-1
2423,790,1623074958216,-1,-1,-1
2424,777,1623074959116,-1,-1,-1
2425,778,1623074960117,-1,-1,-1
2426,789,1623074960117,-1,-1,-1
2427,787,1623074961064,-1,-1,-1
2428,782,1623074962068,-1,-1,-1
2429,786,1623074963068,-1,-1,-1
2430,792,1623074964014,-1,-1,-1
2431,788,1623074964014,-1,-1,-1
2432,790,1623074965014,-1,-1,-1
2433,789,1623074965968,-1,-1,-1
2434,783,1623074966969,-1,-1,-1
2435,769,1623074967922,-1,-1,-1
2436,775,1623074967922,-1,-1,-1
2437,766,1623074968919,-1,-1,-1
2438,756,1623074969916,-1,-1,-1
2439,756,1623074970869,-1,-1,-1
2440,770,1623074971865,-1,-1,-1
2441,735,1623074971865,-1,-1,-1
2442,727,1623074972818,-1,-1,-1
2443,721,1623074973817,-1,-1,-1
2444,702,1623074973817,-1,-1,-1
2445,696,1623074974769,-1,-1,-1
2446,705,1623074975767,-1,-1,-1
2447,714,1623074976767,-1,-1,-1
2448,702,1623074976767,-1,-1,-1
2449,697,1623074977718,-1,-1,-1
2450,694,1623074978714,-1,-1,-1
2451,711,1623074978714,-1,-1,-1
2452,718,1623074979663,-1,-1,-1
2453,718,1623074980667,-1,-1,-1
2454,728,1623074981717,-1,-1,-1
2455,759,1623074981717,-1,-1,-1
2456,698,1623074982616,-1,-1,-1
2457,716,1623074983617,-1,-1,-1
2458,771,1623074984569,-1,-1,-1
2459,700,1623074984569,-1,-1,-1
2460,705,1623074985569,-1,-1,-1
2461,674,1623074986519,-1,-1,-1
2462,706,1623074987518,-1,-1,-1
2463,704,1623074987518,-1,-1,-1
2464,709,1623074988469,-1,-1,-1
2465,741,1623074989468,-1,-1,-1
2466,715,1623074989468,-1,-1,-1
2467,806,1623074990469,-1,-1,-1
2468,699,1623074991419,-1,-1,-1
2469,765,1623074992412,-1,-1,-1
2470,734,1623074993369,-1,-1,-1
2471,766,1623074993369,-1,-1,-1
2472,764,1623074994369,-1,-1,-1
2473,778,1623074995369,-1,-1,-1
2474,773,1623074996318,-1,-1,-1
2475,784,1623074996318,-1,-1,-1
2476,780,1623074997317,-1,-1,-1
2477,769,1623074998268,-1,-1,-1
2478,775,1623074999269,-1,-1,-1
2479,778,1623075000215,-1,-1,-1
2480,768,1623075000215,-1,-1,-1
2481,761,1623075001217,-1,-1,-1
2482,761,1623075002214,-1,-1,-1
2483,759,1623075003168,-1,-1,-1
2484,747,1623075004169,-1,-1,-1
2485,750,1623075004169,-1,-1,-1
2486,761,1623075005117,-1,-1,-1
2487,781,1623075006116,-1,-1,-1
2488,765,1623075007064,-1,-1,-1
2489,756,1623075007065,-1,-1,-1
2490,752,1623075008063,-1,-1,-1
2491,745,1623075009015,-1,-1,-1
2492,741,1623075010014,-1,-1,-1
2493,748,1623075011167,-1,-1,-1
2494,742,1623075011167,-1,-1,-1
2495,748,1623075011964,-1,-1,-1
2496,751,1623075012962,-1,-1,-1
2497,751,1623075013915,-1,-1,-1
2498,762,1623075013915,-1,-1,-1
2499,752,1623075014917,-1,-1,-1
2500,483,1623075015921,-1,-1,-1
2501,541,1623075015921,-1,-1,-1
2502,435,1623075016868,-1,-1,-1
2503,690,1623075016868,-1,-1,-1
2504,710,1623075017863,-1,-1,-1
2505,666,1623075018822,-1,-1,-1
2506,699,1623075018822,-1,-1,-1
2507,748,1623075019866,-1,-1,-1
2508,739,1623075020767,-1,-1,-1
2509,750,1623075021764,-1,-1,-1
2510,761,1623075022766,-1,-1,-1
2511,751,1623075022766,-1,-1,-1
2512,757,1623075023720,-1,-1,-1
2513,751,1623075024718,-1,-1,-1
2514,746,1623075025663,-1,-1,-1
2515,751,1623075025663,-1,-1,-1
2516,760,1623075026665,-1,-1,-1
2517,742,1623075027613,-1,-1,-1
2518,1242,1623075028616,-1,-1,-1
