,RR,Timestamp,SensorContact,errorEstimate,blockerBit
0,711,1628105362358,-1,-1,-1
1,703,1628105362358,-1,-1,-1
2,711,1628105362792,-1,-1,-1
3,639,1628105362792,-1,-1,-1
4,679,1628105364788,-1,-1,-1
5,703,1628105365782,-1,-1,-1
6,591,1628105366797,-1,-1,-1
7,679,1628105366797,-1,-1,-1
8,679,1628105367788,-1,-1,-1
9,687,1628105368779,-1,-1,-1
10,687,1628105368779,-1,-1,-1
11,703,1628105369803,-1,-1,-1
12,695,1628105370793,-1,-1,-1
13,679,1628105370793,-1,-1,-1
14,663,1628105371779,-1,-1,-1
15,679,1628105372798,-1,-1,-1
16,647,1628105372799,-1,-1,-1
17,631,1628105373787,-1,-1,-1
18,639,1628105374778,-1,-1,-1
19,663,1628105374778,-1,-1,-1
20,663,1628105375798,-1,-1,-1
21,639,1628105376787,-1,-1,-1
22,639,1628105376787,-1,-1,-1
23,647,1628105377777,-1,-1,-1
24,663,1628105378798,-1,-1,-1
25,679,1628105378798,-1,-1,-1
26,631,1628105379789,-1,-1,-1
27,663,1628105380776,-1,-1,-1
28,663,1628105380776,-1,-1,-1
29,655,1628105381797,-1,-1,-1
30,639,1628105381797,-1,-1,-1
31,687,1628105382818,-1,-1,-1
32,711,1628105383807,-1,-1,-1
33,671,1628105384799,-1,-1,-1
34,655,1628105384799,-1,-1,-1
35,687,1628105385788,-1,-1,-1
36,655,1628105386779,-1,-1,-1
37,647,1628105386779,-1,-1,-1
38,647,1628105387799,-1,-1,-1
39,639,1628105388787,-1,-1,-1
40,647,1628105388787,-1,-1,-1
41,647,1628105389778,-1,-1,-1
42,631,1628105389779,-1,-1,-1
43,631,1628105390798,-1,-1,-1
44,655,1628105391787,-1,-1,-1
45,687,1628105391787,-1,-1,-1
46,615,1628105392776,-1,-1,-1
47,687,1628105393798,-1,-1,-1
48,679,1628105393798,-1,-1,-1
49,663,1628105394787,-1,-1,-1
50,679,1628105395777,-1,-1,-1
51,663,1628105395777,-1,-1,-1
52,703,1628105396798,-1,-1,-1
53,647,1628105397787,-1,-1,-1
54,655,1628105397787,-1,-1,-1
55,647,1628105398777,-1,-1,-1
56,687,1628105399796,-1,-1,-1
57,615,1628105399797,-1,-1,-1
58,655,1628105400786,-1,-1,-1
59,639,1628105401776,-1,-1,-1
60,711,1628105401776,-1,-1,-1
61,591,1628105402798,-1,-1,-1
62,655,1628105403787,-1,-1,-1
63,655,1628105403787,-1,-1,-1
64,679,1628105404777,-1,-1,-1
65,639,1628105405797,-1,-1,-1
66,671,1628105405798,-1,-1,-1
67,647,1628105406787,-1,-1,-1
68,679,1628105407777,-1,-1,-1
69,655,1628105407777,-1,-1,-1
70,647,1628105408798,-1,-1,-1
71,663,1628105409786,-1,-1,-1
72,671,1628105409786,-1,-1,-1
73,655,1628105410776,-1,-1,-1
74,631,1628105411796,-1,-1,-1
75,639,1628105411796,-1,-1,-1
76,679,1628105412786,-1,-1,-1
77,631,1628105412786,-1,-1,-1
78,647,1628105413777,-1,-1,-1
79,631,1628105414797,-1,-1,-1
80,639,1628105414797,-1,-1,-1
81,655,1628105415817,-1,-1,-1
82,631,1628105416806,-1,-1,-1
83,663,1628105416807,-1,-1,-1
84,663,1628105417798,-1,-1,-1
85,655,1628105418791,-1,-1,-1
86,655,1628105418791,-1,-1,-1
87,647,1628105419777,-1,-1,-1
88,655,1628105420797,-1,-1,-1
89,663,1628105420797,-1,-1,-1
90,639,1628105421788,-1,-1,-1
91,631,1628105422779,-1,-1,-1
92,607,1628105422779,-1,-1,-1
93,639,1628105423802,-1,-1,-1
94,615,1628105423802,-1,-1,-1
95,615,1628105424787,-1,-1,-1
96,615,1628105425777,-1,-1,-1
97,631,1628105425777,-1,-1,-1
98,615,1628105426801,-1,-1,-1
99,623,1628105427788,-1,-1,-1
100,607,1628105427788,-1,-1,-1
101,431,1628105428778,-1,-1,-1
102,847,1628105428778,-1,-1,-1
103,631,1628105429797,-1,-1,-1
104,719,1628105430787,-1,-1,-1
105,711,1628105430787,-1,-1,-1
106,791,1628105433788,-1,-1,-1
107,719,1628105433788,-1,-1,-1
108,679,1628105434777,-1,-1,-1
109,663,1628105435767,-1,-1,-1
110,671,1628105435767,-1,-1,-1
111,663,1628105436787,-1,-1,-1
112,623,1628105437778,-1,-1,-1
113,631,1628105437778,-1,-1,-1
114,671,1628105438767,-1,-1,-1
115,615,1628105438768,-1,-1,-1
116,631,1628105439788,-1,-1,-1
117,623,1628105440777,-1,-1,-1
118,623,1628105440777,-1,-1,-1
119,623,1628105441767,-1,-1,-1
120,615,1628105442788,-1,-1,-1
121,567,1628105442788,-1,-1,-1
122,695,1628105443778,-1,-1,-1
123,647,1628105443779,-1,-1,-1
124,615,1628105444767,-1,-1,-1
125,695,1628105445787,-1,-1,-1
126,703,1628105446779,-1,-1,-1
127,687,1628105446779,-1,-1,-1
128,663,1628105447769,-1,-1,-1
129,679,1628105449812,-1,-1,-1
130,663,1628105450768,-1,-1,-1
131,687,1628105450768,-1,-1,-1
132,679,1628105451787,-1,-1,-1
133,631,1628105452777,-1,-1,-1
134,695,1628105452777,-1,-1,-1
135,671,1628105453767,-1,-1,-1
136,727,1628105454787,-1,-1,-1
137,703,1628105454787,-1,-1,-1
138,663,1628105455780,-1,-1,-1
139,703,1628105456774,-1,-1,-1
140,719,1628105456774,-1,-1,-1
141,679,1628105457795,-1,-1,-1
142,639,1628105458778,-1,-1,-1
143,695,1628105458778,-1,-1,-1
144,679,1628105459768,-1,-1,-1
145,519,1628105460786,-1,-1,-1
146,583,1628105465767,-1,-1,-1
147,567,1628105466787,-1,-1,-1
148,591,1628105470778,-1,-1,-1
149,607,1628105471767,-1,-1,-1
150,615,1628105471767,-1,-1,-1
151,607,1628105472787,-1,-1,-1
152,623,1628105472787,-1,-1,-1
153,647,1628105473777,-1,-1,-1
154,671,1628105474767,-1,-1,-1
155,687,1628105474767,-1,-1,-1
156,663,1628105475787,-1,-1,-1
157,631,1628105476777,-1,-1,-1
158,663,1628105476777,-1,-1,-1
159,671,1628105477767,-1,-1,-1
160,679,1628105478787,-1,-1,-1
161,703,1628105478787,-1,-1,-1
162,671,1628105479780,-1,-1,-1
163,679,1628105480767,-1,-1,-1
164,679,1628105480767,-1,-1,-1
165,631,1628105481818,-1,-1,-1
166,695,1628105482807,-1,-1,-1
167,695,1628105482807,-1,-1,-1
168,663,1628105483766,-1,-1,-1
169,575,1628105484788,-1,-1,-1
170,767,1628105484788,-1,-1,-1
171,727,1628105485778,-1,-1,-1
172,655,1628105486767,-1,-1,-1
173,703,1628105487787,-1,-1,-1
174,719,1628105489767,-1,-1,-1
175,695,1628105489767,-1,-1,-1
176,695,1628105490786,-1,-1,-1
177,671,1628105491778,-1,-1,-1
178,655,1628105491778,-1,-1,-1
179,671,1628105492766,-1,-1,-1
180,687,1628105493787,-1,-1,-1
181,655,1628105493787,-1,-1,-1
182,679,1628105494778,-1,-1,-1
183,671,1628105495767,-1,-1,-1
184,695,1628105495767,-1,-1,-1
185,679,1628105496787,-1,-1,-1
186,719,1628105497777,-1,-1,-1
187,623,1628105497777,-1,-1,-1
188,687,1628105498767,-1,-1,-1
189,655,1628105499787,-1,-1,-1
190,679,1628105500777,-1,-1,-1
191,663,1628105504767,-1,-1,-1
192,679,1628105504767,-1,-1,-1
193,647,1628105505788,-1,-1,-1
194,711,1628105506777,-1,-1,-1
195,623,1628105507767,-1,-1,-1
196,663,1628105508787,-1,-1,-1
197,655,1628105509777,-1,-1,-1
198,647,1628105509777,-1,-1,-1
199,655,1628105510767,-1,-1,-1
200,703,1628105511787,-1,-1,-1
201,855,1628105512781,-1,-1,-1
202,663,1628105513767,-1,-1,-1
203,679,1628105514818,-1,-1,-1
204,639,1628105515807,-1,-1,-1
205,647,1628105515807,-1,-1,-1
206,647,1628105516767,-1,-1,-1
207,639,1628105517787,-1,-1,-1
208,647,1628105517787,-1,-1,-1
209,639,1628105518778,-1,-1,-1
210,671,1628105519767,-1,-1,-1
211,655,1628105519767,-1,-1,-1
212,679,1628105520789,-1,-1,-1
213,647,1628105521777,-1,-1,-1
214,639,1628105521777,-1,-1,-1
215,663,1628105522767,-1,-1,-1
216,655,1628105523787,-1,-1,-1
217,639,1628105523787,-1,-1,-1
218,631,1628105524777,-1,-1,-1
219,671,1628105527778,-1,-1,-1
220,711,1628105528767,-1,-1,-1
221,615,1628105528767,-1,-1,-1
222,695,1628105529790,-1,-1,-1
223,655,1628105530778,-1,-1,-1
224,663,1628105530778,-1,-1,-1
225,655,1628105531767,-1,-1,-1
226,655,1628105532787,-1,-1,-1
227,663,1628105532787,-1,-1,-1
228,631,1628105533777,-1,-1,-1
229,655,1628105534767,-1,-1,-1
230,615,1628105534767,-1,-1,-1
231,655,1628105535788,-1,-1,-1
232,663,1628105536778,-1,-1,-1
233,663,1628105536778,-1,-1,-1
234,655,1628105537767,-1,-1,-1
235,647,1628105538786,-1,-1,-1
236,647,1628105538786,-1,-1,-1
237,631,1628105539777,-1,-1,-1
238,615,1628105540767,-1,-1,-1
239,631,1628105540767,-1,-1,-1
240,639,1628105541787,-1,-1,-1
241,639,1628105541787,-1,-1,-1
242,655,1628105542778,-1,-1,-1
243,591,1628105543767,-1,-1,-1
244,631,1628105543767,-1,-1,-1
245,655,1628105544787,-1,-1,-1
246,639,1628105545778,-1,-1,-1
247,615,1628105545778,-1,-1,-1
248,615,1628105546767,-1,-1,-1
249,631,1628105548777,-1,-1,-1
250,607,1628105548778,-1,-1,-1
251,623,1628105549767,-1,-1,-1
252,567,1628105551778,-1,-1,-1
253,679,1628105553787,-1,-1,-1
254,623,1628105555767,-1,-1,-1
255,559,1628105556787,-1,-1,-1
256,663,1628105557778,-1,-1,-1
257,583,1628105569778,-1,-1,-1
258,639,1628105572777,-1,-1,-1
259,543,1628105573767,-1,-1,-1
260,711,1628105574787,-1,-1,-1
261,663,1628105574787,-1,-1,-1
262,639,1628105575778,-1,-1,-1
263,631,1628105576768,-1,-1,-1
264,647,1628105576768,-1,-1,-1
265,639,1628105579767,-1,-1,-1
266,639,1628105580757,-1,-1,-1
267,647,1628105580757,-1,-1,-1
268,575,1628105581778,-1,-1,-1
269,615,1628105581778,-1,-1,-1
270,663,1628105582767,-1,-1,-1
271,663,1628105583787,-1,-1,-1
272,647,1628105583787,-1,-1,-1
273,647,1628105584777,-1,-1,-1
274,623,1628105585767,-1,-1,-1
275,663,1628105585767,-1,-1,-1
276,647,1628105586787,-1,-1,-1
277,623,1628105587777,-1,-1,-1
278,647,1628105587777,-1,-1,-1
279,655,1628105588767,-1,-1,-1
280,615,1628105588767,-1,-1,-1
281,655,1628105589757,-1,-1,-1
282,671,1628105590777,-1,-1,-1
283,623,1628105590777,-1,-1,-1
284,647,1628105591767,-1,-1,-1
285,671,1628105592757,-1,-1,-1
286,663,1628105592757,-1,-1,-1
287,631,1628105593778,-1,-1,-1
288,663,1628105594768,-1,-1,-1
289,663,1628105594768,-1,-1,-1
290,639,1628105595757,-1,-1,-1
291,663,1628105596778,-1,-1,-1
292,631,1628105596778,-1,-1,-1
293,631,1628105601757,-1,-1,-1
294,639,1628105601757,-1,-1,-1
295,599,1628105602779,-1,-1,-1
296,631,1628105603767,-1,-1,-1
297,647,1628105603767,-1,-1,-1
298,607,1628105604757,-1,-1,-1
299,631,1628105604757,-1,-1,-1
300,655,1628105605777,-1,-1,-1
301,647,1628105606767,-1,-1,-1
302,623,1628105606767,-1,-1,-1
303,615,1628105607757,-1,-1,-1
304,615,1628105608777,-1,-1,-1
305,663,1628105608777,-1,-1,-1
306,647,1628105609767,-1,-1,-1
307,623,1628105610757,-1,-1,-1
308,599,1628105610757,-1,-1,-1
309,703,1628105611779,-1,-1,-1
310,615,1628105611779,-1,-1,-1
311,687,1628105612767,-1,-1,-1
312,639,1628105613756,-1,-1,-1
313,679,1628105613756,-1,-1,-1
314,671,1628105614777,-1,-1,-1
315,679,1628105615767,-1,-1,-1
316,655,1628105615767,-1,-1,-1
317,687,1628105616787,-1,-1,-1
318,671,1628105617777,-1,-1,-1
319,671,1628105618767,-1,-1,-1
320,663,1628105618767,-1,-1,-1
321,663,1628105619757,-1,-1,-1
322,639,1628105619757,-1,-1,-1
323,639,1628105620778,-1,-1,-1
324,679,1628105621768,-1,-1,-1
325,647,1628105623777,-1,-1,-1
326,647,1628105623778,-1,-1,-1
327,655,1628105624767,-1,-1,-1
328,655,1628105625757,-1,-1,-1
329,655,1628105625757,-1,-1,-1
330,671,1628105626777,-1,-1,-1
331,679,1628105627767,-1,-1,-1
332,671,1628105627767,-1,-1,-1
333,663,1628105628757,-1,-1,-1
334,679,1628105629777,-1,-1,-1
335,535,1628105629778,-1,-1,-1
336,791,1628105630800,-1,-1,-1
337,631,1628105631787,-1,-1,-1
338,639,1628105631787,-1,-1,-1
339,623,1628105632778,-1,-1,-1
340,647,1628105638777,-1,-1,-1
341,639,1628105638777,-1,-1,-1
342,615,1628105639766,-1,-1,-1
343,671,1628105639766,-1,-1,-1
344,559,1628105640756,-1,-1,-1
345,663,1628105642767,-1,-1,-1
346,631,1628105643757,-1,-1,-1
347,615,1628105643757,-1,-1,-1
348,647,1628105644777,-1,-1,-1
349,631,1628105645767,-1,-1,-1
350,639,1628105645767,-1,-1,-1
351,647,1628105646757,-1,-1,-1
352,663,1628105646757,-1,-1,-1
353,663,1628105647777,-1,-1,-1
354,631,1628105648768,-1,-1,-1
355,647,1628105648768,-1,-1,-1
356,671,1628105649757,-1,-1,-1
357,639,1628105650782,-1,-1,-1
358,647,1628105650782,-1,-1,-1
359,639,1628105651767,-1,-1,-1
360,631,1628105652757,-1,-1,-1
361,655,1628105652757,-1,-1,-1
362,647,1628105653778,-1,-1,-1
363,647,1628105654767,-1,-1,-1
364,655,1628105654767,-1,-1,-1
365,663,1628105655756,-1,-1,-1
366,655,1628105656777,-1,-1,-1
367,631,1628105656777,-1,-1,-1
368,639,1628105657768,-1,-1,-1
369,663,1628105658757,-1,-1,-1
370,647,1628105658757,-1,-1,-1
371,647,1628105659777,-1,-1,-1
372,639,1628105659777,-1,-1,-1
373,671,1628105660767,-1,-1,-1
374,671,1628105661758,-1,-1,-1
375,663,1628105661758,-1,-1,-1
376,655,1628105662778,-1,-1,-1
377,679,1628105663797,-1,-1,-1
378,663,1628105663797,-1,-1,-1
379,655,1628105664787,-1,-1,-1
380,663,1628105665778,-1,-1,-1
381,695,1628105665778,-1,-1,-1
382,663,1628105666767,-1,-1,-1
383,655,1628105667757,-1,-1,-1
384,671,1628105667757,-1,-1,-1
385,671,1628105668778,-1,-1,-1
386,647,1628105669768,-1,-1,-1
387,663,1628105669768,-1,-1,-1
388,655,1628105670757,-1,-1,-1
389,655,1628105671777,-1,-1,-1
390,615,1628105671777,-1,-1,-1
391,639,1628105672768,-1,-1,-1
392,623,1628105673757,-1,-1,-1
393,607,1628105673757,-1,-1,-1
394,615,1628105674778,-1,-1,-1
395,639,1628105674778,-1,-1,-1
396,623,1628105675772,-1,-1,-1
397,615,1628105676764,-1,-1,-1
398,607,1628105676764,-1,-1,-1
399,631,1628105677777,-1,-1,-1
400,639,1628105678766,-1,-1,-1
401,631,1628105678766,-1,-1,-1
402,631,1628105679756,-1,-1,-1
403,623,1628105680777,-1,-1,-1
404,655,1628105680777,-1,-1,-1
405,663,1628105681767,-1,-1,-1
406,639,1628105681767,-1,-1,-1
407,655,1628105682756,-1,-1,-1
408,655,1628105683777,-1,-1,-1
409,671,1628105683777,-1,-1,-1
410,655,1628105684766,-1,-1,-1
411,647,1628105685757,-1,-1,-1
412,639,1628105685757,-1,-1,-1
413,647,1628105686778,-1,-1,-1
414,671,1628105687767,-1,-1,-1
415,639,1628105687767,-1,-1,-1
416,647,1628105688757,-1,-1,-1
417,639,1628105689778,-1,-1,-1
418,663,1628105689778,-1,-1,-1
419,655,1628105690767,-1,-1,-1
420,655,1628105691757,-1,-1,-1
421,655,1628105691757,-1,-1,-1
422,647,1628105692777,-1,-1,-1
423,679,1628105693767,-1,-1,-1
424,663,1628105693767,-1,-1,-1
425,663,1628105694756,-1,-1,-1
426,663,1628105695777,-1,-1,-1
427,663,1628105695777,-1,-1,-1
428,663,1628105696797,-1,-1,-1
429,639,1628105697787,-1,-1,-1
430,647,1628105697787,-1,-1,-1
431,671,1628105698777,-1,-1,-1
432,655,1628105699767,-1,-1,-1
433,647,1628105699767,-1,-1,-1
434,647,1628105700757,-1,-1,-1
435,687,1628105701777,-1,-1,-1
436,695,1628105701777,-1,-1,-1
437,591,1628105702767,-1,-1,-1
438,631,1628105702767,-1,-1,-1
439,639,1628105703757,-1,-1,-1
440,679,1628105704780,-1,-1,-1
441,663,1628105704780,-1,-1,-1
442,647,1628105705767,-1,-1,-1
443,623,1628105706757,-1,-1,-1
444,679,1628105708767,-1,-1,-1
445,631,1628105709756,-1,-1,-1
446,671,1628105710777,-1,-1,-1
447,647,1628105711767,-1,-1,-1
448,615,1628105713747,-1,-1,-1
449,639,1628105714773,-1,-1,-1
450,583,1628105715765,-1,-1,-1
451,599,1628105715765,-1,-1,-1
452,575,1628105716746,-1,-1,-1
453,623,1628105719746,-1,-1,-1
454,607,1628105719747,-1,-1,-1
455,607,1628105720767,-1,-1,-1
456,615,1628105721756,-1,-1,-1
457,631,1628105721757,-1,-1,-1
458,631,1628105722748,-1,-1,-1
459,623,1628105723767,-1,-1,-1
460,631,1628105723767,-1,-1,-1
461,647,1628105724757,-1,-1,-1
462,631,1628105724757,-1,-1,-1
463,639,1628105725746,-1,-1,-1
464,607,1628105726767,-1,-1,-1
465,583,1628105726767,-1,-1,-1
466,663,1628105731746,-1,-1,-1
467,623,1628105732767,-1,-1,-1
468,639,1628105733757,-1,-1,-1
469,623,1628105736757,-1,-1,-1
470,631,1628105736757,-1,-1,-1
471,655,1628105737747,-1,-1,-1
472,623,1628105738767,-1,-1,-1
473,655,1628105740747,-1,-1,-1
474,631,1628105740747,-1,-1,-1
475,623,1628105741767,-1,-1,-1
476,623,1628105742758,-1,-1,-1
477,655,1628105742758,-1,-1,-1
478,655,1628105743746,-1,-1,-1
479,647,1628105744767,-1,-1,-1
480,639,1628105744767,-1,-1,-1
481,663,1628105745757,-1,-1,-1
482,623,1628105747767,-1,-1,-1
483,639,1628105747767,-1,-1,-1
484,615,1628105748757,-1,-1,-1
485,607,1628105749746,-1,-1,-1
486,607,1628105749746,-1,-1,-1
487,607,1628105750767,-1,-1,-1
488,639,1628105750767,-1,-1,-1
489,575,1628105751757,-1,-1,-1
490,615,1628105752747,-1,-1,-1
491,631,1628105752747,-1,-1,-1
492,607,1628105753767,-1,-1,-1
493,623,1628105753767,-1,-1,-1
494,631,1628105754757,-1,-1,-1
495,631,1628105755747,-1,-1,-1
496,631,1628105755748,-1,-1,-1
497,639,1628105756766,-1,-1,-1
498,607,1628105757757,-1,-1,-1
499,607,1628105757757,-1,-1,-1
500,647,1628105758747,-1,-1,-1
501,639,1628105759767,-1,-1,-1
502,607,1628105759767,-1,-1,-1
503,599,1628105760757,-1,-1,-1
504,647,1628105760757,-1,-1,-1
505,575,1628105761747,-1,-1,-1
506,607,1628105762798,-1,-1,-1
507,559,1628105762798,-1,-1,-1
508,559,1628105763787,-1,-1,-1
509,639,1628105763787,-1,-1,-1
510,551,1628105764747,-1,-1,-1
511,591,1628105766757,-1,-1,-1
512,599,1628105766757,-1,-1,-1
513,647,1628105767749,-1,-1,-1
514,567,1628105768767,-1,-1,-1
515,647,1628105768767,-1,-1,-1
516,591,1628105770748,-1,-1,-1
517,607,1628105771766,-1,-1,-1
518,639,1628105771766,-1,-1,-1
519,647,1628105772757,-1,-1,-1
520,639,1628105773747,-1,-1,-1
521,575,1628105773747,-1,-1,-1
522,655,1628105774767,-1,-1,-1
523,551,1628105774767,-1,-1,-1
524,631,1628105775758,-1,-1,-1
525,655,1628105778757,-1,-1,-1
526,703,1628105778757,-1,-1,-1
527,775,1628105779746,-1,-1,-1
528,767,1628105780767,-1,-1,-1
529,703,1628105781757,-1,-1,-1
530,687,1628105781757,-1,-1,-1
531,703,1628105782746,-1,-1,-1
532,687,1628105783767,-1,-1,-1
533,671,1628105783767,-1,-1,-1
534,663,1628105784757,-1,-1,-1
535,703,1628105785746,-1,-1,-1
536,711,1628105786767,-1,-1,-1
537,711,1628105786767,-1,-1,-1
538,711,1628105787757,-1,-1,-1
539,775,1628105788746,-1,-1,-1
540,767,1628105788746,-1,-1,-1
541,719,1628105789767,-1,-1,-1
542,687,1628105790756,-1,-1,-1
543,759,1628105792767,-1,-1,-1
544,599,1628105792767,-1,-1,-1
545,671,1628105793757,-1,-1,-1
546,655,1628105796787,-1,-1,-1
547,687,1628105796787,-1,-1,-1
548,711,1628105797747,-1,-1,-1
549,743,1628105798767,-1,-1,-1
550,495,1628105800747,-1,-1,-1
551,679,1628105802757,-1,-1,-1
552,655,1628105803747,-1,-1,-1
553,647,1628105803747,-1,-1,-1
554,607,1628105804768,-1,-1,-1
555,663,1628105808757,-1,-1,-1
556,639,1628105809753,-1,-1,-1
557,639,1628105810768,-1,-1,-1
558,655,1628105810768,-1,-1,-1
559,695,1628105811757,-1,-1,-1
560,655,1628105816767,-1,-1,-1
561,559,1628105816767,-1,-1,-1
562,687,1628105817757,-1,-1,-1
563,655,1628105818747,-1,-1,-1
564,535,1628105818747,-1,-1,-1
565,735,1628105819767,-1,-1,-1
566,647,1628105821747,-1,-1,-1
567,591,1628105822773,-1,-1,-1
568,679,1628105824746,-1,-1,-1
569,679,1628105824747,-1,-1,-1
570,759,1628105826757,-1,-1,-1
571,703,1628105827747,-1,-1,-1
572,695,1628105828801,-1,-1,-1
573,711,1628105829757,-1,-1,-1
574,671,1628105829757,-1,-1,-1
575,719,1628105830746,-1,-1,-1
576,631,1628105831767,-1,-1,-1
577,719,1628105831767,-1,-1,-1
578,599,1628105832756,-1,-1,-1
579,759,1628105833747,-1,-1,-1
580,639,1628105833747,-1,-1,-1
581,695,1628105834766,-1,-1,-1
582,687,1628105835756,-1,-1,-1
583,655,1628105835756,-1,-1,-1
584,751,1628105836746,-1,-1,-1
585,767,1628105839746,-1,-1,-1
586,591,1628105839746,-1,-1,-1
587,759,1628105840767,-1,-1,-1
588,647,1628105844758,-1,-1,-1
589,575,1628105845747,-1,-1,-1
590,639,1628105847757,-1,-1,-1
591,599,1628105848746,-1,-1,-1
592,767,1628105848746,-1,-1,-1
593,711,1628105849767,-1,-1,-1
594,671,1628105850757,-1,-1,-1
595,703,1628105850757,-1,-1,-1
596,735,1628105851747,-1,-1,-1
597,727,1628105852737,-1,-1,-1
598,703,1628105853757,-1,-1,-1
599,679,1628105853757,-1,-1,-1
600,727,1628105854748,-1,-1,-1
601,695,1628105855737,-1,-1,-1
602,671,1628105855737,-1,-1,-1
603,695,1628105856757,-1,-1,-1
604,679,1628105857747,-1,-1,-1
605,655,1628105857747,-1,-1,-1
606,727,1628105858737,-1,-1,-1
607,663,1628105861737,-1,-1,-1
608,711,1628105862757,-1,-1,-1
609,687,1628105862757,-1,-1,-1
610,687,1628105863747,-1,-1,-1
611,719,1628105864767,-1,-1,-1
612,719,1628105864767,-1,-1,-1
613,703,1628105865758,-1,-1,-1
614,727,1628105866747,-1,-1,-1
615,615,1628105866747,-1,-1,-1
616,703,1628105867739,-1,-1,-1
617,679,1628105868757,-1,-1,-1
618,671,1628105868757,-1,-1,-1
619,687,1628105869747,-1,-1,-1
620,575,1628105870737,-1,-1,-1
621,799,1628105870737,-1,-1,-1
622,631,1628105871758,-1,-1,-1
623,711,1628105872748,-1,-1,-1
624,711,1628105873737,-1,-1,-1
625,687,1628105873737,-1,-1,-1
626,719,1628105874758,-1,-1,-1
627,703,1628105875752,-1,-1,-1
628,495,1628105875752,-1,-1,-1
629,623,1628105876743,-1,-1,-1
630,927,1628105877757,-1,-1,-1
631,703,1628105877757,-1,-1,-1
632,695,1628105878747,-1,-1,-1
633,647,1628105879767,-1,-1,-1
634,631,1628105879767,-1,-1,-1
635,751,1628105880757,-1,-1,-1
636,679,1628105881747,-1,-1,-1
637,679,1628105881747,-1,-1,-1
638,695,1628105882737,-1,-1,-1
639,727,1628105883756,-1,-1,-1
640,679,1628105884747,-1,-1,-1
641,703,1628105884747,-1,-1,-1
642,663,1628105885736,-1,-1,-1
643,671,1628105886757,-1,-1,-1
644,623,1628105886757,-1,-1,-1
645,535,1628105887747,-1,-1,-1
646,727,1628105888737,-1,-1,-1
647,679,1628105888737,-1,-1,-1
648,551,1628105889757,-1,-1,-1
649,703,1628105889757,-1,-1,-1
650,671,1628105890746,-1,-1,-1
651,639,1628105891767,-1,-1,-1
652,735,1628105892757,-1,-1,-1
653,655,1628105892757,-1,-1,-1
654,647,1628105893747,-1,-1,-1
655,519,1628105893747,-1,-1,-1
656,871,1628105894798,-1,-1,-1
657,623,1628105895758,-1,-1,-1
658,655,1628105895758,-1,-1,-1
659,663,1628105896747,-1,-1,-1
660,639,1628105897768,-1,-1,-1
661,623,1628105897768,-1,-1,-1
662,615,1628105898757,-1,-1,-1
663,591,1628105899746,-1,-1,-1
664,679,1628105899746,-1,-1,-1
665,551,1628105900767,-1,-1,-1
666,623,1628105900767,-1,-1,-1
667,607,1628105901757,-1,-1,-1
668,615,1628105902747,-1,-1,-1
669,615,1628105902747,-1,-1,-1
670,567,1628105903737,-1,-1,-1
671,551,1628105906737,-1,-1,-1
672,711,1628105907757,-1,-1,-1
673,799,1628105909737,-1,-1,-1
674,687,1628105911747,-1,-1,-1
675,591,1628105913757,-1,-1,-1
676,639,1628105919757,-1,-1,-1
677,647,1628105920747,-1,-1,-1
678,719,1628105922757,-1,-1,-1
679,679,1628105922757,-1,-1,-1
680,711,1628105923746,-1,-1,-1
681,599,1628105927738,-1,-1,-1
682,687,1628105928758,-1,-1,-1
683,607,1628105928758,-1,-1,-1
684,711,1628105929747,-1,-1,-1
685,607,1628105930736,-1,-1,-1
686,655,1628105930736,-1,-1,-1
687,663,1628105931756,-1,-1,-1
688,623,1628105933744,-1,-1,-1
689,575,1628105933744,-1,-1,-1
690,679,1628105934764,-1,-1,-1
691,631,1628105935747,-1,-1,-1
692,663,1628105937757,-1,-1,-1
693,623,1628105937757,-1,-1,-1
694,663,1628105938748,-1,-1,-1
695,639,1628105939737,-1,-1,-1
696,639,1628105939737,-1,-1,-1
697,623,1628105940757,-1,-1,-1
698,663,1628105941748,-1,-1,-1
699,711,1628105941748,-1,-1,-1
700,615,1628105942737,-1,-1,-1
701,759,1628105943759,-1,-1,-1
702,695,1628105943759,-1,-1,-1
703,647,1628105944777,-1,-1,-1
704,583,1628105945767,-1,-1,-1
705,503,1628105945767,-1,-1,-1
706,647,1628105949757,-1,-1,-1
707,727,1628105951737,-1,-1,-1
708,679,1628105955756,-1,-1,-1
709,663,1628105956747,-1,-1,-1
710,655,1628105958757,-1,-1,-1
711,631,1628105958757,-1,-1,-1
712,647,1628105962747,-1,-1,-1
713,679,1628105963737,-1,-1,-1
714,687,1628105963737,-1,-1,-1
715,703,1628105964757,-1,-1,-1
716,671,1628105965748,-1,-1,-1
717,671,1628105966736,-1,-1,-1
718,703,1628105966736,-1,-1,-1
719,631,1628105967757,-1,-1,-1
720,679,1628105968748,-1,-1,-1
721,623,1628105968748,-1,-1,-1
722,671,1628105969737,-1,-1,-1
723,647,1628105969737,-1,-1,-1
724,655,1628105970757,-1,-1,-1
725,623,1628105971747,-1,-1,-1
726,663,1628105971747,-1,-1,-1
727,647,1628105972738,-1,-1,-1
728,615,1628105973764,-1,-1,-1
729,631,1628105975737,-1,-1,-1
730,655,1628105975737,-1,-1,-1
731,719,1628105976757,-1,-1,-1
732,719,1628105978767,-1,-1,-1
733,623,1628105979757,-1,-1,-1
734,687,1628105979757,-1,-1,-1
735,639,1628105980746,-1,-1,-1
736,663,1628105981736,-1,-1,-1
737,647,1628105981736,-1,-1,-1
738,671,1628105984737,-1,-1,-1
739,631,1628105985757,-1,-1,-1
740,631,1628105985757,-1,-1,-1
741,671,1628105986747,-1,-1,-1
742,703,1628105987737,-1,-1,-1
743,655,1628105989747,-1,-1,-1
744,719,1628105989747,-1,-1,-1
745,703,1628105990736,-1,-1,-1
746,687,1628105991728,-1,-1,-1
747,655,1628105993737,-1,-1,-1
748,663,1628105993737,-1,-1,-1
749,647,1628105994729,-1,-1,-1
750,647,1628105995747,-1,-1,-1
751,687,1628105995747,-1,-1,-1
752,671,1628105996738,-1,-1,-1
753,639,1628105997727,-1,-1,-1
754,671,1628105997727,-1,-1,-1
755,623,1628105998747,-1,-1,-1
756,631,1628105999738,-1,-1,-1
757,703,1628105999738,-1,-1,-1
758,679,1628106000727,-1,-1,-1
759,727,1628106001747,-1,-1,-1
760,631,1628106001747,-1,-1,-1
761,503,1628106003729,-1,-1,-1
762,679,1628106003729,-1,-1,-1
763,695,1628106004747,-1,-1,-1
764,679,1628106005739,-1,-1,-1
765,631,1628106006729,-1,-1,-1
766,607,1628106008739,-1,-1,-1
767,703,1628106014737,-1,-1,-1
768,687,1628106014737,-1,-1,-1
769,679,1628106015733,-1,-1,-1
770,671,1628106017737,-1,-1,-1
771,639,1628106018728,-1,-1,-1
772,639,1628106018729,-1,-1,-1
773,655,1628106020737,-1,-1,-1
774,671,1628106021728,-1,-1,-1
775,743,1628106022748,-1,-1,-1
776,663,1628106022748,-1,-1,-1
777,679,1628106023738,-1,-1,-1
778,575,1628106025747,-1,-1,-1
779,751,1628106026736,-1,-1,-1
780,671,1628106027727,-1,-1,-1
781,623,1628106027727,-1,-1,-1
782,551,1628106028746,-1,-1,-1
783,719,1628106030728,-1,-1,-1
784,535,1628106032737,-1,-1,-1
785,623,1628106032737,-1,-1,-1
786,591,1628106034747,-1,-1,-1
787,615,1628106035736,-1,-1,-1
788,551,1628106035736,-1,-1,-1
789,695,1628106036728,-1,-1,-1
790,639,1628106037747,-1,-1,-1
791,607,1628106037747,-1,-1,-1
792,671,1628106038737,-1,-1,-1
793,647,1628106039728,-1,-1,-1
794,671,1628106039728,-1,-1,-1
795,631,1628106040747,-1,-1,-1
796,615,1628106042727,-1,-1,-1
797,623,1628106046747,-1,-1,-1
798,615,1628106046747,-1,-1,-1
799,647,1628106047736,-1,-1,-1
800,599,1628106047736,-1,-1,-1
801,871,1628106050737,-1,-1,-1
802,607,1628106052749,-1,-1,-1
803,639,1628106053737,-1,-1,-1
804,647,1628106054728,-1,-1,-1
805,647,1628106054728,-1,-1,-1
806,647,1628106055748,-1,-1,-1
807,663,1628106056737,-1,-1,-1
808,687,1628106056737,-1,-1,-1
809,679,1628106057727,-1,-1,-1
810,671,1628106058748,-1,-1,-1
811,671,1628106065737,-1,-1,-1
812,663,1628106066729,-1,-1,-1
813,751,1628106067747,-1,-1,-1
814,583,1628106067747,-1,-1,-1
815,639,1628106068738,-1,-1,-1
816,623,1628106069727,-1,-1,-1
817,623,1628106069727,-1,-1,-1
818,583,1628106071736,-1,-1,-1
819,663,1628106072726,-1,-1,-1
820,639,1628106072726,-1,-1,-1
821,655,1628106073747,-1,-1,-1
822,647,1628106074738,-1,-1,-1
823,615,1628106074738,-1,-1,-1
824,679,1628106075728,-1,-1,-1
825,671,1628106076777,-1,-1,-1
826,615,1628106076777,-1,-1,-1
827,663,1628106077767,-1,-1,-1
828,695,1628106078730,-1,-1,-1
829,719,1628106078730,-1,-1,-1
830,695,1628106079747,-1,-1,-1
831,703,1628106080737,-1,-1,-1
832,767,1628106081727,-1,-1,-1
833,671,1628106081727,-1,-1,-1
834,687,1628106082747,-1,-1,-1
835,663,1628106084729,-1,-1,-1
836,655,1628106085747,-1,-1,-1
837,639,1628106085747,-1,-1,-1
838,695,1628106086737,-1,-1,-1
839,687,1628106087726,-1,-1,-1
840,623,1628106087726,-1,-1,-1
841,631,1628106089738,-1,-1,-1
842,655,1628106090728,-1,-1,-1
843,799,1628106093726,-1,-1,-1
844,647,1628106093726,-1,-1,-1
845,687,1628106094747,-1,-1,-1
846,695,1628106095737,-1,-1,-1
847,671,1628106097747,-1,-1,-1
848,663,1628106097747,-1,-1,-1
849,631,1628106098738,-1,-1,-1
850,631,1628106099727,-1,-1,-1
851,623,1628106099727,-1,-1,-1
852,671,1628106101234,-1,-1,-1
853,639,1628106101737,-1,-1,-1
854,639,1628106101737,-1,-1,-1
855,551,1628106102726,-1,-1,-1
856,663,1628106105256,-1,-1,-1
857,575,1628106105256,-1,-1,-1
858,663,1628106106242,-1,-1,-1
859,615,1628106110234,-1,-1,-1
860,567,1628106112237,-1,-1,-1
861,639,1628106119234,-1,-1,-1
862,671,1628106119737,-1,-1,-1
863,615,1628106120726,-1,-1,-1
864,647,1628106120726,-1,-1,-1
865,647,1628106121747,-1,-1,-1
866,631,1628106123257,-1,-1,-1
867,639,1628106123257,-1,-1,-1
868,599,1628106125233,-1,-1,-1
869,655,1628106125736,-1,-1,-1
870,687,1628106125736,-1,-1,-1
871,631,1628106127243,-1,-1,-1
872,623,1628106129222,-1,-1,-1
873,599,1628106130243,-1,-1,-1
874,735,1628106132220,-1,-1,-1
875,623,1628106133242,-1,-1,-1
876,607,1628106133242,-1,-1,-1
877,711,1628106134234,-1,-1,-1
878,599,1628106135222,-1,-1,-1
879,631,1628106135222,-1,-1,-1
880,647,1628106136242,-1,-1,-1
881,647,1628106137232,-1,-1,-1
882,607,1628106137233,-1,-1,-1
883,623,1628106138217,-1,-1,-1
884,575,1628106138217,-1,-1,-1
885,687,1628106139243,-1,-1,-1
886,599,1628106140234,-1,-1,-1
887,647,1628106140234,-1,-1,-1
888,551,1628106141221,-1,-1,-1
889,695,1628106145243,-1,-1,-1
890,719,1628106146233,-1,-1,-1
891,711,1628106147220,-1,-1,-1
892,751,1628106148243,-1,-1,-1
893,791,1628106148243,-1,-1,-1
894,783,1628106149234,-1,-1,-1
895,735,1628106150221,-1,-1,-1
896,671,1628106151243,-1,-1,-1
897,671,1628106151243,-1,-1,-1
898,655,1628106152234,-1,-1,-1
899,647,1628106153223,-1,-1,-1
900,647,1628106153223,-1,-1,-1
901,695,1628106154238,-1,-1,-1
902,791,1628106155234,-1,-1,-1
903,631,1628106155234,-1,-1,-1
904,663,1628106156226,-1,-1,-1
905,663,1628106159223,-1,-1,-1
906,927,1628106162223,-1,-1,-1
907,711,1628106163237,-1,-1,-1
908,695,1628106168221,-1,-1,-1
909,687,1628106172241,-1,-1,-1
910,703,1628106173234,-1,-1,-1
911,711,1628106174222,-1,-1,-1
912,487,1628106175237,-1,-1,-1
913,615,1628106177252,-1,-1,-1
914,599,1628106178243,-1,-1,-1
915,687,1628106180223,-1,-1,-1
916,551,1628106181243,-1,-1,-1
917,727,1628106181243,-1,-1,-1
918,623,1628106182233,-1,-1,-1
919,695,1628106183223,-1,-1,-1
920,687,1628106183223,-1,-1,-1
921,575,1628106184244,-1,-1,-1
922,671,1628106185233,-1,-1,-1
923,687,1628106185233,-1,-1,-1
924,703,1628106186223,-1,-1,-1
925,631,1628106188233,-1,-1,-1
926,687,1628106189223,-1,-1,-1
927,679,1628106189223,-1,-1,-1
928,647,1628106190237,-1,-1,-1
929,647,1628106191232,-1,-1,-1
930,679,1628106191232,-1,-1,-1
931,679,1628106192223,-1,-1,-1
932,663,1628106193240,-1,-1,-1
933,655,1628106193241,-1,-1,-1
934,687,1628106194231,-1,-1,-1
935,711,1628106195223,-1,-1,-1
936,647,1628106198222,-1,-1,-1
937,695,1628106199244,-1,-1,-1
938,471,1628106199244,-1,-1,-1
939,815,1628106200234,-1,-1,-1
940,663,1628106200234,-1,-1,-1
941,695,1628106203232,-1,-1,-1
942,655,1628106203232,-1,-1,-1
943,631,1628106204223,-1,-1,-1
944,639,1628106204223,-1,-1,-1
945,583,1628106205243,-1,-1,-1
946,791,1628106206232,-1,-1,-1
947,455,1628106206232,-1,-1,-1
948,615,1628106211243,-1,-1,-1
949,663,1628106213223,-1,-1,-1
950,703,1628106214243,-1,-1,-1
951,655,1628106214243,-1,-1,-1
952,615,1628106215233,-1,-1,-1
953,679,1628106216224,-1,-1,-1
954,671,1628106216224,-1,-1,-1
955,671,1628106217237,-1,-1,-1
956,711,1628106218233,-1,-1,-1
957,711,1628106218233,-1,-1,-1
958,743,1628106219217,-1,-1,-1
959,671,1628106220239,-1,-1,-1
960,599,1628106220239,-1,-1,-1
961,647,1628106224231,-1,-1,-1
962,687,1628106226244,-1,-1,-1
963,639,1628106229244,-1,-1,-1
964,607,1628106230233,-1,-1,-1
965,447,1628106232243,-1,-1,-1
966,783,1628106232243,-1,-1,-1
967,647,1628106233233,-1,-1,-1
968,615,1628106235243,-1,-1,-1
969,639,1628106236235,-1,-1,-1
970,647,1628106238236,-1,-1,-1
971,639,1628106238236,-1,-1,-1
972,663,1628106239233,-1,-1,-1
973,647,1628106240222,-1,-1,-1
974,639,1628106240222,-1,-1,-1
975,647,1628106241245,-1,-1,-1
976,767,1628106242266,-1,-1,-1
977,631,1628106242266,-1,-1,-1
978,663,1628106243255,-1,-1,-1
979,639,1628106244244,-1,-1,-1
980,703,1628106244244,-1,-1,-1
981,647,1628106245233,-1,-1,-1
982,679,1628106246225,-1,-1,-1
983,599,1628106250241,-1,-1,-1
984,703,1628106250241,-1,-1,-1
985,655,1628106251231,-1,-1,-1
986,647,1628106252223,-1,-1,-1
987,767,1628106252223,-1,-1,-1
988,711,1628106253243,-1,-1,-1
989,703,1628106254232,-1,-1,-1
990,695,1628106254232,-1,-1,-1
991,735,1628106255220,-1,-1,-1
992,647,1628106258223,-1,-1,-1
993,671,1628106259238,-1,-1,-1
994,671,1628106261216,-1,-1,-1
995,751,1628106266227,-1,-1,-1
996,679,1628106266227,-1,-1,-1
997,719,1628106267224,-1,-1,-1
998,607,1628106272233,-1,-1,-1
999,663,1628106272233,-1,-1,-1
1000,631,1628106273224,-1,-1,-1
1001,687,1628106274213,-1,-1,-1
1002,663,1628106274213,-1,-1,-1
1003,679,1628106275264,-1,-1,-1
1004,663,1628106276252,-1,-1,-1
1005,663,1628106276252,-1,-1,-1
1006,631,1628106277245,-1,-1,-1
1007,543,1628106281231,-1,-1,-1
1008,639,1628106287233,-1,-1,-1
1009,583,1628106287233,-1,-1,-1
1010,599,1628106288223,-1,-1,-1
1011,631,1628106288223,-1,-1,-1
1012,663,1628106289213,-1,-1,-1
1013,647,1628106290233,-1,-1,-1
1014,599,1628106290233,-1,-1,-1
1015,631,1628106291224,-1,-1,-1
1016,535,1628106292213,-1,-1,-1
1017,575,1628106296234,-1,-1,-1
1018,679,1628106297217,-1,-1,-1
1019,599,1628106297217,-1,-1,-1
1020,679,1628106298213,-1,-1,-1
1021,599,1628106299232,-1,-1,-1
1022,599,1628106299233,-1,-1,-1
1023,671,1628106300226,-1,-1,-1
1024,631,1628106300226,-1,-1,-1
1025,687,1628106302234,-1,-1,-1
1026,519,1628106303225,-1,-1,-1
1027,751,1628106304210,-1,-1,-1
1028,567,1628106304210,-1,-1,-1
1029,751,1628106305233,-1,-1,-1
1030,559,1628106306253,-1,-1,-1
1031,671,1628106306253,-1,-1,-1
1032,503,1628106307212,-1,-1,-1
1033,615,1628106307212,-1,-1,-1
1034,639,1628106308264,-1,-1,-1
1035,599,1628106318223,-1,-1,-1
1036,591,1628106318223,-1,-1,-1
1037,583,1628106319213,-1,-1,-1
1038,551,1628106319213,-1,-1,-1
1039,607,1628106320233,-1,-1,-1
1040,543,1628106320233,-1,-1,-1
1041,495,1628106322304,-1,-1,-1
1042,663,1628106323294,-1,-1,-1
1043,471,1628106323294,-1,-1,-1
1044,11855,1628106340719,-1,-1,-1
1045,519,1628106341264,-1,-1,-1
1046,503,1628106345253,-1,-1,-1
1047,447,1628106346210,-1,-1,-1
1048,6159,1628106747201,-1,-1,-1
1049,583,1628106747202,-1,-1,-1
1050,383,1628106748190,-1,-1,-1
1051,703,1628106808191,-1,-1,-1
1052,887,1628106810196,-1,-1,-1
1053,727,1628106811190,-1,-1,-1
1054,703,1628106812182,-1,-1,-1
1055,831,1628106813202,-1,-1,-1
1056,551,1628106815182,-1,-1,-1
1057,623,1628106815182,-1,-1,-1
1058,511,1628106816169,-1,-1,-1
1059,711,1628106816169,-1,-1,-1
1060,543,1628106817191,-1,-1,-1
1061,887,1628106818302,-1,-1,-1
1062,5791,1628106889189,-1,-1,-1
1063,1047,1628106890181,-1,-1,-1
1064,967,1628106895191,-1,-1,-1
1065,935,1628106908183,-1,-1,-1
1066,543,1628106914181,-1,-1,-1
1067,823,1628106915171,-1,-1,-1
1068,919,1628106928191,-1,-1,-1
1069,591,1628106928191,-1,-1,-1
1070,759,1628106929180,-1,-1,-1
1071,503,1628106930171,-1,-1,-1
1072,503,1628106930171,-1,-1,-1
1073,895,1628106941182,-1,-1,-1
1074,743,1628106942170,-1,-1,-1
1075,16263,1628106958161,-1,-1,-1
1076,711,1628106959184,-1,-1,-1
1077,679,1628106960170,-1,-1,-1
1078,887,1628106960170,-1,-1,-1
1079,807,1628106962181,-1,-1,-1
1080,487,1628106963171,-1,-1,-1
1081,479,1628106963171,-1,-1,-1
1082,479,1628106966170,-1,-1,-1
1083,575,1628106966170,-1,-1,-1
1084,671,1628106967161,-1,-1,-1
1085,671,1628106968182,-1,-1,-1
1086,439,1628106968182,-1,-1,-1
1087,511,1628106969171,-1,-1,-1
1088,399,1628106971182,-1,-1,-1
1089,759,1628106972165,-1,-1,-1
1090,527,1628106973162,-1,-1,-1
1091,543,1628106973163,-1,-1,-1
1092,431,1628106974181,-1,-1,-1
1093,599,1628106976161,-1,-1,-1
1094,711,1628106980181,-1,-1,-1
1095,479,1628106981171,-1,-1,-1
1096,679,1628106984171,-1,-1,-1
1097,719,1628106987201,-1,-1,-1
1098,543,1628106988194,-1,-1,-1
1099,495,1628106990170,-1,-1,-1
1100,615,1628106991161,-1,-1,-1
1101,639,1628107003162,-1,-1,-1
1102,471,1628107003162,-1,-1,-1
1103,663,1628107004181,-1,-1,-1
1104,623,1628107006157,-1,-1,-1
1105,687,1628107008172,-1,-1,-1
1106,559,1628107009163,-1,-1,-1
1107,511,1628107009164,-1,-1,-1
1108,2791,1628107012161,-1,-1,-1
1109,711,1628107013182,-1,-1,-1
1110,695,1628107013182,-1,-1,-1
1111,711,1628107016182,-1,-1,-1
1112,767,1628107026171,-1,-1,-1
1113,615,1628107028181,-1,-1,-1
1114,407,1628107028181,-1,-1,-1
1115,751,1628107030162,-1,-1,-1
1116,783,1628107032171,-1,-1,-1
1117,487,1628107032171,-1,-1,-1
1118,615,1628107034182,-1,-1,-1
1119,671,1628107034182,-1,-1,-1
1120,543,1628107037179,-1,-1,-1
1121,695,1628107044171,-1,-1,-1
1122,671,1628107045157,-1,-1,-1
1123,695,1628107046182,-1,-1,-1
1124,399,1628107048161,-1,-1,-1
1125,463,1628107051162,-1,-1,-1
1126,567,1628107058181,-1,-1,-1
1127,559,1628107059171,-1,-1,-1
1128,655,1628107059171,-1,-1,-1
1129,447,1628107061182,-1,-1,-1
1130,527,1628107063157,-1,-1,-1
1131,743,1628107068165,-1,-1,-1
1132,4055,1628107073182,-1,-1,-1
1133,551,1628107074169,-1,-1,-1
1134,615,1628107075160,-1,-1,-1
1135,471,1628107076181,-1,-1,-1
1136,543,1628107076181,-1,-1,-1
1137,471,1628107077170,-1,-1,-1
1138,559,1628107077171,-1,-1,-1
1139,631,1628107078161,-1,-1,-1
1140,623,1628107078161,-1,-1,-1
1141,751,1628107079183,-1,-1,-1
1142,607,1628107080171,-1,-1,-1
1143,567,1628107080171,-1,-1,-1
1144,615,1628107081162,-1,-1,-1
1145,639,1628107082183,-1,-1,-1
1146,607,1628107084160,-1,-1,-1
1147,591,1628107084161,-1,-1,-1
1148,623,1628107085211,-1,-1,-1
1149,719,1628107086203,-1,-1,-1
1150,791,1628107087157,-1,-1,-1
1151,735,1628107087157,-1,-1,-1
1152,647,1628107088182,-1,-1,-1
1153,751,1628107089174,-1,-1,-1
1154,799,1628107090162,-1,-1,-1
1155,711,1628107091185,-1,-1,-1
1156,583,1628107093163,-1,-1,-1
1157,607,1628107093163,-1,-1,-1
1158,423,1628107099162,-1,-1,-1
1159,495,1628107103149,-1,-1,-1
1160,751,1628107103150,-1,-1,-1
1161,503,1628107108162,-1,-1,-1
1162,431,1628107110166,-1,-1,-1
1163,431,1628107110166,-1,-1,-1
1164,351,1628107110166,-1,-1,-1
1165,359,1628107116171,-1,-1,-1
1166,551,1628107117161,-1,-1,-1
1167,607,1628107117161,-1,-1,-1
1168,343,1628107118152,-1,-1,-1
1169,359,1628107121152,-1,-1,-1
1170,623,1628107122171,-1,-1,-1
1171,535,1628107123162,-1,-1,-1
1172,599,1628107124151,-1,-1,-1
1173,511,1628107125171,-1,-1,-1
1174,335,1628107125171,-1,-1,-1
1175,599,1628107126163,-1,-1,-1
1176,639,1628107127153,-1,-1,-1
1177,327,1628107127154,-1,-1,-1
1178,359,1628107127154,-1,-1,-1
1179,447,1628107128172,-1,-1,-1
1180,479,1628107128172,-1,-1,-1
1181,447,1628107129162,-1,-1,-1
1182,335,1628107129162,-1,-1,-1
1183,511,1628107129162,-1,-1,-1
1184,559,1628107130145,-1,-1,-1
1185,599,1628107131171,-1,-1,-1
1186,335,1628107133146,-1,-1,-1
1187,511,1628107133146,-1,-1,-1
1188,415,1628107135163,-1,-1,-1
1189,591,1628107135163,-1,-1,-1
1190,319,1628107135163,-1,-1,-1
1191,471,1628107137172,-1,-1,-1
1192,543,1628107137172,-1,-1,-1
1193,399,1628107138161,-1,-1,-1
1194,463,1628107139145,-1,-1,-1
1195,527,1628107139145,-1,-1,-1
1196,375,1628107140167,-1,-1,-1
1197,391,1628107141162,-1,-1,-1
1198,495,1628107142152,-1,-1,-1
1199,479,1628107143172,-1,-1,-1
1200,375,1628107144161,-1,-1,-1
1201,463,1628107144161,-1,-1,-1
1202,343,1628107144161,-1,-1,-1
1203,399,1628107145152,-1,-1,-1
1204,447,1628107145152,-1,-1,-1
1205,455,1628107147160,-1,-1,-1
1206,463,1628107148151,-1,-1,-1
1207,567,1628107148151,-1,-1,-1
1208,383,1628107149173,-1,-1,-1
1209,543,1628107149173,-1,-1,-1
1210,407,1628107150157,-1,-1,-1
1211,559,1628107150157,-1,-1,-1
1212,631,1628107152171,-1,-1,-1
1213,599,1628107154157,-1,-1,-1
1214,615,1628107155171,-1,-1,-1
1215,455,1628107155172,-1,-1,-1
1216,503,1628107156162,-1,-1,-1
1217,567,1628107159163,-1,-1,-1
1218,359,1628107160154,-1,-1,-1
1219,447,1628107161170,-1,-1,-1
1220,359,1628107161170,-1,-1,-1
1221,503,1628107162162,-1,-1,-1
1222,543,1628107165163,-1,-1,-1
1223,479,1628107165164,-1,-1,-1
1224,479,1628107166151,-1,-1,-1
1225,335,1628107166151,-1,-1,-1
1226,479,1628107167171,-1,-1,-1
1227,607,1628107167171,-1,-1,-1
1228,495,1628107169182,-1,-1,-1
1229,615,1628107169182,-1,-1,-1
1230,311,1628107170171,-1,-1,-1
1231,639,1628107170171,-1,-1,-1
1232,367,1628107173172,-1,-1,-1
1233,399,1628107175152,-1,-1,-1
1234,551,1628107176168,-1,-1,-1
1235,495,1628107176169,-1,-1,-1
1236,607,1628107177162,-1,-1,-1
1237,447,1628107183156,-1,-1,-1
1238,359,1628107183156,-1,-1,-1
1239,351,1628107183156,-1,-1,-1
1240,487,1628107184147,-1,-1,-1
1241,671,1628107186156,-1,-1,-1
1242,463,1628107188171,-1,-1,-1
1243,639,1628107188171,-1,-1,-1
1244,607,1628107189163,-1,-1,-1
1245,543,1628107190151,-1,-1,-1
1246,335,1628107190151,-1,-1,-1
1247,639,1628107191169,-1,-1,-1
1248,383,1628107192156,-1,-1,-1
1249,367,1628107193151,-1,-1,-1
1250,615,1628107193151,-1,-1,-1
1251,647,1628107194166,-1,-1,-1
1252,399,1628107195161,-1,-1,-1
1253,639,1628107198162,-1,-1,-1
1254,647,1628107199146,-1,-1,-1
1255,455,1628107202183,-1,-1,-1
1256,359,1628107204163,-1,-1,-1
1257,559,1628107205151,-1,-1,-1
1258,551,1628107206172,-1,-1,-1
1259,415,1628107208156,-1,-1,-1
1260,527,1628107208156,-1,-1,-1
1261,351,1628107209172,-1,-1,-1
1262,503,1628107210162,-1,-1,-1
1263,447,1628107210162,-1,-1,-1
1264,391,1628107212178,-1,-1,-1
1265,447,1628107213156,-1,-1,-1
1266,375,1628107214151,-1,-1,-1
1267,695,1628107215169,-1,-1,-1
1268,455,1628107215170,-1,-1,-1
1269,655,1628107217151,-1,-1,-1
1270,727,1628107217151,-1,-1,-1
1271,503,1628107218173,-1,-1,-1
1272,663,1628107219162,-1,-1,-1
1273,471,1628107221170,-1,-1,-1
1274,407,1628107223151,-1,-1,-1
1275,487,1628107226153,-1,-1,-1
1276,671,1628107227143,-1,-1,-1
1277,423,1628107228163,-1,-1,-1
1278,559,1628107229151,-1,-1,-1
1279,735,1628107230142,-1,-1,-1
1280,687,1628107233141,-1,-1,-1
1281,639,1628107237163,-1,-1,-1
1282,447,1628107239135,-1,-1,-1
1283,447,1628107240163,-1,-1,-1
1284,671,1628107240163,-1,-1,-1
1285,431,1628107241151,-1,-1,-1
1286,487,1628107241152,-1,-1,-1
1287,791,1628107242142,-1,-1,-1
1288,767,1628107244149,-1,-1,-1
1289,455,1628107244149,-1,-1,-1
1290,631,1628107248142,-1,-1,-1
1291,751,1628107249163,-1,-1,-1
1292,487,1628107249163,-1,-1,-1
1293,583,1628107250151,-1,-1,-1
1294,703,1628107253152,-1,-1,-1
1295,799,1628107254137,-1,-1,-1
1296,391,1628107254138,-1,-1,-1
1297,455,1628107255163,-1,-1,-1
1298,767,1628107258162,-1,-1,-1
1299,551,1628107265146,-1,-1,-1
1300,455,1628107265146,-1,-1,-1
1301,647,1628107267191,-1,-1,-1
1302,583,1628107267191,-1,-1,-1
1303,431,1628107268181,-1,-1,-1
1304,703,1628107270156,-1,-1,-1
1305,567,1628107270156,-1,-1,-1
1306,759,1628107271153,-1,-1,-1
1307,559,1628107272142,-1,-1,-1
1308,623,1628107272142,-1,-1,-1
1309,735,1628107273160,-1,-1,-1
1310,655,1628107274152,-1,-1,-1
1311,671,1628107274152,-1,-1,-1
1312,719,1628107276162,-1,-1,-1
1313,423,1628107279161,-1,-1,-1
1314,519,1628107280152,-1,-1,-1
1315,503,1628107283151,-1,-1,-1
1316,615,1628107284142,-1,-1,-1
1317,503,1628107286146,-1,-1,-1
1318,439,1628107286146,-1,-1,-1
1319,519,1628107289153,-1,-1,-1
1320,559,1628107289153,-1,-1,-1
1321,415,1628107291163,-1,-1,-1
1322,647,1628107291163,-1,-1,-1
1323,591,1628107292150,-1,-1,-1
1324,719,1628107293141,-1,-1,-1
1325,783,1628107293141,-1,-1,-1
1326,463,1628107294162,-1,-1,-1
1327,591,1628107294163,-1,-1,-1
1328,655,1628107296140,-1,-1,-1
1329,687,1628107297161,-1,-1,-1
1330,759,1628107300192,-1,-1,-1
1331,463,1628107301183,-1,-1,-1
1332,623,1628107304152,-1,-1,-1
1333,831,1628107305142,-1,-1,-1
1334,567,1628107307146,-1,-1,-1
1335,679,1628107310151,-1,-1,-1
1336,599,1628107310151,-1,-1,-1
1337,623,1628107313151,-1,-1,-1
1338,551,1628107315162,-1,-1,-1
1339,815,1628107316150,-1,-1,-1
1340,439,1628107316150,-1,-1,-1
1341,447,1628107317143,-1,-1,-1
1342,455,1628107317143,-1,-1,-1
1343,743,1628107318162,-1,-1,-1
1344,463,1628107321162,-1,-1,-1
1345,471,1628107325153,-1,-1,-1
1346,639,1628107326140,-1,-1,-1
1347,471,1628107327161,-1,-1,-1
1348,599,1628107327161,-1,-1,-1
1349,815,1628107328151,-1,-1,-1
1350,663,1628107329142,-1,-1,-1
1351,567,1628107329142,-1,-1,-1
1352,503,1628107330161,-1,-1,-1
1353,479,1628107330162,-1,-1,-1
1354,567,1628107332143,-1,-1,-1
1355,495,1628107332143,-1,-1,-1
1356,623,1628107334182,-1,-1,-1
1357,487,1628107334183,-1,-1,-1
1358,431,1628107335135,-1,-1,-1
1359,607,1628107335135,-1,-1,-1
1360,767,1628107338143,-1,-1,-1
1361,535,1628107339161,-1,-1,-1
1362,407,1628107339161,-1,-1,-1
1363,695,1628107340151,-1,-1,-1
1364,623,1628107342156,-1,-1,-1
1365,711,1628107345162,-1,-1,-1
1366,663,1628107346153,-1,-1,-1
1367,391,1628107348162,-1,-1,-1
1368,607,1628107349152,-1,-1,-1
1369,615,1628107351162,-1,-1,-1
1370,743,1628107351162,-1,-1,-1
1371,663,1628107354163,-1,-1,-1
1372,687,1628107356142,-1,-1,-1
1373,623,1628107357162,-1,-1,-1
1374,463,1628107360161,-1,-1,-1
1375,799,1628107363161,-1,-1,-1
1376,527,1628107365135,-1,-1,-1
1377,679,1628107366191,-1,-1,-1
1378,471,1628107367182,-1,-1,-1
1379,663,1628107368142,-1,-1,-1
1380,807,1628107370153,-1,-1,-1
1381,599,1628107370153,-1,-1,-1
1382,623,1628107372132,-1,-1,-1
1383,607,1628107373151,-1,-1,-1
1384,551,1628107374141,-1,-1,-1
1385,847,1628107376152,-1,-1,-1
1386,703,1628107377142,-1,-1,-1
1387,495,1628107385152,-1,-1,-1
1388,511,1628107386140,-1,-1,-1
1389,623,1628107386140,-1,-1,-1
1390,583,1628107387132,-1,-1,-1
1391,919,1628107389142,-1,-1,-1
1392,751,1628107390131,-1,-1,-1
1393,759,1628107397156,-1,-1,-1
1394,495,1628107398142,-1,-1,-1
1395,823,1628107403151,-1,-1,-1
1396,799,1628107406151,-1,-1,-1
1397,639,1628107408131,-1,-1,-1
1398,911,1628107414130,-1,-1,-1
1399,855,1628107416144,-1,-1,-1
1400,655,1628107416144,-1,-1,-1
1401,791,1628107417161,-1,-1,-1
1402,471,1628107419142,-1,-1,-1
1403,695,1628107420131,-1,-1,-1
1404,607,1628107420131,-1,-1,-1
1405,695,1628107424152,-1,-1,-1
1406,631,1628107424152,-1,-1,-1
1407,703,1628107425142,-1,-1,-1
1408,831,1628107427151,-1,-1,-1
1409,567,1628107430151,-1,-1,-1
1410,743,1628107435132,-1,-1,-1
1411,575,1628107435132,-1,-1,-1
1412,463,1628107437143,-1,-1,-1
1413,479,1628107438131,-1,-1,-1
1414,703,1628107438131,-1,-1,-1
1415,495,1628107439154,-1,-1,-1
1416,527,1628107439154,-1,-1,-1
1417,767,1628107440141,-1,-1,-1
1418,839,1628107441125,-1,-1,-1
1419,479,1628107441125,-1,-1,-1
1420,559,1628107444126,-1,-1,-1
1421,815,1628107446142,-1,-1,-1
1422,751,1628107449142,-1,-1,-1
1423,751,1628107449142,-1,-1,-1
1424,559,1628107450163,-1,-1,-1
1425,447,1628107452142,-1,-1,-1
1426,631,1628107453131,-1,-1,-1
1427,567,1628107453131,-1,-1,-1
1428,775,1628107454145,-1,-1,-1
1429,663,1628107455140,-1,-1,-1
1430,495,1628107457146,-1,-1,-1
1431,583,1628107457146,-1,-1,-1
1432,479,1628107458142,-1,-1,-1
1433,743,1628107461142,-1,-1,-1
1434,687,1628107461142,-1,-1,-1
1435,551,1628107462130,-1,-1,-1
1436,559,1628107464142,-1,-1,-1
1437,575,1628107465131,-1,-1,-1
1438,799,1628107465131,-1,-1,-1
1439,559,1628107466151,-1,-1,-1
1440,719,1628107468131,-1,-1,-1
1441,791,1628107468131,-1,-1,-1
1442,535,1628107470144,-1,-1,-1
1443,783,1628107473142,-1,-1,-1
1444,519,1628107473142,-1,-1,-1
1445,671,1628107474131,-1,-1,-1
1446,487,1628107477131,-1,-1,-1
1447,511,1628107481151,-1,-1,-1
1448,791,1628107481151,-1,-1,-1
1449,711,1628107482141,-1,-1,-1
1450,511,1628107483162,-1,-1,-1
1451,623,1628107483162,-1,-1,-1
1452,871,1628107484152,-1,-1,-1
1453,823,1628107489131,-1,-1,-1
1454,559,1628107490151,-1,-1,-1
1455,535,1628107499123,-1,-1,-1
1456,591,1628107500139,-1,-1,-1
1457,511,1628107505122,-1,-1,-1
1458,655,1628107505122,-1,-1,-1
1459,807,1628107506141,-1,-1,-1
1460,487,1628107507132,-1,-1,-1
1461,775,1628107509136,-1,-1,-1
1462,663,1628107518142,-1,-1,-1
1463,487,1628107521142,-1,-1,-1
1464,703,1628107522125,-1,-1,-1
1465,479,1628107523121,-1,-1,-1
1466,719,1628107523121,-1,-1,-1
1467,823,1628107524137,-1,-1,-1
1468,687,1628107527143,-1,-1,-1
1469,855,1628107529121,-1,-1,-1
1470,791,1628107530143,-1,-1,-1
1471,807,1628107531131,-1,-1,-1
1472,767,1628107535121,-1,-1,-1
1473,647,1628107535121,-1,-1,-1
1474,535,1628107536142,-1,-1,-1
1475,695,1628107537131,-1,-1,-1
1476,631,1628107544122,-1,-1,-1
1477,719,1628107545142,-1,-1,-1
1478,647,1628107546125,-1,-1,-1
1479,575,1628107546125,-1,-1,-1
1480,535,1628107547121,-1,-1,-1
1481,671,1628107547121,-1,-1,-1
1482,495,1628107554142,-1,-1,-1
1483,607,1628107555130,-1,-1,-1
1484,607,1628107556120,-1,-1,-1
1485,551,1628107559120,-1,-1,-1
1486,783,1628107559120,-1,-1,-1
1487,575,1628107562124,-1,-1,-1
1488,575,1628107566139,-1,-1,-1
1489,615,1628107569137,-1,-1,-1
1490,743,1628107571121,-1,-1,-1
1491,735,1628107575140,-1,-1,-1
1492,847,1628107577123,-1,-1,-1
1493,935,1628107583151,-1,-1,-1
1494,847,1628107586123,-1,-1,-1
1495,791,1628107587136,-1,-1,-1
1496,551,1628107587136,-1,-1,-1
1497,815,1628107588131,-1,-1,-1
1498,975,1628107590140,-1,-1,-1
1499,567,1628107596141,-1,-1,-1
1500,1063,1628107607123,-1,-1,-1
1501,815,1628107608139,-1,-1,-1
1502,751,1628107611135,-1,-1,-1
1503,783,1628107626144,-1,-1,-1
1504,591,1628107638141,-1,-1,-1
1505,735,1628107639132,-1,-1,-1
1506,12839,1628107710111,-1,-1,-1
1507,12783,1628107726129,-1,-1,-1
1508,479,1628107728111,-1,-1,-1
1509,799,1628107728111,-1,-1,-1
1510,599,1628107738131,-1,-1,-1
1511,703,1628107738131,-1,-1,-1
1512,479,1628107744132,-1,-1,-1
1513,399,1628107744132,-1,-1,-1
1514,471,1628107745116,-1,-1,-1
1515,431,1628107746111,-1,-1,-1
1516,695,1628107749111,-1,-1,-1
1517,439,1628107749111,-1,-1,-1
1518,519,1628107751123,-1,-1,-1
1519,687,1628107751123,-1,-1,-1
1520,375,1628107752115,-1,-1,-1
1521,383,1628107754123,-1,-1,-1
1522,431,1628107755111,-1,-1,-1
1523,375,1628107756130,-1,-1,-1
1524,439,1628107757122,-1,-1,-1
1525,327,1628107761111,-1,-1,-1
1526,591,1628107763120,-1,-1,-1
1527,391,1628107772123,-1,-1,-1
1528,679,1628107774095,-1,-1,-1
1529,527,1628107775115,-1,-1,-1
1530,407,1628107775116,-1,-1,-1
1531,351,1628107775116,-1,-1,-1
1532,367,1628107776106,-1,-1,-1
1533,591,1628107777102,-1,-1,-1
1534,423,1628107779110,-1,-1,-1
1535,343,1628107781121,-1,-1,-1
1536,375,1628107785109,-1,-1,-1
1537,567,1628107786102,-1,-1,-1
1538,327,1628107788112,-1,-1,-1
1539,383,1628107789101,-1,-1,-1
1540,2823,1628107795101,-1,-1,-1
1541,671,1628107796121,-1,-1,-1
1542,551,1628107797141,-1,-1,-1
1543,543,1628107798130,-1,-1,-1
1544,407,1628107798130,-1,-1,-1
1545,447,1628107803112,-1,-1,-1
1546,615,1628107816124,-1,-1,-1
1547,407,1628107850117,-1,-1,-1
1548,703,1628107851108,-1,-1,-1
1549,823,1628107853087,-1,-1,-1
1550,455,1628107854108,-1,-1,-1
1551,799,1628107854108,-1,-1,-1
1552,607,1628107855098,-1,-1,-1
1553,575,1628107856115,-1,-1,-1
1554,639,1628107857105,-1,-1,-1
1555,415,1628107857105,-1,-1,-1
1556,727,1628107858098,-1,-1,-1
1557,655,1628107859118,-1,-1,-1
1558,839,1628107860106,-1,-1,-1
1559,607,1628107861098,-1,-1,-1
1560,599,1628107863135,-1,-1,-1
1561,647,1628107865088,-1,-1,-1
1562,663,1628107866107,-1,-1,-1
1563,663,1628107869104,-1,-1,-1
1564,655,1628107878110,-1,-1,-1
1565,623,1628107881111,-1,-1,-1
1566,527,1628107885094,-1,-1,-1
1567,487,1628107886087,-1,-1,-1
1568,559,1628107886087,-1,-1,-1
1569,447,1628107887107,-1,-1,-1
1570,503,1628107887107,-1,-1,-1
1571,455,1628107888098,-1,-1,-1
1572,495,1628107889086,-1,-1,-1
1573,647,1628107890107,-1,-1,-1
1574,375,1628107890107,-1,-1,-1
1575,399,1628107890107,-1,-1,-1
1576,423,1628107891094,-1,-1,-1
1577,527,1628107891094,-1,-1,-1
1578,607,1628107892087,-1,-1,-1
1579,447,1628107893107,-1,-1,-1
1580,463,1628107895089,-1,-1,-1
1581,639,1628107895089,-1,-1,-1
1582,431,1628107896141,-1,-1,-1
1583,719,1628107896141,-1,-1,-1
1584,567,1628107897129,-1,-1,-1
1585,359,1628107897129,-1,-1,-1
1586,655,1628107898119,-1,-1,-1
1587,415,1628107900095,-1,-1,-1
1588,647,1628107902110,-1,-1,-1
1589,471,1628107907120,-1,-1,-1
1590,447,1628107908110,-1,-1,-1
1591,655,1628107908110,-1,-1,-1
1592,615,1628107916090,-1,-1,-1
1593,439,1628107918098,-1,-1,-1
1594,479,1628107918098,-1,-1,-1
1595,519,1628107919089,-1,-1,-1
1596,407,1628107919089,-1,-1,-1
1597,423,1628107925091,-1,-1,-1
1598,407,1628107930101,-1,-1,-1
1599,599,1628107931089,-1,-1,-1
1600,471,1628107936102,-1,-1,-1
1601,359,1628107937084,-1,-1,-1
1602,367,1628107941105,-1,-1,-1
1603,391,1628107942095,-1,-1,-1
1604,343,1628107942095,-1,-1,-1
1605,407,1628107943090,-1,-1,-1
1606,327,1628107943090,-1,-1,-1
1607,447,1628107943090,-1,-1,-1
1608,383,1628107944109,-1,-1,-1
1609,583,1628107946086,-1,-1,-1
1610,567,1628107947110,-1,-1,-1
1611,319,1628107948100,-1,-1,-1
1612,335,1628107948100,-1,-1,-1
1613,335,1628107949090,-1,-1,-1
1614,311,1628107950109,-1,-1,-1
1615,575,1628107951101,-1,-1,-1
1616,351,1628107951101,-1,-1,-1
1617,375,1628107957102,-1,-1,-1
1618,399,1628107958086,-1,-1,-1
1619,551,1628107959105,-1,-1,-1
1620,535,1628107960096,-1,-1,-1
1621,407,1628107960096,-1,-1,-1
1622,383,1628107961084,-1,-1,-1
1623,383,1628107963094,-1,-1,-1
1624,559,1628107964084,-1,-1,-1
1625,359,1628107965106,-1,-1,-1
1626,279,1628107967089,-1,-1,-1
1627,551,1628107971109,-1,-1,-1
1628,351,1628107971109,-1,-1,-1
1629,295,1628107972098,-1,-1,-1
1630,503,1628107977110,-1,-1,-1
1631,495,1628107978100,-1,-1,-1
1632,487,1628107978100,-1,-1,-1
1633,527,1628107979088,-1,-1,-1
1634,295,1628107979088,-1,-1,-1
1635,423,1628107981100,-1,-1,-1
1636,463,1628107982089,-1,-1,-1
1637,519,1628107983109,-1,-1,-1
1638,479,1628107985087,-1,-1,-1
1639,407,1628107986110,-1,-1,-1
1640,487,1628107986110,-1,-1,-1
1641,567,1628107988089,-1,-1,-1
1642,407,1628107988089,-1,-1,-1
1643,583,1628107990100,-1,-1,-1
1644,407,1628107991089,-1,-1,-1
1645,303,1628107991089,-1,-1,-1
1646,343,1628107993101,-1,-1,-1
1647,463,1628107995134,-1,-1,-1
1648,431,1628107998109,-1,-1,-1
1649,311,1628107999101,-1,-1,-1
1650,407,1628108002100,-1,-1,-1
1651,543,1628108005099,-1,-1,-1
1652,511,1628108005099,-1,-1,-1
1653,319,1628108006088,-1,-1,-1
1654,511,1628108008100,-1,-1,-1
1655,14503,1628108023101,-1,-1,-1
1656,479,1628108023102,-1,-1,-1
1657,551,1628108024085,-1,-1,-1
1658,487,1628108024085,-1,-1,-1
1659,359,1628108050098,-1,-1,-1
1660,535,1628108055079,-1,-1,-1
1661,399,1628108056099,-1,-1,-1
1662,415,1628108056099,-1,-1,-1
1663,631,1628108059100,-1,-1,-1
1664,543,1628108062095,-1,-1,-1
1665,479,1628108063089,-1,-1,-1
1666,631,1628108064080,-1,-1,-1
1667,655,1628108065100,-1,-1,-1
1668,423,1628108066089,-1,-1,-1
1669,615,1628108067079,-1,-1,-1
1670,455,1628108070079,-1,-1,-1
1671,487,1628108072089,-1,-1,-1
1672,351,1628108073080,-1,-1,-1
1673,671,1628108073080,-1,-1,-1
1674,415,1628108074099,-1,-1,-1
1675,551,1628108078118,-1,-1,-1
1676,535,1628108079108,-1,-1,-1
1677,527,1628108081088,-1,-1,-1
1678,607,1628108089100,-1,-1,-1
1679,703,1628108091080,-1,-1,-1
1680,415,1628108092104,-1,-1,-1
1681,719,1628108092104,-1,-1,-1
1682,703,1628108093089,-1,-1,-1
1683,711,1628108094079,-1,-1,-1
1684,735,1628108094079,-1,-1,-1
1685,567,1628108095094,-1,-1,-1
1686,375,1628108102089,-1,-1,-1
1687,359,1628108105084,-1,-1,-1
1688,359,1628108106074,-1,-1,-1
1689,479,1628108106074,-1,-1,-1
1690,527,1628108110100,-1,-1,-1
1691,679,1628108111119,-1,-1,-1
1692,583,1628108111119,-1,-1,-1
1693,431,1628108113099,-1,-1,-1
1694,567,1628108123090,-1,-1,-1
1695,767,1628108125068,-1,-1,-1
1696,591,1628108127080,-1,-1,-1
1697,575,1628108128069,-1,-1,-1
1698,583,1628108137070,-1,-1,-1
1699,735,1628108138088,-1,-1,-1
1700,743,1628108139078,-1,-1,-1
1701,751,1628108140100,-1,-1,-1
1702,703,1628108140100,-1,-1,-1
1703,559,1628108141083,-1,-1,-1
1704,687,1628108145108,-1,-1,-1
1705,519,1628108147084,-1,-1,-1
1706,663,1628108148079,-1,-1,-1
1707,799,1628108152100,-1,-1,-1
1708,799,1628108152100,-1,-1,-1
1709,687,1628108153084,-1,-1,-1
1710,559,1628108154079,-1,-1,-1
1711,495,1628108154079,-1,-1,-1
1712,783,1628108159088,-1,-1,-1
1713,695,1628108159088,-1,-1,-1
1714,487,1628108163080,-1,-1,-1
1715,503,1628108165089,-1,-1,-1
1716,791,1628108168084,-1,-1,-1
1717,471,1628108173100,-1,-1,-1
1718,863,1628108174089,-1,-1,-1
1719,495,1628108174089,-1,-1,-1
1720,623,1628108175079,-1,-1,-1
1721,695,1628108177119,-1,-1,-1
1722,631,1628108177119,-1,-1,-1
1723,831,1628108180088,-1,-1,-1
1724,599,1628108183083,-1,-1,-1
1725,503,1628108183083,-1,-1,-1
1726,743,1628108184074,-1,-1,-1
1727,855,1628108185100,-1,-1,-1
1728,607,1628108186089,-1,-1,-1
1729,943,1628108189088,-1,-1,-1
1730,879,1628108189088,-1,-1,-1
1731,631,1628108190078,-1,-1,-1
1732,911,1628108191068,-1,-1,-1
1733,847,1628108192084,-1,-1,-1
1734,855,1628108193078,-1,-1,-1
1735,711,1628108193078,-1,-1,-1
1736,775,1628108194068,-1,-1,-1
1737,559,1628108195083,-1,-1,-1
1738,775,1628108195083,-1,-1,-1
1739,751,1628108196076,-1,-1,-1
1740,735,1628108197062,-1,-1,-1
1741,751,1628108202072,-1,-1,-1
1742,559,1628108203064,-1,-1,-1
1743,767,1628108203064,-1,-1,-1
1744,703,1628108206063,-1,-1,-1
1745,463,1628108210118,-1,-1,-1
1746,639,1628108214078,-1,-1,-1
1747,647,1628108214078,-1,-1,-1
1748,535,1628108215064,-1,-1,-1
1749,839,1628108216088,-1,-1,-1
1750,863,1628108217073,-1,-1,-1
1751,639,1628108217073,-1,-1,-1
1752,791,1628108218069,-1,-1,-1
1753,11951,1628108230064,-1,-1,-1
1754,615,1628108232077,-1,-1,-1
1755,479,1628108233069,-1,-1,-1
1756,807,1628108234089,-1,-1,-1
1757,799,1628108234089,-1,-1,-1
1758,543,1628108235078,-1,-1,-1
1759,783,1628108236068,-1,-1,-1
1760,575,1628108239070,-1,-1,-1
1761,3863,1628108246089,-1,-1,-1
1762,527,1628108246089,-1,-1,-1
1763,607,1628108247074,-1,-1,-1
1764,751,1628108252088,-1,-1,-1
1765,367,1628108252088,-1,-1,-1
1766,471,1628108255089,-1,-1,-1
1767,463,1628108257064,-1,-1,-1
1768,615,1628108259077,-1,-1,-1
1769,471,1628108261088,-1,-1,-1
1770,407,1628108261089,-1,-1,-1
1771,711,1628108263063,-1,-1,-1
1772,399,1628108267089,-1,-1,-1
1773,727,1628108267089,-1,-1,-1
1774,527,1628108268073,-1,-1,-1
1775,487,1628108268073,-1,-1,-1
1776,479,1628108271078,-1,-1,-1
1777,455,1628108271078,-1,-1,-1
1778,655,1628108274080,-1,-1,-1
1779,567,1628108274080,-1,-1,-1
1780,567,1628108275069,-1,-1,-1
1781,647,1628108277078,-1,-1,-1
1782,375,1628108277078,-1,-1,-1
1783,623,1628108279086,-1,-1,-1
1784,471,1628108281070,-1,-1,-1
1785,711,1628108282089,-1,-1,-1
1786,447,1628108282089,-1,-1,-1
1787,495,1628108283078,-1,-1,-1
1788,479,1628108283078,-1,-1,-1
1789,479,1628108284062,-1,-1,-1
1790,407,1628108287069,-1,-1,-1
1791,447,1628108289073,-1,-1,-1
1792,423,1628108289073,-1,-1,-1
1793,511,1628108290068,-1,-1,-1
1794,503,1628108290068,-1,-1,-1
1795,487,1628108291088,-1,-1,-1
1796,495,1628108291088,-1,-1,-1
1797,727,1628108292078,-1,-1,-1
1798,479,1628108296069,-1,-1,-1
1799,439,1628108296069,-1,-1,-1
1800,479,1628108297088,-1,-1,-1
1801,575,1628108297088,-1,-1,-1
1802,631,1628108298078,-1,-1,-1
1803,535,1628108298078,-1,-1,-1
1804,455,1628108300088,-1,-1,-1
1805,719,1628108302069,-1,-1,-1
1806,503,1628108303090,-1,-1,-1
1807,479,1628108307078,-1,-1,-1
1808,783,1628108309053,-1,-1,-1
1809,455,1628108309053,-1,-1,-1
1810,455,1628108310073,-1,-1,-1
1811,479,1628108310073,-1,-1,-1
1812,655,1628108311068,-1,-1,-1
1813,519,1628108311068,-1,-1,-1
1814,535,1628108312058,-1,-1,-1
1815,655,1628108314069,-1,-1,-1
1816,671,1628108314069,-1,-1,-1
1817,527,1628108315090,-1,-1,-1
1818,783,1628108316078,-1,-1,-1
1819,607,1628108316079,-1,-1,-1
1820,671,1628108317068,-1,-1,-1
1821,575,1628108319077,-1,-1,-1
1822,735,1628108320071,-1,-1,-1
1823,455,1628108321088,-1,-1,-1
1824,671,1628108321088,-1,-1,-1
1825,751,1628108322076,-1,-1,-1
1826,727,1628108323068,-1,-1,-1
1827,455,1628108323068,-1,-1,-1
1828,471,1628108324088,-1,-1,-1
1829,655,1628108324088,-1,-1,-1
1830,551,1628108325078,-1,-1,-1
1831,423,1628108325078,-1,-1,-1
1832,623,1628108328074,-1,-1,-1
1833,775,1628108330058,-1,-1,-1
1834,839,1628108330058,-1,-1,-1
1835,759,1628108333058,-1,-1,-1
1836,695,1628108334077,-1,-1,-1
1837,591,1628108335069,-1,-1,-1
1838,775,1628108336061,-1,-1,-1
1839,535,1628108339058,-1,-1,-1
1840,407,1628108339058,-1,-1,-1
1841,615,1628108341068,-1,-1,-1
1842,647,1628108343077,-1,-1,-1
1843,559,1628108347063,-1,-1,-1
1844,591,1628108347063,-1,-1,-1
1845,455,1628108348057,-1,-1,-1
1846,687,1628108348058,-1,-1,-1
1847,631,1628108349077,-1,-1,-1
1848,743,1628108354058,-1,-1,-1
1849,471,1628108356068,-1,-1,-1
1850,567,1628108356068,-1,-1,-1
1851,439,1628108362063,-1,-1,-1
1852,407,1628108363054,-1,-1,-1
1853,607,1628108366057,-1,-1,-1
1854,719,1628108367072,-1,-1,-1
1855,719,1628108373078,-1,-1,-1
1856,399,1628108373078,-1,-1,-1
1857,775,1628108376077,-1,-1,-1
1858,671,1628108377068,-1,-1,-1
1859,655,1628108378058,-1,-1,-1
1860,831,1628108380069,-1,-1,-1
1861,431,1628108383068,-1,-1,-1
1862,871,1628108385075,-1,-1,-1
1863,607,1628108386063,-1,-1,-1
1864,575,1628108386063,-1,-1,-1
1865,639,1628108389062,-1,-1,-1
1866,471,1628108389062,-1,-1,-1
1867,479,1628108390058,-1,-1,-1
1868,527,1628108390058,-1,-1,-1
1869,551,1628108391078,-1,-1,-1
1870,495,1628108391078,-1,-1,-1
1871,455,1628108392097,-1,-1,-1
1872,527,1628108392097,-1,-1,-1
1873,423,1628108393089,-1,-1,-1
1874,479,1628108393089,-1,-1,-1
1875,447,1628108393089,-1,-1,-1
1876,519,1628108394077,-1,-1,-1
1877,431,1628108395068,-1,-1,-1
1878,431,1628108396057,-1,-1,-1
1879,799,1628108396058,-1,-1,-1
1880,759,1628108397076,-1,-1,-1
1881,639,1628108399053,-1,-1,-1
1882,663,1628108400078,-1,-1,-1
1883,663,1628108401068,-1,-1,-1
1884,663,1628108402058,-1,-1,-1
1885,631,1628108403077,-1,-1,-1
1886,535,1628108404068,-1,-1,-1
1887,575,1628108404068,-1,-1,-1
1888,583,1628108405057,-1,-1,-1
1889,487,1628108406077,-1,-1,-1
1890,671,1628108406077,-1,-1,-1
1891,511,1628108407067,-1,-1,-1
1892,559,1628108407067,-1,-1,-1
1893,543,1628108408057,-1,-1,-1
1894,519,1628108408057,-1,-1,-1
1895,495,1628108409077,-1,-1,-1
1896,583,1628108409077,-1,-1,-1
1897,591,1628108412076,-1,-1,-1
1898,471,1628108415077,-1,-1,-1
1899,471,1628108415077,-1,-1,-1
1900,415,1628108415077,-1,-1,-1
1901,487,1628108417057,-1,-1,-1
1902,479,1628108417057,-1,-1,-1
1903,511,1628108419068,-1,-1,-1
1904,479,1628108419068,-1,-1,-1
1905,511,1628108420056,-1,-1,-1
1906,735,1628108421077,-1,-1,-1
1907,495,1628108422068,-1,-1,-1
1908,479,1628108422068,-1,-1,-1
1909,455,1628108423057,-1,-1,-1
1910,751,1628108424077,-1,-1,-1
1911,487,1628108424077,-1,-1,-1
1912,759,1628108425097,-1,-1,-1
1913,671,1628108426088,-1,-1,-1
1914,495,1628108426088,-1,-1,-1
1915,511,1628108428067,-1,-1,-1
1916,487,1628108428067,-1,-1,-1
1917,471,1628108428067,-1,-1,-1
1918,511,1628108429057,-1,-1,-1
1919,519,1628108429057,-1,-1,-1
1920,479,1628108430077,-1,-1,-1
1921,471,1628108430077,-1,-1,-1
1922,487,1628108431067,-1,-1,-1
1923,519,1628108431067,-1,-1,-1
1924,711,1628108432056,-1,-1,-1
1925,519,1628108433077,-1,-1,-1
1926,479,1628108433077,-1,-1,-1
1927,759,1628108434067,-1,-1,-1
1928,471,1628108434067,-1,-1,-1
1929,463,1628108435057,-1,-1,-1
1930,503,1628108435057,-1,-1,-1
1931,503,1628108436077,-1,-1,-1
1932,703,1628108437066,-1,-1,-1
1933,735,1628108437067,-1,-1,-1
1934,479,1628108438057,-1,-1,-1
1935,511,1628108438057,-1,-1,-1
1936,423,1628108440063,-1,-1,-1
1937,567,1628108441057,-1,-1,-1
1938,519,1628108441057,-1,-1,-1
1939,447,1628108441057,-1,-1,-1
1940,439,1628108442078,-1,-1,-1
1941,479,1628108443068,-1,-1,-1
1942,487,1628108444057,-1,-1,-1
1943,479,1628108444057,-1,-1,-1
1944,495,1628108445078,-1,-1,-1
1945,479,1628108445078,-1,-1,-1
1946,487,1628108446062,-1,-1,-1
1947,487,1628108446062,-1,-1,-1
1948,479,1628108447057,-1,-1,-1
1949,791,1628108448077,-1,-1,-1
1950,687,1628108448077,-1,-1,-1
1951,471,1628108449068,-1,-1,-1
1952,735,1628108450058,-1,-1,-1
1953,503,1628108450058,-1,-1,-1
1954,455,1628108450059,-1,-1,-1
1955,743,1628108451077,-1,-1,-1
1956,703,1628108452066,-1,-1,-1
1957,495,1628108452067,-1,-1,-1
1958,471,1628108453057,-1,-1,-1
1959,471,1628108453057,-1,-1,-1
1960,495,1628108454077,-1,-1,-1
1961,471,1628108454077,-1,-1,-1
1962,479,1628108455069,-1,-1,-1
1963,727,1628108456057,-1,-1,-1
1964,519,1628108456057,-1,-1,-1
1965,495,1628108457077,-1,-1,-1
1966,511,1628108459088,-1,-1,-1
1967,671,1628108460078,-1,-1,-1
1968,463,1628108462052,-1,-1,-1
1969,503,1628108463077,-1,-1,-1
1970,495,1628108463077,-1,-1,-1
1971,719,1628108464063,-1,-1,-1
1972,471,1628108465056,-1,-1,-1
1973,479,1628108465056,-1,-1,-1
1974,463,1628108466047,-1,-1,-1
1975,495,1628108466047,-1,-1,-1
1976,479,1628108467068,-1,-1,-1
1977,471,1628108468057,-1,-1,-1
1978,503,1628108468057,-1,-1,-1
1979,479,1628108469043,-1,-1,-1
1980,471,1628108471055,-1,-1,-1
1981,511,1628108472048,-1,-1,-1
1982,471,1628108472048,-1,-1,-1
1983,759,1628108473067,-1,-1,-1
1984,471,1628108473067,-1,-1,-1
1985,471,1628108474056,-1,-1,-1
1986,511,1628108474056,-1,-1,-1
1987,735,1628108475048,-1,-1,-1
1988,735,1628108477057,-1,-1,-1
1989,735,1628108477057,-1,-1,-1
1990,487,1628108480054,-1,-1,-1
1991,487,1628108480054,-1,-1,-1
1992,735,1628108481048,-1,-1,-1
1993,735,1628108482067,-1,-1,-1
1994,495,1628108482067,-1,-1,-1
1995,495,1628108483053,-1,-1,-1
1996,487,1628108483053,-1,-1,-1
1997,463,1628108484048,-1,-1,-1
1998,503,1628108484048,-1,-1,-1
1999,495,1628108485069,-1,-1,-1
2000,487,1628108485069,-1,-1,-1
2001,479,1628108486056,-1,-1,-1
2002,463,1628108486056,-1,-1,-1
2003,495,1628108487048,-1,-1,-1
2004,487,1628108487048,-1,-1,-1
2005,479,1628108488067,-1,-1,-1
2006,495,1628108488067,-1,-1,-1
2007,479,1628108489056,-1,-1,-1
2008,487,1628108489056,-1,-1,-1
2009,479,1628108490042,-1,-1,-1
2010,487,1628108490042,-1,-1,-1
2011,479,1628108491097,-1,-1,-1
2012,487,1628108491097,-1,-1,-1
2013,479,1628108491097,-1,-1,-1
2014,487,1628108492087,-1,-1,-1
2015,487,1628108492087,-1,-1,-1
2016,479,1628108493048,-1,-1,-1
2017,463,1628108493048,-1,-1,-1
2018,479,1628108494062,-1,-1,-1
2019,487,1628108494062,-1,-1,-1
2020,479,1628108495057,-1,-1,-1
2021,727,1628108496047,-1,-1,-1
2022,487,1628108496047,-1,-1,-1
2023,759,1628108497067,-1,-1,-1
2024,455,1628108497067,-1,-1,-1
2025,503,1628108498057,-1,-1,-1
2026,455,1628108498057,-1,-1,-1
2027,743,1628108499048,-1,-1,-1
2028,471,1628108499048,-1,-1,-1
2029,487,1628108500067,-1,-1,-1
2030,487,1628108500067,-1,-1,-1
2031,487,1628108501056,-1,-1,-1
2032,487,1628108501057,-1,-1,-1
2033,487,1628108502046,-1,-1,-1
2034,495,1628108502046,-1,-1,-1
2035,487,1628108503067,-1,-1,-1
2036,471,1628108503067,-1,-1,-1
2037,487,1628108504052,-1,-1,-1
2038,479,1628108504052,-1,-1,-1
2039,487,1628108505047,-1,-1,-1
2040,495,1628108505047,-1,-1,-1
2041,679,1628108509067,-1,-1,-1
2042,719,1628108509067,-1,-1,-1
2043,463,1628108511047,-1,-1,-1
2044,487,1628108512068,-1,-1,-1
2045,503,1628108512068,-1,-1,-1
2046,687,1628108513056,-1,-1,-1
2047,735,1628108514047,-1,-1,-1
2048,479,1628108514047,-1,-1,-1
2049,479,1628108514047,-1,-1,-1
2050,479,1628108515067,-1,-1,-1
2051,487,1628108515067,-1,-1,-1
2052,471,1628108516054,-1,-1,-1
2053,503,1628108516054,-1,-1,-1
2054,479,1628108517042,-1,-1,-1
2055,703,1628108518067,-1,-1,-1
2056,487,1628108518067,-1,-1,-1
2057,503,1628108519057,-1,-1,-1
2058,495,1628108519057,-1,-1,-1
2059,695,1628108520047,-1,-1,-1
2060,495,1628108520047,-1,-1,-1
2061,719,1628108521068,-1,-1,-1
2062,495,1628108522056,-1,-1,-1
2063,935,1628108522056,-1,-1,-1
2064,743,1628108523048,-1,-1,-1
2065,1000,1628108524092,-1,-1,-1
2066,519,1628108534056,-1,-1,-1
2067,535,1628108534056,-1,-1,-1
2068,1031,1628108535048,-1,-1,-1
2069,711,1628108537051,-1,-1,-1
2070,599,1628108539066,-1,-1,-1
2071,1015,1628108540052,-1,-1,-1
2072,551,1628108541048,-1,-1,-1
2073,975,1628108544047,-1,-1,-1
2074,719,1628108545067,-1,-1,-1
2075,783,1628108549057,-1,-1,-1
2076,1143,1628108550046,-1,-1,-1
2077,655,1628108552057,-1,-1,-1
2078,831,1628108553046,-1,-1,-1
2079,927,1628108554068,-1,-1,-1
2080,1087,1628108555056,-1,-1,-1
2081,1071,1628108557092,-1,-1,-1
2082,1167,1628108561050,-1,-1,-1
2083,871,1628108563064,-1,-1,-1
2084,751,1628108564054,-1,-1,-1
2085,647,1628108567051,-1,-1,-1
2086,911,1628108568044,-1,-1,-1
2087,895,1628108569064,-1,-1,-1
2088,983,1628108572065,-1,-1,-1
2089,967,1628108573054,-1,-1,-1
2090,791,1628108573054,-1,-1,-1
2091,1039,1628108574044,-1,-1,-1
2092,895,1628108575064,-1,-1,-1
2093,799,1628108579056,-1,-1,-1
2094,831,1628108580046,-1,-1,-1
2095,1031,1628108583041,-1,-1,-1
2096,799,1628108583041,-1,-1,-1
2097,743,1628108584066,-1,-1,-1
2098,1087,1628108585056,-1,-1,-1
2099,559,1628108586046,-1,-1,-1
2100,831,1628108587067,-1,-1,-1
2101,807,1628108587067,-1,-1,-1
2102,1023,1628108588056,-1,-1,-1
2103,975,1628108589046,-1,-1,-1
2104,743,1628108590091,-1,-1,-1
2105,639,1628108592047,-1,-1,-1
2106,943,1628108593061,-1,-1,-1
2107,695,1628108594056,-1,-1,-1
2108,583,1628108596064,-1,-1,-1
2109,775,1628108596064,-1,-1,-1
2110,559,1628108597054,-1,-1,-1
2111,695,1628108598045,-1,-1,-1
2112,623,1628108603051,-1,-1,-1
2113,959,1628108604045,-1,-1,-1
2114,903,1628108606054,-1,-1,-1
2115,727,1628108609054,-1,-1,-1
2116,695,1628108609054,-1,-1,-1
2117,719,1628108610045,-1,-1,-1
2118,751,1628108611031,-1,-1,-1
2119,695,1628108611031,-1,-1,-1
2120,695,1628108612051,-1,-1,-1
2121,903,1628108619044,-1,-1,-1
2122,1023,1628108620034,-1,-1,-1
2123,775,1628108620034,-1,-1,-1
2124,623,1628108621054,-1,-1,-1
2125,703,1628108622045,-1,-1,-1
2126,791,1628108623033,-1,-1,-1
2127,895,1628108628044,-1,-1,-1
2128,895,1628108629033,-1,-1,-1
2129,647,1628108630054,-1,-1,-1
2130,831,1628108632031,-1,-1,-1
2131,791,1628108633083,-1,-1,-1
2132,783,1628108633084,-1,-1,-1
2133,727,1628108634042,-1,-1,-1
2134,1079,1628108635031,-1,-1,-1
2135,671,1628108636052,-1,-1,-1
2136,983,1628108637042,-1,-1,-1
2137,799,1628108639054,-1,-1,-1
2138,751,1628108640041,-1,-1,-1
2139,887,1628108640041,-1,-1,-1
2140,871,1628108641065,-1,-1,-1
2141,663,1628108642052,-1,-1,-1
2142,1071,1628108643044,-1,-1,-1
2143,823,1628108644033,-1,-1,-1
2144,775,1628108645054,-1,-1,-1
2145,839,1628108646045,-1,-1,-1
2146,735,1628108646045,-1,-1,-1
2147,719,1628108647033,-1,-1,-1
2148,887,1628108648053,-1,-1,-1
2149,711,1628108650033,-1,-1,-1
2150,959,1628108651054,-1,-1,-1
2151,951,1628108653034,-1,-1,-1
2152,959,1628108654054,-1,-1,-1
2153,1000,1628108657056,-1,-1,-1
2154,719,1628108658046,-1,-1,-1
2155,695,1628108663050,-1,-1,-1
2156,703,1628108664046,-1,-1,-1
2157,759,1628108664046,-1,-1,-1
2158,919,1628108668036,-1,-1,-1
2159,623,1628108671036,-1,-1,-1
2160,1103,1628108672057,-1,-1,-1
2161,695,1628108673045,-1,-1,-1
2162,791,1628108673045,-1,-1,-1
2163,1119,1628108677035,-1,-1,-1
2164,735,1628108678056,-1,-1,-1
2165,703,1628108682041,-1,-1,-1
2166,679,1628108683035,-1,-1,-1
2167,671,1628108683036,-1,-1,-1
2168,679,1628108684051,-1,-1,-1
2169,1039,1628108685046,-1,-1,-1
2170,591,1628108686035,-1,-1,-1
2171,903,1628108689035,-1,-1,-1
2172,1007,1628108690053,-1,-1,-1
2173,751,1628108691044,-1,-1,-1
2174,1127,1628108692033,-1,-1,-1
2175,943,1628108695035,-1,-1,-1
2176,671,1628108696055,-1,-1,-1
2177,1207,1628108697047,-1,-1,-1
2178,703,1628108698036,-1,-1,-1
2179,895,1628108699055,-1,-1,-1
2180,911,1628108700046,-1,-1,-1
2181,1183,1628108701036,-1,-1,-1
2182,1159,1628108702052,-1,-1,-1
2183,863,1628108704035,-1,-1,-1
2184,927,1628108707064,-1,-1,-1
2185,967,1628108708050,-1,-1,-1
2186,1359,1628108714056,-1,-1,-1
2187,1191,1628108715046,-1,-1,-1
2188,927,1628108718046,-1,-1,-1
2189,1159,1628108719033,-1,-1,-1
2190,871,1628108720056,-1,-1,-1
2191,1047,1628108721046,-1,-1,-1
2192,1255,1628108724046,-1,-1,-1
2193,943,1628108725035,-1,-1,-1
2194,1271,1628108726056,-1,-1,-1
2195,839,1628108732054,-1,-1,-1
2196,591,1628108735050,-1,-1,-1
2197,775,1628108736044,-1,-1,-1
2198,1063,1628108742044,-1,-1,-1
2199,1135,1628108743031,-1,-1,-1
2200,687,1628108744025,-1,-1,-1
2201,1063,1628108745046,-1,-1,-1
2202,1111,1628108748041,-1,-1,-1
2203,967,1628108749033,-1,-1,-1
2204,639,1628108749033,-1,-1,-1
2205,1231,1628108752033,-1,-1,-1
2206,1007,1628108755033,-1,-1,-1
2207,855,1628108756020,-1,-1,-1
2208,1207,1628108758033,-1,-1,-1
2209,783,1628108761033,-1,-1,-1
2210,671,1628108761033,-1,-1,-1
2211,815,1628108762024,-1,-1,-1
2212,783,1628108763045,-1,-1,-1
2213,735,1628108764035,-1,-1,-1
2214,767,1628108764035,-1,-1,-1
2215,863,1628108765020,-1,-1,-1
2216,727,1628108766040,-1,-1,-1
2217,679,1628108767030,-1,-1,-1
2218,767,1628108767030,-1,-1,-1
2219,767,1628108768023,-1,-1,-1
2220,927,1628108769040,-1,-1,-1
2221,967,1628108770033,-1,-1,-1
2222,775,1628108771022,-1,-1,-1
2223,671,1628108772070,-1,-1,-1
2224,735,1628108773063,-1,-1,-1
2225,687,1628108774053,-1,-1,-1
2226,631,1628108775040,-1,-1,-1
2227,639,1628108777022,-1,-1,-1
2228,647,1628108778044,-1,-1,-1
2229,655,1628108778044,-1,-1,-1
2230,639,1628108779032,-1,-1,-1
2231,631,1628108780021,-1,-1,-1
2232,655,1628108780021,-1,-1,-1
2233,575,1628108781039,-1,-1,-1
2234,639,1628108781039,-1,-1,-1
2235,631,1628108783024,-1,-1,-1
2236,631,1628108784042,-1,-1,-1
2237,543,1628108784042,-1,-1,-1
2238,503,1628108786024,-1,-1,-1
2239,527,1628108790046,-1,-1,-1
2240,719,1628108791033,-1,-1,-1
2241,455,1628108791033,-1,-1,-1
2242,799,1628108793040,-1,-1,-1
2243,799,1628108796041,-1,-1,-1
2244,519,1628108797035,-1,-1,-1
2245,807,1628108799043,-1,-1,-1
2246,735,1628108802042,-1,-1,-1
2247,847,1628108803032,-1,-1,-1
2248,751,1628108804022,-1,-1,-1
2249,495,1628108804022,-1,-1,-1
2250,559,1628108805073,-1,-1,-1
2251,863,1628108806062,-1,-1,-1
2252,703,1628108806062,-1,-1,-1
2253,839,1628108807023,-1,-1,-1
2254,631,1628108810021,-1,-1,-1
2255,847,1628108811043,-1,-1,-1
2256,527,1628108811044,-1,-1,-1
2257,599,1628108812032,-1,-1,-1
2258,831,1628108820041,-1,-1,-1
2259,719,1628108820041,-1,-1,-1
2260,479,1628108825020,-1,-1,-1
2261,775,1628108826047,-1,-1,-1
2262,767,1628108828025,-1,-1,-1
2263,847,1628108829044,-1,-1,-1
2264,703,1628108829044,-1,-1,-1
2265,807,1628108830032,-1,-1,-1
2266,527,1628108831022,-1,-1,-1
2267,639,1628108833034,-1,-1,-1
2268,543,1628108833034,-1,-1,-1
2269,479,1628108835045,-1,-1,-1
2270,751,1628108837027,-1,-1,-1
2271,551,1628108838075,-1,-1,-1
2272,895,1628108838075,-1,-1,-1
2273,927,1628108839066,-1,-1,-1
2274,575,1628108840020,-1,-1,-1
2275,543,1628108840020,-1,-1,-1
2276,575,1628108841045,-1,-1,-1
2277,831,1628108842035,-1,-1,-1
2278,799,1628108843020,-1,-1,-1
2279,663,1628108843020,-1,-1,-1
2280,535,1628108844046,-1,-1,-1
2281,959,1628108845035,-1,-1,-1
2282,503,1628108845035,-1,-1,-1
2283,487,1628108846026,-1,-1,-1
2284,927,1628108853046,-1,-1,-1
2285,871,1628108854035,-1,-1,-1
2286,1000,1628108855019,-1,-1,-1
2287,1015,1628108856048,-1,-1,-1
2288,935,1628108862044,-1,-1,-1
2289,647,1628108862044,-1,-1,-1
2290,1023,1628108863036,-1,-1,-1
2291,783,1628108867020,-1,-1,-1
2292,711,1628108870020,-1,-1,-1
2293,927,1628108871074,-1,-1,-1
2294,703,1628108871074,-1,-1,-1
2295,951,1628108872066,-1,-1,-1
2296,543,1628108873024,-1,-1,-1
2297,847,1628108878035,-1,-1,-1
2298,807,1628108879027,-1,-1,-1
2299,775,1628108880014,-1,-1,-1
2300,743,1628108880014,-1,-1,-1
2301,559,1628108882026,-1,-1,-1
2302,703,1628108883014,-1,-1,-1
2303,639,1628108885026,-1,-1,-1
2304,871,1628108887034,-1,-1,-1
2305,1183,1628108890035,-1,-1,-1
2306,967,1628108891025,-1,-1,-1
2307,775,1628108892015,-1,-1,-1
2308,711,1628108892015,-1,-1,-1
2309,1000,1628108893035,-1,-1,-1
2310,631,1628108894026,-1,-1,-1
2311,943,1628108895015,-1,-1,-1
2312,791,1628108896034,-1,-1,-1
2313,791,1628108897019,-1,-1,-1
2314,655,1628108897019,-1,-1,-1
2315,711,1628108898009,-1,-1,-1
2316,583,1628108900019,-1,-1,-1
2317,1055,1628108904015,-1,-1,-1
2318,1143,1628108905066,-1,-1,-1
2319,1327,1628108906024,-1,-1,-1
2320,903,1628108907045,-1,-1,-1
2321,1383,1628108908032,-1,-1,-1
2322,1199,1628108914032,-1,-1,-1
2323,1063,1628108919014,-1,-1,-1
