,RR,Timestamp,SensorContact,errorEstimate,blockerBit
0,754,1623253857906,-1,-1,-1
1,708,1623253857907,-1,-1,-1
2,693,1623253857907,-1,-1,-1
3,670,1623253857907,-1,-1,-1
4,693,1623253858884,-1,-1,-1
5,648,1623253862899,-1,-1,-1
6,632,1623253874912,-1,-1,-1
7,625,1623253874913,-1,-1,-1
8,625,1623253874913,-1,-1,-1
9,632,1623253874913,-1,-1,-1
10,678,1623253877926,-1,-1,-1
11,754,1623253878911,-1,-1,-1
12,708,1623253881924,-1,-1,-1
13,701,1623253936958,-1,-1,-1
14,655,1623253936958,-1,-1,-1
15,686,1623253936958,-1,-1,-1
16,648,1623253936958,-1,-1,-1
17,663,1623253937947,-1,-1,-1
18,663,1623253938939,-1,-1,-1
19,648,1623253938939,-1,-1,-1
20,655,1623253939973,-1,-1,-1
21,625,1623253942946,-1,-1,-1
22,594,1623253943978,-1,-1,-1
23,632,1623253945958,-1,-1,-1
24,670,1623253946954,-1,-1,-1
25,648,1623253948977,-1,-1,-1
26,686,1623254036049,-1,-1,-1
27,648,1623254036049,-1,-1,-1
28,556,1623254036049,-1,-1,-1
29,770,1623254036049,-1,-1,-1
30,716,1623254040052,-1,-1,-1
31,701,1623254046038,-1,-1,-1
32,708,1623254046038,-1,-1,-1
33,701,1623254047080,-1,-1,-1
34,747,1623254048072,-1,-1,-1
35,655,1623254075069,-1,-1,-1
36,708,1623254075070,-1,-1,-1
37,678,1623254075070,-1,-1,-1
38,640,1623254075072,-1,-1,-1
39,602,1623254076098,-1,-1,-1
40,579,1623254077089,-1,-1,-1
41,533,1623254081097,-1,-1,-1
42,488,1623254082088,-1,-1,-1
43,846,1623254083080,-1,-1,-1
44,831,1623254084106,-1,-1,-1
45,777,1623254085104,-1,-1,-1
46,724,1623254091091,-1,-1,-1
47,655,1623254092123,-1,-1,-1
48,670,1623254092123,-1,-1,-1
49,663,1623254093112,-1,-1,-1
50,708,1623254113138,-1,-1,-1
51,686,1623254113138,-1,-1,-1
52,663,1623254113138,-1,-1,-1
53,632,1623254113138,-1,-1,-1
54,610,1623254113138,-1,-1,-1
55,594,1623254114123,-1,-1,-1
56,594,1623254115116,-1,-1,-1
57,564,1623254115116,-1,-1,-1
58,548,1623254117138,-1,-1,-1
59,533,1623254117138,-1,-1,-1
60,548,1623254118133,-1,-1,-1
61,541,1623254118133,-1,-1,-1
62,564,1623254119124,-1,-1,-1
63,617,1623254120159,-1,-1,-1
64,686,1623254120160,-1,-1,-1
65,732,1623254121149,-1,-1,-1
66,785,1623254122132,-1,-1,-1
67,808,1623254123128,-1,-1,-1
68,808,1623254124157,-1,-1,-1
69,754,1623254124157,-1,-1,-1
70,762,1623254125147,-1,-1,-1
71,739,1623254126144,-1,-1,-1
72,739,1623254127127,-1,-1,-1
73,686,1623254127127,-1,-1,-1
74,670,1623254128168,-1,-1,-1
75,670,1623254129159,-1,-1,-1
76,663,1623254129159,-1,-1,-1
77,648,1623254130146,-1,-1,-1
78,670,1623254131139,-1,-1,-1
79,670,1623254131139,-1,-1,-1
80,648,1623254132167,-1,-1,-1
81,670,1623254133162,-1,-1,-1
82,670,1623254133163,-1,-1,-1
83,678,1623254134150,-1,-1,-1
84,655,1623254136171,-1,-1,-1
85,625,1623254137162,-1,-1,-1
86,625,1623254138158,-1,-1,-1
87,602,1623254138158,-1,-1,-1
88,610,1623254139148,-1,-1,-1
89,602,1623254139148,-1,-1,-1
90,610,1623254140183,-1,-1,-1
91,617,1623254141171,-1,-1,-1
92,632,1623254141171,-1,-1,-1
93,640,1623254142158,-1,-1,-1
94,693,1623254145177,-1,-1,-1
95,670,1623254146162,-1,-1,-1
96,663,1623254147152,-1,-1,-1
97,625,1623254149183,-1,-1,-1
98,724,1623254236259,-1,-1,-1
99,670,1623254236259,-1,-1,-1
100,625,1623254236259,-1,-1,-1
101,640,1623254236259,-1,-1,-1
102,610,1623254382410,-1,-1,-1
103,632,1623254382410,-1,-1,-1
104,610,1623254382410,-1,-1,-1
105,655,1623254382410,-1,-1,-1
106,678,1623254382410,-1,-1,-1
107,777,1623254383403,-1,-1,-1
108,770,1623254384389,-1,-1,-1
109,632,1623254385424,-1,-1,-1
110,701,1623254412424,-1,-1,-1
111,800,1623254412424,-1,-1,-1
112,625,1623254412424,-1,-1,-1
113,586,1623254412424,-1,-1,-1
114,732,1623254470474,-1,-1,-1
115,686,1623254470474,-1,-1,-1
116,655,1623254470474,-1,-1,-1
117,625,1623254470474,-1,-1,-1
118,610,1623254470475,-1,-1,-1
119,632,1623254472453,-1,-1,-1
120,625,1623254473444,-1,-1,-1
121,648,1623254473444,-1,-1,-1
122,640,1623254474478,-1,-1,-1
123,632,1623254475468,-1,-1,-1
124,602,1623254476460,-1,-1,-1
125,556,1623254479473,-1,-1,-1
126,747,1623254480463,-1,-1,-1
127,724,1623254481455,-1,-1,-1
128,648,1623254483479,-1,-1,-1
129,610,1623254485461,-1,-1,-1
130,564,1623254495494,-1,-1,-1
131,625,1623254495494,-1,-1,-1
132,632,1623254495494,-1,-1,-1
133,610,1623254495494,-1,-1,-1
134,617,1623254496483,-1,-1,-1
135,617,1623254497473,-1,-1,-1
136,610,1623254497473,-1,-1,-1
137,579,1623254499499,-1,-1,-1
138,625,1623254508500,-1,-1,-1
139,632,1623254508500,-1,-1,-1
140,663,1623254508500,-1,-1,-1
141,716,1623254508500,-1,-1,-1
142,747,1623254509488,-1,-1,-1
143,854,1623254510479,-1,-1,-1
144,716,1623254511513,-1,-1,-1
145,663,1623254512504,-1,-1,-1
146,648,1623254512504,-1,-1,-1
147,640,1623254513493,-1,-1,-1
148,632,1623254513493,-1,-1,-1
149,648,1623254514486,-1,-1,-1
150,663,1623254515474,-1,-1,-1
151,655,1623254515474,-1,-1,-1
152,655,1623254516508,-1,-1,-1
153,632,1623254517498,-1,-1,-1
154,640,1623254517498,-1,-1,-1
155,602,1623254519483,-1,-1,-1
156,655,1623254519483,-1,-1,-1
157,648,1623254520513,-1,-1,-1
158,632,1623254521502,-1,-1,-1
159,625,1623254521502,-1,-1,-1
160,610,1623254522494,-1,-1,-1
161,602,1623254523483,-1,-1,-1
162,586,1623254523483,-1,-1,-1
163,579,1623254524474,-1,-1,-1
164,548,1623254525508,-1,-1,-1
165,564,1623254526497,-1,-1,-1
166,571,1623254526498,-1,-1,-1
167,571,1623254527487,-1,-1,-1
168,594,1623254527487,-1,-1,-1
169,625,1623254528477,-1,-1,-1
170,655,1623254529513,-1,-1,-1
171,579,1623254547513,-1,-1,-1
172,754,1623254547513,-1,-1,-1
173,732,1623254547513,-1,-1,-1
174,655,1623254547513,-1,-1,-1
175,625,1623254547513,-1,-1,-1
176,617,1623254548502,-1,-1,-1
177,610,1623254548502,-1,-1,-1
178,640,1623254570507,-1,-1,-1
179,586,1623254570507,-1,-1,-1
180,762,1623254570507,-1,-1,-1
181,739,1623254570507,-1,-1,-1
182,686,1623254575510,-1,-1,-1
183,579,1623254577482,-1,-1,-1
184,502,1623254600477,-1,-1,-1
185,625,1623254600477,-1,-1,-1
186,586,1623254600477,-1,-1,-1
187,617,1623254600477,-1,-1,-1
188,648,1623254666536,-1,-1,-1
189,640,1623254666536,-1,-1,-1
190,632,1623254666536,-1,-1,-1
191,617,1623254666536,-1,-1,-1
192,594,1623254667571,-1,-1,-1
193,655,1623254667572,-1,-1,-1
194,678,1623254718606,-1,-1,-1
195,655,1623254718606,-1,-1,-1
196,632,1623254718607,-1,-1,-1
197,632,1623254718607,-1,-1,-1
198,625,1623254718607,-1,-1,-1
199,625,1623254719591,-1,-1,-1
200,640,1623254720582,-1,-1,-1
201,640,1623254722651,-1,-1,-1
202,655,1623254722651,-1,-1,-1
203,670,1623254723598,-1,-1,-1
204,670,1623254724635,-1,-1,-1
205,586,1623254736603,-1,-1,-1
206,533,1623254736603,-1,-1,-1
207,777,1623254736603,-1,-1,-1
208,876,1623254736603,-1,-1,-1
209,724,1623254755637,-1,-1,-1
210,610,1623254755637,-1,-1,-1
211,625,1623254756627,-1,-1,-1
212,602,1623254756627,-1,-1,-1
213,625,1623254757618,-1,-1,-1
214,655,1623254758651,-1,-1,-1
215,732,1623254758651,-1,-1,-1
216,747,1623254759652,-1,-1,-1
217,762,1623254760632,-1,-1,-1
218,785,1623254761622,-1,-1,-1
219,777,1623254762612,-1,-1,-1
220,815,1623254762612,-1,-1,-1
221,831,1623254763646,-1,-1,-1
222,838,1623254764636,-1,-1,-1
223,815,1623254765626,-1,-1,-1
224,770,1623254766624,-1,-1,-1
225,701,1623254775661,-1,-1,-1
226,708,1623254775661,-1,-1,-1
227,732,1623254775662,-1,-1,-1
228,747,1623254775662,-1,-1,-1
229,739,1623254776650,-1,-1,-1
230,716,1623254776650,-1,-1,-1
231,716,1623254777644,-1,-1,-1
232,708,1623254778632,-1,-1,-1
233,670,1623254779667,-1,-1,-1
234,708,1623254780656,-1,-1,-1
235,693,1623254781653,-1,-1,-1
236,701,1623254781653,-1,-1,-1
237,701,1623254782644,-1,-1,-1
238,693,1623254783676,-1,-1,-1
239,686,1623254784667,-1,-1,-1
240,686,1623254784667,-1,-1,-1
241,663,1623254786641,-1,-1,-1
242,678,1623254787677,-1,-1,-1
243,648,1623254788666,-1,-1,-1
244,724,1623254793662,-1,-1,-1
245,716,1623254793662,-1,-1,-1
246,762,1623254794652,-1,-1,-1
247,739,1623254795688,-1,-1,-1
248,701,1623254796681,-1,-1,-1
249,785,1623254796681,-1,-1,-1
250,739,1623254800681,-1,-1,-1
251,670,1623254801675,-1,-1,-1
252,678,1623254802660,-1,-1,-1
253,686,1623254802660,-1,-1,-1
254,686,1623254803698,-1,-1,-1
255,670,1623254804693,-1,-1,-1
256,670,1623254804693,-1,-1,-1
257,655,1623254805683,-1,-1,-1
258,648,1623254806666,-1,-1,-1
259,648,1623254806666,-1,-1,-1
260,640,1623254807701,-1,-1,-1
261,632,1623254808691,-1,-1,-1
262,640,1623254808691,-1,-1,-1
263,663,1623254809681,-1,-1,-1
264,708,1623254810675,-1,-1,-1
265,747,1623254811711,-1,-1,-1
266,708,1623254811711,-1,-1,-1
267,708,1623254812702,-1,-1,-1
268,693,1623254813686,-1,-1,-1
269,701,1623254813686,-1,-1,-1
270,693,1623254814681,-1,-1,-1
271,693,1623254815716,-1,-1,-1
272,655,1623254816701,-1,-1,-1
273,648,1623254816701,-1,-1,-1
274,632,1623254817693,-1,-1,-1
275,594,1623254817693,-1,-1,-1
276,617,1623254818686,-1,-1,-1
277,586,1623254819722,-1,-1,-1
278,579,1623254819723,-1,-1,-1
279,594,1623254820712,-1,-1,-1
280,625,1623254821695,-1,-1,-1
281,518,1623254822692,-1,-1,-1
282,960,1623254823720,-1,-1,-1
283,838,1623254824711,-1,-1,-1
284,762,1623254825705,-1,-1,-1
285,724,1623254826691,-1,-1,-1
286,686,1623254826691,-1,-1,-1
287,640,1623254827686,-1,-1,-1
288,640,1623254828722,-1,-1,-1
289,640,1623254828722,-1,-1,-1
290,640,1623254829714,-1,-1,-1
291,640,1623254830701,-1,-1,-1
292,655,1623254830701,-1,-1,-1
293,663,1623254831686,-1,-1,-1
294,648,1623254832722,-1,-1,-1
295,648,1623254832722,-1,-1,-1
296,640,1623254833714,-1,-1,-1
297,655,1623254834703,-1,-1,-1
298,655,1623254835697,-1,-1,-1
299,625,1623254836683,-1,-1,-1
300,648,1623254836683,-1,-1,-1
301,648,1623254837721,-1,-1,-1
302,655,1623254838712,-1,-1,-1
303,648,1623254838712,-1,-1,-1
304,640,1623254839696,-1,-1,-1
305,640,1623254840686,-1,-1,-1
306,648,1623254840686,-1,-1,-1
307,670,1623254841726,-1,-1,-1
308,678,1623254842715,-1,-1,-1
309,701,1623254842716,-1,-1,-1
310,732,1623254843700,-1,-1,-1
311,693,1623254844690,-1,-1,-1
312,693,1623254845732,-1,-1,-1
313,602,1623254845732,-1,-1,-1
314,686,1623254846716,-1,-1,-1
315,617,1623254847710,-1,-1,-1
316,594,1623254848742,-1,-1,-1
317,594,1623254848742,-1,-1,-1
318,655,1623254849730,-1,-1,-1
319,716,1623254850727,-1,-1,-1
320,724,1623254851717,-1,-1,-1
321,747,1623254852700,-1,-1,-1
322,785,1623254852700,-1,-1,-1
323,785,1623254853744,-1,-1,-1
324,754,1623254854725,-1,-1,-1
325,754,1623254854725,-1,-1,-1
326,716,1623254855717,-1,-1,-1
327,686,1623254857742,-1,-1,-1
328,648,1623254857742,-1,-1,-1
329,625,1623254858730,-1,-1,-1
330,739,1623254860714,-1,-1,-1
331,701,1623254861749,-1,-1,-1
332,693,1623254862782,-1,-1,-1
333,686,1623254862783,-1,-1,-1
334,693,1623254863771,-1,-1,-1
335,693,1623254864719,-1,-1,-1
336,693,1623254864719,-1,-1,-1
337,724,1623254865757,-1,-1,-1
338,610,1623254879750,-1,-1,-1
339,617,1623254879750,-1,-1,-1
340,716,1623254879750,-1,-1,-1
341,937,1623254879750,-1,-1,-1
342,640,1623254929784,-1,-1,-1
343,632,1623254929785,-1,-1,-1
344,625,1623254929785,-1,-1,-1
345,610,1623254929785,-1,-1,-1
346,610,1623254930821,-1,-1,-1
347,579,1623254931810,-1,-1,-1
348,625,1623254931810,-1,-1,-1
349,640,1623254932804,-1,-1,-1
350,678,1623254933790,-1,-1,-1
351,716,1623254933790,-1,-1,-1
352,693,1623254934832,-1,-1,-1
353,678,1623254935817,-1,-1,-1
354,648,1623254935817,-1,-1,-1
355,648,1623254936810,-1,-1,-1
356,670,1623254937800,-1,-1,-1
357,655,1623254937801,-1,-1,-1
358,648,1623254938785,-1,-1,-1
359,693,1623254939866,-1,-1,-1
360,625,1623254939866,-1,-1,-1
361,640,1623254940859,-1,-1,-1
362,640,1623254941807,-1,-1,-1
363,495,1623254941807,-1,-1,-1
364,724,1623254951841,-1,-1,-1
365,716,1623254951841,-1,-1,-1
366,663,1623254951841,-1,-1,-1
367,648,1623254951841,-1,-1,-1
368,663,1623254951841,-1,-1,-1
369,663,1623254952830,-1,-1,-1
370,708,1623254953815,-1,-1,-1
371,716,1623254953815,-1,-1,-1
372,754,1623254954805,-1,-1,-1
373,610,1623254968844,-1,-1,-1
374,732,1623254968844,-1,-1,-1
375,732,1623254968844,-1,-1,-1
376,724,1623254968844,-1,-1,-1
377,701,1623254969835,-1,-1,-1
378,701,1623254969835,-1,-1,-1
379,678,1623254970828,-1,-1,-1
380,732,1623254971859,-1,-1,-1
381,594,1623254975825,-1,-1,-1
382,640,1623254975825,-1,-1,-1
383,594,1623254975825,-1,-1,-1
384,617,1623254975825,-1,-1,-1
385,708,1623254989858,-1,-1,-1
386,648,1623254989859,-1,-1,-1
387,610,1623254989859,-1,-1,-1
388,632,1623254989859,-1,-1,-1
389,594,1623254990855,-1,-1,-1
390,648,1623254991843,-1,-1,-1
391,732,1623254991843,-1,-1,-1
392,770,1623254992879,-1,-1,-1
393,747,1623254993866,-1,-1,-1
394,732,1623254994858,-1,-1,-1
395,724,1623254994858,-1,-1,-1
396,663,1623255023879,-1,-1,-1
397,670,1623255023879,-1,-1,-1
398,678,1623255023879,-1,-1,-1
399,670,1623255023879,-1,-1,-1
400,655,1623255024870,-1,-1,-1
401,586,1623255024870,-1,-1,-1
402,663,1623255025904,-1,-1,-1
403,625,1623255081929,-1,-1,-1
404,739,1623255081929,-1,-1,-1
405,785,1623255081929,-1,-1,-1
406,739,1623255081929,-1,-1,-1
407,701,1623255082924,-1,-1,-1
408,663,1623255082924,-1,-1,-1
409,670,1623255083956,-1,-1,-1
410,648,1623255084945,-1,-1,-1
411,648,1623255084945,-1,-1,-1
412,640,1623255085939,-1,-1,-1
413,610,1623255106955,-1,-1,-1
414,632,1623255106955,-1,-1,-1
415,678,1623255106955,-1,-1,-1
416,686,1623255106955,-1,-1,-1
417,693,1623255107984,-1,-1,-1
418,617,1623255118965,-1,-1,-1
419,632,1623255118965,-1,-1,-1
420,632,1623255118965,-1,-1,-1
421,617,1623255118965,-1,-1,-1
422,640,1623255118965,-1,-1,-1
423,617,1623255119954,-1,-1,-1
424,625,1623255130982,-1,-1,-1
425,617,1623255130982,-1,-1,-1
426,739,1623255130982,-1,-1,-1
427,884,1623255130982,-1,-1,-1
428,838,1623255133005,-1,-1,-1
