,RR,Timestamp,SensorContact,errorEstimate,blockerBit
0,567,1627130124540,-1,-1,-1
1,703,1627130124540,-1,-1,-1
2,807,1627130126544,-1,-1,-1
3,575,1627130128546,-1,-1,-1
4,583,1627130128546,-1,-1,-1
5,583,1627130129560,-1,-1,-1
6,575,1627130129560,-1,-1,-1
7,479,1627130130574,-1,-1,-1
8,639,1627130130574,-1,-1,-1
9,487,1627130131547,-1,-1,-1
10,647,1627130132559,-1,-1,-1
11,383,1627130133573,-1,-1,-1
12,639,1627130134546,-1,-1,-1
13,743,1627130134546,-1,-1,-1
14,671,1627130135598,-1,-1,-1
15,583,1627130137548,-1,-1,-1
16,455,1627130137548,-1,-1,-1
17,631,1627130138562,-1,-1,-1
18,391,1627130138562,-1,-1,-1
19,663,1627130139573,-1,-1,-1
20,671,1627130140548,-1,-1,-1
21,591,1627130141560,-1,-1,-1
22,543,1627130142574,-1,-1,-1
23,559,1627130142574,-1,-1,-1
24,567,1627130143549,-1,-1,-1
25,543,1627130144558,-1,-1,-1
26,575,1627130144558,-1,-1,-1
27,655,1627130145572,-1,-1,-1
28,399,1627130145572,-1,-1,-1
29,463,1627130146547,-1,-1,-1
30,567,1627130147562,-1,-1,-1
31,559,1627130148573,-1,-1,-1
32,583,1627130148573,-1,-1,-1
33,487,1627130149549,-1,-1,-1
34,647,1627130149549,-1,-1,-1
35,407,1627130150563,-1,-1,-1
36,671,1627130151570,-1,-1,-1
37,407,1627130151570,-1,-1,-1
38,639,1627130152550,-1,-1,-1
39,599,1627130153563,-1,-1,-1
40,791,1627130154610,-1,-1,-1
41,559,1627130155550,-1,-1,-1
42,591,1627130156562,-1,-1,-1
43,631,1627130157571,-1,-1,-1
44,503,1627130157571,-1,-1,-1
45,503,1627130162564,-1,-1,-1
46,599,1627130162564,-1,-1,-1
47,631,1627130164548,-1,-1,-1
48,767,1627130166574,-1,-1,-1
49,575,1627130168562,-1,-1,-1
50,543,1627130169574,-1,-1,-1
51,527,1627130169574,-1,-1,-1
52,455,1627130170548,-1,-1,-1
53,623,1627130170548,-1,-1,-1
54,463,1627130171561,-1,-1,-1
55,543,1627130171561,-1,-1,-1
56,767,1627130172535,-1,-1,-1
57,695,1627130173548,-1,-1,-1
58,487,1627130173548,-1,-1,-1
59,695,1627130174562,-1,-1,-1
60,607,1627130175535,-1,-1,-1
61,655,1627130178536,-1,-1,-1
62,599,1627130180636,-1,-1,-1
63,463,1627130180636,-1,-1,-1
64,519,1627130181536,-1,-1,-1
65,615,1627130182551,-1,-1,-1
66,655,1627130184537,-1,-1,-1
67,623,1627130188550,-1,-1,-1
68,591,1627130189562,-1,-1,-1
69,423,1627130189562,-1,-1,-1
70,399,1627130190573,-1,-1,-1
71,591,1627130191551,-1,-1,-1
72,519,1627130192634,-1,-1,-1
73,823,1627130194551,-1,-1,-1
74,623,1627130194551,-1,-1,-1
75,503,1627130195561,-1,-1,-1
76,623,1627130195561,-1,-1,-1
77,455,1627130201558,-1,-1,-1
78,639,1627130203546,-1,-1,-1
79,535,1627130204561,-1,-1,-1
80,663,1627130205536,-1,-1,-1
81,583,1627130205536,-1,-1,-1
82,703,1627130206549,-1,-1,-1
83,623,1627130208536,-1,-1,-1
84,471,1627130208536,-1,-1,-1
85,535,1627130209550,-1,-1,-1
86,655,1627130209550,-1,-1,-1
87,527,1627130210561,-1,-1,-1
88,423,1627130210561,-1,-1,-1
89,591,1627130212551,-1,-1,-1
90,431,1627130212551,-1,-1,-1
91,719,1627130213560,-1,-1,-1
92,407,1627130214535,-1,-1,-1
93,791,1627130215549,-1,-1,-1
94,679,1627130217536,-1,-1,-1
95,431,1627130217537,-1,-1,-1
96,535,1627130220536,-1,-1,-1
97,655,1627130221547,-1,-1,-1
98,615,1627130221547,-1,-1,-1
99,575,1627130223572,-1,-1,-1
100,543,1627130224551,-1,-1,-1
101,631,1627130225560,-1,-1,-1
102,407,1627130225560,-1,-1,-1
103,655,1627130227548,-1,-1,-1
104,575,1627130227548,-1,-1,-1
105,631,1627130228560,-1,-1,-1
106,647,1627130229615,-1,-1,-1
107,551,1627130229615,-1,-1,-1
108,647,1627130232536,-1,-1,-1
109,599,1627130236551,-1,-1,-1
110,535,1627130236551,-1,-1,-1
111,543,1627130237598,-1,-1,-1
112,447,1627130237598,-1,-1,-1
113,671,1627130240559,-1,-1,-1
114,655,1627130243561,-1,-1,-1
115,615,1627130246562,-1,-1,-1
116,567,1627130247534,-1,-1,-1
117,623,1627130253537,-1,-1,-1
118,607,1627130254549,-1,-1,-1
119,599,1627130255562,-1,-1,-1
120,399,1627130255562,-1,-1,-1
121,591,1627130258561,-1,-1,-1
122,551,1627130258561,-1,-1,-1
123,639,1627130259537,-1,-1,-1
124,687,1627130262537,-1,-1,-1
125,559,1627130263550,-1,-1,-1
126,671,1627130263550,-1,-1,-1
127,639,1627130265537,-1,-1,-1
128,439,1627130265537,-1,-1,-1
129,783,1627130266552,-1,-1,-1
130,711,1627130269550,-1,-1,-1
131,439,1627130271538,-1,-1,-1
132,791,1627130272551,-1,-1,-1
133,551,1627130274538,-1,-1,-1
134,591,1627130275551,-1,-1,-1
135,503,1627130275551,-1,-1,-1
136,775,1627130276562,-1,-1,-1
137,479,1627130278550,-1,-1,-1
138,615,1627130279561,-1,-1,-1
139,511,1627130279561,-1,-1,-1
140,543,1627130280536,-1,-1,-1
141,783,1627130281550,-1,-1,-1
142,615,1627130281550,-1,-1,-1
143,495,1627130284549,-1,-1,-1
144,695,1627130284549,-1,-1,-1
145,599,1627130287550,-1,-1,-1
146,527,1627130288561,-1,-1,-1
147,623,1627130288561,-1,-1,-1
148,399,1627130289535,-1,-1,-1
149,703,1627130291562,-1,-1,-1
150,559,1627130292535,-1,-1,-1
151,583,1627130293550,-1,-1,-1
152,423,1627130293550,-1,-1,-1
153,551,1627130294562,-1,-1,-1
154,591,1627130295538,-1,-1,-1
155,399,1627130295538,-1,-1,-1
156,567,1627130297561,-1,-1,-1
157,503,1627130297561,-1,-1,-1
158,703,1627130298537,-1,-1,-1
159,567,1627130299549,-1,-1,-1
160,583,1627130299549,-1,-1,-1
161,431,1627130301537,-1,-1,-1
162,511,1627130302549,-1,-1,-1
163,615,1627130302549,-1,-1,-1
164,431,1627130303599,-1,-1,-1
165,799,1627130306562,-1,-1,-1
166,599,1627130308548,-1,-1,-1
167,559,1627130309562,-1,-1,-1
168,479,1627130311549,-1,-1,-1
169,623,1627130315562,-1,-1,-1
170,551,1627130316536,-1,-1,-1
171,431,1627130316536,-1,-1,-1
172,687,1627130317550,-1,-1,-1
173,639,1627130317550,-1,-1,-1
174,671,1627130318562,-1,-1,-1
175,591,1627130319536,-1,-1,-1
176,407,1627130320548,-1,-1,-1
177,639,1627130322537,-1,-1,-1
178,687,1627130324563,-1,-1,-1
179,783,1627130325537,-1,-1,-1
180,631,1627130325537,-1,-1,-1
181,655,1627130326549,-1,-1,-1
182,615,1627130326549,-1,-1,-1
183,535,1627130327563,-1,-1,-1
184,591,1627130328535,-1,-1,-1
185,647,1627130328535,-1,-1,-1
186,591,1627130329549,-1,-1,-1
187,655,1627130330564,-1,-1,-1
188,583,1627130333563,-1,-1,-1
189,415,1627130333563,-1,-1,-1
190,647,1627130334536,-1,-1,-1
191,719,1627130334536,-1,-1,-1
192,647,1627130335549,-1,-1,-1
193,463,1627130335549,-1,-1,-1
194,671,1627130336600,-1,-1,-1
195,583,1627130337537,-1,-1,-1
196,415,1627130337537,-1,-1,-1
197,503,1627130343538,-1,-1,-1
198,575,1627130346575,-1,-1,-1
199,615,1627130349539,-1,-1,-1
200,631,1627130349539,-1,-1,-1
201,487,1627130350550,-1,-1,-1
202,719,1627130351564,-1,-1,-1
203,551,1627130352538,-1,-1,-1
204,519,1627130354563,-1,-1,-1
205,591,1627130354563,-1,-1,-1
206,599,1627130355538,-1,-1,-1
207,495,1627130355538,-1,-1,-1
208,679,1627130356549,-1,-1,-1
209,695,1627130357564,-1,-1,-1
210,591,1627130357564,-1,-1,-1
211,575,1627130358538,-1,-1,-1
212,559,1627130358538,-1,-1,-1
213,647,1627130359550,-1,-1,-1
214,495,1627130360563,-1,-1,-1
215,535,1627130360563,-1,-1,-1
216,703,1627130362550,-1,-1,-1
217,559,1627130363562,-1,-1,-1
218,607,1627130364539,-1,-1,-1
219,591,1627130364539,-1,-1,-1
220,591,1627130365547,-1,-1,-1
221,679,1627130368549,-1,-1,-1
222,615,1627130370537,-1,-1,-1
223,599,1627130370537,-1,-1,-1
224,559,1627130371551,-1,-1,-1
225,639,1627130371551,-1,-1,-1
226,631,1627130372563,-1,-1,-1
227,639,1627130373536,-1,-1,-1
228,575,1627130373536,-1,-1,-1
229,639,1627130374548,-1,-1,-1
230,655,1627130375563,-1,-1,-1
231,623,1627130376537,-1,-1,-1
232,623,1627130377551,-1,-1,-1
233,455,1627130377551,-1,-1,-1
234,415,1627130378525,-1,-1,-1
235,503,1627130379539,-1,-1,-1
236,703,1627130380548,-1,-1,-1
237,407,1627130380549,-1,-1,-1
238,791,1627130381525,-1,-1,-1
239,607,1627130382536,-1,-1,-1
240,663,1627130382537,-1,-1,-1
241,623,1627130383551,-1,-1,-1
242,487,1627130384524,-1,-1,-1
243,719,1627130384524,-1,-1,-1
244,655,1627130385538,-1,-1,-1
245,559,1627130385538,-1,-1,-1
246,591,1627130386587,-1,-1,-1
247,671,1627130387525,-1,-1,-1
248,599,1627130387525,-1,-1,-1
249,535,1627130388538,-1,-1,-1
250,615,1627130388538,-1,-1,-1
251,399,1627130389625,-1,-1,-1
252,751,1627130390529,-1,-1,-1
253,607,1627130390529,-1,-1,-1
254,591,1627130391538,-1,-1,-1
255,583,1627130391538,-1,-1,-1
256,727,1627130393524,-1,-1,-1
257,663,1627130394613,-1,-1,-1
258,567,1627130396524,-1,-1,-1
259,447,1627130396524,-1,-1,-1
260,639,1627130400572,-1,-1,-1
261,463,1627130400572,-1,-1,-1
262,759,1627130401548,-1,-1,-1
263,647,1627130402524,-1,-1,-1
264,703,1627130402524,-1,-1,-1
265,575,1627130403536,-1,-1,-1
266,567,1627130404548,-1,-1,-1
267,679,1627130404548,-1,-1,-1
268,599,1627130405525,-1,-1,-1
269,463,1627130410552,-1,-1,-1
270,823,1627130411526,-1,-1,-1
271,671,1627130413549,-1,-1,-1
272,559,1627130413549,-1,-1,-1
273,647,1627130414524,-1,-1,-1
274,527,1627130415533,-1,-1,-1
275,711,1627130415533,-1,-1,-1
276,551,1627130417564,-1,-1,-1
277,615,1627130418540,-1,-1,-1
278,583,1627130420526,-1,-1,-1
279,631,1627130420526,-1,-1,-1
280,647,1627130422551,-1,-1,-1
281,575,1627130423530,-1,-1,-1
282,631,1627130423530,-1,-1,-1
283,535,1627130424538,-1,-1,-1
284,615,1627130424538,-1,-1,-1
285,551,1627130425550,-1,-1,-1
286,687,1627130426524,-1,-1,-1
287,551,1627130429525,-1,-1,-1
288,631,1627130429525,-1,-1,-1
289,655,1627130431548,-1,-1,-1
290,591,1627130432526,-1,-1,-1
291,647,1627130432526,-1,-1,-1
292,671,1627130434549,-1,-1,-1
293,655,1627130435521,-1,-1,-1
294,639,1627130437549,-1,-1,-1
295,623,1627130440550,-1,-1,-1
296,615,1627130441524,-1,-1,-1
297,575,1627130442539,-1,-1,-1
298,599,1627130442539,-1,-1,-1
299,623,1627130443551,-1,-1,-1
300,639,1627130443551,-1,-1,-1
301,591,1627130444525,-1,-1,-1
302,567,1627130447524,-1,-1,-1
303,599,1627130448539,-1,-1,-1
304,743,1627130450526,-1,-1,-1
305,663,1627130451537,-1,-1,-1
306,647,1627130455549,-1,-1,-1
307,799,1627130456525,-1,-1,-1
308,631,1627130456525,-1,-1,-1
309,687,1627130460536,-1,-1,-1
310,551,1627130460536,-1,-1,-1
311,559,1627130461547,-1,-1,-1
312,655,1627130464550,-1,-1,-1
313,775,1627130466546,-1,-1,-1
314,607,1627130466546,-1,-1,-1
315,415,1627130467550,-1,-1,-1
316,799,1627130467551,-1,-1,-1
317,575,1627130471524,-1,-1,-1
318,591,1627130472539,-1,-1,-1
319,575,1627130472539,-1,-1,-1
320,647,1627130473551,-1,-1,-1
321,799,1627130475541,-1,-1,-1
322,615,1627130477524,-1,-1,-1
323,671,1627130480525,-1,-1,-1
324,607,1627130481539,-1,-1,-1
325,615,1627130481539,-1,-1,-1
326,503,1627130482551,-1,-1,-1
327,767,1627130482551,-1,-1,-1
328,447,1627130483524,-1,-1,-1
329,807,1627130484539,-1,-1,-1
330,591,1627130487540,-1,-1,-1
331,791,1627130488550,-1,-1,-1
332,583,1627130488550,-1,-1,-1
333,551,1627130489525,-1,-1,-1
334,815,1627130493538,-1,-1,-1
335,591,1627130496538,-1,-1,-1
336,639,1627130496539,-1,-1,-1
337,687,1627130497549,-1,-1,-1
338,639,1627130498526,-1,-1,-1
339,623,1627130498526,-1,-1,-1
340,663,1627130499536,-1,-1,-1
341,639,1627130499536,-1,-1,-1
342,639,1627130500548,-1,-1,-1
343,615,1627130501523,-1,-1,-1
344,607,1627130501523,-1,-1,-1
345,623,1627130502575,-1,-1,-1
346,615,1627130503549,-1,-1,-1
347,703,1627130508538,-1,-1,-1
348,487,1627130509550,-1,-1,-1
349,775,1627130510598,-1,-1,-1
350,647,1627130510598,-1,-1,-1
351,647,1627130514574,-1,-1,-1
352,583,1627130514574,-1,-1,-1
353,599,1627130517609,-1,-1,-1
354,583,1627130518512,-1,-1,-1
355,671,1627130521547,-1,-1,-1
356,591,1627130521547,-1,-1,-1
357,431,1627130522597,-1,-1,-1
358,679,1627130523608,-1,-1,-1
359,695,1627130524509,-1,-1,-1
360,623,1627130524509,-1,-1,-1
361,679,1627130525525,-1,-1,-1
362,703,1627130527512,-1,-1,-1
363,439,1627130529532,-1,-1,-1
364,743,1627130530514,-1,-1,-1
365,695,1627130530514,-1,-1,-1
366,431,1627130531522,-1,-1,-1
367,647,1627130533508,-1,-1,-1
368,719,1627130534521,-1,-1,-1
369,575,1627130542511,-1,-1,-1
370,631,1627130543523,-1,-1,-1
371,663,1627130543523,-1,-1,-1
372,647,1627130544535,-1,-1,-1
373,607,1627130545512,-1,-1,-1
374,647,1627130545512,-1,-1,-1
375,615,1627130546524,-1,-1,-1
376,615,1627130546524,-1,-1,-1
377,647,1627130547535,-1,-1,-1
378,615,1627130548517,-1,-1,-1
379,623,1627130548517,-1,-1,-1
380,535,1627130549524,-1,-1,-1
381,751,1627130550539,-1,-1,-1
382,599,1627130550540,-1,-1,-1
383,655,1627130551514,-1,-1,-1
384,623,1627130552524,-1,-1,-1
385,735,1627130552524,-1,-1,-1
386,735,1627130553540,-1,-1,-1
387,695,1627130554513,-1,-1,-1
388,735,1627130554513,-1,-1,-1
389,535,1627130555526,-1,-1,-1
390,671,1627130558523,-1,-1,-1
391,687,1627130559542,-1,-1,-1
392,647,1627130559542,-1,-1,-1
393,671,1627130560514,-1,-1,-1
394,703,1627130561523,-1,-1,-1
395,631,1627130561523,-1,-1,-1
396,719,1627130562546,-1,-1,-1
397,735,1627130563510,-1,-1,-1
398,687,1627130563511,-1,-1,-1
399,623,1627130564521,-1,-1,-1
400,831,1627130565535,-1,-1,-1
401,687,1627130566515,-1,-1,-1
402,679,1627130568579,-1,-1,-1
403,671,1627130569514,-1,-1,-1
404,679,1627130570524,-1,-1,-1
405,711,1627130570524,-1,-1,-1
406,695,1627130571539,-1,-1,-1
407,703,1627130572512,-1,-1,-1
408,711,1627130574538,-1,-1,-1
409,727,1627130575512,-1,-1,-1
410,687,1627130575512,-1,-1,-1
411,679,1627130576524,-1,-1,-1
412,703,1627130577537,-1,-1,-1
413,711,1627130577537,-1,-1,-1
414,663,1627130578510,-1,-1,-1
415,695,1627130579522,-1,-1,-1
416,671,1627130579522,-1,-1,-1
417,743,1627130580532,-1,-1,-1
418,663,1627130581508,-1,-1,-1
419,695,1627130582523,-1,-1,-1
420,671,1627130582523,-1,-1,-1
