,RR,Timestamp,SensorContact,errorEstimate,blockerBit
0,791,1627039059156,-1,-1,-1
1,790,1627039059156,-1,-1,-1
2,780,1627039059156,-1,-1,-1
3,782,1627039059156,-1,-1,-1
4,787,1627039059156,-1,-1,-1
5,793,1627039060035,-1,-1,-1
6,759,1627039061056,-1,-1,-1
7,792,1627039061056,-1,-1,-1
8,775,1627039062038,-1,-1,-1
9,779,1627039063851,-1,-1,-1
10,778,1627039064842,-1,-1,-1
11,775,1627039065842,-1,-1,-1
12,780,1627039065842,-1,-1,-1
13,775,1627039066840,-1,-1,-1
14,767,1627039067843,-1,-1,-1
15,747,1627039068842,-1,-1,-1
16,744,1627039068842,-1,-1,-1
17,750,1627039069831,-1,-1,-1
18,754,1627039070830,-1,-1,-1
19,757,1627039071828,-1,-1,-1
20,756,1627039071828,-1,-1,-1
21,748,1627039072831,-1,-1,-1
22,751,1627039073826,-1,-1,-1
23,758,1627039074822,-1,-1,-1
24,540,1627039074822,-1,-1,-1
25,701,1627039075817,-1,-1,-1
26,554,1627039075817,-1,-1,-1
27,863,1627039076816,-1,-1,-1
28,359,1627039077815,-1,-1,-1
29,738,1627039077815,-1,-1,-1
30,750,1627039078811,-1,-1,-1
31,765,1627039079810,-1,-1,-1
32,718,1627039080809,-1,-1,-1
33,727,1627039080809,-1,-1,-1
34,734,1627039081805,-1,-1,-1
35,731,1627039082801,-1,-1,-1
36,734,1627039083799,-1,-1,-1
37,743,1627039083799,-1,-1,-1
38,752,1627039084794,-1,-1,-1
39,765,1627039085795,-1,-1,-1
40,738,1627039086792,-1,-1,-1
41,736,1627039086792,-1,-1,-1
42,744,1627039087787,-1,-1,-1
43,743,1627039088786,-1,-1,-1
44,747,1627039089784,-1,-1,-1
45,767,1627039089784,-1,-1,-1
46,820,1627039090779,-1,-1,-1
47,826,1627039091776,-1,-1,-1
48,815,1627039092775,-1,-1,-1
49,834,1627039093773,-1,-1,-1
50,825,1627039093773,-1,-1,-1
51,791,1627039094771,-1,-1,-1
52,778,1627039095769,-1,-1,-1
53,787,1627039096764,-1,-1,-1
54,774,1627039097766,-1,-1,-1
55,765,1627039097766,-1,-1,-1
56,766,1627039098763,-1,-1,-1
57,778,1627039099764,-1,-1,-1
58,768,1627039100755,-1,-1,-1
59,764,1627039100755,-1,-1,-1
60,811,1627039101755,-1,-1,-1
61,812,1627039102748,-1,-1,-1
62,806,1627039103765,-1,-1,-1
63,863,1627039104745,-1,-1,-1
64,861,1627039105744,-1,-1,-1
65,873,1627039105744,-1,-1,-1
66,827,1627039106740,-1,-1,-1
67,857,1627039107741,-1,-1,-1
68,849,1627039108734,-1,-1,-1
69,800,1627039109739,-1,-1,-1
70,825,1627039110733,-1,-1,-1
71,821,1627039110733,-1,-1,-1
72,805,1627039111729,-1,-1,-1
73,778,1627039112731,-1,-1,-1
74,798,1627039113727,-1,-1,-1
75,782,1627039114723,-1,-1,-1
76,786,1627039114723,-1,-1,-1
77,774,1627039115721,-1,-1,-1
78,764,1627039116721,-1,-1,-1
79,772,1627039117719,-1,-1,-1
80,791,1627039118715,-1,-1,-1
81,801,1627039118715,-1,-1,-1
82,808,1627039119712,-1,-1,-1
83,836,1627039120711,-1,-1,-1
84,846,1627039121707,-1,-1,-1
85,856,1627039122704,-1,-1,-1
86,949,1627039123704,-1,-1,-1
87,902,1627039124698,-1,-1,-1
88,883,1627039124698,-1,-1,-1
89,837,1627039125697,-1,-1,-1
90,833,1627039126694,-1,-1,-1
91,826,1627039127692,-1,-1,-1
92,829,1627039128690,-1,-1,-1
93,793,1627039129688,-1,-1,-1
94,762,1627039129688,-1,-1,-1
95,739,1627039130684,-1,-1,-1
96,712,1627039131681,-1,-1,-1
97,710,1627039131681,-1,-1,-1
98,687,1627039132679,-1,-1,-1
99,677,1627039133677,-1,-1,-1
100,680,1627039134671,-1,-1,-1
101,687,1627039134671,-1,-1,-1
102,672,1627039135673,-1,-1,-1
103,679,1627039136667,-1,-1,-1
104,687,1627039136667,-1,-1,-1
105,716,1627039137667,-1,-1,-1
106,707,1627039138664,-1,-1,-1
107,720,1627039138664,-1,-1,-1
108,722,1627039139661,-1,-1,-1
109,722,1627039140659,-1,-1,-1
110,708,1627039141658,-1,-1,-1
111,712,1627039141659,-1,-1,-1
112,701,1627039142651,-1,-1,-1
113,696,1627039143652,-1,-1,-1
114,702,1627039143652,-1,-1,-1
115,700,1627039144649,-1,-1,-1
116,700,1627039145646,-1,-1,-1
117,709,1627039145646,-1,-1,-1
118,697,1627039146646,-1,-1,-1
119,703,1627039147645,-1,-1,-1
120,691,1627039148639,-1,-1,-1
121,700,1627039148639,-1,-1,-1
122,699,1627039149638,-1,-1,-1
123,705,1627039150634,-1,-1,-1
124,697,1627039150634,-1,-1,-1
125,695,1627039151631,-1,-1,-1
126,712,1627039152627,-1,-1,-1
127,725,1627039153625,-1,-1,-1
128,614,1627039153625,-1,-1,-1
129,859,1627039154621,-1,-1,-1
130,732,1627039155619,-1,-1,-1
131,733,1627039155620,-1,-1,-1
132,721,1627039156622,-1,-1,-1
133,714,1627039157618,-1,-1,-1
134,697,1627039158613,-1,-1,-1
135,688,1627039158613,-1,-1,-1
136,682,1627039159608,-1,-1,-1
137,681,1627039160604,-1,-1,-1
138,664,1627039160604,-1,-1,-1
139,672,1627039161601,-1,-1,-1
140,685,1627039162603,-1,-1,-1
141,701,1627039162603,-1,-1,-1
142,687,1627039163600,-1,-1,-1
143,697,1627039164605,-1,-1,-1
144,707,1627039164606,-1,-1,-1
145,707,1627039165595,-1,-1,-1
146,715,1627039166590,-1,-1,-1
147,724,1627039167592,-1,-1,-1
148,727,1627039167592,-1,-1,-1
149,717,1627039168589,-1,-1,-1
150,719,1627039169586,-1,-1,-1
151,720,1627039169586,-1,-1,-1
152,709,1627039170581,-1,-1,-1
153,690,1627039171581,-1,-1,-1
154,704,1627039172579,-1,-1,-1
155,685,1627039172579,-1,-1,-1
156,674,1627039173575,-1,-1,-1
157,651,1627039174571,-1,-1,-1
158,647,1627039174571,-1,-1,-1
159,650,1627039175570,-1,-1,-1
160,668,1627039176568,-1,-1,-1
161,672,1627039176569,-1,-1,-1
162,683,1627039177566,-1,-1,-1
163,696,1627039178563,-1,-1,-1
164,720,1627039178563,-1,-1,-1
165,696,1627039179559,-1,-1,-1
166,683,1627039180556,-1,-1,-1
167,704,1627039180557,-1,-1,-1
168,690,1627039181554,-1,-1,-1
169,706,1627039182551,-1,-1,-1
170,699,1627039183547,-1,-1,-1
171,697,1627039183547,-1,-1,-1
172,696,1627039184546,-1,-1,-1
173,711,1627039185542,-1,-1,-1
174,692,1627039185542,-1,-1,-1
175,704,1627039186540,-1,-1,-1
176,701,1627039187537,-1,-1,-1
177,699,1627039187537,-1,-1,-1
178,687,1627039188542,-1,-1,-1
179,690,1627039189536,-1,-1,-1
180,686,1627039190535,-1,-1,-1
181,682,1627039190535,-1,-1,-1
182,676,1627039191526,-1,-1,-1
183,679,1627039192525,-1,-1,-1
184,675,1627039192525,-1,-1,-1
185,668,1627039193527,-1,-1,-1
186,665,1627039194522,-1,-1,-1
187,679,1627039194522,-1,-1,-1
188,682,1627039195519,-1,-1,-1
189,695,1627039196518,-1,-1,-1
190,681,1627039196518,-1,-1,-1
191,681,1627039197511,-1,-1,-1
192,695,1627039198509,-1,-1,-1
193,693,1627039198509,-1,-1,-1
194,682,1627039199506,-1,-1,-1
195,682,1627039200506,-1,-1,-1
196,688,1627039200506,-1,-1,-1
197,681,1627039201505,-1,-1,-1
198,680,1627039202499,-1,-1,-1
199,674,1627039202499,-1,-1,-1
200,669,1627039203498,-1,-1,-1
201,674,1627039204497,-1,-1,-1
202,682,1627039205492,-1,-1,-1
203,680,1627039205492,-1,-1,-1
204,678,1627039206492,-1,-1,-1
205,699,1627039207492,-1,-1,-1
206,695,1627039207492,-1,-1,-1
207,700,1627039208489,-1,-1,-1
208,695,1627039209485,-1,-1,-1
209,698,1627039209485,-1,-1,-1
210,697,1627039210479,-1,-1,-1
211,698,1627039211476,-1,-1,-1
212,687,1627039211476,-1,-1,-1
213,691,1627039212482,-1,-1,-1
214,695,1627039213473,-1,-1,-1
215,674,1627039213473,-1,-1,-1
216,678,1627039214469,-1,-1,-1
217,685,1627039215468,-1,-1,-1
218,683,1627039216468,-1,-1,-1
219,679,1627039216468,-1,-1,-1
220,686,1627039217465,-1,-1,-1
221,693,1627039218463,-1,-1,-1
222,687,1627039218463,-1,-1,-1
223,680,1627039219462,-1,-1,-1
224,687,1627039220459,-1,-1,-1
225,679,1627039220459,-1,-1,-1
226,677,1627039221456,-1,-1,-1
227,676,1627039222451,-1,-1,-1
228,673,1627039222451,-1,-1,-1
229,681,1627039223451,-1,-1,-1
230,676,1627039224447,-1,-1,-1
231,671,1627039224447,-1,-1,-1
232,676,1627039225445,-1,-1,-1
233,689,1627039226446,-1,-1,-1
234,679,1627039226446,-1,-1,-1
235,688,1627039227444,-1,-1,-1
236,708,1627039228440,-1,-1,-1
237,708,1627039229444,-1,-1,-1
238,707,1627039229444,-1,-1,-1
239,708,1627039230436,-1,-1,-1
240,700,1627039231434,-1,-1,-1
241,704,1627039231434,-1,-1,-1
242,688,1627039232441,-1,-1,-1
243,674,1627039233434,-1,-1,-1
244,677,1627039233434,-1,-1,-1
245,678,1627039234430,-1,-1,-1
246,672,1627039235423,-1,-1,-1
247,666,1627039235423,-1,-1,-1
248,684,1627039236414,-1,-1,-1
249,685,1627039237414,-1,-1,-1
250,690,1627039238410,-1,-1,-1
251,680,1627039238410,-1,-1,-1
252,697,1627039239408,-1,-1,-1
253,690,1627039240406,-1,-1,-1
254,692,1627039240406,-1,-1,-1
255,683,1627039241402,-1,-1,-1
256,693,1627039242419,-1,-1,-1
257,691,1627039242419,-1,-1,-1
258,690,1627039243398,-1,-1,-1
259,681,1627039244396,-1,-1,-1
260,696,1627039244396,-1,-1,-1
261,693,1627039245393,-1,-1,-1
262,691,1627039246389,-1,-1,-1
263,697,1627039246389,-1,-1,-1
264,708,1627039247386,-1,-1,-1
265,708,1627039248384,-1,-1,-1
266,688,1627039249382,-1,-1,-1
267,707,1627039249382,-1,-1,-1
268,706,1627039250380,-1,-1,-1
269,694,1627039251380,-1,-1,-1
270,701,1627039251380,-1,-1,-1
271,704,1627039252376,-1,-1,-1
272,695,1627039253372,-1,-1,-1
273,690,1627039253373,-1,-1,-1
274,690,1627039254372,-1,-1,-1
275,698,1627039255375,-1,-1,-1
276,708,1627039256371,-1,-1,-1
277,709,1627039256371,-1,-1,-1
278,704,1627039257364,-1,-1,-1
279,710,1627039258361,-1,-1,-1
280,711,1627039258361,-1,-1,-1
281,543,1627039259361,-1,-1,-1
282,859,1627039260357,-1,-1,-1
283,696,1627039261355,-1,-1,-1
284,704,1627039261355,-1,-1,-1
285,707,1627039262354,-1,-1,-1
286,702,1627039263353,-1,-1,-1
287,699,1627039263353,-1,-1,-1
288,701,1627039264348,-1,-1,-1
289,694,1627039265347,-1,-1,-1
290,685,1627039265347,-1,-1,-1
291,703,1627039266341,-1,-1,-1
292,702,1627039267340,-1,-1,-1
293,691,1627039268338,-1,-1,-1
294,705,1627039268338,-1,-1,-1
295,699,1627039269333,-1,-1,-1
296,442,1627039269333,-1,-1,-1
297,262,1627039270331,-1,-1,-1
298,698,1627039270331,-1,-1,-1
299,672,1627039271327,-1,-1,-1
300,687,1627039272326,-1,-1,-1
301,685,1627039272326,-1,-1,-1
302,684,1627039273324,-1,-1,-1
303,676,1627039274319,-1,-1,-1
304,689,1627039274319,-1,-1,-1
305,671,1627039275319,-1,-1,-1
306,659,1627039276316,-1,-1,-1
307,678,1627039276316,-1,-1,-1
308,671,1627039277313,-1,-1,-1
309,678,1627039278313,-1,-1,-1
310,663,1627039278313,-1,-1,-1
311,461,1627039279309,-1,-1,-1
312,874,1627039280306,-1,-1,-1
313,687,1627039280306,-1,-1,-1
314,666,1627039281304,-1,-1,-1
315,665,1627039282301,-1,-1,-1
316,255,1627039282301,-1,-1,-1
317,411,1627039282301,-1,-1,-1
318,673,1627039283299,-1,-1,-1
319,676,1627039284295,-1,-1,-1
320,666,1627039285292,-1,-1,-1
321,668,1627039285292,-1,-1,-1
322,683,1627039286291,-1,-1,-1
323,588,1627039286291,-1,-1,-1
324,752,1627039287289,-1,-1,-1
325,670,1627039288286,-1,-1,-1
326,673,1627039289288,-1,-1,-1
327,660,1627039289288,-1,-1,-1
328,663,1627039290281,-1,-1,-1
329,679,1627039291278,-1,-1,-1
330,676,1627039291278,-1,-1,-1
331,674,1627039292275,-1,-1,-1
332,672,1627039293275,-1,-1,-1
333,496,1627039293275,-1,-1,-1
334,842,1627039294271,-1,-1,-1
335,499,1627039294271,-1,-1,-1
336,824,1627039295269,-1,-1,-1
337,422,1627039296267,-1,-1,-1
338,247,1627039296267,-1,-1,-1
339,662,1627039297263,-1,-1,-1
340,669,1627039297263,-1,-1,-1
341,346,1627039298262,-1,-1,-1
342,981,1627039299258,-1,-1,-1
343,672,1627039299258,-1,-1,-1
344,678,1627039300256,-1,-1,-1
345,666,1627039301254,-1,-1,-1
346,667,1627039301254,-1,-1,-1
347,664,1627039302254,-1,-1,-1
348,682,1627039303248,-1,-1,-1
349,581,1627039303248,-1,-1,-1
350,738,1627039304246,-1,-1,-1
351,661,1627039305244,-1,-1,-1
352,661,1627039305244,-1,-1,-1
353,658,1627039306241,-1,-1,-1
354,646,1627039307239,-1,-1,-1
355,439,1627039307239,-1,-1,-1
356,869,1627039308237,-1,-1,-1
357,653,1627039309234,-1,-1,-1
358,571,1627039309234,-1,-1,-1
359,758,1627039310233,-1,-1,-1
360,672,1627039311230,-1,-1,-1
361,624,1627039311230,-1,-1,-1
362,704,1627039312226,-1,-1,-1
363,663,1627039313224,-1,-1,-1
364,665,1627039313224,-1,-1,-1
365,663,1627039314220,-1,-1,-1
366,653,1627039315219,-1,-1,-1
367,666,1627039315219,-1,-1,-1
368,667,1627039316216,-1,-1,-1
369,678,1627039317213,-1,-1,-1
370,666,1627039317213,-1,-1,-1
371,366,1627039318213,-1,-1,-1
372,318,1627039318213,-1,-1,-1
373,556,1627039318213,-1,-1,-1
374,825,1627039319211,-1,-1,-1
375,687,1627039320208,-1,-1,-1
376,716,1627039321202,-1,-1,-1
377,678,1627039321202,-1,-1,-1
378,702,1627039322201,-1,-1,-1
379,516,1627039323199,-1,-1,-1
380,849,1627039323199,-1,-1,-1
381,674,1627039324198,-1,-1,-1
382,675,1627039325194,-1,-1,-1
383,690,1627039325194,-1,-1,-1
384,681,1627039326190,-1,-1,-1
385,609,1627039327189,-1,-1,-1
386,751,1627039328188,-1,-1,-1
387,696,1627039328188,-1,-1,-1
388,702,1627039329183,-1,-1,-1
389,700,1627039330181,-1,-1,-1
390,291,1627039330181,-1,-1,-1
391,403,1627039330181,-1,-1,-1
392,701,1627039331181,-1,-1,-1
393,712,1627039332178,-1,-1,-1
394,710,1627039332178,-1,-1,-1
395,702,1627039333174,-1,-1,-1
396,691,1627039334173,-1,-1,-1
397,685,1627039335172,-1,-1,-1
398,687,1627039335173,-1,-1,-1
399,676,1627039336166,-1,-1,-1
400,685,1627039337164,-1,-1,-1
401,632,1627039337164,-1,-1,-1
402,736,1627039338165,-1,-1,-1
403,334,1627039338165,-1,-1,-1
404,305,1627039339160,-1,-1,-1
405,462,1627039339160,-1,-1,-1
406,266,1627039339160,-1,-1,-1
407,696,1627039340158,-1,-1,-1
408,723,1627039341154,-1,-1,-1
409,709,1627039341154,-1,-1,-1
410,361,1627039342153,-1,-1,-1
411,355,1627039342153,-1,-1,-1
412,710,1627039343149,-1,-1,-1
413,713,1627039344148,-1,-1,-1
414,383,1627039344148,-1,-1,-1
415,319,1627039344148,-1,-1,-1
416,696,1627039345144,-1,-1,-1
417,687,1627039346142,-1,-1,-1
418,672,1627039346142,-1,-1,-1
419,673,1627039347140,-1,-1,-1
420,669,1627039348137,-1,-1,-1
421,665,1627039348137,-1,-1,-1
422,666,1627039349136,-1,-1,-1
423,674,1627039350133,-1,-1,-1
424,687,1627039350133,-1,-1,-1
425,673,1627039351130,-1,-1,-1
426,686,1627039352126,-1,-1,-1
427,699,1627039352126,-1,-1,-1
428,685,1627039353143,-1,-1,-1
429,692,1627039354121,-1,-1,-1
430,688,1627039355121,-1,-1,-1
431,693,1627039355121,-1,-1,-1
432,677,1627039356116,-1,-1,-1
433,679,1627039357114,-1,-1,-1
434,688,1627039357114,-1,-1,-1
435,680,1627039358111,-1,-1,-1
436,633,1627039359110,-1,-1,-1
437,702,1627039359110,-1,-1,-1
438,674,1627039360106,-1,-1,-1
439,668,1627039361103,-1,-1,-1
440,672,1627039361103,-1,-1,-1
441,680,1627039362102,-1,-1,-1
442,675,1627039363098,-1,-1,-1
443,687,1627039363099,-1,-1,-1
444,685,1627039364097,-1,-1,-1
445,707,1627039365095,-1,-1,-1
446,693,1627039365095,-1,-1,-1
447,688,1627039366090,-1,-1,-1
448,693,1627039367089,-1,-1,-1
449,702,1627039368089,-1,-1,-1
450,696,1627039368089,-1,-1,-1
451,682,1627039369085,-1,-1,-1
452,693,1627039370082,-1,-1,-1
453,685,1627039370082,-1,-1,-1
454,690,1627039371079,-1,-1,-1
455,676,1627039372077,-1,-1,-1
456,683,1627039372077,-1,-1,-1
457,692,1627039373076,-1,-1,-1
458,723,1627039374072,-1,-1,-1
459,670,1627039374072,-1,-1,-1
460,388,1627039375069,-1,-1,-1
461,311,1627039375069,-1,-1,-1
462,699,1627039376065,-1,-1,-1
463,708,1627039377065,-1,-1,-1
464,449,1627039377065,-1,-1,-1
465,264,1627039377065,-1,-1,-1
466,696,1627039378061,-1,-1,-1
467,695,1627039379058,-1,-1,-1
468,693,1627039379058,-1,-1,-1
469,714,1627039380056,-1,-1,-1
470,691,1627039381055,-1,-1,-1
471,705,1627039381055,-1,-1,-1
472,707,1627039382051,-1,-1,-1
473,710,1627039383050,-1,-1,-1
474,705,1627039384050,-1,-1,-1
475,702,1627039384050,-1,-1,-1
476,707,1627039385044,-1,-1,-1
477,705,1627039386040,-1,-1,-1
478,711,1627039386040,-1,-1,-1
479,708,1627039387038,-1,-1,-1
480,695,1627039388036,-1,-1,-1
481,699,1627039388036,-1,-1,-1
482,697,1627039389035,-1,-1,-1
483,704,1627039390034,-1,-1,-1
484,690,1627039391032,-1,-1,-1
485,700,1627039391032,-1,-1,-1
486,702,1627039392025,-1,-1,-1
487,705,1627039393023,-1,-1,-1
488,708,1627039393023,-1,-1,-1
489,699,1627039394021,-1,-1,-1
490,708,1627039395018,-1,-1,-1
491,710,1627039396016,-1,-1,-1
492,697,1627039396016,-1,-1,-1
493,702,1627039397014,-1,-1,-1
494,676,1627039398013,-1,-1,-1
495,685,1627039398013,-1,-1,-1
496,676,1627039399008,-1,-1,-1
497,675,1627039400009,-1,-1,-1
498,656,1627039400009,-1,-1,-1
499,564,1627039401004,-1,-1,-1
500,756,1627039402001,-1,-1,-1
501,658,1627039402001,-1,-1,-1
502,662,1627039402998,-1,-1,-1
503,696,1627039403997,-1,-1,-1
504,606,1627039403997,-1,-1,-1
505,800,1627039405993,-1,-1,-1
506,706,1627039406989,-1,-1,-1
507,617,1627039406989,-1,-1,-1
508,802,1627039407986,-1,-1,-1
509,322,1627039407986,-1,-1,-1
510,373,1627039408985,-1,-1,-1
511,706,1627039409981,-1,-1,-1
512,665,1627039409981,-1,-1,-1
513,430,1627039410979,-1,-1,-1
514,267,1627039410979,-1,-1,-1
515,582,1627039411976,-1,-1,-1
516,761,1627039411976,-1,-1,-1
517,560,1627039412974,-1,-1,-1
518,798,1627039413974,-1,-1,-1
519,283,1627039413974,-1,-1,-1
520,390,1627039413974,-1,-1,-1
521,688,1627039414968,-1,-1,-1
522,700,1627039415966,-1,-1,-1
523,416,1627039415966,-1,-1,-1
524,310,1627039415966,-1,-1,-1
525,714,1627039416964,-1,-1,-1
526,717,1627039417963,-1,-1,-1
527,726,1627039418959,-1,-1,-1
528,735,1627039418959,-1,-1,-1
529,713,1627039419957,-1,-1,-1
530,422,1627039419957,-1,-1,-1
531,1000,1627039420954,-1,-1,-1
532,705,1627039421955,-1,-1,-1
533,512,1627039422951,-1,-1,-1
534,869,1627039423949,-1,-1,-1
535,696,1627039423949,-1,-1,-1
536,669,1627039424945,-1,-1,-1
537,725,1627039425942,-1,-1,-1
538,343,1627039425942,-1,-1,-1
539,357,1627039425942,-1,-1,-1
540,696,1627039426940,-1,-1,-1
541,708,1627039427937,-1,-1,-1
542,441,1627039427937,-1,-1,-1
543,264,1627039427937,-1,-1,-1
544,704,1627039428936,-1,-1,-1
545,716,1627039429936,-1,-1,-1
546,527,1627039429936,-1,-1,-1
547,899,1627039430932,-1,-1,-1
548,702,1627039431929,-1,-1,-1
549,694,1627039432926,-1,-1,-1
550,698,1627039432926,-1,-1,-1
551,695,1627039433922,-1,-1,-1
552,709,1627039434921,-1,-1,-1
553,660,1627039434921,-1,-1,-1
554,384,1627039435919,-1,-1,-1
555,994,1627039436914,-1,-1,-1
556,682,1627039437917,-1,-1,-1
557,688,1627039437917,-1,-1,-1
558,699,1627039438912,-1,-1,-1
559,704,1627039439908,-1,-1,-1
560,704,1627039439908,-1,-1,-1
561,707,1627039440906,-1,-1,-1
562,706,1627039441917,-1,-1,-1
563,717,1627039441917,-1,-1,-1
564,700,1627039442902,-1,-1,-1
565,565,1627039443897,-1,-1,-1
566,395,1627039443897,-1,-1,-1
567,419,1627039444896,-1,-1,-1
568,689,1627039444896,-1,-1,-1
569,273,1627039445899,-1,-1,-1
570,406,1627039445899,-1,-1,-1
571,333,1627039445899,-1,-1,-1
572,346,1627039446893,-1,-1,-1
573,680,1627039446894,-1,-1,-1
574,689,1627039447889,-1,-1,-1
575,708,1627039448885,-1,-1,-1
576,705,1627039448885,-1,-1,-1
577,699,1627039449883,-1,-1,-1
578,717,1627039450879,-1,-1,-1
579,711,1627039451877,-1,-1,-1
580,720,1627039451877,-1,-1,-1
581,703,1627039452877,-1,-1,-1
582,707,1627039453873,-1,-1,-1
583,597,1627039453873,-1,-1,-1
584,806,1627039454869,-1,-1,-1
585,692,1627039455872,-1,-1,-1
586,689,1627039455872,-1,-1,-1
587,704,1627039456866,-1,-1,-1
588,698,1627039457864,-1,-1,-1
589,705,1627039458860,-1,-1,-1
590,570,1627039458860,-1,-1,-1
591,839,1627039459857,-1,-1,-1
592,696,1627039460855,-1,-1,-1
593,706,1627039460856,-1,-1,-1
594,681,1627039461854,-1,-1,-1
595,660,1627039462851,-1,-1,-1
596,360,1627039462851,-1,-1,-1
597,335,1627039462851,-1,-1,-1
598,464,1627039463850,-1,-1,-1
599,896,1627039464847,-1,-1,-1
600,687,1627039464847,-1,-1,-1
601,425,1627039465844,-1,-1,-1
602,933,1627039466841,-1,-1,-1
603,263,1627039466841,-1,-1,-1
604,406,1627039466841,-1,-1,-1
605,373,1627039467839,-1,-1,-1
606,323,1627039467839,-1,-1,-1
607,640,1627039468836,-1,-1,-1
608,678,1627039468836,-1,-1,-1
609,671,1627039469833,-1,-1,-1
610,688,1627039470830,-1,-1,-1
611,350,1627039470830,-1,-1,-1
612,334,1627039471829,-1,-1,-1
613,653,1627039471829,-1,-1,-1
614,676,1627039472827,-1,-1,-1
615,508,1627039472827,-1,-1,-1
616,837,1627039473822,-1,-1,-1
617,690,1627039474821,-1,-1,-1
618,679,1627039475818,-1,-1,-1
619,697,1627039475818,-1,-1,-1
620,695,1627039476815,-1,-1,-1
621,694,1627039477813,-1,-1,-1
622,696,1627039477813,-1,-1,-1
623,593,1627039478810,-1,-1,-1
624,784,1627039479810,-1,-1,-1
625,681,1627039479811,-1,-1,-1
626,615,1627039480805,-1,-1,-1
627,734,1627039481805,-1,-1,-1
628,364,1627039481805,-1,-1,-1
629,304,1627039481805,-1,-1,-1
630,669,1627039482800,-1,-1,-1
631,676,1627039483799,-1,-1,-1
632,435,1627039483799,-1,-1,-1
633,245,1627039483799,-1,-1,-1
634,663,1627039484795,-1,-1,-1
635,682,1627039485793,-1,-1,-1
636,560,1627039485793,-1,-1,-1
637,812,1627039486791,-1,-1,-1
638,274,1627039486791,-1,-1,-1
639,415,1627039487788,-1,-1,-1
640,639,1627039488786,-1,-1,-1
641,749,1627039488786,-1,-1,-1
642,317,1627039489784,-1,-1,-1
643,370,1627039489784,-1,-1,-1
644,681,1627039490781,-1,-1,-1
645,688,1627039490781,-1,-1,-1
646,416,1627039491778,-1,-1,-1
647,958,1627039492777,-1,-1,-1
648,279,1627039492777,-1,-1,-1
649,401,1627039492777,-1,-1,-1
650,494,1627039493772,-1,-1,-1
651,861,1627039494772,-1,-1,-1
652,680,1627039494772,-1,-1,-1
653,600,1627039495768,-1,-1,-1
654,755,1627039496766,-1,-1,-1
655,354,1627039496766,-1,-1,-1
656,333,1627039496766,-1,-1,-1
657,691,1627039497765,-1,-1,-1
658,690,1627039498762,-1,-1,-1
659,442,1627039498762,-1,-1,-1
660,261,1627039499758,-1,-1,-1
661,686,1627039499758,-1,-1,-1
662,698,1627039500755,-1,-1,-1
663,510,1627039500755,-1,-1,-1
664,854,1627039501754,-1,-1,-1
665,248,1627039502751,-1,-1,-1
666,432,1627039502751,-1,-1,-1
667,652,1627039503748,-1,-1,-1
668,350,1627039503748,-1,-1,-1
669,361,1627039503748,-1,-1,-1
670,643,1627039504747,-1,-1,-1
671,669,1627039505746,-1,-1,-1
672,483,1627039505746,-1,-1,-1
673,182,1627039505746,-1,-1,-1
674,489,1627039506739,-1,-1,-1
675,839,1627039507737,-1,-1,-1
676,688,1627039507737,-1,-1,-1
677,647,1627039508735,-1,-1,-1
678,767,1627039509733,-1,-1,-1
679,704,1627039509733,-1,-1,-1
680,708,1627039510730,-1,-1,-1
681,716,1627039511728,-1,-1,-1
682,711,1627039512725,-1,-1,-1
683,699,1627039512725,-1,-1,-1
684,702,1627039513729,-1,-1,-1
685,409,1627039513729,-1,-1,-1
686,989,1627039514720,-1,-1,-1
687,683,1627039515723,-1,-1,-1
688,441,1627039516717,-1,-1,-1
689,943,1627039517714,-1,-1,-1
690,693,1627039517715,-1,-1,-1
691,540,1627039518712,-1,-1,-1
692,861,1627039519719,-1,-1,-1
693,377,1627039519719,-1,-1,-1
694,338,1627039519719,-1,-1,-1
695,710,1627039520710,-1,-1,-1
696,702,1627039521709,-1,-1,-1
697,715,1627039521709,-1,-1,-1
698,566,1627039522702,-1,-1,-1
699,855,1627039523699,-1,-1,-1
700,694,1627039524697,-1,-1,-1
701,582,1627039524698,-1,-1,-1
702,813,1627039525694,-1,-1,-1
703,280,1627039525694,-1,-1,-1
704,416,1627039526693,-1,-1,-1
705,633,1627039526693,-1,-1,-1
706,730,1627039527695,-1,-1,-1
707,384,1627039527695,-1,-1,-1
708,301,1627039528688,-1,-1,-1
709,681,1627039528688,-1,-1,-1
710,683,1627039529687,-1,-1,-1
711,679,1627039530683,-1,-1,-1
712,362,1627039530683,-1,-1,-1
713,333,1627039530683,-1,-1,-1
714,455,1627039531681,-1,-1,-1
715,936,1627039532680,-1,-1,-1
716,471,1627039532680,-1,-1,-1
717,250,1627039533676,-1,-1,-1
718,476,1627039533677,-1,-1,-1
719,207,1627039533677,-1,-1,-1
720,703,1627039534671,-1,-1,-1
721,473,1627039534671,-1,-1,-1
722,235,1627039535673,-1,-1,-1
723,507,1627039535673,-1,-1,-1
724,898,1627039536670,-1,-1,-1
725,670,1627039537667,-1,-1,-1
726,679,1627039537667,-1,-1,-1
727,671,1627039538665,-1,-1,-1
728,672,1627039539661,-1,-1,-1
729,314,1627039539661,-1,-1,-1
730,359,1627039539661,-1,-1,-1
731,667,1627039540656,-1,-1,-1
732,494,1627039541656,-1,-1,-1
733,822,1627039541656,-1,-1,-1
734,670,1627039542657,-1,-1,-1
735,680,1627039543651,-1,-1,-1
736,605,1627039543651,-1,-1,-1
737,394,1627039544651,-1,-1,-1
738,371,1627039544651,-1,-1,-1
739,694,1627039545645,-1,-1,-1
740,669,1627039546642,-1,-1,-1
741,695,1627039546642,-1,-1,-1
742,693,1627039547637,-1,-1,-1
743,691,1627039548635,-1,-1,-1
744,668,1627039548635,-1,-1,-1
745,407,1627039549633,-1,-1,-1
746,959,1627039550635,-1,-1,-1
747,281,1627039550635,-1,-1,-1
748,412,1627039550635,-1,-1,-1
749,680,1627039551628,-1,-1,-1
750,693,1627039552626,-1,-1,-1
751,697,1627039552626,-1,-1,-1
752,484,1627039553627,-1,-1,-1
753,217,1627039553627,-1,-1,-1
754,688,1627039554627,-1,-1,-1
755,702,1627039555623,-1,-1,-1
756,625,1627039555623,-1,-1,-1
757,785,1627039556619,-1,-1,-1
758,291,1627039556619,-1,-1,-1
759,408,1627039557613,-1,-1,-1
760,662,1627039557613,-1,-1,-1
761,729,1627039558613,-1,-1,-1
762,354,1627039558613,-1,-1,-1
763,348,1627039559612,-1,-1,-1
764,668,1627039559612,-1,-1,-1
765,707,1627039560610,-1,-1,-1
766,384,1627039560611,-1,-1,-1
767,309,1627039561607,-1,-1,-1
768,683,1627039561607,-1,-1,-1
769,701,1627039562604,-1,-1,-1
770,335,1627039563614,-1,-1,-1
771,347,1627039563614,-1,-1,-1
772,690,1627039564595,-1,-1,-1
773,698,1627039564595,-1,-1,-1
774,670,1627039565598,-1,-1,-1
775,735,1627039566594,-1,-1,-1
776,693,1627039566594,-1,-1,-1
777,526,1627039567592,-1,-1,-1
778,865,1627039568591,-1,-1,-1
779,402,1627039568591,-1,-1,-1
780,294,1627039568592,-1,-1,-1
781,612,1627039569587,-1,-1,-1
782,761,1627039570580,-1,-1,-1
783,500,1627039570580,-1,-1,-1
784,865,1627039571583,-1,-1,-1
785,696,1627039572580,-1,-1,-1
786,421,1627039572581,-1,-1,-1
787,945,1627039573577,-1,-1,-1
788,686,1627039574574,-1,-1,-1
789,682,1627039575571,-1,-1,-1
790,322,1627039575571,-1,-1,-1
791,368,1627039575571,-1,-1,-1
792,287,1627039576565,-1,-1,-1
793,405,1627039576565,-1,-1,-1
794,690,1627039577562,-1,-1,-1
795,691,1627039577562,-1,-1,-1
796,700,1627039578560,-1,-1,-1
797,694,1627039579561,-1,-1,-1
798,693,1627039579561,-1,-1,-1
799,685,1627039580556,-1,-1,-1
800,688,1627039581551,-1,-1,-1
801,689,1627039582553,-1,-1,-1
802,675,1627039582553,-1,-1,-1
803,678,1627039583551,-1,-1,-1
804,679,1627039584545,-1,-1,-1
805,673,1627039584545,-1,-1,-1
806,664,1627039585542,-1,-1,-1
807,678,1627039586542,-1,-1,-1
808,344,1627039586542,-1,-1,-1
809,335,1627039586542,-1,-1,-1
810,672,1627039587543,-1,-1,-1
811,683,1627039588536,-1,-1,-1
812,678,1627039588536,-1,-1,-1
813,691,1627039589532,-1,-1,-1
814,672,1627039590530,-1,-1,-1
815,673,1627039590530,-1,-1,-1
816,672,1627039591539,-1,-1,-1
817,670,1627039592526,-1,-1,-1
818,657,1627039592526,-1,-1,-1
819,654,1627039593523,-1,-1,-1
820,661,1627039594520,-1,-1,-1
821,663,1627039594520,-1,-1,-1
822,661,1627039595518,-1,-1,-1
823,663,1627039596515,-1,-1,-1
824,660,1627039596515,-1,-1,-1
825,662,1627039597513,-1,-1,-1
826,657,1627039598510,-1,-1,-1
827,660,1627039598510,-1,-1,-1
828,652,1627039599507,-1,-1,-1
829,527,1627039599507,-1,-1,-1
830,774,1627039600504,-1,-1,-1
831,655,1627039601504,-1,-1,-1
832,652,1627039602500,-1,-1,-1
833,291,1627039602500,-1,-1,-1
834,357,1627039602500,-1,-1,-1
835,646,1627039603496,-1,-1,-1
836,658,1627039604497,-1,-1,-1
837,657,1627039604498,-1,-1,-1
838,651,1627039605493,-1,-1,-1
839,642,1627039605493,-1,-1,-1
840,647,1627039606491,-1,-1,-1
841,649,1627039607489,-1,-1,-1
842,271,1627039607489,-1,-1,-1
843,1017,1627039608485,-1,-1,-1
844,652,1627039609483,-1,-1,-1
845,465,1627039609483,-1,-1,-1
846,819,1627039610479,-1,-1,-1
847,405,1627039610479,-1,-1,-1
848,881,1627039611477,-1,-1,-1
849,635,1627039612475,-1,-1,-1
850,645,1627039613473,-1,-1,-1
851,648,1627039613473,-1,-1,-1
852,647,1627039614471,-1,-1,-1
853,644,1627039615467,-1,-1,-1
854,646,1627039615467,-1,-1,-1
855,639,1627039616469,-1,-1,-1
856,636,1627039616469,-1,-1,-1
857,641,1627039617463,-1,-1,-1
858,632,1627039618460,-1,-1,-1
859,635,1627039618460,-1,-1,-1
860,452,1627039619457,-1,-1,-1
861,816,1627039620456,-1,-1,-1
862,645,1627039620456,-1,-1,-1
863,637,1627039621454,-1,-1,-1
864,640,1627039622453,-1,-1,-1
865,644,1627039622453,-1,-1,-1
866,642,1627039623451,-1,-1,-1
867,651,1627039623451,-1,-1,-1
868,639,1627039624445,-1,-1,-1
869,645,1627039625443,-1,-1,-1
870,624,1627039625443,-1,-1,-1
871,656,1627039626441,-1,-1,-1
872,642,1627039627438,-1,-1,-1
873,633,1627039627438,-1,-1,-1
874,624,1627039628435,-1,-1,-1
875,623,1627039629433,-1,-1,-1
876,620,1627039629433,-1,-1,-1
877,627,1627039630433,-1,-1,-1
878,633,1627039630433,-1,-1,-1
879,641,1627039631431,-1,-1,-1
880,677,1627039632425,-1,-1,-1
881,634,1627039632426,-1,-1,-1
882,664,1627039633424,-1,-1,-1
883,666,1627039634421,-1,-1,-1
884,664,1627039634421,-1,-1,-1
885,358,1627039635421,-1,-1,-1
886,293,1627039635421,-1,-1,-1
887,655,1627039636419,-1,-1,-1
888,649,1627039636419,-1,-1,-1
889,246,1627039637413,-1,-1,-1
890,400,1627039637413,-1,-1,-1
891,637,1627039638413,-1,-1,-1
892,647,1627039638413,-1,-1,-1
893,470,1627039639413,-1,-1,-1
894,825,1627039640408,-1,-1,-1
895,650,1627039640408,-1,-1,-1
896,646,1627039641411,-1,-1,-1
897,653,1627039642402,-1,-1,-1
898,467,1627039642402,-1,-1,-1
899,862,1627039643407,-1,-1,-1
900,662,1627039644403,-1,-1,-1
901,581,1627039644403,-1,-1,-1
902,748,1627039645400,-1,-1,-1
903,345,1627039645400,-1,-1,-1
904,310,1627039646394,-1,-1,-1
905,650,1627039646394,-1,-1,-1
906,652,1627039647390,-1,-1,-1
907,649,1627039647390,-1,-1,-1
908,649,1627039648391,-1,-1,-1
909,645,1627039649393,-1,-1,-1
910,652,1627039649393,-1,-1,-1
911,655,1627039650382,-1,-1,-1
912,650,1627039651379,-1,-1,-1
913,663,1627039651379,-1,-1,-1
914,257,1627039652376,-1,-1,-1
915,408,1627039652376,-1,-1,-1
916,686,1627039653374,-1,-1,-1
917,641,1627039653374,-1,-1,-1
918,380,1627039654373,-1,-1,-1
919,283,1627039654373,-1,-1,-1
920,662,1627039655372,-1,-1,-1
921,658,1627039655372,-1,-1,-1
922,551,1627039656366,-1,-1,-1
923,757,1627039657365,-1,-1,-1
924,662,1627039657365,-1,-1,-1
925,653,1627039658362,-1,-1,-1
926,662,1627039659357,-1,-1,-1
927,561,1627039659357,-1,-1,-1
928,764,1627039660356,-1,-1,-1
929,360,1627039660357,-1,-1,-1
930,1000,1627039661355,-1,-1,-1
931,666,1627039662353,-1,-1,-1
932,481,1627039663351,-1,-1,-1
933,202,1627039663351,-1,-1,-1
934,675,1627039663351,-1,-1,-1
935,676,1627039664347,-1,-1,-1
936,612,1627039665345,-1,-1,-1
937,722,1627039665345,-1,-1,-1
938,668,1627039666342,-1,-1,-1
939,657,1627039667340,-1,-1,-1
940,652,1627039667340,-1,-1,-1
941,608,1627039668336,-1,-1,-1
942,708,1627039669333,-1,-1,-1
943,538,1627039669333,-1,-1,-1
944,804,1627039670332,-1,-1,-1
945,669,1627039671329,-1,-1,-1
946,592,1627039671329,-1,-1,-1
947,690,1627039672327,-1,-1,-1
948,446,1627039672327,-1,-1,-1
949,328,1627039673324,-1,-1,-1
950,648,1627039673324,-1,-1,-1
951,671,1627039674324,-1,-1,-1
952,674,1627039675319,-1,-1,-1
953,675,1627039675319,-1,-1,-1
954,652,1627039676317,-1,-1,-1
955,348,1627039676317,-1,-1,-1
956,328,1627039677314,-1,-1,-1
957,667,1627039677314,-1,-1,-1
958,512,1627039678311,-1,-1,-1
959,814,1627039679310,-1,-1,-1
960,291,1627039679310,-1,-1,-1
961,375,1627039679310,-1,-1,-1
962,673,1627039680309,-1,-1,-1
963,671,1627039681304,-1,-1,-1
964,429,1627039681304,-1,-1,-1
965,250,1627039681305,-1,-1,-1
966,684,1627039682302,-1,-1,-1
967,696,1627039683298,-1,-1,-1
968,496,1627039683298,-1,-1,-1
969,877,1627039684297,-1,-1,-1
970,244,1627039684297,-1,-1,-1
971,435,1627039685295,-1,-1,-1
972,672,1627039686292,-1,-1,-1
973,674,1627039686292,-1,-1,-1
974,321,1627039687288,-1,-1,-1
975,339,1627039687289,-1,-1,-1
976,658,1627039688289,-1,-1,-1
977,660,1627039688289,-1,-1,-1
978,521,1627039689284,-1,-1,-1
979,791,1627039690282,-1,-1,-1
980,315,1627039690282,-1,-1,-1
981,350,1627039690282,-1,-1,-1
982,666,1627039691279,-1,-1,-1
983,679,1627039692277,-1,-1,-1
984,410,1627039692277,-1,-1,-1
985,280,1627039692277,-1,-1,-1
986,679,1627039693275,-1,-1,-1
987,693,1627039694272,-1,-1,-1
988,424,1627039694272,-1,-1,-1
989,264,1627039694272,-1,-1,-1
990,670,1627039695270,-1,-1,-1
991,681,1627039696267,-1,-1,-1
992,591,1627039696268,-1,-1,-1
993,751,1627039697266,-1,-1,-1
994,325,1627039697266,-1,-1,-1
995,342,1627039698260,-1,-1,-1
996,660,1627039698260,-1,-1,-1
997,658,1627039699259,-1,-1,-1
998,503,1627039700257,-1,-1,-1
999,823,1627039700257,-1,-1,-1
1000,269,1627039701255,-1,-1,-1
1001,406,1627039701255,-1,-1,-1
1002,670,1627039702252,-1,-1,-1
1003,687,1627039702252,-1,-1,-1
1004,403,1627039703250,-1,-1,-1
1005,966,1627039704247,-1,-1,-1
1006,253,1627039704247,-1,-1,-1
1007,432,1627039704247,-1,-1,-1
1008,661,1627039705245,-1,-1,-1
1009,549,1627039706244,-1,-1,-1
1010,841,1627039706244,-1,-1,-1
1011,629,1627039707240,-1,-1,-1
1012,701,1627039708237,-1,-1,-1
1013,656,1627039708237,-1,-1,-1
1014,658,1627039709234,-1,-1,-1
1015,645,1627039710233,-1,-1,-1
1016,618,1627039710233,-1,-1,-1
1017,678,1627039711230,-1,-1,-1
1018,639,1627039712227,-1,-1,-1
1019,656,1627039712227,-1,-1,-1
1020,657,1627039713225,-1,-1,-1
1021,647,1627039714222,-1,-1,-1
1022,663,1627039714222,-1,-1,-1
1023,402,1627039715220,-1,-1,-1
1024,255,1627039715220,-1,-1,-1
1025,652,1627039716218,-1,-1,-1
1026,655,1627039716218,-1,-1,-1
1027,604,1627039717216,-1,-1,-1
1028,711,1627039718213,-1,-1,-1
1029,500,1627039718213,-1,-1,-1
1030,539,1627039719210,-1,-1,-1
1031,283,1627039719210,-1,-1,-1
1032,638,1627039720207,-1,-1,-1
1033,520,1627039720207,-1,-1,-1
1034,778,1627039721206,-1,-1,-1
1035,332,1627039721206,-1,-1,-1
1036,314,1627039722202,-1,-1,-1
1037,644,1627039722202,-1,-1,-1
1038,650,1627039723201,-1,-1,-1
1039,557,1627039723201,-1,-1,-1
1040,774,1627039724198,-1,-1,-1
1041,689,1627039725195,-1,-1,-1
1042,291,1627039725195,-1,-1,-1
1043,348,1627039725195,-1,-1,-1
1044,703,1627039726192,-1,-1,-1
1045,395,1627039727192,-1,-1,-1
1046,282,1627039727192,-1,-1,-1
1047,666,1627039728186,-1,-1,-1
1048,666,1627039728186,-1,-1,-1
1049,553,1627039729206,-1,-1,-1
1050,772,1627039730183,-1,-1,-1
1051,320,1627039730183,-1,-1,-1
1052,339,1627039730183,-1,-1,-1
1053,640,1627039731180,-1,-1,-1
1054,258,1627039731180,-1,-1,-1
1055,389,1627039731180,-1,-1,-1
1056,493,1627039732178,-1,-1,-1
1057,792,1627039733175,-1,-1,-1
1058,289,1627039733175,-1,-1,-1
1059,1008,1627039734171,-1,-1,-1
1060,655,1627039735170,-1,-1,-1
1061,482,1627039735170,-1,-1,-1
1062,198,1627039735170,-1,-1,-1
1063,649,1627039736168,-1,-1,-1
1064,248,1627039736168,-1,-1,-1
1065,450,1627039737166,-1,-1,-1
1066,618,1627039737166,-1,-1,-1
1067,694,1627039738164,-1,-1,-1
1068,397,1627039738164,-1,-1,-1
1069,942,1627039739161,-1,-1,-1
1070,286,1627039740157,-1,-1,-1
1071,385,1627039740157,-1,-1,-1
1072,485,1627039741155,-1,-1,-1
1073,783,1627039741156,-1,-1,-1
1074,671,1627039742152,-1,-1,-1
1075,629,1627039743151,-1,-1,-1
1076,646,1627039743151,-1,-1,-1
1077,513,1627039744148,-1,-1,-1
1078,800,1627039745146,-1,-1,-1
1079,268,1627039745147,-1,-1,-1
1080,1045,1627039746142,-1,-1,-1
1081,657,1627039747140,-1,-1,-1
1082,475,1627039747140,-1,-1,-1
1083,201,1627039747140,-1,-1,-1
1084,634,1627039748140,-1,-1,-1
1085,245,1627039748140,-1,-1,-1
1086,402,1627039749136,-1,-1,-1
1087,646,1627039749136,-1,-1,-1
1088,648,1627039750133,-1,-1,-1
1089,481,1627039750133,-1,-1,-1
1090,816,1627039751129,-1,-1,-1
1091,246,1627039751129,-1,-1,-1
1092,401,1627039752127,-1,-1,-1
1093,636,1627039752128,-1,-1,-1
1094,645,1627039753126,-1,-1,-1
1095,522,1627039754123,-1,-1,-1
1096,763,1627039754124,-1,-1,-1
1097,332,1627039755121,-1,-1,-1
1098,318,1627039755121,-1,-1,-1
1099,634,1627039756118,-1,-1,-1
1100,641,1627039756118,-1,-1,-1
1101,571,1627039757115,-1,-1,-1
1102,714,1627039758113,-1,-1,-1
1103,380,1627039758113,-1,-1,-1
1104,897,1627039759111,-1,-1,-1
1105,633,1627039760107,-1,-1,-1
1106,625,1627039760107,-1,-1,-1
1107,632,1627039761104,-1,-1,-1
1108,493,1627039761104,-1,-1,-1
1109,769,1627039762103,-1,-1,-1
1110,332,1627039762103,-1,-1,-1
1111,310,1627039763100,-1,-1,-1
1112,635,1627039763101,-1,-1,-1
1113,654,1627039764098,-1,-1,-1
1114,645,1627039765096,-1,-1,-1
1115,637,1627039765096,-1,-1,-1
1116,474,1627039766091,-1,-1,-1
1117,174,1627039766091,-1,-1,-1
1118,539,1627039766091,-1,-1,-1
1119,760,1627039767090,-1,-1,-1
1120,359,1627039768087,-1,-1,-1
1121,289,1627039768087,-1,-1,-1
1122,645,1627039768087,-1,-1,-1
1123,659,1627039769085,-1,-1,-1
1124,642,1627039770082,-1,-1,-1
1125,349,1627039770082,-1,-1,-1
1126,304,1627039770082,-1,-1,-1
1127,658,1627039771080,-1,-1,-1
1128,658,1627039772079,-1,-1,-1
1129,583,1627039772079,-1,-1,-1
1130,727,1627039773078,-1,-1,-1
1131,302,1627039773078,-1,-1,-1
1132,351,1627039774072,-1,-1,-1
1133,640,1627039774072,-1,-1,-1
1134,639,1627039775070,-1,-1,-1
1135,616,1627039776067,-1,-1,-1
1136,656,1627039776067,-1,-1,-1
1137,618,1627039777065,-1,-1,-1
1138,659,1627039778061,-1,-1,-1
1139,643,1627039778061,-1,-1,-1
1140,647,1627039779059,-1,-1,-1
1141,645,1627039780057,-1,-1,-1
1142,570,1627039780058,-1,-1,-1
1143,732,1627039781054,-1,-1,-1
1144,407,1627039781054,-1,-1,-1
1145,255,1627039781055,-1,-1,-1
1146,645,1627039782053,-1,-1,-1
1147,365,1627039782053,-1,-1,-1
1148,282,1627039783048,-1,-1,-1
1149,639,1627039783048,-1,-1,-1
1150,634,1627039784046,-1,-1,-1
1151,630,1627039785044,-1,-1,-1
1152,611,1627039785044,-1,-1,-1
1153,616,1627039786042,-1,-1,-1
1154,664,1627039787041,-1,-1,-1
1155,288,1627039787041,-1,-1,-1
1156,344,1627039787041,-1,-1,-1
1157,616,1627039788036,-1,-1,-1
1158,627,1627039788036,-1,-1,-1
1159,624,1627039789035,-1,-1,-1
1160,628,1627039790033,-1,-1,-1
1161,625,1627039790033,-1,-1,-1
1162,630,1627039791029,-1,-1,-1
1163,640,1627039792026,-1,-1,-1
1164,635,1627039792026,-1,-1,-1
1165,635,1627039793024,-1,-1,-1
1166,631,1627039793024,-1,-1,-1
1167,643,1627039794023,-1,-1,-1
1168,641,1627039795019,-1,-1,-1
1169,630,1627039795019,-1,-1,-1
1170,634,1627039796018,-1,-1,-1
1171,625,1627039797015,-1,-1,-1
1172,628,1627039797015,-1,-1,-1
1173,463,1627039798012,-1,-1,-1
1174,789,1627039799011,-1,-1,-1
1175,421,1627039799011,-1,-1,-1
1176,847,1627039800009,-1,-1,-1
1177,642,1627039800009,-1,-1,-1
1178,546,1627039801005,-1,-1,-1
1179,745,1627039802003,-1,-1,-1
1180,389,1627039802003,-1,-1,-1
1181,275,1627039802003,-1,-1,-1
1182,661,1627039802999,-1,-1,-1
1183,658,1627039803996,-1,-1,-1
1184,604,1627039803996,-1,-1,-1
1185,622,1627039804995,-1,-1,-1
1186,474,1627039804995,-1,-1,-1
1187,263,1627039805993,-1,-1,-1
1188,671,1627039805993,-1,-1,-1
1189,642,1627039806990,-1,-1,-1
1190,539,1627039807986,-1,-1,-1
1191,756,1627039807986,-1,-1,-1
1192,340,1627039808985,-1,-1,-1
1193,318,1627039808985,-1,-1,-1
1194,643,1627039809982,-1,-1,-1
1195,650,1627039809982,-1,-1,-1
1196,563,1627039810980,-1,-1,-1
1197,757,1627039811976,-1,-1,-1
1198,333,1627039811977,-1,-1,-1
1199,344,1627039811977,-1,-1,-1
1200,660,1627039812976,-1,-1,-1
1201,284,1627039812976,-1,-1,-1
1202,387,1627039813972,-1,-1,-1
1203,509,1627039813972,-1,-1,-1
1204,844,1627039814969,-1,-1,-1
1205,266,1627039814969,-1,-1,-1
1206,391,1627039815968,-1,-1,-1
1207,647,1627039815968,-1,-1,-1
1208,656,1627039816966,-1,-1,-1
1209,506,1627039816967,-1,-1,-1
1210,780,1627039818963,-1,-1,-1
1211,670,1627039819957,-1,-1,-1
1212,674,1627039820954,-1,-1,-1
1213,681,1627039820954,-1,-1,-1
1214,514,1627039821952,-1,-1,-1
1215,858,1627039822950,-1,-1,-1
1216,305,1627039822950,-1,-1,-1
1217,375,1627039822950,-1,-1,-1
1218,669,1627039823969,-1,-1,-1
1219,666,1627039824946,-1,-1,-1
1220,432,1627039824946,-1,-1,-1
1221,891,1627039825943,-1,-1,-1
1222,266,1627039825943,-1,-1,-1
1223,397,1627039826941,-1,-1,-1
1224,637,1627039826941,-1,-1,-1
1225,687,1627039827937,-1,-1,-1
1226,447,1627039827937,-1,-1,-1
1227,890,1627039828935,-1,-1,-1
1228,678,1627039829933,-1,-1,-1
1229,608,1627039830930,-1,-1,-1
1230,737,1627039830930,-1,-1,-1
1231,357,1627039831929,-1,-1,-1
1232,985,1627039832925,-1,-1,-1
1233,665,1627039832925,-1,-1,-1
1234,549,1627039833923,-1,-1,-1
1235,766,1627039834923,-1,-1,-1
1236,355,1627039834923,-1,-1,-1
1237,961,1627039835919,-1,-1,-1
1238,657,1627039836915,-1,-1,-1
1239,552,1627039836915,-1,-1,-1
1240,781,1627039837914,-1,-1,-1
1241,337,1627039837914,-1,-1,-1
1242,339,1627039838911,-1,-1,-1
1243,675,1627039838911,-1,-1,-1
1244,674,1627039839914,-1,-1,-1
1245,473,1627039839914,-1,-1,-1
1246,217,1627039840907,-1,-1,-1
1247,502,1627039840907,-1,-1,-1
1248,810,1627039841908,-1,-1,-1
1249,596,1627039842905,-1,-1,-1
1250,478,1627039842905,-1,-1,-1
1251,226,1627039842905,-1,-1,-1
1252,537,1627039843899,-1,-1,-1
1253,843,1627039844896,-1,-1,-1
1254,664,1627039844896,-1,-1,-1
1255,492,1627039845900,-1,-1,-1
1256,834,1627039846894,-1,-1,-1
1257,670,1627039846895,-1,-1,-1
1258,288,1627039847895,-1,-1,-1
1259,300,1627039847895,-1,-1,-1
1260,563,1627039848890,-1,-1,-1
1261,694,1627039848890,-1,-1,-1
1262,798,1627039849884,-1,-1,-1
1263,291,1627039849884,-1,-1,-1
1264,395,1627039850882,-1,-1,-1
1265,630,1627039850882,-1,-1,-1
1266,647,1627039851877,-1,-1,-1
1267,647,1627039852876,-1,-1,-1
1268,646,1627039852876,-1,-1,-1
1269,477,1627039853874,-1,-1,-1
1270,170,1627039853875,-1,-1,-1
1271,642,1627039854879,-1,-1,-1
1272,672,1627039854879,-1,-1,-1
1273,267,1627039855866,-1,-1,-1
1274,422,1627039855866,-1,-1,-1
1275,670,1627039856865,-1,-1,-1
1276,643,1627039856865,-1,-1,-1
1277,547,1627039857864,-1,-1,-1
1278,810,1627039858861,-1,-1,-1
1279,295,1627039858861,-1,-1,-1
1280,377,1627039858861,-1,-1,-1
1281,658,1627039859859,-1,-1,-1
1282,666,1627039860857,-1,-1,-1
1283,471,1627039860857,-1,-1,-1
1284,214,1627039860857,-1,-1,-1
1285,635,1627039861854,-1,-1,-1
1286,261,1627039861854,-1,-1,-1
1287,396,1627039862851,-1,-1,-1
1288,480,1627039862851,-1,-1,-1
1289,173,1627039862851,-1,-1,-1
1290,532,1627039863849,-1,-1,-1
1291,541,1627039863849,-1,-1,-1
1292,257,1627039864847,-1,-1,-1
1293,619,1627039864847,-1,-1,-1
1294,654,1627039865846,-1,-1,-1
1295,500,1627039865846,-1,-1,-1
1296,796,1627039866841,-1,-1,-1
1297,282,1627039866841,-1,-1,-1
1298,364,1627039867839,-1,-1,-1
1299,642,1627039867839,-1,-1,-1
1300,650,1627039868836,-1,-1,-1
1301,484,1627039869833,-1,-1,-1
1302,822,1627039869833,-1,-1,-1
1303,280,1627039870831,-1,-1,-1
1304,381,1627039870832,-1,-1,-1
1305,664,1627039871829,-1,-1,-1
1306,626,1627039871829,-1,-1,-1
1307,472,1627039872829,-1,-1,-1
1308,177,1627039872829,-1,-1,-1
1309,645,1627039873824,-1,-1,-1
1310,257,1627039873825,-1,-1,-1
1311,1019,1627039874823,-1,-1,-1
1312,636,1627039875818,-1,-1,-1
1313,512,1627039875818,-1,-1,-1
1314,696,1627039876816,-1,-1,-1
1315,380,1627039876816,-1,-1,-1
1316,1006,1627039877814,-1,-1,-1
1317,659,1627039878811,-1,-1,-1
1318,636,1627039878812,-1,-1,-1
1319,550,1627039879808,-1,-1,-1
1320,398,1627039879809,-1,-1,-1
1321,400,1627039880807,-1,-1,-1
1322,649,1627039880807,-1,-1,-1
1323,661,1627039881805,-1,-1,-1
1324,655,1627039882802,-1,-1,-1
1325,489,1627039882802,-1,-1,-1
1326,801,1627039883799,-1,-1,-1
1327,629,1627039884797,-1,-1,-1
1328,644,1627039884797,-1,-1,-1
1329,446,1627039885793,-1,-1,-1
1330,838,1627039886791,-1,-1,-1
1331,288,1627039886791,-1,-1,-1
1332,353,1627039886791,-1,-1,-1
1333,641,1627039887790,-1,-1,-1
1334,650,1627039888787,-1,-1,-1
1335,458,1627039888787,-1,-1,-1
1336,666,1627039889785,-1,-1,-1
1337,852,1627039890782,-1,-1,-1
1338,616,1627039890782,-1,-1,-1
1339,678,1627039891779,-1,-1,-1
1340,376,1627039891779,-1,-1,-1
1341,927,1627039892775,-1,-1,-1
1342,199,1627039892775,-1,-1,-1
1343,438,1627039893774,-1,-1,-1
1344,597,1627039893774,-1,-1,-1
1345,662,1627039894773,-1,-1,-1
1346,426,1627039894773,-1,-1,-1
1347,836,1627039895768,-1,-1,-1
1348,638,1627039896766,-1,-1,-1
1349,628,1627039897764,-1,-1,-1
1350,641,1627039897764,-1,-1,-1
1351,650,1627039898763,-1,-1,-1
1352,630,1627039899759,-1,-1,-1
1353,637,1627039899759,-1,-1,-1
1354,655,1627039900758,-1,-1,-1
1355,439,1627039900758,-1,-1,-1
1356,880,1627039901754,-1,-1,-1
1357,656,1627039902750,-1,-1,-1
1358,512,1627039902750,-1,-1,-1
1359,803,1627039903749,-1,-1,-1
1360,651,1627039904747,-1,-1,-1
1361,637,1627039904747,-1,-1,-1
1362,641,1627039905746,-1,-1,-1
1363,466,1627039905746,-1,-1,-1
1364,799,1627039906742,-1,-1,-1
1365,300,1627039907740,-1,-1,-1
1366,324,1627039907740,-1,-1,-1
1367,619,1627039908736,-1,-1,-1
1368,625,1627039908736,-1,-1,-1
1369,616,1627039909735,-1,-1,-1
1370,614,1627039909735,-1,-1,-1
1371,618,1627039910739,-1,-1,-1
1372,637,1627039911728,-1,-1,-1
1373,626,1627039911728,-1,-1,-1
1374,630,1627039912727,-1,-1,-1
1375,645,1627039913727,-1,-1,-1
1376,648,1627039913727,-1,-1,-1
1377,651,1627039914725,-1,-1,-1
1378,653,1627039915721,-1,-1,-1
1379,655,1627039915721,-1,-1,-1
1380,655,1627039916719,-1,-1,-1
1381,646,1627039916719,-1,-1,-1
1382,649,1627039917715,-1,-1,-1
1383,662,1627039918713,-1,-1,-1
1384,650,1627039918713,-1,-1,-1
1385,648,1627039919713,-1,-1,-1
1386,658,1627039920712,-1,-1,-1
1387,658,1627039920712,-1,-1,-1
1388,651,1627039921714,-1,-1,-1
1389,656,1627039922703,-1,-1,-1
1390,658,1627039922703,-1,-1,-1
1391,657,1627039923729,-1,-1,-1
1392,667,1627039924702,-1,-1,-1
1393,670,1627039924703,-1,-1,-1
1394,672,1627039925713,-1,-1,-1
1395,668,1627039926689,-1,-1,-1
1396,663,1627039926689,-1,-1,-1
1397,674,1627039927689,-1,-1,-1
1398,670,1627039928685,-1,-1,-1
1399,660,1627039928685,-1,-1,-1
1400,659,1627039929685,-1,-1,-1
1401,661,1627039930682,-1,-1,-1
1402,650,1627039930682,-1,-1,-1
1403,656,1627039931678,-1,-1,-1
1404,652,1627039932677,-1,-1,-1
1405,657,1627039932677,-1,-1,-1
1406,665,1627039933675,-1,-1,-1
1407,653,1627039934672,-1,-1,-1
1408,658,1627039934672,-1,-1,-1
1409,659,1627039935672,-1,-1,-1
1410,670,1627039936667,-1,-1,-1
1411,659,1627039936667,-1,-1,-1
1412,663,1627039937666,-1,-1,-1
1413,656,1627039938660,-1,-1,-1
1414,654,1627039938660,-1,-1,-1
1415,647,1627039939660,-1,-1,-1
1416,645,1627039940659,-1,-1,-1
1417,641,1627039940659,-1,-1,-1
1418,640,1627039941656,-1,-1,-1
1419,640,1627039941656,-1,-1,-1
1420,647,1627039942652,-1,-1,-1
1421,645,1627039943649,-1,-1,-1
1422,641,1627039943649,-1,-1,-1
1423,639,1627039944648,-1,-1,-1
1424,635,1627039945645,-1,-1,-1
1425,639,1627039945645,-1,-1,-1
1426,635,1627039946651,-1,-1,-1
1427,633,1627039947641,-1,-1,-1
1428,637,1627039947641,-1,-1,-1
1429,639,1627039948635,-1,-1,-1
1430,646,1627039949638,-1,-1,-1
1431,654,1627039949638,-1,-1,-1
1432,644,1627039950633,-1,-1,-1
1433,655,1627039950633,-1,-1,-1
1434,648,1627039951631,-1,-1,-1
1435,652,1627039952628,-1,-1,-1
1436,639,1627039952628,-1,-1,-1
1437,638,1627039953625,-1,-1,-1
1438,636,1627039954620,-1,-1,-1
1439,638,1627039954620,-1,-1,-1
1440,631,1627039955620,-1,-1,-1
1441,639,1627039956617,-1,-1,-1
1442,634,1627039956617,-1,-1,-1
1443,646,1627039957617,-1,-1,-1
1444,652,1627039958616,-1,-1,-1
1445,653,1627039958616,-1,-1,-1
1446,671,1627039959616,-1,-1,-1
1447,666,1627039960606,-1,-1,-1
1448,660,1627039960606,-1,-1,-1
1449,663,1627039961609,-1,-1,-1
1450,669,1627039962609,-1,-1,-1
1451,649,1627039962609,-1,-1,-1
1452,650,1627039963602,-1,-1,-1
1453,649,1627039963602,-1,-1,-1
1454,658,1627039964600,-1,-1,-1
1455,651,1627039965604,-1,-1,-1
1456,640,1627039965604,-1,-1,-1
1457,640,1627039966593,-1,-1,-1
1458,634,1627039967594,-1,-1,-1
1459,630,1627039967594,-1,-1,-1
1460,638,1627039968590,-1,-1,-1
1461,642,1627039969591,-1,-1,-1
1462,640,1627039969591,-1,-1,-1
1463,644,1627039970589,-1,-1,-1
1464,642,1627039971579,-1,-1,-1
1465,656,1627039971579,-1,-1,-1
1466,643,1627039972579,-1,-1,-1
1467,648,1627039973576,-1,-1,-1
1468,651,1627039973576,-1,-1,-1
1469,639,1627039974574,-1,-1,-1
1470,655,1627039974574,-1,-1,-1
1471,641,1627039975573,-1,-1,-1
1472,641,1627039976571,-1,-1,-1
1473,644,1627039976571,-1,-1,-1
1474,636,1627039977568,-1,-1,-1
1475,645,1627039978562,-1,-1,-1
1476,649,1627039978562,-1,-1,-1
1477,648,1627039979560,-1,-1,-1
1478,647,1627039980557,-1,-1,-1
1479,649,1627039980557,-1,-1,-1
1480,659,1627039981558,-1,-1,-1
1481,657,1627039982561,-1,-1,-1
1482,647,1627039982561,-1,-1,-1
1483,652,1627039983551,-1,-1,-1
1484,653,1627039984545,-1,-1,-1
1485,657,1627039984545,-1,-1,-1
1486,639,1627039985546,-1,-1,-1
1487,650,1627039985546,-1,-1,-1
1488,647,1627039986548,-1,-1,-1
1489,649,1627039987542,-1,-1,-1
1490,648,1627039987542,-1,-1,-1
1491,650,1627039988538,-1,-1,-1
1492,661,1627039989536,-1,-1,-1
1493,662,1627039989536,-1,-1,-1
1494,673,1627039990538,-1,-1,-1
1495,669,1627039991531,-1,-1,-1
1496,685,1627039991531,-1,-1,-1
1497,682,1627039992531,-1,-1,-1
1498,688,1627039993530,-1,-1,-1
1499,689,1627039994525,-1,-1,-1
1500,674,1627039994526,-1,-1,-1
1501,690,1627039995523,-1,-1,-1
1502,666,1627039996518,-1,-1,-1
1503,677,1627039996518,-1,-1,-1
1504,665,1627039997522,-1,-1,-1
1505,669,1627039998516,-1,-1,-1
1506,670,1627039998516,-1,-1,-1
1507,671,1627039999515,-1,-1,-1
1508,667,1627040000509,-1,-1,-1
1509,682,1627040000509,-1,-1,-1
1510,680,1627040001507,-1,-1,-1
1511,691,1627040002509,-1,-1,-1
1512,693,1627040002509,-1,-1,-1
1513,685,1627040003501,-1,-1,-1
1514,697,1627040004495,-1,-1,-1
1515,676,1627040004495,-1,-1,-1
1516,671,1627040005497,-1,-1,-1
1517,670,1627040006493,-1,-1,-1
1518,670,1627040006493,-1,-1,-1
1519,658,1627040007493,-1,-1,-1
1520,654,1627040008487,-1,-1,-1
1521,654,1627040008487,-1,-1,-1
1522,658,1627040009486,-1,-1,-1
1523,653,1627040010482,-1,-1,-1
1524,665,1627040010482,-1,-1,-1
1525,663,1627040011481,-1,-1,-1
1526,667,1627040012476,-1,-1,-1
1527,669,1627040012476,-1,-1,-1
1528,671,1627040013475,-1,-1,-1
1529,674,1627040014473,-1,-1,-1
1530,670,1627040014473,-1,-1,-1
1531,670,1627040015473,-1,-1,-1
1532,662,1627040016469,-1,-1,-1
1533,648,1627040016469,-1,-1,-1
1534,656,1627040017466,-1,-1,-1
1535,650,1627040018464,-1,-1,-1
1536,643,1627040018464,-1,-1,-1
1537,644,1627040019465,-1,-1,-1
1538,634,1627040020462,-1,-1,-1
1539,629,1627040020462,-1,-1,-1
1540,622,1627040021456,-1,-1,-1
1541,620,1627040021456,-1,-1,-1
1542,629,1627040022452,-1,-1,-1
1543,627,1627040023451,-1,-1,-1
1544,615,1627040023451,-1,-1,-1
1545,630,1627040024451,-1,-1,-1
1546,627,1627040025446,-1,-1,-1
1547,630,1627040025446,-1,-1,-1
1548,615,1627040026443,-1,-1,-1
1549,613,1627040026443,-1,-1,-1
1550,626,1627040027440,-1,-1,-1
1551,626,1627040028440,-1,-1,-1
1552,636,1627040028440,-1,-1,-1
1553,617,1627040029437,-1,-1,-1
1554,629,1627040030434,-1,-1,-1
1555,629,1627040030434,-1,-1,-1
1556,621,1627040031433,-1,-1,-1
1557,621,1627040031433,-1,-1,-1
1558,560,1627040032427,-1,-1,-1
1559,695,1627040033425,-1,-1,-1
1560,616,1627040033425,-1,-1,-1
1561,619,1627040034425,-1,-1,-1
1562,618,1627040035420,-1,-1,-1
1563,619,1627040035420,-1,-1,-1
1564,613,1627040036419,-1,-1,-1
1565,623,1627040036419,-1,-1,-1
1566,623,1627040037419,-1,-1,-1
1567,621,1627040038414,-1,-1,-1
1568,619,1627040038414,-1,-1,-1
1569,622,1627040039412,-1,-1,-1
1570,630,1627040040408,-1,-1,-1
1571,625,1627040040409,-1,-1,-1
1572,618,1627040041408,-1,-1,-1
1573,620,1627040041409,-1,-1,-1
1574,621,1627040042406,-1,-1,-1
1575,612,1627040043402,-1,-1,-1
1576,615,1627040043402,-1,-1,-1
1577,603,1627040044400,-1,-1,-1
1578,608,1627040044400,-1,-1,-1
1579,607,1627040045395,-1,-1,-1
1580,618,1627040046395,-1,-1,-1
1581,621,1627040046396,-1,-1,-1
1582,618,1627040047394,-1,-1,-1
1583,631,1627040048393,-1,-1,-1
1584,621,1627040048393,-1,-1,-1
1585,624,1627040049389,-1,-1,-1
1586,617,1627040049389,-1,-1,-1
1587,618,1627040050389,-1,-1,-1
1588,613,1627040051383,-1,-1,-1
1589,626,1627040051383,-1,-1,-1
1590,608,1627040052381,-1,-1,-1
1591,621,1627040053383,-1,-1,-1
1592,614,1627040053383,-1,-1,-1
1593,625,1627040054375,-1,-1,-1
1594,629,1627040054375,-1,-1,-1
1595,627,1627040055373,-1,-1,-1
1596,642,1627040056373,-1,-1,-1
1597,647,1627040056373,-1,-1,-1
1598,654,1627040057376,-1,-1,-1
1599,652,1627040058370,-1,-1,-1
1600,644,1627040058370,-1,-1,-1
1601,645,1627040059366,-1,-1,-1
1602,646,1627040060369,-1,-1,-1
1603,639,1627040060369,-1,-1,-1
1604,633,1627040061360,-1,-1,-1
1605,634,1627040061360,-1,-1,-1
1606,640,1627040062358,-1,-1,-1
1607,636,1627040063356,-1,-1,-1
1608,622,1627040063356,-1,-1,-1
1609,628,1627040064353,-1,-1,-1
1610,628,1627040065350,-1,-1,-1
1611,630,1627040065350,-1,-1,-1
1612,634,1627040066344,-1,-1,-1
1613,632,1627040067389,-1,-1,-1
1614,636,1627040067389,-1,-1,-1
1615,637,1627040068338,-1,-1,-1
1616,646,1627040068338,-1,-1,-1
1617,631,1627040069337,-1,-1,-1
1618,655,1627040070336,-1,-1,-1
1619,627,1627040070336,-1,-1,-1
1620,636,1627040071335,-1,-1,-1
1621,631,1627040072332,-1,-1,-1
1622,625,1627040072333,-1,-1,-1
1623,624,1627040073328,-1,-1,-1
1624,624,1627040074325,-1,-1,-1
1625,624,1627040074325,-1,-1,-1
1626,620,1627040075322,-1,-1,-1
1627,622,1627040075322,-1,-1,-1
1628,622,1627040076322,-1,-1,-1
1629,628,1627040077323,-1,-1,-1
1630,624,1627040077323,-1,-1,-1
1631,628,1627040078315,-1,-1,-1
1632,629,1627040079316,-1,-1,-1
1633,634,1627040079316,-1,-1,-1
1634,633,1627040080313,-1,-1,-1
1635,629,1627040080313,-1,-1,-1
1636,629,1627040081310,-1,-1,-1
1637,628,1627040082306,-1,-1,-1
1638,631,1627040082306,-1,-1,-1
1639,614,1627040083314,-1,-1,-1
1640,616,1627040084297,-1,-1,-1
1641,611,1627040084297,-1,-1,-1
1642,616,1627040085299,-1,-1,-1
1643,609,1627040085299,-1,-1,-1
1644,613,1627040086295,-1,-1,-1
1645,607,1627040087295,-1,-1,-1
1646,612,1627040087295,-1,-1,-1
1647,609,1627040088290,-1,-1,-1
1648,611,1627040088290,-1,-1,-1
1649,612,1627040089287,-1,-1,-1
1650,615,1627040090288,-1,-1,-1
1651,626,1627040090288,-1,-1,-1
1652,624,1627040091283,-1,-1,-1
1653,628,1627040092283,-1,-1,-1
1654,623,1627040092283,-1,-1,-1
1655,620,1627040093278,-1,-1,-1
1656,621,1627040093278,-1,-1,-1
1657,619,1627040094273,-1,-1,-1
1658,625,1627040095274,-1,-1,-1
1659,618,1627040095274,-1,-1,-1
1660,618,1627040096276,-1,-1,-1
1661,617,1627040097271,-1,-1,-1
1662,618,1627040097271,-1,-1,-1
1663,614,1627040098268,-1,-1,-1
1664,623,1627040098268,-1,-1,-1
1665,621,1627040099265,-1,-1,-1
1666,626,1627040100261,-1,-1,-1
1667,631,1627040100261,-1,-1,-1
1668,626,1627040101259,-1,-1,-1
1669,638,1627040102256,-1,-1,-1
1670,630,1627040102257,-1,-1,-1
1671,626,1627040103256,-1,-1,-1
1672,634,1627040103256,-1,-1,-1
1673,630,1627040104254,-1,-1,-1
1674,626,1627040105249,-1,-1,-1
1675,622,1627040105249,-1,-1,-1
1676,625,1627040106247,-1,-1,-1
1677,622,1627040107243,-1,-1,-1
1678,627,1627040107243,-1,-1,-1
1679,614,1627040108239,-1,-1,-1
1680,620,1627040108239,-1,-1,-1
1681,626,1627040109237,-1,-1,-1
1682,631,1627040110233,-1,-1,-1
1683,633,1627040110233,-1,-1,-1
1684,644,1627040111232,-1,-1,-1
1685,654,1627040112231,-1,-1,-1
1686,656,1627040112231,-1,-1,-1
1687,645,1627040113231,-1,-1,-1
1688,640,1627040114223,-1,-1,-1
1689,640,1627040114223,-1,-1,-1
1690,642,1627040115220,-1,-1,-1
1691,640,1627040115220,-1,-1,-1
1692,631,1627040116223,-1,-1,-1
1693,625,1627040117221,-1,-1,-1
1694,620,1627040117221,-1,-1,-1
1695,630,1627040118216,-1,-1,-1
1696,643,1627040119215,-1,-1,-1
1697,658,1627040119215,-1,-1,-1
1698,646,1627040120213,-1,-1,-1
1699,656,1627040121212,-1,-1,-1
1700,634,1627040121212,-1,-1,-1
1701,633,1627040122207,-1,-1,-1
1702,625,1627040122207,-1,-1,-1
1703,639,1627040123202,-1,-1,-1
1704,650,1627040124203,-1,-1,-1
1705,656,1627040124203,-1,-1,-1
1706,676,1627040125200,-1,-1,-1
1707,698,1627040126194,-1,-1,-1
1708,714,1627040127192,-1,-1,-1
1709,703,1627040127192,-1,-1,-1
1710,676,1627040128195,-1,-1,-1
1711,669,1627040129191,-1,-1,-1
1712,662,1627040129191,-1,-1,-1
1713,648,1627040130184,-1,-1,-1
1714,649,1627040131185,-1,-1,-1
1715,651,1627040131185,-1,-1,-1
1716,644,1627040132181,-1,-1,-1
1717,636,1627040132181,-1,-1,-1
1718,628,1627040133180,-1,-1,-1
1719,637,1627040134177,-1,-1,-1
1720,630,1627040134178,-1,-1,-1
1721,631,1627040135171,-1,-1,-1
1722,627,1627040136170,-1,-1,-1
1723,642,1627040136170,-1,-1,-1
1724,656,1627040137168,-1,-1,-1
1725,648,1627040138167,-1,-1,-1
1726,644,1627040138168,-1,-1,-1
1727,643,1627040139163,-1,-1,-1
1728,643,1627040139164,-1,-1,-1
1729,637,1627040140165,-1,-1,-1
1730,643,1627040141159,-1,-1,-1
1731,646,1627040141159,-1,-1,-1
1732,631,1627040142157,-1,-1,-1
1733,629,1627040143154,-1,-1,-1
1734,631,1627040143154,-1,-1,-1
1735,626,1627040144150,-1,-1,-1
1736,623,1627040145148,-1,-1,-1
1737,613,1627040145148,-1,-1,-1
1738,615,1627040146147,-1,-1,-1
1739,608,1627040146147,-1,-1,-1
1740,620,1627040147143,-1,-1,-1
1741,640,1627040148144,-1,-1,-1
1742,677,1627040148144,-1,-1,-1
1743,712,1627040149138,-1,-1,-1
1744,750,1627040150138,-1,-1,-1
1745,769,1627040151139,-1,-1,-1
1746,714,1627040151139,-1,-1,-1
1747,687,1627040152132,-1,-1,-1
1748,678,1627040153135,-1,-1,-1
1749,664,1627040153135,-1,-1,-1
1750,666,1627040154132,-1,-1,-1
1751,660,1627040155121,-1,-1,-1
1752,657,1627040155121,-1,-1,-1
1753,649,1627040156122,-1,-1,-1
1754,647,1627040157119,-1,-1,-1
1755,649,1627040157119,-1,-1,-1
1756,644,1627040158113,-1,-1,-1
1757,638,1627040159111,-1,-1,-1
1758,632,1627040159111,-1,-1,-1
1759,631,1627040161110,-1,-1,-1
1760,631,1627040161110,-1,-1,-1
1761,622,1627040161175,-1,-1,-1
1762,626,1627040162103,-1,-1,-1
1763,624,1627040162103,-1,-1,-1
1764,627,1627040163101,-1,-1,-1
1765,632,1627040164098,-1,-1,-1
1766,625,1627040164098,-1,-1,-1
1767,648,1627040165098,-1,-1,-1
1768,656,1627040166096,-1,-1,-1
1769,665,1627040166096,-1,-1,-1
1770,684,1627040167096,-1,-1,-1
1771,716,1627040168090,-1,-1,-1
1772,717,1627040168090,-1,-1,-1
1773,727,1627040169092,-1,-1,-1
1774,711,1627040170084,-1,-1,-1
1775,702,1627040170084,-1,-1,-1
1776,683,1627040171082,-1,-1,-1
1777,683,1627040172079,-1,-1,-1
1778,671,1627040172079,-1,-1,-1
1779,665,1627040173076,-1,-1,-1
1780,662,1627040174075,-1,-1,-1
1781,664,1627040174075,-1,-1,-1
1782,681,1627040175078,-1,-1,-1
1783,679,1627040176070,-1,-1,-1
1784,682,1627040177067,-1,-1,-1
1785,684,1627040177067,-1,-1,-1
1786,701,1627040178066,-1,-1,-1
1787,710,1627040179062,-1,-1,-1
1788,709,1627040179062,-1,-1,-1
1789,719,1627040180057,-1,-1,-1
1790,718,1627040181058,-1,-1,-1
1791,686,1627040181058,-1,-1,-1
1792,659,1627040182058,-1,-1,-1
1793,678,1627040183050,-1,-1,-1
1794,672,1627040183050,-1,-1,-1
1795,670,1627040184050,-1,-1,-1
1796,682,1627040185053,-1,-1,-1
1797,686,1627040186042,-1,-1,-1
1798,692,1627040186042,-1,-1,-1
1799,701,1627040187040,-1,-1,-1
1800,702,1627040188038,-1,-1,-1
1801,709,1627040188038,-1,-1,-1
1802,699,1627040189038,-1,-1,-1
1803,702,1627040190036,-1,-1,-1
1804,698,1627040190036,-1,-1,-1
1805,705,1627040191041,-1,-1,-1
1806,695,1627040192030,-1,-1,-1
1807,688,1627040193025,-1,-1,-1
1808,687,1627040193025,-1,-1,-1
1809,691,1627040194028,-1,-1,-1
1810,691,1627040195020,-1,-1,-1
1811,702,1627040195020,-1,-1,-1
1812,709,1627040196019,-1,-1,-1
1813,714,1627040197019,-1,-1,-1
1814,716,1627040197019,-1,-1,-1
1815,708,1627040198012,-1,-1,-1
1816,708,1627040199015,-1,-1,-1
1817,709,1627040200010,-1,-1,-1
1818,700,1627040200010,-1,-1,-1
1819,685,1627040201012,-1,-1,-1
1820,688,1627040202005,-1,-1,-1
1821,685,1627040202005,-1,-1,-1
1822,698,1627040203001,-1,-1,-1
1823,708,1627040203999,-1,-1,-1
1824,702,1627040203999,-1,-1,-1
1825,698,1627040204997,-1,-1,-1
1826,687,1627040205996,-1,-1,-1
1827,690,1627040206991,-1,-1,-1
1828,687,1627040206991,-1,-1,-1
1829,689,1627040207987,-1,-1,-1
1830,686,1627040208986,-1,-1,-1
1831,683,1627040208986,-1,-1,-1
1832,691,1627040209981,-1,-1,-1
1833,696,1627040210980,-1,-1,-1
1834,699,1627040210980,-1,-1,-1
1835,695,1627040211982,-1,-1,-1
1836,704,1627040212976,-1,-1,-1
1837,706,1627040212976,-1,-1,-1
1838,709,1627040213977,-1,-1,-1
