,RR,Timestamp,SensorContact,errorEstimate,blockerBit
0,503,1623341213202,-1,-1,-1
1,559,1623341213202,-1,-1,-1
2,543,1623341213203,-1,-1,-1
3,567,1623341213203,-1,-1,-1
4,559,1623341213203,-1,-1,-1
5,551,1623341213203,-1,-1,-1
6,559,1623341213203,-1,-1,-1
7,567,1623341213203,-1,-1,-1
8,543,1623341213203,-1,-1,-1
9,591,1623341213701,-1,-1,-1
10,559,1623341213701,-1,-1,-1
11,455,1623341213701,-1,-1,-1
12,543,1623341213701,-1,-1,-1
13,543,1623341214200,-1,-1,-1
14,567,1623341214201,-1,-1,-1
15,567,1623341215209,-1,-1,-1
16,519,1623341216257,-1,-1,-1
17,575,1623341216257,-1,-1,-1
18,495,1623341217186,-1,-1,-1
19,599,1623341217186,-1,-1,-1
20,575,1623341218176,-1,-1,-1
21,575,1623341218177,-1,-1,-1
22,559,1623341220176,-1,-1,-1
23,503,1623341221187,-1,-1,-1
24,519,1623341221187,-1,-1,-1
25,575,1623341222177,-1,-1,-1
26,551,1623341222178,-1,-1,-1
27,535,1623341223167,-1,-1,-1
28,607,1623341223167,-1,-1,-1
29,591,1623341224186,-1,-1,-1
30,495,1623341226185,-1,-1,-1
31,647,1623341226185,-1,-1,-1
32,471,1623341227170,-1,-1,-1
33,751,1623341228160,-1,-1,-1
34,535,1623341228160,-1,-1,-1
35,655,1623341230165,-1,-1,-1
36,591,1623341231176,-1,-1,-1
37,535,1623341231176,-1,-1,-1
38,535,1623341232173,-1,-1,-1
39,543,1623341233179,-1,-1,-1
40,535,1623341233179,-1,-1,-1
41,623,1623341240175,-1,-1,-1
42,647,1623341241165,-1,-1,-1
43,527,1623341241165,-1,-1,-1
44,647,1623341244179,-1,-1,-1
45,615,1623341245169,-1,-1,-1
46,575,1623341245169,-1,-1,-1
47,543,1623341246159,-1,-1,-1
48,407,1623341246159,-1,-1,-1
49,711,1623341247174,-1,-1,-1
50,591,1623341247174,-1,-1,-1
51,559,1623341248164,-1,-1,-1
52,575,1623341249175,-1,-1,-1
53,495,1623341254216,-1,-1,-1
54,575,1623341254216,-1,-1,-1
55,567,1623341255188,-1,-1,-1
56,591,1623341257186,-1,-1,-1
57,519,1623341257186,-1,-1,-1
58,639,1623341258177,-1,-1,-1
59,535,1623341258177,-1,-1,-1
60,599,1623341260182,-1,-1,-1
61,575,1623341261168,-1,-1,-1
62,591,1623341261168,-1,-1,-1
63,583,1623341262203,-1,-1,-1
64,575,1623341262203,-1,-1,-1
65,575,1623341263176,-1,-1,-1
66,591,1623341263177,-1,-1,-1
67,591,1623341264171,-1,-1,-1
68,567,1623341265176,-1,-1,-1
69,599,1623341265176,-1,-1,-1
70,583,1623341266162,-1,-1,-1
71,583,1623341266162,-1,-1,-1
72,583,1623341267174,-1,-1,-1
73,607,1623341268169,-1,-1,-1
74,575,1623341268170,-1,-1,-1
75,615,1623341269178,-1,-1,-1
76,583,1623341269178,-1,-1,-1
77,591,1623341270167,-1,-1,-1
78,607,1623341271180,-1,-1,-1
79,607,1623341271180,-1,-1,-1
80,583,1623341272178,-1,-1,-1
81,599,1623341272178,-1,-1,-1
82,599,1623341273160,-1,-1,-1
83,591,1623341274178,-1,-1,-1
84,583,1623341274178,-1,-1,-1
85,599,1623341275164,-1,-1,-1
86,599,1623341275164,-1,-1,-1
87,583,1623341276174,-1,-1,-1
88,623,1623341277171,-1,-1,-1
89,599,1623341277171,-1,-1,-1
90,607,1623341278181,-1,-1,-1
91,623,1623341278181,-1,-1,-1
92,607,1623341279168,-1,-1,-1
93,607,1623341280202,-1,-1,-1
94,615,1623341280202,-1,-1,-1
95,591,1623341281169,-1,-1,-1
96,591,1623341281169,-1,-1,-1
97,607,1623341282159,-1,-1,-1
98,583,1623341283175,-1,-1,-1
99,583,1623341283176,-1,-1,-1
100,591,1623341284163,-1,-1,-1
101,591,1623341284163,-1,-1,-1
102,583,1623341285179,-1,-1,-1
103,599,1623341286164,-1,-1,-1
104,591,1623341286164,-1,-1,-1
105,575,1623341287155,-1,-1,-1
106,599,1623341287157,-1,-1,-1
107,599,1623341288167,-1,-1,-1
108,575,1623341288167,-1,-1,-1
109,583,1623341289156,-1,-1,-1
110,583,1623341290172,-1,-1,-1
111,639,1623341290172,-1,-1,-1
112,447,1623341291161,-1,-1,-1
113,615,1623341291161,-1,-1,-1
114,495,1623341292175,-1,-1,-1
115,535,1623341295166,-1,-1,-1
116,575,1623341295166,-1,-1,-1
117,695,1623341298158,-1,-1,-1
118,543,1623341306193,-1,-1,-1
119,527,1623341310178,-1,-1,-1
120,631,1623341311169,-1,-1,-1
121,599,1623341311169,-1,-1,-1
122,631,1623341316165,-1,-1,-1
123,575,1623341318166,-1,-1,-1
124,743,1623341322171,-1,-1,-1
125,447,1623341326175,-1,-1,-1
126,623,1623341330177,-1,-1,-1
127,551,1623341330177,-1,-1,-1
128,471,1623341331164,-1,-1,-1
129,527,1623341333176,-1,-1,-1
130,575,1623341333177,-1,-1,-1
131,663,1623341334163,-1,-1,-1
132,559,1623341341156,-1,-1,-1
133,567,1623341341156,-1,-1,-1
134,575,1623341342175,-1,-1,-1
135,607,1623341342175,-1,-1,-1
136,551,1623341343156,-1,-1,-1
137,583,1623341344168,-1,-1,-1
138,367,1623341346198,-1,-1,-1
139,671,1623341347162,-1,-1,-1
140,711,1623341349166,-1,-1,-1
141,591,1623341352204,-1,-1,-1
142,615,1623341353193,-1,-1,-1
143,639,1623341353193,-1,-1,-1
144,695,1623341354163,-1,-1,-1
145,623,1623341355194,-1,-1,-1
146,583,1623341357175,-1,-1,-1
147,671,1623341357176,-1,-1,-1
148,623,1623341358167,-1,-1,-1
149,583,1623341360175,-1,-1,-1
150,567,1623341360175,-1,-1,-1
151,631,1623341361157,-1,-1,-1
152,583,1623341361157,-1,-1,-1
153,583,1623341362171,-1,-1,-1
154,615,1623341363162,-1,-1,-1
155,623,1623341363162,-1,-1,-1
156,607,1623341364175,-1,-1,-1
157,599,1623341365167,-1,-1,-1
158,647,1623341365167,-1,-1,-1
159,615,1623341366177,-1,-1,-1
160,599,1623341366177,-1,-1,-1
161,663,1623341367165,-1,-1,-1
162,623,1623341368156,-1,-1,-1
163,615,1623341368156,-1,-1,-1
164,647,1623341369191,-1,-1,-1
165,655,1623341370183,-1,-1,-1
166,607,1623341370183,-1,-1,-1
167,623,1623341371171,-1,-1,-1
168,647,1623341371171,-1,-1,-1
169,615,1623341372162,-1,-1,-1
170,599,1623341373151,-1,-1,-1
171,639,1623341373151,-1,-1,-1
172,615,1623341374167,-1,-1,-1
173,615,1623341375155,-1,-1,-1
174,623,1623341375155,-1,-1,-1
175,615,1623341376166,-1,-1,-1
176,575,1623341376166,-1,-1,-1
177,639,1623341377158,-1,-1,-1
178,671,1623341378167,-1,-1,-1
179,583,1623341378167,-1,-1,-1
180,663,1623341379159,-1,-1,-1
181,631,1623341380170,-1,-1,-1
182,615,1623341380170,-1,-1,-1
183,631,1623341381431,-1,-1,-1
184,615,1623341381431,-1,-1,-1
185,623,1623341382154,-1,-1,-1
186,639,1623341383163,-1,-1,-1
187,591,1623341383163,-1,-1,-1
188,607,1623341384152,-1,-1,-1
189,631,1623341385165,-1,-1,-1
190,639,1623341385166,-1,-1,-1
191,615,1623341386157,-1,-1,-1
192,655,1623341386157,-1,-1,-1
193,647,1623341387166,-1,-1,-1
194,679,1623341388163,-1,-1,-1
195,671,1623341388163,-1,-1,-1
196,655,1623341389173,-1,-1,-1
197,639,1623341390160,-1,-1,-1
198,671,1623341390160,-1,-1,-1
199,631,1623341391150,-1,-1,-1
200,639,1623341392163,-1,-1,-1
201,623,1623341392163,-1,-1,-1
202,607,1623341393152,-1,-1,-1
203,639,1623341394166,-1,-1,-1
204,623,1623341394166,-1,-1,-1
205,599,1623341395181,-1,-1,-1
206,615,1623341395181,-1,-1,-1
207,615,1623341396170,-1,-1,-1
208,591,1623341397156,-1,-1,-1
209,607,1623341397156,-1,-1,-1
210,647,1623341398192,-1,-1,-1
211,631,1623341398192,-1,-1,-1
212,631,1623341399164,-1,-1,-1
213,655,1623341400161,-1,-1,-1
214,623,1623341400162,-1,-1,-1
215,631,1623341401165,-1,-1,-1
216,599,1623341402155,-1,-1,-1
217,599,1623341402155,-1,-1,-1
218,631,1623341403165,-1,-1,-1
219,607,1623341403165,-1,-1,-1
220,607,1623341404160,-1,-1,-1
221,607,1623341405168,-1,-1,-1
222,591,1623341405168,-1,-1,-1
223,591,1623341406159,-1,-1,-1
224,623,1623341406159,-1,-1,-1
225,607,1623341407172,-1,-1,-1
226,599,1623341408164,-1,-1,-1
227,631,1623341408164,-1,-1,-1
228,663,1623341409195,-1,-1,-1
229,623,1623341410166,-1,-1,-1
230,639,1623341410166,-1,-1,-1
231,671,1623341411173,-1,-1,-1
232,615,1623341412188,-1,-1,-1
233,615,1623341412188,-1,-1,-1
234,639,1623341413160,-1,-1,-1
235,639,1623341413161,-1,-1,-1
236,607,1623341414174,-1,-1,-1
237,615,1623341415158,-1,-1,-1
238,623,1623341415158,-1,-1,-1
239,647,1623341416169,-1,-1,-1
240,647,1623341417160,-1,-1,-1
241,591,1623341417160,-1,-1,-1
242,607,1623341418154,-1,-1,-1
243,631,1623341418154,-1,-1,-1
244,607,1623341419185,-1,-1,-1
245,599,1623341420176,-1,-1,-1
246,615,1623341420176,-1,-1,-1
247,591,1623341421166,-1,-1,-1
248,607,1623341421166,-1,-1,-1
249,591,1623341422158,-1,-1,-1
250,647,1623341423168,-1,-1,-1
251,607,1623341423168,-1,-1,-1
252,615,1623341424156,-1,-1,-1
253,583,1623341428168,-1,-1,-1
254,615,1623341428168,-1,-1,-1
255,631,1623341429156,-1,-1,-1
256,591,1623341429156,-1,-1,-1
257,599,1623341430167,-1,-1,-1
258,623,1623341431156,-1,-1,-1
259,607,1623341431156,-1,-1,-1
260,607,1623341432167,-1,-1,-1
261,615,1623341433164,-1,-1,-1
262,631,1623341433164,-1,-1,-1
263,615,1623341434169,-1,-1,-1
264,615,1623341434169,-1,-1,-1
265,639,1623341435162,-1,-1,-1
266,591,1623341436175,-1,-1,-1
267,623,1623341436175,-1,-1,-1
268,503,1623341437164,-1,-1,-1
269,719,1623341437164,-1,-1,-1
270,615,1623341438152,-1,-1,-1
271,647,1623341439169,-1,-1,-1
272,615,1623341439169,-1,-1,-1
273,623,1623341440154,-1,-1,-1
274,663,1623341441146,-1,-1,-1
275,631,1623341441146,-1,-1,-1
276,623,1623341442157,-1,-1,-1
277,663,1623341443147,-1,-1,-1
278,623,1623341443147,-1,-1,-1
279,655,1623341444160,-1,-1,-1
280,607,1623341444160,-1,-1,-1
281,623,1623341445151,-1,-1,-1
282,623,1623341446163,-1,-1,-1
283,639,1623341446163,-1,-1,-1
284,623,1623341447155,-1,-1,-1
285,631,1623341448165,-1,-1,-1
286,655,1623341448165,-1,-1,-1
287,631,1623341449156,-1,-1,-1
288,623,1623341449156,-1,-1,-1
289,647,1623341450145,-1,-1,-1
290,647,1623341451159,-1,-1,-1
291,607,1623341451159,-1,-1,-1
292,431,1623341452148,-1,-1,-1
293,791,1623341453166,-1,-1,-1
294,599,1623341453166,-1,-1,-1
295,631,1623341454152,-1,-1,-1
296,639,1623341454152,-1,-1,-1
297,615,1623341455167,-1,-1,-1
298,631,1623341456151,-1,-1,-1
299,647,1623341456151,-1,-1,-1
300,607,1623341457170,-1,-1,-1
301,615,1623341458155,-1,-1,-1
302,639,1623341458155,-1,-1,-1
303,607,1623341459145,-1,-1,-1
304,599,1623341459145,-1,-1,-1
305,767,1623341461147,-1,-1,-1
306,631,1623341462163,-1,-1,-1
307,599,1623341463150,-1,-1,-1
308,615,1623341463150,-1,-1,-1
309,647,1623341464163,-1,-1,-1
310,655,1623341464163,-1,-1,-1
311,631,1623341465177,-1,-1,-1
312,687,1623341466165,-1,-1,-1
313,615,1623341466165,-1,-1,-1
314,615,1623341467159,-1,-1,-1
315,631,1623341468145,-1,-1,-1
316,631,1623341468145,-1,-1,-1
317,615,1623341469182,-1,-1,-1
318,623,1623341469182,-1,-1,-1
319,599,1623341470148,-1,-1,-1
320,559,1623341472152,-1,-1,-1
321,551,1623341472152,-1,-1,-1
322,575,1623341473167,-1,-1,-1
323,551,1623341473167,-1,-1,-1
324,551,1623341474159,-1,-1,-1
325,551,1623341475164,-1,-1,-1
326,583,1623341475164,-1,-1,-1
327,583,1623341476154,-1,-1,-1
328,591,1623341476154,-1,-1,-1
329,655,1623341477144,-1,-1,-1
330,655,1623341478165,-1,-1,-1
331,671,1623341478165,-1,-1,-1
332,639,1623341479147,-1,-1,-1
333,655,1623341480160,-1,-1,-1
334,687,1623341480160,-1,-1,-1
335,655,1623341481149,-1,-1,-1
336,639,1623341482162,-1,-1,-1
337,623,1623341482162,-1,-1,-1
338,663,1623341483152,-1,-1,-1
339,639,1623341484187,-1,-1,-1
340,623,1623341484187,-1,-1,-1
341,679,1623341485176,-1,-1,-1
342,615,1623341485176,-1,-1,-1
343,663,1623341486167,-1,-1,-1
344,567,1623341487159,-1,-1,-1
345,687,1623341487159,-1,-1,-1
346,623,1623341488147,-1,-1,-1
347,631,1623341489160,-1,-1,-1
348,655,1623341489160,-1,-1,-1
349,623,1623341490150,-1,-1,-1
350,639,1623341491165,-1,-1,-1
351,639,1623341491165,-1,-1,-1
352,623,1623341492156,-1,-1,-1
353,631,1623341492156,-1,-1,-1
354,647,1623341493165,-1,-1,-1
355,663,1623341494155,-1,-1,-1
356,647,1623341494155,-1,-1,-1
357,623,1623341495145,-1,-1,-1
358,679,1623341496157,-1,-1,-1
359,655,1623341496157,-1,-1,-1
360,647,1623341497171,-1,-1,-1
361,671,1623341498162,-1,-1,-1
362,663,1623341498162,-1,-1,-1
363,639,1623341499154,-1,-1,-1
364,647,1623341500165,-1,-1,-1
365,663,1623341500165,-1,-1,-1
366,631,1623341501175,-1,-1,-1
367,623,1623341502168,-1,-1,-1
368,647,1623341502168,-1,-1,-1
369,615,1623341503156,-1,-1,-1
370,615,1623341503156,-1,-1,-1
371,631,1623341504145,-1,-1,-1
372,607,1623341505156,-1,-1,-1
373,599,1623341505156,-1,-1,-1
374,599,1623341506154,-1,-1,-1
375,615,1623341507163,-1,-1,-1
376,607,1623341507163,-1,-1,-1
377,607,1623341508152,-1,-1,-1
378,631,1623341508152,-1,-1,-1
379,623,1623341509163,-1,-1,-1
380,623,1623341510150,-1,-1,-1
381,623,1623341510150,-1,-1,-1
382,671,1623341511147,-1,-1,-1
383,631,1623341513144,-1,-1,-1
384,607,1623341514159,-1,-1,-1
385,599,1623341515153,-1,-1,-1
386,615,1623341515153,-1,-1,-1
387,615,1623341516167,-1,-1,-1
388,623,1623341516167,-1,-1,-1
389,623,1623341517152,-1,-1,-1
390,599,1623341518185,-1,-1,-1
391,615,1623341518185,-1,-1,-1
392,575,1623341519151,-1,-1,-1
393,639,1623341519151,-1,-1,-1
394,591,1623341520144,-1,-1,-1
395,623,1623341521155,-1,-1,-1
396,591,1623341521155,-1,-1,-1
397,591,1623341522146,-1,-1,-1
398,639,1623341523157,-1,-1,-1
399,623,1623341523157,-1,-1,-1
400,583,1623341524146,-1,-1,-1
401,407,1623341527191,-1,-1,-1
402,503,1623341527191,-1,-1,-1
403,623,1623341529192,-1,-1,-1
404,631,1623341529192,-1,-1,-1
405,663,1623341530155,-1,-1,-1
406,663,1623341531146,-1,-1,-1
407,639,1623341531146,-1,-1,-1
408,623,1623341532159,-1,-1,-1
409,647,1623341533168,-1,-1,-1
410,631,1623341533168,-1,-1,-1
411,623,1623341534163,-1,-1,-1
412,631,1623341534163,-1,-1,-1
413,615,1623341535172,-1,-1,-1
414,599,1623341536186,-1,-1,-1
415,591,1623341536186,-1,-1,-1
416,719,1623341539158,-1,-1,-1
417,607,1623341540144,-1,-1,-1
418,607,1623341541156,-1,-1,-1
419,639,1623341541156,-1,-1,-1
420,639,1623341542148,-1,-1,-1
421,695,1623341543166,-1,-1,-1
422,679,1623341543166,-1,-1,-1
423,639,1623341544154,-1,-1,-1
424,663,1623341544154,-1,-1,-1
425,671,1623341545140,-1,-1,-1
426,639,1623341546156,-1,-1,-1
427,639,1623341546156,-1,-1,-1
428,607,1623341547143,-1,-1,-1
429,639,1623341548156,-1,-1,-1
430,607,1623341548156,-1,-1,-1
431,615,1623341549151,-1,-1,-1
432,615,1623341550161,-1,-1,-1
433,607,1623341550161,-1,-1,-1
434,567,1623341551150,-1,-1,-1
435,607,1623341551150,-1,-1,-1
436,583,1623341552161,-1,-1,-1
437,655,1623341554164,-1,-1,-1
438,575,1623341554164,-1,-1,-1
439,631,1623341555156,-1,-1,-1
440,679,1623341556153,-1,-1,-1
441,671,1623341556153,-1,-1,-1
442,663,1623341557158,-1,-1,-1
443,727,1623341558145,-1,-1,-1
444,663,1623341558145,-1,-1,-1
445,671,1623341559181,-1,-1,-1
446,663,1623341560148,-1,-1,-1
447,687,1623341560148,-1,-1,-1
448,647,1623341561159,-1,-1,-1
449,655,1623341562150,-1,-1,-1
450,639,1623341562150,-1,-1,-1
451,631,1623341563138,-1,-1,-1
452,631,1623341564152,-1,-1,-1
453,647,1623341564152,-1,-1,-1
454,623,1623341565144,-1,-1,-1
455,623,1623341565144,-1,-1,-1
456,623,1623341567146,-1,-1,-1
457,655,1623341568137,-1,-1,-1
458,623,1623341569152,-1,-1,-1
459,599,1623341569152,-1,-1,-1
460,639,1623341570136,-1,-1,-1
461,599,1623341570136,-1,-1,-1
462,623,1623341571151,-1,-1,-1
463,615,1623341572142,-1,-1,-1
464,671,1623341572142,-1,-1,-1
465,647,1623341573156,-1,-1,-1
466,679,1623341574146,-1,-1,-1
467,639,1623341576144,-1,-1,-1
468,655,1623341576144,-1,-1,-1
469,679,1623341577138,-1,-1,-1
470,647,1623341578152,-1,-1,-1
471,615,1623341578152,-1,-1,-1
472,671,1623341579136,-1,-1,-1
473,575,1623341580151,-1,-1,-1
474,631,1623341580151,-1,-1,-1
475,631,1623341582156,-1,-1,-1
476,615,1623341583143,-1,-1,-1
477,647,1623341583143,-1,-1,-1
478,599,1623341584199,-1,-1,-1
479,583,1623341585171,-1,-1,-1
480,631,1623341588140,-1,-1,-1
481,631,1623341588140,-1,-1,-1
482,663,1623341589156,-1,-1,-1
483,695,1623341590139,-1,-1,-1
484,655,1623341590139,-1,-1,-1
485,647,1623341591152,-1,-1,-1
486,631,1623341592143,-1,-1,-1
487,583,1623341593179,-1,-1,-1
488,647,1623341594148,-1,-1,-1
489,591,1623341595134,-1,-1,-1
490,607,1623341595134,-1,-1,-1
491,623,1623341596149,-1,-1,-1
492,655,1623341597142,-1,-1,-1
493,599,1623341597142,-1,-1,-1
494,615,1623341598176,-1,-1,-1
495,647,1623341598176,-1,-1,-1
496,599,1623341599140,-1,-1,-1
497,623,1623341600153,-1,-1,-1
498,639,1623341600153,-1,-1,-1
499,607,1623341601147,-1,-1,-1
500,599,1623341602177,-1,-1,-1
501,607,1623341602177,-1,-1,-1
502,623,1623341603151,-1,-1,-1
503,575,1623341603151,-1,-1,-1
504,583,1623341604138,-1,-1,-1
505,631,1623341605147,-1,-1,-1
506,583,1623341605147,-1,-1,-1
507,575,1623341606143,-1,-1,-1
508,631,1623341606143,-1,-1,-1
509,623,1623341607149,-1,-1,-1
510,599,1623341608142,-1,-1,-1
511,607,1623341608142,-1,-1,-1
512,607,1623341609151,-1,-1,-1
513,623,1623341609151,-1,-1,-1
514,607,1623341610143,-1,-1,-1
515,583,1623341611165,-1,-1,-1
516,591,1623341611165,-1,-1,-1
517,607,1623341612145,-1,-1,-1
518,607,1623341612145,-1,-1,-1
519,591,1623341613135,-1,-1,-1
520,599,1623341614148,-1,-1,-1
521,599,1623341614148,-1,-1,-1
522,607,1623341615142,-1,-1,-1
523,703,1623341617143,-1,-1,-1
524,631,1623341617143,-1,-1,-1
525,655,1623341619148,-1,-1,-1
526,647,1623341620159,-1,-1,-1
527,663,1623341620159,-1,-1,-1
528,671,1623341621152,-1,-1,-1
529,519,1623341622157,-1,-1,-1
530,687,1623341624140,-1,-1,-1
531,607,1623341624140,-1,-1,-1
532,591,1623341625172,-1,-1,-1
533,599,1623341627152,-1,-1,-1
534,631,1623341627152,-1,-1,-1
535,647,1623341628141,-1,-1,-1
536,623,1623341629154,-1,-1,-1
537,607,1623341629154,-1,-1,-1
538,639,1623341630147,-1,-1,-1
539,639,1623341630147,-1,-1,-1
540,591,1623341631138,-1,-1,-1
541,607,1623341632175,-1,-1,-1
542,591,1623341632175,-1,-1,-1
543,615,1623341633145,-1,-1,-1
544,639,1623341634215,-1,-1,-1
545,663,1623341634216,-1,-1,-1
546,671,1623341635163,-1,-1,-1
547,663,1623341636157,-1,-1,-1
548,631,1623341636157,-1,-1,-1
549,623,1623341637142,-1,-1,-1
550,607,1623341637142,-1,-1,-1
551,447,1623341638154,-1,-1,-1
552,719,1623341639145,-1,-1,-1
553,527,1623341640157,-1,-1,-1
554,591,1623341641155,-1,-1,-1
555,527,1623341641155,-1,-1,-1
556,591,1623341642137,-1,-1,-1
557,639,1623341643157,-1,-1,-1
558,431,1623341645157,-1,-1,-1
559,719,1623341647155,-1,-1,-1
560,671,1623341648166,-1,-1,-1
561,719,1623341648166,-1,-1,-1
562,623,1623341652149,-1,-1,-1
563,639,1623341653142,-1,-1,-1
564,671,1623341654132,-1,-1,-1
565,631,1623341654132,-1,-1,-1
566,599,1623341655141,-1,-1,-1
567,559,1623341655141,-1,-1,-1
568,703,1623341656130,-1,-1,-1
569,591,1623341657166,-1,-1,-1
570,607,1623341657166,-1,-1,-1
571,551,1623341658139,-1,-1,-1
572,623,1623341660137,-1,-1,-1
573,607,1623341661151,-1,-1,-1
574,623,1623341661152,-1,-1,-1
575,631,1623341662139,-1,-1,-1
576,647,1623341663128,-1,-1,-1
577,631,1623341663128,-1,-1,-1
578,631,1623341664141,-1,-1,-1
579,671,1623341665131,-1,-1,-1
580,647,1623341665131,-1,-1,-1
581,623,1623341666144,-1,-1,-1
582,615,1623341667140,-1,-1,-1
583,631,1623341667140,-1,-1,-1
584,599,1623341668145,-1,-1,-1
585,599,1623341668145,-1,-1,-1
586,615,1623341669147,-1,-1,-1
587,599,1623341670152,-1,-1,-1
588,583,1623341670153,-1,-1,-1
589,607,1623341671138,-1,-1,-1
590,583,1623341671138,-1,-1,-1
591,583,1623341672136,-1,-1,-1
592,599,1623341673148,-1,-1,-1
593,567,1623341673148,-1,-1,-1
594,623,1623341674154,-1,-1,-1
595,615,1623341674154,-1,-1,-1
596,639,1623341675148,-1,-1,-1
597,655,1623341676136,-1,-1,-1
598,695,1623341676137,-1,-1,-1
599,599,1623341677151,-1,-1,-1
600,607,1623341678137,-1,-1,-1
601,655,1623341678137,-1,-1,-1
602,711,1623341679148,-1,-1,-1
603,599,1623341680138,-1,-1,-1
604,647,1623341680138,-1,-1,-1
605,663,1623341681132,-1,-1,-1
606,511,1623341681132,-1,-1,-1
607,751,1623341682142,-1,-1,-1
608,687,1623341684167,-1,-1,-1
609,607,1623341685136,-1,-1,-1
610,623,1623341685136,-1,-1,-1
611,487,1623341691141,-1,-1,-1
612,623,1623341691141,-1,-1,-1
613,631,1623341692132,-1,-1,-1
614,631,1623341692132,-1,-1,-1
615,591,1623341693144,-1,-1,-1
616,823,1623341695147,-1,-1,-1
617,567,1623341698139,-1,-1,-1
618,503,1623341699135,-1,-1,-1
619,767,1623341709165,-1,-1,-1
620,519,1623341717130,-1,-1,-1
621,495,1623341717130,-1,-1,-1
622,751,1623341718142,-1,-1,-1
623,567,1623341718142,-1,-1,-1
624,591,1623341719134,-1,-1,-1
625,783,1623341725143,-1,-1,-1
626,759,1623341725143,-1,-1,-1
627,639,1623341726128,-1,-1,-1
628,711,1623341728133,-1,-1,-1
629,679,1623341728133,-1,-1,-1
630,687,1623341729146,-1,-1,-1
631,679,1623341730134,-1,-1,-1
632,671,1623341730134,-1,-1,-1
633,671,1623341731127,-1,-1,-1
634,663,1623341732138,-1,-1,-1
635,647,1623341732138,-1,-1,-1
636,639,1623341733127,-1,-1,-1
637,639,1623341734139,-1,-1,-1
638,623,1623341734139,-1,-1,-1
639,615,1623341735154,-1,-1,-1
640,647,1623341736144,-1,-1,-1
641,607,1623341736144,-1,-1,-1
642,615,1623341737138,-1,-1,-1
643,615,1623341737138,-1,-1,-1
644,663,1623341738168,-1,-1,-1
645,599,1623341739136,-1,-1,-1
646,583,1623341739136,-1,-1,-1
647,599,1623341740128,-1,-1,-1
648,655,1623341741139,-1,-1,-1
649,615,1623341741139,-1,-1,-1
650,687,1623341742129,-1,-1,-1
651,791,1623341743139,-1,-1,-1
652,823,1623341743139,-1,-1,-1
653,783,1623341744129,-1,-1,-1
654,815,1623341745149,-1,-1,-1
655,735,1623341746133,-1,-1,-1
656,695,1623341746133,-1,-1,-1
657,703,1623341747166,-1,-1,-1
658,639,1623341748139,-1,-1,-1
659,695,1623341749126,-1,-1,-1
660,663,1623341749126,-1,-1,-1
661,623,1623341750162,-1,-1,-1
662,631,1623341750162,-1,-1,-1
663,687,1623341751149,-1,-1,-1
664,615,1623341752139,-1,-1,-1
665,655,1623341752139,-1,-1,-1
666,671,1623341753129,-1,-1,-1
667,631,1623341754143,-1,-1,-1
668,615,1623341754143,-1,-1,-1
669,687,1623341755155,-1,-1,-1
670,671,1623341756145,-1,-1,-1
671,639,1623341756145,-1,-1,-1
672,599,1623341757136,-1,-1,-1
673,599,1623341758127,-1,-1,-1
674,743,1623341758127,-1,-1,-1
675,631,1623341759136,-1,-1,-1
676,623,1623341760127,-1,-1,-1
677,719,1623341760127,-1,-1,-1
678,631,1623341761139,-1,-1,-1
679,607,1623341761139,-1,-1,-1
680,727,1623341762130,-1,-1,-1
681,663,1623341763144,-1,-1,-1
682,631,1623341763144,-1,-1,-1
683,647,1623341764134,-1,-1,-1
684,671,1623341765146,-1,-1,-1
685,607,1623341765146,-1,-1,-1
686,631,1623341766136,-1,-1,-1
687,679,1623341767147,-1,-1,-1
688,599,1623341767147,-1,-1,-1
689,655,1623341769127,-1,-1,-1
690,615,1623341770141,-1,-1,-1
691,663,1623341771129,-1,-1,-1
692,679,1623341771129,-1,-1,-1
693,607,1623341772145,-1,-1,-1
694,671,1623341772145,-1,-1,-1
695,679,1623341773133,-1,-1,-1
696,655,1623341774148,-1,-1,-1
697,615,1623341774148,-1,-1,-1
698,687,1623341775137,-1,-1,-1
699,639,1623341776125,-1,-1,-1
700,623,1623341776125,-1,-1,-1
701,655,1623341777140,-1,-1,-1
702,687,1623341778129,-1,-1,-1
703,607,1623341778129,-1,-1,-1
704,631,1623341779142,-1,-1,-1
705,695,1623341780132,-1,-1,-1
706,631,1623341780132,-1,-1,-1
707,647,1623341781143,-1,-1,-1
708,671,1623341782134,-1,-1,-1
709,631,1623341782134,-1,-1,-1
710,623,1623341783148,-1,-1,-1
711,639,1623341784135,-1,-1,-1
712,655,1623341784135,-1,-1,-1
713,591,1623341785125,-1,-1,-1
714,615,1623341785125,-1,-1,-1
715,663,1623341786137,-1,-1,-1
716,599,1623341787127,-1,-1,-1
717,639,1623341787127,-1,-1,-1
718,647,1623341788140,-1,-1,-1
719,607,1623341789156,-1,-1,-1
720,623,1623341789156,-1,-1,-1
721,679,1623341790146,-1,-1,-1
722,647,1623341791139,-1,-1,-1
723,607,1623341791139,-1,-1,-1
724,647,1623341792146,-1,-1,-1
725,655,1623341792146,-1,-1,-1
726,623,1623341793136,-1,-1,-1
727,575,1623341796128,-1,-1,-1
728,631,1623341796128,-1,-1,-1
729,663,1623341797142,-1,-1,-1
730,607,1623341797142,-1,-1,-1
731,639,1623341798129,-1,-1,-1
732,679,1623341799123,-1,-1,-1
733,623,1623341799123,-1,-1,-1
734,575,1623341800156,-1,-1,-1
735,567,1623341802136,-1,-1,-1
736,607,1623341802136,-1,-1,-1
737,671,1623341803125,-1,-1,-1
738,615,1623341804137,-1,-1,-1
739,631,1623341804137,-1,-1,-1
740,719,1623341805128,-1,-1,-1
741,663,1623341806139,-1,-1,-1
742,647,1623341806139,-1,-1,-1
743,727,1623341807129,-1,-1,-1
744,679,1623341808118,-1,-1,-1
745,647,1623341808118,-1,-1,-1
746,719,1623341809134,-1,-1,-1
747,655,1623341810122,-1,-1,-1
748,623,1623341810122,-1,-1,-1
749,679,1623341811139,-1,-1,-1
750,631,1623341812129,-1,-1,-1
751,615,1623341812129,-1,-1,-1
752,655,1623341813137,-1,-1,-1
753,647,1623341814127,-1,-1,-1
754,607,1623341814127,-1,-1,-1
755,615,1623341815142,-1,-1,-1
756,639,1623341816156,-1,-1,-1
757,639,1623341816156,-1,-1,-1
758,607,1623341817165,-1,-1,-1
759,719,1623341819129,-1,-1,-1
760,631,1623341819129,-1,-1,-1
761,647,1623341820137,-1,-1,-1
762,687,1623341821128,-1,-1,-1
763,623,1623341821128,-1,-1,-1
764,607,1623341822138,-1,-1,-1
765,663,1623341823128,-1,-1,-1
766,671,1623341823128,-1,-1,-1
767,615,1623341824144,-1,-1,-1
768,631,1623341825129,-1,-1,-1
769,615,1623341826119,-1,-1,-1
770,671,1623341827134,-1,-1,-1
771,655,1623341828127,-1,-1,-1
772,607,1623341828127,-1,-1,-1
773,591,1623341831142,-1,-1,-1
774,679,1623341832126,-1,-1,-1
775,639,1623341832126,-1,-1,-1
776,583,1623341833143,-1,-1,-1
777,615,1623341833143,-1,-1,-1
778,639,1623341834133,-1,-1,-1
779,639,1623341835146,-1,-1,-1
780,607,1623341835146,-1,-1,-1
781,607,1623341837123,-1,-1,-1
782,711,1623341838139,-1,-1,-1
783,631,1623341839124,-1,-1,-1
784,567,1623341839124,-1,-1,-1
785,655,1623341842143,-1,-1,-1
786,583,1623341843130,-1,-1,-1
787,607,1623341844143,-1,-1,-1
788,671,1623341844143,-1,-1,-1
789,599,1623341845135,-1,-1,-1
790,591,1623341845135,-1,-1,-1
791,591,1623341847134,-1,-1,-1
792,695,1623341849160,-1,-1,-1
793,647,1623341850129,-1,-1,-1
794,735,1623341851139,-1,-1,-1
795,727,1623341851139,-1,-1,-1
796,663,1623341852132,-1,-1,-1
797,703,1623341853142,-1,-1,-1
798,711,1623341854136,-1,-1,-1
799,631,1623341854136,-1,-1,-1
800,623,1623341855126,-1,-1,-1
801,671,1623341855126,-1,-1,-1
802,647,1623341856137,-1,-1,-1
803,599,1623341857125,-1,-1,-1
804,607,1623341857125,-1,-1,-1
805,679,1623341858136,-1,-1,-1
806,583,1623341859128,-1,-1,-1
807,631,1623341859128,-1,-1,-1
808,639,1623341861130,-1,-1,-1
809,679,1623341862143,-1,-1,-1
810,623,1623341862143,-1,-1,-1
811,623,1623341863132,-1,-1,-1
812,639,1623341864124,-1,-1,-1
813,663,1623341864124,-1,-1,-1
814,623,1623341865143,-1,-1,-1
815,623,1623341866147,-1,-1,-1
816,663,1623341866147,-1,-1,-1
817,591,1623341869119,-1,-1,-1
818,663,1623341869119,-1,-1,-1
819,631,1623341870131,-1,-1,-1
820,599,1623341871121,-1,-1,-1
821,623,1623341871121,-1,-1,-1
822,663,1623341872133,-1,-1,-1
823,591,1623341873123,-1,-1,-1
824,575,1623341873123,-1,-1,-1
825,639,1623341874137,-1,-1,-1
826,663,1623341874137,-1,-1,-1
827,583,1623341875126,-1,-1,-1
828,623,1623341877126,-1,-1,-1
829,615,1623341878117,-1,-1,-1
830,655,1623341878117,-1,-1,-1
831,431,1623341879131,-1,-1,-1
832,639,1623341881134,-1,-1,-1
833,647,1623341881134,-1,-1,-1
834,615,1623341882123,-1,-1,-1
835,655,1623341883139,-1,-1,-1
836,599,1623341883139,-1,-1,-1
837,599,1623341884126,-1,-1,-1
838,591,1623341885136,-1,-1,-1
839,647,1623341885136,-1,-1,-1
840,583,1623341886127,-1,-1,-1
841,591,1623341886128,-1,-1,-1
842,655,1623341891124,-1,-1,-1
843,671,1623341892136,-1,-1,-1
844,703,1623341892136,-1,-1,-1
845,703,1623341893125,-1,-1,-1
846,607,1623341894137,-1,-1,-1
847,663,1623341894137,-1,-1,-1
848,639,1623341895128,-1,-1,-1
849,639,1623341896116,-1,-1,-1
850,551,1623341898124,-1,-1,-1
851,655,1623341902148,-1,-1,-1
852,591,1623341903138,-1,-1,-1
853,599,1623341904127,-1,-1,-1
854,607,1623341904127,-1,-1,-1
855,583,1623341905117,-1,-1,-1
856,575,1623341905117,-1,-1,-1
857,583,1623341906131,-1,-1,-1
858,583,1623341906131,-1,-1,-1
859,559,1623341907124,-1,-1,-1
860,479,1623341910137,-1,-1,-1
861,647,1623341911125,-1,-1,-1
862,791,1623341912139,-1,-1,-1
863,727,1623341918123,-1,-1,-1
864,727,1623341918123,-1,-1,-1
865,679,1623341919137,-1,-1,-1
866,655,1623341920125,-1,-1,-1
867,655,1623341920125,-1,-1,-1
868,671,1623341921138,-1,-1,-1
869,695,1623341922126,-1,-1,-1
870,639,1623341922126,-1,-1,-1
871,671,1623341923116,-1,-1,-1
872,663,1623341924131,-1,-1,-1
873,647,1623341924131,-1,-1,-1
874,655,1623341925120,-1,-1,-1
875,647,1623341926133,-1,-1,-1
876,647,1623341926134,-1,-1,-1
877,631,1623341927122,-1,-1,-1
878,623,1623341928136,-1,-1,-1
879,623,1623341928136,-1,-1,-1
880,655,1623341929125,-1,-1,-1
881,607,1623341930138,-1,-1,-1
882,599,1623341930138,-1,-1,-1
883,631,1623341931126,-1,-1,-1
884,687,1623341931126,-1,-1,-1
885,615,1623341932116,-1,-1,-1
886,575,1623341933130,-1,-1,-1
887,663,1623341933130,-1,-1,-1
888,655,1623341937135,-1,-1,-1
889,679,1623341937135,-1,-1,-1
890,631,1623341938126,-1,-1,-1
891,671,1623341939136,-1,-1,-1
892,607,1623341939136,-1,-1,-1
893,647,1623341940126,-1,-1,-1
894,687,1623341941116,-1,-1,-1
895,591,1623341941116,-1,-1,-1
896,591,1623341942131,-1,-1,-1
897,663,1623341942131,-1,-1,-1
898,623,1623341943124,-1,-1,-1
899,583,1623341944132,-1,-1,-1
900,655,1623341944132,-1,-1,-1
901,647,1623341945124,-1,-1,-1
902,615,1623341946112,-1,-1,-1
903,599,1623341946113,-1,-1,-1
904,607,1623341948116,-1,-1,-1
905,615,1623341949127,-1,-1,-1
906,655,1623341949127,-1,-1,-1
907,647,1623341950117,-1,-1,-1
908,599,1623341951131,-1,-1,-1
909,599,1623341951131,-1,-1,-1
910,679,1623341952120,-1,-1,-1
911,615,1623341953130,-1,-1,-1
912,551,1623341953130,-1,-1,-1
913,703,1623341954121,-1,-1,-1
914,623,1623341954121,-1,-1,-1
915,607,1623341955114,-1,-1,-1
916,647,1623341956126,-1,-1,-1
917,679,1623341956126,-1,-1,-1
918,591,1623341957118,-1,-1,-1
919,639,1623341958129,-1,-1,-1
920,663,1623341958129,-1,-1,-1
921,623,1623341959120,-1,-1,-1
922,615,1623341959120,-1,-1,-1
923,615,1623341960130,-1,-1,-1
924,671,1623341961122,-1,-1,-1
925,607,1623341961122,-1,-1,-1
926,591,1623341962132,-1,-1,-1
927,655,1623341963121,-1,-1,-1
928,639,1623341963121,-1,-1,-1
929,599,1623341964114,-1,-1,-1
930,639,1623341964114,-1,-1,-1
931,679,1623341965168,-1,-1,-1
932,623,1623341966117,-1,-1,-1
933,663,1623341966117,-1,-1,-1
934,647,1623341967129,-1,-1,-1
935,647,1623341968120,-1,-1,-1
936,623,1623341968120,-1,-1,-1
937,671,1623341969130,-1,-1,-1
938,647,1623341970122,-1,-1,-1
939,615,1623341970122,-1,-1,-1
940,639,1623341971132,-1,-1,-1
941,671,1623341972122,-1,-1,-1
942,615,1623341972122,-1,-1,-1
943,615,1623341974126,-1,-1,-1
944,599,1623341975116,-1,-1,-1
945,671,1623341975116,-1,-1,-1
946,663,1623341976132,-1,-1,-1
947,607,1623341977122,-1,-1,-1
948,639,1623341977122,-1,-1,-1
949,679,1623341978133,-1,-1,-1
950,631,1623341979122,-1,-1,-1
951,607,1623341979122,-1,-1,-1
952,703,1623341980134,-1,-1,-1
953,663,1623341981124,-1,-1,-1
954,623,1623341981124,-1,-1,-1
955,679,1623341982156,-1,-1,-1
956,679,1623341983124,-1,-1,-1
957,647,1623341983124,-1,-1,-1
958,647,1623341984116,-1,-1,-1
959,703,1623341985127,-1,-1,-1
960,631,1623341985127,-1,-1,-1
961,639,1623341986115,-1,-1,-1
962,687,1623341987129,-1,-1,-1
963,631,1623341987129,-1,-1,-1
964,623,1623341988120,-1,-1,-1
965,663,1623341988120,-1,-1,-1
966,631,1623341989132,-1,-1,-1
967,607,1623341990143,-1,-1,-1
968,679,1623341990144,-1,-1,-1
969,639,1623341991112,-1,-1,-1
970,599,1623341992124,-1,-1,-1
971,711,1623341992124,-1,-1,-1
972,591,1623341993116,-1,-1,-1
973,647,1623341994130,-1,-1,-1
974,631,1623341994130,-1,-1,-1
975,631,1623341995117,-1,-1,-1
976,687,1623341996130,-1,-1,-1
977,599,1623341996130,-1,-1,-1
978,623,1623341997118,-1,-1,-1
979,687,1623341997118,-1,-1,-1
980,639,1623341998136,-1,-1,-1
981,615,1623341999124,-1,-1,-1
982,687,1623341999124,-1,-1,-1
983,671,1623342000112,-1,-1,-1
984,615,1623342001126,-1,-1,-1
985,647,1623342001126,-1,-1,-1
986,647,1623342002136,-1,-1,-1
987,631,1623342003129,-1,-1,-1
988,631,1623342003129,-1,-1,-1
989,671,1623342004117,-1,-1,-1
990,583,1623342004117,-1,-1,-1
991,591,1623342005132,-1,-1,-1
992,663,1623342006124,-1,-1,-1
993,631,1623342006124,-1,-1,-1
994,575,1623342007132,-1,-1,-1
995,639,1623342008146,-1,-1,-1
996,671,1623342008146,-1,-1,-1
997,615,1623342009112,-1,-1,-1
998,599,1623342009112,-1,-1,-1
999,639,1623342010126,-1,-1,-1
1000,663,1623342011138,-1,-1,-1
1001,591,1623342011138,-1,-1,-1
1002,591,1623342012129,-1,-1,-1
1003,663,1623342013117,-1,-1,-1
1004,655,1623342013117,-1,-1,-1
1005,583,1623342014106,-1,-1,-1
1006,607,1623342016109,-1,-1,-1
1007,583,1623342016109,-1,-1,-1
1008,655,1623342017122,-1,-1,-1
1009,663,1623342018135,-1,-1,-1
1010,607,1623342018135,-1,-1,-1
1011,631,1623342019124,-1,-1,-1
1012,679,1623342020117,-1,-1,-1
1013,591,1623342020117,-1,-1,-1
1014,631,1623342021127,-1,-1,-1
1015,655,1623342021127,-1,-1,-1
1016,655,1623342022120,-1,-1,-1
1017,591,1623342023108,-1,-1,-1
1018,591,1623342023108,-1,-1,-1
1019,655,1623342024120,-1,-1,-1
1020,631,1623342025112,-1,-1,-1
1021,647,1623342026121,-1,-1,-1
1022,583,1623342027112,-1,-1,-1
1023,607,1623342028123,-1,-1,-1
1024,671,1623342028123,-1,-1,-1
1025,591,1623342029143,-1,-1,-1
1026,615,1623342030127,-1,-1,-1
1027,679,1623342030127,-1,-1,-1
1028,615,1623342031162,-1,-1,-1
1029,591,1623342031162,-1,-1,-1
1030,655,1623342032128,-1,-1,-1
1031,647,1623342033123,-1,-1,-1
1032,591,1623342033123,-1,-1,-1
1033,591,1623342034109,-1,-1,-1
1034,663,1623342035123,-1,-1,-1
1035,591,1623342035123,-1,-1,-1
1036,559,1623342036115,-1,-1,-1
1037,591,1623342038114,-1,-1,-1
1038,607,1623342038114,-1,-1,-1
1039,751,1623342039149,-1,-1,-1
1040,663,1623342040118,-1,-1,-1
1041,695,1623342040118,-1,-1,-1
1042,743,1623342041107,-1,-1,-1
1043,647,1623342042120,-1,-1,-1
1044,679,1623342042120,-1,-1,-1
1045,695,1623342043112,-1,-1,-1
1046,647,1623342044123,-1,-1,-1
1047,663,1623342044123,-1,-1,-1
1048,607,1623342045112,-1,-1,-1
1049,631,1623342046123,-1,-1,-1
1050,679,1623342046123,-1,-1,-1
1051,687,1623342047118,-1,-1,-1
1052,647,1623342048128,-1,-1,-1
1053,647,1623342048128,-1,-1,-1
1054,655,1623342049138,-1,-1,-1
1055,647,1623342050128,-1,-1,-1
1056,655,1623342050128,-1,-1,-1
1057,679,1623342051123,-1,-1,-1
1058,607,1623342052108,-1,-1,-1
1059,655,1623342052108,-1,-1,-1
1060,615,1623342053123,-1,-1,-1
1061,615,1623342053123,-1,-1,-1
1062,599,1623342054133,-1,-1,-1
1063,647,1623342055123,-1,-1,-1
1064,631,1623342058120,-1,-1,-1
1065,711,1623342058120,-1,-1,-1
1066,679,1623342059108,-1,-1,-1
1067,495,1623342060118,-1,-1,-1
1068,615,1623342063112,-1,-1,-1
1069,583,1623342064147,-1,-1,-1
1070,583,1623342064147,-1,-1,-1
1071,591,1623342065115,-1,-1,-1
1072,655,1623342067117,-1,-1,-1
1073,663,1623342068109,-1,-1,-1
1074,655,1623342068109,-1,-1,-1
1075,783,1623342069121,-1,-1,-1
1076,791,1623342070110,-1,-1,-1
1077,727,1623342071144,-1,-1,-1
1078,703,1623342071144,-1,-1,-1
1079,743,1623342072112,-1,-1,-1
1080,759,1623342073124,-1,-1,-1
1081,663,1623342073124,-1,-1,-1
1082,623,1623342074140,-1,-1,-1
1083,719,1623342075129,-1,-1,-1
1084,711,1623342076117,-1,-1,-1
1085,647,1623342076117,-1,-1,-1
1086,695,1623342077109,-1,-1,-1
1087,743,1623342078122,-1,-1,-1
1088,687,1623342078122,-1,-1,-1
1089,727,1623342079125,-1,-1,-1
1090,711,1623342080191,-1,-1,-1
1091,695,1623342080191,-1,-1,-1
1092,719,1623342081134,-1,-1,-1
1093,679,1623342082125,-1,-1,-1
1094,631,1623342082125,-1,-1,-1
1095,663,1623342083115,-1,-1,-1
1096,671,1623342084104,-1,-1,-1
1097,639,1623342084104,-1,-1,-1
1098,639,1623342085117,-1,-1,-1
1099,655,1623342086106,-1,-1,-1
1100,655,1623342086106,-1,-1,-1
1101,655,1623342087118,-1,-1,-1
1102,607,1623342088109,-1,-1,-1
1103,679,1623342088109,-1,-1,-1
1104,719,1623342089121,-1,-1,-1
1105,647,1623342090114,-1,-1,-1
1106,655,1623342090114,-1,-1,-1
1107,743,1623342091126,-1,-1,-1
1108,703,1623342092114,-1,-1,-1
1109,647,1623342092114,-1,-1,-1
1110,711,1623342093107,-1,-1,-1
1111,703,1623342094116,-1,-1,-1
1112,639,1623342095108,-1,-1,-1
1113,655,1623342095108,-1,-1,-1
1114,695,1623342096136,-1,-1,-1
1115,607,1623342096136,-1,-1,-1
1116,655,1623342097110,-1,-1,-1
1117,671,1623342098122,-1,-1,-1
1118,607,1623342098123,-1,-1,-1
1119,615,1623342099112,-1,-1,-1
1120,679,1623342100101,-1,-1,-1
1121,623,1623342100101,-1,-1,-1
1122,599,1623342101115,-1,-1,-1
1123,663,1623342102104,-1,-1,-1
1124,647,1623342105117,-1,-1,-1
1125,607,1623342105117,-1,-1,-1
1126,591,1623342106112,-1,-1,-1
1127,711,1623342107120,-1,-1,-1
1128,687,1623342107120,-1,-1,-1
1129,639,1623342108111,-1,-1,-1
1130,783,1623342109103,-1,-1,-1
1131,703,1623342110116,-1,-1,-1
1132,687,1623342110116,-1,-1,-1
1133,695,1623342111106,-1,-1,-1
1134,695,1623342112122,-1,-1,-1
1135,639,1623342112122,-1,-1,-1
1136,591,1623342115108,-1,-1,-1
1137,679,1623342115109,-1,-1,-1
1138,607,1623342116121,-1,-1,-1
1139,591,1623342117136,-1,-1,-1
1140,695,1623342117136,-1,-1,-1
1141,679,1623342118104,-1,-1,-1
1142,599,1623342119117,-1,-1,-1
1143,719,1623342119117,-1,-1,-1
1144,727,1623342120103,-1,-1,-1
1145,631,1623342121118,-1,-1,-1
1146,647,1623342121118,-1,-1,-1
1147,703,1623342122108,-1,-1,-1
1148,623,1623342123119,-1,-1,-1
1149,607,1623342123119,-1,-1,-1
1150,591,1623342125124,-1,-1,-1
1151,607,1623342126112,-1,-1,-1
1152,671,1623342126112,-1,-1,-1
1153,623,1623342127101,-1,-1,-1
1154,575,1623342128116,-1,-1,-1
1155,591,1623342130139,-1,-1,-1
1156,631,1623342132118,-1,-1,-1
1157,615,1623342132118,-1,-1,-1
1158,639,1623342133109,-1,-1,-1
1159,671,1623342134121,-1,-1,-1
1160,591,1623342134121,-1,-1,-1
1161,631,1623342135113,-1,-1,-1
1162,655,1623342135113,-1,-1,-1
1163,655,1623342136101,-1,-1,-1
1164,607,1623342137114,-1,-1,-1
1165,623,1623342137114,-1,-1,-1
1166,671,1623342138104,-1,-1,-1
1167,599,1623342139116,-1,-1,-1
1168,615,1623342139117,-1,-1,-1
1169,647,1623342140106,-1,-1,-1
1170,639,1623342140106,-1,-1,-1
1171,583,1623342141122,-1,-1,-1
1172,647,1623342142109,-1,-1,-1
1173,663,1623342142109,-1,-1,-1
1174,591,1623342143123,-1,-1,-1
1175,583,1623342144112,-1,-1,-1
1176,647,1623342144112,-1,-1,-1
1177,663,1623342145104,-1,-1,-1
1178,607,1623342145104,-1,-1,-1
1179,623,1623342147129,-1,-1,-1
1180,615,1623342148119,-1,-1,-1
1181,695,1623342149108,-1,-1,-1
1182,655,1623342149108,-1,-1,-1
1183,631,1623342150118,-1,-1,-1
1184,623,1623342151110,-1,-1,-1
1185,655,1623342151110,-1,-1,-1
1186,631,1623342152124,-1,-1,-1
1187,607,1623342153114,-1,-1,-1
1188,623,1623342153114,-1,-1,-1
1189,655,1623342154102,-1,-1,-1
1190,599,1623342154102,-1,-1,-1
1191,647,1623342156104,-1,-1,-1
1192,583,1623342157117,-1,-1,-1
1193,623,1623342158108,-1,-1,-1
1194,647,1623342158108,-1,-1,-1
1195,639,1623342159100,-1,-1,-1
1196,599,1623342159100,-1,-1,-1
1197,503,1623342160112,-1,-1,-1
1198,783,1623342161099,-1,-1,-1
1199,631,1623342161100,-1,-1,-1
1200,551,1623342162111,-1,-1,-1
1201,687,1623342163100,-1,-1,-1
1202,671,1623342163100,-1,-1,-1
1203,647,1623342164136,-1,-1,-1
1204,575,1623342164136,-1,-1,-1
1205,719,1623342165104,-1,-1,-1
1206,703,1623342166139,-1,-1,-1
1207,607,1623342166139,-1,-1,-1
1208,663,1623342167108,-1,-1,-1
1209,679,1623342168098,-1,-1,-1
1210,655,1623342168098,-1,-1,-1
1211,631,1623342169107,-1,-1,-1
1212,623,1623342170098,-1,-1,-1
1213,671,1623342170098,-1,-1,-1
1214,599,1623342171112,-1,-1,-1
1215,567,1623342172124,-1,-1,-1
1216,703,1623342172124,-1,-1,-1
1217,607,1623342173114,-1,-1,-1
1218,615,1623342174105,-1,-1,-1
1219,663,1623342174105,-1,-1,-1
1220,663,1623342175116,-1,-1,-1
1221,575,1623342175116,-1,-1,-1
1222,639,1623342176105,-1,-1,-1
1223,671,1623342177100,-1,-1,-1
1224,655,1623342177100,-1,-1,-1
1225,615,1623342178175,-1,-1,-1
1226,623,1623342179099,-1,-1,-1
1227,663,1623342179099,-1,-1,-1
1228,663,1623342180134,-1,-1,-1
1229,679,1623342182115,-1,-1,-1
1230,583,1623342182115,-1,-1,-1
1231,599,1623342184116,-1,-1,-1
1232,655,1623342185106,-1,-1,-1
1233,671,1623342186098,-1,-1,-1
1234,679,1623342186098,-1,-1,-1
1235,655,1623342187108,-1,-1,-1
1236,743,1623342188101,-1,-1,-1
1237,671,1623342188101,-1,-1,-1
1238,647,1623342189137,-1,-1,-1
1239,695,1623342190103,-1,-1,-1
1240,655,1623342190103,-1,-1,-1
1241,671,1623342192125,-1,-1,-1
1242,631,1623342193118,-1,-1,-1
1243,591,1623342194106,-1,-1,-1
1244,663,1623342194106,-1,-1,-1
1245,607,1623342195095,-1,-1,-1
1246,623,1623342196134,-1,-1,-1
1247,623,1623342196134,-1,-1,-1
1248,687,1623342197125,-1,-1,-1
1249,591,1623342197125,-1,-1,-1
1250,623,1623342198136,-1,-1,-1
1251,679,1623342199105,-1,-1,-1
1252,631,1623342199105,-1,-1,-1
1253,599,1623342200115,-1,-1,-1
1254,671,1623342201104,-1,-1,-1
1255,663,1623342201104,-1,-1,-1
1256,567,1623342202115,-1,-1,-1
1257,655,1623342203106,-1,-1,-1
1258,671,1623342203106,-1,-1,-1
1259,591,1623342204118,-1,-1,-1
1260,623,1623342204118,-1,-1,-1
1261,663,1623342205108,-1,-1,-1
1262,639,1623342206119,-1,-1,-1
1263,591,1623342206119,-1,-1,-1
1264,615,1623342207109,-1,-1,-1
1265,687,1623342208100,-1,-1,-1
1266,591,1623342208100,-1,-1,-1
1267,607,1623342209114,-1,-1,-1
1268,687,1623342210126,-1,-1,-1
1269,647,1623342210126,-1,-1,-1
1270,607,1623342211115,-1,-1,-1
1271,639,1623342211115,-1,-1,-1
1272,671,1623342212127,-1,-1,-1
1273,615,1623342213118,-1,-1,-1
1274,631,1623342213118,-1,-1,-1
1275,663,1623342214108,-1,-1,-1
1276,655,1623342215097,-1,-1,-1
1277,599,1623342215097,-1,-1,-1
1278,647,1623342217100,-1,-1,-1
1279,567,1623342218115,-1,-1,-1
1280,631,1623342218115,-1,-1,-1
1281,727,1623342219106,-1,-1,-1
1282,583,1623342220117,-1,-1,-1
1283,655,1623342220117,-1,-1,-1
1284,687,1623342221105,-1,-1,-1
1285,607,1623342222098,-1,-1,-1
1286,631,1623342222098,-1,-1,-1
1287,711,1623342223109,-1,-1,-1
1288,623,1623342224099,-1,-1,-1
1289,631,1623342224099,-1,-1,-1
1290,703,1623342225110,-1,-1,-1
1291,631,1623342226103,-1,-1,-1
1292,607,1623342226103,-1,-1,-1
1293,679,1623342227091,-1,-1,-1
1294,655,1623342228108,-1,-1,-1
1295,591,1623342228108,-1,-1,-1
1296,655,1623342229095,-1,-1,-1
1297,599,1623342229095,-1,-1,-1
1298,639,1623342233098,-1,-1,-1
1299,615,1623342234114,-1,-1,-1
1300,583,1623342234114,-1,-1,-1
1301,591,1623342235103,-1,-1,-1
1302,631,1623342236095,-1,-1,-1
1303,631,1623342236095,-1,-1,-1
1304,647,1623342238115,-1,-1,-1
1305,599,1623342239105,-1,-1,-1
1306,615,1623342239105,-1,-1,-1
1307,615,1623342241113,-1,-1,-1
1308,599,1623342242124,-1,-1,-1
1309,639,1623342242124,-1,-1,-1
1310,687,1623342243113,-1,-1,-1
1311,599,1623342244104,-1,-1,-1
1312,591,1623342244104,-1,-1,-1
1313,719,1623342245090,-1,-1,-1
1314,623,1623342246126,-1,-1,-1
1315,615,1623342246126,-1,-1,-1
1316,655,1623342247137,-1,-1,-1
1317,671,1623342248107,-1,-1,-1
1318,599,1623342248107,-1,-1,-1
1319,599,1623342249095,-1,-1,-1
1320,671,1623342250109,-1,-1,-1
1321,631,1623342250109,-1,-1,-1
1322,567,1623342251099,-1,-1,-1
1323,607,1623342251099,-1,-1,-1
1324,647,1623342252115,-1,-1,-1
1325,575,1623342253104,-1,-1,-1
1326,615,1623342253104,-1,-1,-1
1327,687,1623342254094,-1,-1,-1
1328,607,1623342254094,-1,-1,-1
1329,615,1623342255106,-1,-1,-1
1330,623,1623342256099,-1,-1,-1
1331,591,1623342258095,-1,-1,-1
1332,687,1623342258095,-1,-1,-1
1333,631,1623342259109,-1,-1,-1
1334,591,1623342259109,-1,-1,-1
1335,631,1623342260099,-1,-1,-1
1336,703,1623342261157,-1,-1,-1
1337,647,1623342261157,-1,-1,-1
1338,719,1623342264109,-1,-1,-1
1339,687,1623342264109,-1,-1,-1
1340,735,1623342265099,-1,-1,-1
1341,743,1623342266107,-1,-1,-1
1342,679,1623342266107,-1,-1,-1
1343,679,1623342267116,-1,-1,-1
1344,703,1623342268108,-1,-1,-1
1345,639,1623342269101,-1,-1,-1
1346,639,1623342269101,-1,-1,-1
1347,647,1623342270114,-1,-1,-1
1348,663,1623342270114,-1,-1,-1
1349,591,1623342271105,-1,-1,-1
1350,599,1623342272090,-1,-1,-1
1351,647,1623342272090,-1,-1,-1
1352,639,1623342273104,-1,-1,-1
1353,575,1623342274118,-1,-1,-1
1354,615,1623342274118,-1,-1,-1
1355,671,1623342275109,-1,-1,-1
1356,607,1623342275109,-1,-1,-1
1357,623,1623342276097,-1,-1,-1
1358,639,1623342277109,-1,-1,-1
1359,695,1623342277109,-1,-1,-1
1360,607,1623342278104,-1,-1,-1
1361,647,1623342279155,-1,-1,-1
1362,647,1623342279155,-1,-1,-1
1363,735,1623342280100,-1,-1,-1
1364,639,1623342281090,-1,-1,-1
1365,671,1623342283094,-1,-1,-1
1366,639,1623342283094,-1,-1,-1
1367,623,1623342284106,-1,-1,-1
1368,583,1623342284106,-1,-1,-1
1369,631,1623342285098,-1,-1,-1
1370,543,1623342287099,-1,-1,-1
1371,591,1623342287099,-1,-1,-1
1372,599,1623342288113,-1,-1,-1
1373,559,1623342289102,-1,-1,-1
1374,607,1623342289102,-1,-1,-1
1375,575,1623342290094,-1,-1,-1
1376,615,1623342290094,-1,-1,-1
1377,551,1623342291106,-1,-1,-1
1378,551,1623342292097,-1,-1,-1
1379,607,1623342292097,-1,-1,-1
1380,591,1623342293107,-1,-1,-1
1381,623,1623342293107,-1,-1,-1
1382,583,1623342295135,-1,-1,-1
1383,815,1623342297091,-1,-1,-1
1384,807,1623342298104,-1,-1,-1
1385,623,1623342300104,-1,-1,-1
1386,615,1623342301094,-1,-1,-1
1387,647,1623342301094,-1,-1,-1
1388,607,1623342303096,-1,-1,-1
1389,631,1623342304109,-1,-1,-1
1390,599,1623342304109,-1,-1,-1
1391,615,1623342305098,-1,-1,-1
1392,639,1623342306088,-1,-1,-1
1393,671,1623342306088,-1,-1,-1
1394,615,1623342307104,-1,-1,-1
1395,639,1623342308091,-1,-1,-1
1396,663,1623342308091,-1,-1,-1
1397,671,1623342309102,-1,-1,-1
1398,791,1623342310094,-1,-1,-1
1399,799,1623342311105,-1,-1,-1
1400,671,1623342311105,-1,-1,-1
1401,679,1623342312097,-1,-1,-1
1402,719,1623342313113,-1,-1,-1
1403,671,1623342313113,-1,-1,-1
1404,639,1623342314098,-1,-1,-1
1405,687,1623342315089,-1,-1,-1
1406,639,1623342315089,-1,-1,-1
1407,639,1623342316104,-1,-1,-1
1408,655,1623342317092,-1,-1,-1
1409,623,1623342317092,-1,-1,-1
1410,631,1623342318105,-1,-1,-1
1411,639,1623342318105,-1,-1,-1
1412,623,1623342319093,-1,-1,-1
1413,599,1623342320105,-1,-1,-1
1414,615,1623342320105,-1,-1,-1
1415,647,1623342321117,-1,-1,-1
1416,647,1623342322087,-1,-1,-1
1417,639,1623342322087,-1,-1,-1
1418,655,1623342323097,-1,-1,-1
1419,647,1623342324093,-1,-1,-1
1420,695,1623342324093,-1,-1,-1
1421,815,1623342325103,-1,-1,-1
1422,703,1623342326095,-1,-1,-1
1423,687,1623342326095,-1,-1,-1
1424,743,1623342327151,-1,-1,-1
1425,679,1623342328096,-1,-1,-1
1426,663,1623342329105,-1,-1,-1
1427,711,1623342329105,-1,-1,-1
1428,615,1623342330097,-1,-1,-1
1429,663,1623342331086,-1,-1,-1
1430,639,1623342331086,-1,-1,-1
1431,663,1623342332101,-1,-1,-1
1432,607,1623342332102,-1,-1,-1
1433,639,1623342334108,-1,-1,-1
1434,607,1623342337096,-1,-1,-1
1435,695,1623342338129,-1,-1,-1
1436,655,1623342339099,-1,-1,-1
1437,639,1623342339099,-1,-1,-1
1438,663,1623342340086,-1,-1,-1
1439,671,1623342341097,-1,-1,-1
1440,703,1623342341097,-1,-1,-1
1441,631,1623342342089,-1,-1,-1
1442,719,1623342343102,-1,-1,-1
1443,631,1623342343102,-1,-1,-1
1444,639,1623342344140,-1,-1,-1
1445,663,1623342345126,-1,-1,-1
1446,639,1623342345126,-1,-1,-1
1447,631,1623342346118,-1,-1,-1
1448,679,1623342347106,-1,-1,-1
1449,623,1623342347107,-1,-1,-1
1450,583,1623342348095,-1,-1,-1
1451,655,1623342349087,-1,-1,-1
1452,639,1623342349087,-1,-1,-1
1453,615,1623342350096,-1,-1,-1
1454,599,1623342350096,-1,-1,-1
1455,679,1623342351086,-1,-1,-1
1456,655,1623342352105,-1,-1,-1
1457,607,1623342352105,-1,-1,-1
1458,623,1623342353091,-1,-1,-1
1459,719,1623342354103,-1,-1,-1
1460,615,1623342354103,-1,-1,-1
1461,639,1623342355094,-1,-1,-1
1462,679,1623342356106,-1,-1,-1
1463,647,1623342356106,-1,-1,-1
1464,639,1623342357097,-1,-1,-1
1465,655,1623342358086,-1,-1,-1
1466,591,1623342358086,-1,-1,-1
1467,687,1623342359123,-1,-1,-1
1468,623,1623342359123,-1,-1,-1
1469,679,1623342360086,-1,-1,-1
1470,623,1623342361101,-1,-1,-1
1471,607,1623342361101,-1,-1,-1
1472,647,1623342362116,-1,-1,-1
1473,647,1623342363107,-1,-1,-1
1474,599,1623342366096,-1,-1,-1
1475,623,1623342366096,-1,-1,-1
1476,527,1623342368096,-1,-1,-1
1477,663,1623342369089,-1,-1,-1
1478,647,1623342369089,-1,-1,-1
1479,607,1623342370126,-1,-1,-1
1480,639,1623342371094,-1,-1,-1
1481,655,1623342371094,-1,-1,-1
1482,719,1623342372084,-1,-1,-1
1483,663,1623342373095,-1,-1,-1
1484,679,1623342373096,-1,-1,-1
1485,687,1623342374082,-1,-1,-1
1486,687,1623342375097,-1,-1,-1
1487,655,1623342375097,-1,-1,-1
1488,663,1623342376087,-1,-1,-1
1489,655,1623342377096,-1,-1,-1
1490,679,1623342377096,-1,-1,-1
1491,583,1623342379103,-1,-1,-1
1492,607,1623342380091,-1,-1,-1
1493,639,1623342381082,-1,-1,-1
1494,647,1623342381082,-1,-1,-1
1495,591,1623342382093,-1,-1,-1
1496,655,1623342384163,-1,-1,-1
1497,639,1623342384163,-1,-1,-1
1498,703,1623342385132,-1,-1,-1
1499,711,1623342386098,-1,-1,-1
1500,615,1623342386098,-1,-1,-1
1501,727,1623342387114,-1,-1,-1
1502,695,1623342388102,-1,-1,-1
1503,639,1623342389090,-1,-1,-1
1504,647,1623342389090,-1,-1,-1
1505,695,1623342390081,-1,-1,-1
1506,655,1623342391096,-1,-1,-1
1507,639,1623342391096,-1,-1,-1
1508,647,1623342392082,-1,-1,-1
1509,695,1623342392082,-1,-1,-1
1510,463,1623342393095,-1,-1,-1
1511,815,1623342394087,-1,-1,-1
1512,679,1623342394087,-1,-1,-1
1513,639,1623342396086,-1,-1,-1
1514,703,1623342397106,-1,-1,-1
1515,655,1623342398094,-1,-1,-1
1516,511,1623342398094,-1,-1,-1
1517,767,1623342399081,-1,-1,-1
1518,695,1623342400096,-1,-1,-1
1519,607,1623342400096,-1,-1,-1
1520,631,1623342401086,-1,-1,-1
1521,703,1623342402117,-1,-1,-1
1522,623,1623342402117,-1,-1,-1
1523,647,1623342403085,-1,-1,-1
1524,671,1623342404101,-1,-1,-1
1525,695,1623342404101,-1,-1,-1
1526,631,1623342405087,-1,-1,-1
1527,663,1623342406099,-1,-1,-1
1528,695,1623342406099,-1,-1,-1
1529,655,1623342407116,-1,-1,-1
1530,599,1623342408082,-1,-1,-1
1531,695,1623342408082,-1,-1,-1
1532,671,1623342409095,-1,-1,-1
1533,607,1623342410108,-1,-1,-1
1534,623,1623342410108,-1,-1,-1
1535,703,1623342411119,-1,-1,-1
1536,607,1623342412109,-1,-1,-1
1537,639,1623342412109,-1,-1,-1
1538,623,1623342413097,-1,-1,-1
1539,703,1623342413097,-1,-1,-1
1540,623,1623342414091,-1,-1,-1
1541,631,1623342415102,-1,-1,-1
1542,695,1623342415102,-1,-1,-1
1543,703,1623342416093,-1,-1,-1
1544,591,1623342419085,-1,-1,-1
1545,623,1623342419085,-1,-1,-1
1546,663,1623342420096,-1,-1,-1
1547,655,1623342421086,-1,-1,-1
1548,607,1623342422097,-1,-1,-1
1549,671,1623342423087,-1,-1,-1
1550,655,1623342424100,-1,-1,-1
1551,623,1623342424100,-1,-1,-1
1552,623,1623342425089,-1,-1,-1
1553,695,1623342426080,-1,-1,-1
1554,639,1623342426080,-1,-1,-1
1555,647,1623342427094,-1,-1,-1
1556,727,1623342428085,-1,-1,-1
1557,679,1623342428085,-1,-1,-1
1558,655,1623342429095,-1,-1,-1
1559,687,1623342430085,-1,-1,-1
1560,663,1623342430085,-1,-1,-1
1561,671,1623342431097,-1,-1,-1
1562,647,1623342433101,-1,-1,-1
1563,599,1623342434091,-1,-1,-1
1564,631,1623342434091,-1,-1,-1
1565,655,1623342435081,-1,-1,-1
1566,663,1623342436096,-1,-1,-1
1567,655,1623342436096,-1,-1,-1
1568,703,1623342437083,-1,-1,-1
1569,639,1623342438097,-1,-1,-1
1570,615,1623342438097,-1,-1,-1
1571,703,1623342439084,-1,-1,-1
1572,655,1623342441087,-1,-1,-1
1573,671,1623342442079,-1,-1,-1
1574,591,1623342442079,-1,-1,-1
1575,599,1623342443094,-1,-1,-1
1576,687,1623342443094,-1,-1,-1
1577,679,1623342444082,-1,-1,-1
1578,639,1623342445093,-1,-1,-1
1579,687,1623342445093,-1,-1,-1
1580,775,1623342446082,-1,-1,-1
1581,695,1623342447096,-1,-1,-1
1582,719,1623342448088,-1,-1,-1
1583,783,1623342448088,-1,-1,-1
1584,703,1623342449099,-1,-1,-1
1585,711,1623342450088,-1,-1,-1
1586,703,1623342451102,-1,-1,-1
1587,647,1623342451102,-1,-1,-1
1588,663,1623342452091,-1,-1,-1
1589,663,1623342452091,-1,-1,-1
1590,599,1623342453084,-1,-1,-1
1591,631,1623342454093,-1,-1,-1
1592,615,1623342456118,-1,-1,-1
1593,567,1623342456118,-1,-1,-1
1594,743,1623342457084,-1,-1,-1
1595,703,1623342459087,-1,-1,-1
1596,663,1623342462082,-1,-1,-1
1597,623,1623342463094,-1,-1,-1
1598,671,1623342464082,-1,-1,-1
1599,583,1623342466086,-1,-1,-1
1600,615,1623342466086,-1,-1,-1
1601,623,1623342467098,-1,-1,-1
1602,639,1623342467099,-1,-1,-1
1603,647,1623342468098,-1,-1,-1
1604,623,1623342469078,-1,-1,-1
1605,631,1623342469078,-1,-1,-1
1606,663,1623342470089,-1,-1,-1
1607,615,1623342471080,-1,-1,-1
1608,623,1623342471080,-1,-1,-1
1609,639,1623342472093,-1,-1,-1
1610,647,1623342473085,-1,-1,-1
1611,607,1623342473085,-1,-1,-1
1612,615,1623342474095,-1,-1,-1
1613,687,1623342474096,-1,-1,-1
1614,743,1623342475084,-1,-1,-1
1615,703,1623342476103,-1,-1,-1
1616,663,1623342477087,-1,-1,-1
1617,743,1623342477087,-1,-1,-1
1618,751,1623342478125,-1,-1,-1
1619,711,1623342479091,-1,-1,-1
1620,703,1623342480080,-1,-1,-1
1621,743,1623342480080,-1,-1,-1
1622,663,1623342481092,-1,-1,-1
1623,679,1623342482084,-1,-1,-1
1624,647,1623342482084,-1,-1,-1
1625,647,1623342485122,-1,-1,-1
1626,591,1623342485122,-1,-1,-1
1627,671,1623342486089,-1,-1,-1
1628,663,1623342487080,-1,-1,-1
1629,591,1623342487080,-1,-1,-1
1630,647,1623342488089,-1,-1,-1
1631,663,1623342489083,-1,-1,-1
1632,671,1623342489083,-1,-1,-1
1633,599,1623342490093,-1,-1,-1
1634,623,1623342491087,-1,-1,-1
1635,679,1623342491088,-1,-1,-1
1636,655,1623342492098,-1,-1,-1
1637,615,1623342493087,-1,-1,-1
1638,663,1623342493087,-1,-1,-1
1639,647,1623342494098,-1,-1,-1
1640,687,1623342495087,-1,-1,-1
1641,639,1623342496081,-1,-1,-1
1642,615,1623342497089,-1,-1,-1
1643,687,1623342498081,-1,-1,-1
1644,695,1623342498081,-1,-1,-1
1645,631,1623342499096,-1,-1,-1
1646,607,1623342500082,-1,-1,-1
1647,671,1623342500082,-1,-1,-1
1648,639,1623342501095,-1,-1,-1
1649,623,1623342502086,-1,-1,-1
1650,631,1623342502086,-1,-1,-1
1651,671,1623342503077,-1,-1,-1
1652,639,1623342504088,-1,-1,-1
1653,607,1623342504088,-1,-1,-1
1654,687,1623342505099,-1,-1,-1
1655,695,1623342507081,-1,-1,-1
1656,655,1623342508094,-1,-1,-1
1657,647,1623342509084,-1,-1,-1
1658,655,1623342509084,-1,-1,-1
1659,663,1623342510079,-1,-1,-1
1660,631,1623342511109,-1,-1,-1
1661,615,1623342511109,-1,-1,-1
1662,703,1623342512076,-1,-1,-1
1663,615,1623342513089,-1,-1,-1
1664,615,1623342513089,-1,-1,-1
1665,671,1623342514078,-1,-1,-1
1666,615,1623342515089,-1,-1,-1
1667,655,1623342515089,-1,-1,-1
1668,671,1623342516079,-1,-1,-1
1669,575,1623342516079,-1,-1,-1
1670,679,1623342519075,-1,-1,-1
1671,599,1623342519075,-1,-1,-1
1672,639,1623342520093,-1,-1,-1
1673,679,1623342520093,-1,-1,-1
1674,663,1623342522089,-1,-1,-1
1675,663,1623342523078,-1,-1,-1
1676,591,1623342524089,-1,-1,-1
1677,639,1623342524089,-1,-1,-1
1678,695,1623342525079,-1,-1,-1
1679,623,1623342526094,-1,-1,-1
1680,639,1623342526094,-1,-1,-1
1681,671,1623342527108,-1,-1,-1
1682,671,1623342528097,-1,-1,-1
1683,615,1623342528097,-1,-1,-1
1684,615,1623342530076,-1,-1,-1
1685,607,1623342531088,-1,-1,-1
1686,663,1623342531088,-1,-1,-1
1687,647,1623342532078,-1,-1,-1
1688,615,1623342533088,-1,-1,-1
1689,591,1623342533088,-1,-1,-1
1690,655,1623342534079,-1,-1,-1
1691,655,1623342535092,-1,-1,-1
1692,599,1623342535092,-1,-1,-1
1693,663,1623342536085,-1,-1,-1
1694,695,1623342536085,-1,-1,-1
1695,639,1623342537074,-1,-1,-1
1696,663,1623342538086,-1,-1,-1
1697,703,1623342538086,-1,-1,-1
1698,623,1623342539078,-1,-1,-1
1699,663,1623342540088,-1,-1,-1
1700,687,1623342540088,-1,-1,-1
1701,599,1623342541079,-1,-1,-1
1702,623,1623342544093,-1,-1,-1
1703,519,1623342544093,-1,-1,-1
1704,791,1623342545081,-1,-1,-1
1705,647,1623342546072,-1,-1,-1
1706,591,1623342546072,-1,-1,-1
1707,671,1623342547088,-1,-1,-1
1708,647,1623342552078,-1,-1,-1
1709,623,1623342553093,-1,-1,-1
1710,671,1623342553094,-1,-1,-1
1711,631,1623342554081,-1,-1,-1
1712,599,1623342555073,-1,-1,-1
1713,647,1623342555073,-1,-1,-1
1714,687,1623342556084,-1,-1,-1
1715,599,1623342557077,-1,-1,-1
1716,639,1623342557077,-1,-1,-1
1717,671,1623342558088,-1,-1,-1
1718,679,1623342559078,-1,-1,-1
1719,615,1623342559078,-1,-1,-1
1720,607,1623342560114,-1,-1,-1
1721,663,1623342560114,-1,-1,-1
1722,671,1623342561078,-1,-1,-1
1723,615,1623342562116,-1,-1,-1
1724,615,1623342562116,-1,-1,-1
1725,647,1623342568077,-1,-1,-1
1726,623,1623342569091,-1,-1,-1
1727,615,1623342569091,-1,-1,-1
1728,647,1623342570079,-1,-1,-1
1729,639,1623342571094,-1,-1,-1
1730,631,1623342571094,-1,-1,-1
1731,583,1623342572081,-1,-1,-1
1732,591,1623342572081,-1,-1,-1
1733,599,1623342573072,-1,-1,-1
1734,623,1623342574087,-1,-1,-1
1735,535,1623342574087,-1,-1,-1
1736,639,1623342575079,-1,-1,-1
1737,631,1623342575079,-1,-1,-1
1738,663,1623342576115,-1,-1,-1
1739,631,1623342577103,-1,-1,-1
1740,687,1623342577103,-1,-1,-1
1741,791,1623342578096,-1,-1,-1
1742,759,1623342579081,-1,-1,-1
1743,695,1623342580097,-1,-1,-1
1744,719,1623342580097,-1,-1,-1
1745,743,1623342581110,-1,-1,-1
1746,663,1623342582098,-1,-1,-1
1747,663,1623342583087,-1,-1,-1
1748,695,1623342583088,-1,-1,-1
1749,647,1623342584078,-1,-1,-1
1750,639,1623342585089,-1,-1,-1
1751,687,1623342585089,-1,-1,-1
1752,615,1623342586083,-1,-1,-1
1753,615,1623342586083,-1,-1,-1
1754,623,1623342587071,-1,-1,-1
1755,695,1623342588104,-1,-1,-1
1756,591,1623342588104,-1,-1,-1
1757,615,1623342589071,-1,-1,-1
1758,663,1623342590085,-1,-1,-1
1759,655,1623342590085,-1,-1,-1
1760,615,1623342591074,-1,-1,-1
1761,639,1623342592090,-1,-1,-1
1762,655,1623342592090,-1,-1,-1
1763,695,1623342593077,-1,-1,-1
1764,655,1623342594088,-1,-1,-1
1765,623,1623342594088,-1,-1,-1
1766,695,1623342595079,-1,-1,-1
1767,671,1623342596072,-1,-1,-1
1768,695,1623342596072,-1,-1,-1
1769,583,1623342597082,-1,-1,-1
1770,671,1623342597082,-1,-1,-1
1771,695,1623342598072,-1,-1,-1
1772,599,1623342599084,-1,-1,-1
1773,623,1623342599084,-1,-1,-1
1774,631,1623342601088,-1,-1,-1
1775,679,1623342602077,-1,-1,-1
1776,623,1623342603091,-1,-1,-1
1777,615,1623342603091,-1,-1,-1
1778,647,1623342604081,-1,-1,-1
1779,687,1623342605073,-1,-1,-1
1780,615,1623342605073,-1,-1,-1
1781,615,1623342606083,-1,-1,-1
1782,663,1623342607070,-1,-1,-1
1783,679,1623342607070,-1,-1,-1
1784,615,1623342608083,-1,-1,-1
1785,663,1623342608083,-1,-1,-1
1786,679,1623342609074,-1,-1,-1
1787,751,1623342611077,-1,-1,-1
1788,695,1623342612089,-1,-1,-1
1789,639,1623342612089,-1,-1,-1
1790,631,1623342613080,-1,-1,-1
1791,623,1623342615082,-1,-1,-1
1792,607,1623342617112,-1,-1,-1
1793,655,1623342618075,-1,-1,-1
1794,679,1623342618076,-1,-1,-1
1795,639,1623342619087,-1,-1,-1
1796,599,1623342620077,-1,-1,-1
1797,647,1623342620077,-1,-1,-1
1798,711,1623342621088,-1,-1,-1
1799,623,1623342622081,-1,-1,-1
1800,607,1623342622082,-1,-1,-1
1801,703,1623342623091,-1,-1,-1
1802,671,1623342624082,-1,-1,-1
1803,623,1623342624082,-1,-1,-1
1804,647,1623342625075,-1,-1,-1
1805,639,1623342628087,-1,-1,-1
1806,679,1623342629078,-1,-1,-1
1807,695,1623342630089,-1,-1,-1
1808,679,1623342630089,-1,-1,-1
1809,631,1623342631079,-1,-1,-1
1810,663,1623342632069,-1,-1,-1
1811,719,1623342632069,-1,-1,-1
1812,695,1623342635090,-1,-1,-1
1813,583,1623342635091,-1,-1,-1
1814,607,1623342642080,-1,-1,-1
1815,631,1623342643071,-1,-1,-1
1816,655,1623342646086,-1,-1,-1
1817,575,1623342648088,-1,-1,-1
1818,655,1623342649079,-1,-1,-1
1819,695,1623342649079,-1,-1,-1
1820,799,1623342650067,-1,-1,-1
1821,671,1623342653084,-1,-1,-1
1822,647,1623342654077,-1,-1,-1
1823,663,1623342654077,-1,-1,-1
1824,543,1623342655066,-1,-1,-1
1825,687,1623342656077,-1,-1,-1
1826,631,1623342656077,-1,-1,-1
1827,639,1623342657086,-1,-1,-1
1828,639,1623342658081,-1,-1,-1
1829,647,1623342658081,-1,-1,-1
1830,607,1623342660083,-1,-1,-1
1831,695,1623342661072,-1,-1,-1
1832,639,1623342662108,-1,-1,-1
1833,655,1623342662108,-1,-1,-1
1834,607,1623342663073,-1,-1,-1
1835,671,1623342664064,-1,-1,-1
1836,695,1623342664064,-1,-1,-1
1837,647,1623342665079,-1,-1,-1
1838,591,1623342665079,-1,-1,-1
1839,695,1623342666067,-1,-1,-1
1840,639,1623342670071,-1,-1,-1
1841,607,1623342671084,-1,-1,-1
1842,663,1623342671084,-1,-1,-1
1843,695,1623342672075,-1,-1,-1
1844,623,1623342673064,-1,-1,-1
1845,663,1623342673064,-1,-1,-1
1846,703,1623342674077,-1,-1,-1
1847,655,1623342675065,-1,-1,-1
1848,615,1623342675065,-1,-1,-1
1849,735,1623342676100,-1,-1,-1
1850,647,1623342677069,-1,-1,-1
1851,655,1623342677069,-1,-1,-1
1852,639,1623342678080,-1,-1,-1
1853,631,1623342679070,-1,-1,-1
1854,703,1623342679070,-1,-1,-1
1855,639,1623342680085,-1,-1,-1
1856,607,1623342681075,-1,-1,-1
1857,639,1623342681075,-1,-1,-1
1858,687,1623342682065,-1,-1,-1
1859,751,1623342683079,-1,-1,-1
1860,631,1623342683079,-1,-1,-1
1861,751,1623342684071,-1,-1,-1
1862,711,1623342685080,-1,-1,-1
1863,727,1623342685081,-1,-1,-1
1864,647,1623342686089,-1,-1,-1
1865,695,1623342687080,-1,-1,-1
1866,687,1623342687080,-1,-1,-1
1867,639,1623342688070,-1,-1,-1
1868,655,1623342689085,-1,-1,-1
1869,663,1623342689085,-1,-1,-1
1870,639,1623342690077,-1,-1,-1
1871,647,1623342691066,-1,-1,-1
1872,671,1623342691066,-1,-1,-1
1873,647,1623342692077,-1,-1,-1
1874,607,1623342693091,-1,-1,-1
1875,631,1623342693091,-1,-1,-1
1876,679,1623342694079,-1,-1,-1
1877,695,1623342695068,-1,-1,-1
1878,655,1623342695068,-1,-1,-1
1879,687,1623342696105,-1,-1,-1
1880,759,1623342697072,-1,-1,-1
1881,719,1623342697072,-1,-1,-1
1882,695,1623342698085,-1,-1,-1
1883,735,1623342699097,-1,-1,-1
1884,751,1623342700065,-1,-1,-1
1885,687,1623342700065,-1,-1,-1
1886,679,1623342701076,-1,-1,-1
1887,695,1623342702068,-1,-1,-1
1888,687,1623342702068,-1,-1,-1
1889,639,1623342703077,-1,-1,-1
1890,663,1623342704089,-1,-1,-1
1891,663,1623342704089,-1,-1,-1
1892,623,1623342705081,-1,-1,-1
1893,631,1623342706071,-1,-1,-1
1894,663,1623342706071,-1,-1,-1
1895,647,1623342707084,-1,-1,-1
1896,607,1623342708118,-1,-1,-1
1897,655,1623342708118,-1,-1,-1
1898,647,1623342710077,-1,-1,-1
1899,623,1623342711067,-1,-1,-1
1900,615,1623342713068,-1,-1,-1
1901,687,1623342713068,-1,-1,-1
1902,703,1623342714081,-1,-1,-1
1903,687,1623342715094,-1,-1,-1
1904,655,1623342716086,-1,-1,-1
1905,663,1623342716086,-1,-1,-1
1906,703,1623342717074,-1,-1,-1
1907,655,1623342718066,-1,-1,-1
1908,615,1623342718066,-1,-1,-1
1909,679,1623342719077,-1,-1,-1
1910,615,1623342721078,-1,-1,-1
1911,663,1623342721078,-1,-1,-1
1912,703,1623342722068,-1,-1,-1
1913,655,1623342723083,-1,-1,-1
1914,639,1623342723083,-1,-1,-1
1915,671,1623342724074,-1,-1,-1
1916,679,1623342725107,-1,-1,-1
1917,495,1623342725107,-1,-1,-1
1918,743,1623342726096,-1,-1,-1
1919,711,1623342727063,-1,-1,-1
1920,647,1623342727063,-1,-1,-1
1921,615,1623342728078,-1,-1,-1
1922,679,1623342730100,-1,-1,-1
1923,607,1623342731091,-1,-1,-1
1924,703,1623342731091,-1,-1,-1
1925,719,1623342732102,-1,-1,-1
1926,615,1623342733069,-1,-1,-1
1927,671,1623342733069,-1,-1,-1
1928,695,1623342734060,-1,-1,-1
1929,631,1623342735142,-1,-1,-1
1930,631,1623342735142,-1,-1,-1
1931,623,1623342736064,-1,-1,-1
1932,599,1623342738068,-1,-1,-1
1933,703,1623342739078,-1,-1,-1
1934,639,1623342739078,-1,-1,-1
1935,591,1623342740068,-1,-1,-1
1936,639,1623342740068,-1,-1,-1
1937,679,1623342741085,-1,-1,-1
1938,647,1623342742091,-1,-1,-1
1939,607,1623342742091,-1,-1,-1
1940,655,1623342743084,-1,-1,-1
1941,615,1623342745064,-1,-1,-1
1942,703,1623342746077,-1,-1,-1
1943,615,1623342746077,-1,-1,-1
1944,639,1623342747066,-1,-1,-1
1945,679,1623342748079,-1,-1,-1
1946,655,1623342748079,-1,-1,-1
1947,639,1623342749068,-1,-1,-1
1948,687,1623342750082,-1,-1,-1
1949,655,1623342750082,-1,-1,-1
1950,671,1623342751070,-1,-1,-1
1951,639,1623342752064,-1,-1,-1
1952,687,1623342752064,-1,-1,-1
1953,655,1623342753075,-1,-1,-1
1954,615,1623342754065,-1,-1,-1
1955,647,1623342754065,-1,-1,-1
1956,679,1623342755123,-1,-1,-1
1957,599,1623342755123,-1,-1,-1
1958,607,1623342758069,-1,-1,-1
1959,639,1623342759058,-1,-1,-1
1960,655,1623342759058,-1,-1,-1
1961,679,1623342760069,-1,-1,-1
1962,647,1623342761062,-1,-1,-1
1963,655,1623342761062,-1,-1,-1
1964,711,1623342762073,-1,-1,-1
1965,655,1623342763085,-1,-1,-1
1966,631,1623342763085,-1,-1,-1
1967,687,1623342764075,-1,-1,-1
1968,663,1623342765065,-1,-1,-1
1969,671,1623342769068,-1,-1,-1
1970,695,1623342769068,-1,-1,-1
1971,687,1623342770062,-1,-1,-1
1972,679,1623342771072,-1,-1,-1
1973,679,1623342771072,-1,-1,-1
1974,671,1623342772078,-1,-1,-1
1975,647,1623342773077,-1,-1,-1
1976,639,1623342773077,-1,-1,-1
1977,687,1623342777057,-1,-1,-1
1978,639,1623342779063,-1,-1,-1
1979,583,1623342780080,-1,-1,-1
1980,711,1623342783065,-1,-1,-1
1981,607,1623342784055,-1,-1,-1
1982,639,1623342789071,-1,-1,-1
1983,591,1623342789071,-1,-1,-1
1984,647,1623342790065,-1,-1,-1
1985,575,1623342791057,-1,-1,-1
1986,679,1623342794063,-1,-1,-1
1987,775,1623342795086,-1,-1,-1
1988,727,1623342796075,-1,-1,-1
1989,471,1623342797061,-1,-1,-1
1990,823,1623342798079,-1,-1,-1
1991,655,1623342799067,-1,-1,-1
1992,623,1623342800059,-1,-1,-1
1993,647,1623342800059,-1,-1,-1
1994,623,1623342801066,-1,-1,-1
1995,647,1623342801066,-1,-1,-1
1996,623,1623342802055,-1,-1,-1
1997,631,1623342803068,-1,-1,-1
1998,599,1623342803068,-1,-1,-1
1999,647,1623342804058,-1,-1,-1
2000,679,1623342805073,-1,-1,-1
2001,711,1623342805073,-1,-1,-1
2002,671,1623342806063,-1,-1,-1
2003,655,1623342807080,-1,-1,-1
2004,719,1623342807081,-1,-1,-1
2005,703,1623342808064,-1,-1,-1
2006,647,1623342809077,-1,-1,-1
2007,687,1623342809077,-1,-1,-1
2008,711,1623342810067,-1,-1,-1
2009,639,1623342811056,-1,-1,-1
2010,631,1623342811056,-1,-1,-1
2011,719,1623342812067,-1,-1,-1
2012,623,1623342813058,-1,-1,-1
2013,679,1623342813058,-1,-1,-1
2014,639,1623342814071,-1,-1,-1
2015,703,1623342817064,-1,-1,-1
2016,631,1623342817064,-1,-1,-1
2017,599,1623342818056,-1,-1,-1
2018,687,1623342819088,-1,-1,-1
2019,647,1623342819088,-1,-1,-1
2020,631,1623342820056,-1,-1,-1
2021,639,1623342821069,-1,-1,-1
2022,663,1623342821069,-1,-1,-1
2023,655,1623342822058,-1,-1,-1
2024,631,1623342823072,-1,-1,-1
2025,631,1623342823072,-1,-1,-1
2026,711,1623342824062,-1,-1,-1
2027,639,1623342825074,-1,-1,-1
2028,639,1623342825074,-1,-1,-1
2029,679,1623342826068,-1,-1,-1
2030,703,1623342827109,-1,-1,-1
2031,639,1623342827110,-1,-1,-1
2032,623,1623342828066,-1,-1,-1
2033,743,1623342829056,-1,-1,-1
2034,631,1623342829056,-1,-1,-1
2035,615,1623342830072,-1,-1,-1
2036,663,1623342830073,-1,-1,-1
2037,647,1623342831058,-1,-1,-1
2038,615,1623342832070,-1,-1,-1
2039,639,1623342834073,-1,-1,-1
2040,623,1623342834073,-1,-1,-1
2041,671,1623342835065,-1,-1,-1
2042,711,1623342836053,-1,-1,-1
2043,663,1623342836053,-1,-1,-1
2044,663,1623342837065,-1,-1,-1
2045,703,1623342838056,-1,-1,-1
2046,663,1623342838056,-1,-1,-1
2047,647,1623342839068,-1,-1,-1
2048,663,1623342841093,-1,-1,-1
2049,615,1623342842083,-1,-1,-1
2050,639,1623342842083,-1,-1,-1
2051,687,1623342843073,-1,-1,-1
2052,607,1623342844064,-1,-1,-1
2053,615,1623342844064,-1,-1,-1
2054,655,1623342845053,-1,-1,-1
2055,583,1623342845053,-1,-1,-1
2056,671,1623342846067,-1,-1,-1
2057,631,1623342847055,-1,-1,-1
2058,663,1623342847055,-1,-1,-1
2059,599,1623342848067,-1,-1,-1
2060,615,1623342849058,-1,-1,-1
2061,647,1623342849058,-1,-1,-1
2062,623,1623342850072,-1,-1,-1
2063,623,1623342851061,-1,-1,-1
2064,623,1623342851061,-1,-1,-1
2065,655,1623342852076,-1,-1,-1
2066,583,1623342852076,-1,-1,-1
2067,591,1623342853065,-1,-1,-1
2068,679,1623342854053,-1,-1,-1
2069,559,1623342855065,-1,-1,-1
2070,735,1623342856055,-1,-1,-1
2071,607,1623342857069,-1,-1,-1
2072,647,1623342857069,-1,-1,-1
2073,591,1623342858080,-1,-1,-1
2074,655,1623342859096,-1,-1,-1
2075,639,1623342859096,-1,-1,-1
2076,639,1623342860061,-1,-1,-1
2077,663,1623342863053,-1,-1,-1
2078,695,1623342864066,-1,-1,-1
2079,607,1623342864066,-1,-1,-1
2080,615,1623342865055,-1,-1,-1
2081,671,1623342866069,-1,-1,-1
2082,655,1623342866069,-1,-1,-1
2083,615,1623342867057,-1,-1,-1
2084,631,1623342868068,-1,-1,-1
2085,687,1623342868068,-1,-1,-1
2086,607,1623342869062,-1,-1,-1
2087,623,1623342869062,-1,-1,-1
2088,671,1623342870051,-1,-1,-1
2089,631,1623342871065,-1,-1,-1
2090,631,1623342873112,-1,-1,-1
2091,623,1623342874056,-1,-1,-1
2092,599,1623342875068,-1,-1,-1
2093,679,1623342875068,-1,-1,-1
2094,687,1623342876061,-1,-1,-1
2095,655,1623342877048,-1,-1,-1
2096,639,1623342877048,-1,-1,-1
2097,727,1623342878064,-1,-1,-1
2098,647,1623342879056,-1,-1,-1
2099,663,1623342879056,-1,-1,-1
2100,647,1623342880063,-1,-1,-1
2101,687,1623342881051,-1,-1,-1
2102,615,1623342881051,-1,-1,-1
2103,583,1623342882065,-1,-1,-1
2104,703,1623342882065,-1,-1,-1
2105,639,1623342883055,-1,-1,-1
2106,607,1623342884073,-1,-1,-1
2107,479,1623342886048,-1,-1,-1
2108,687,1623342886048,-1,-1,-1
2109,527,1623342887063,-1,-1,-1
2110,655,1623342887063,-1,-1,-1
2111,823,1623342890053,-1,-1,-1
2112,799,1623342891087,-1,-1,-1
2113,623,1623342891087,-1,-1,-1
2114,703,1623342893068,-1,-1,-1
2115,647,1623342894057,-1,-1,-1
2116,639,1623342894057,-1,-1,-1
2117,631,1623342895049,-1,-1,-1
2118,639,1623342896059,-1,-1,-1
2119,647,1623342896059,-1,-1,-1
2120,679,1623342899053,-1,-1,-1
2121,639,1623342901057,-1,-1,-1
2122,639,1623342904047,-1,-1,-1
2123,663,1623342905061,-1,-1,-1
2124,647,1623342906051,-1,-1,-1
2125,719,1623342906051,-1,-1,-1
2126,823,1623342909068,-1,-1,-1
2127,863,1623342910056,-1,-1,-1
2128,807,1623342911091,-1,-1,-1
2129,759,1623342912059,-1,-1,-1
2130,775,1623342912059,-1,-1,-1
2131,671,1623342913047,-1,-1,-1
2132,719,1623342914083,-1,-1,-1
2133,703,1623342914083,-1,-1,-1
2134,647,1623342915051,-1,-1,-1
2135,647,1623342916063,-1,-1,-1
2136,663,1623342916063,-1,-1,-1
2137,639,1623342917053,-1,-1,-1
2138,663,1623342918066,-1,-1,-1
2139,631,1623342918066,-1,-1,-1
2140,711,1623342919055,-1,-1,-1
2141,615,1623342920067,-1,-1,-1
2142,599,1623342920067,-1,-1,-1
2143,671,1623342921057,-1,-1,-1
2144,647,1623342922048,-1,-1,-1
2145,671,1623342922048,-1,-1,-1
2146,639,1623342923083,-1,-1,-1
2147,615,1623342923083,-1,-1,-1
2148,639,1623342925062,-1,-1,-1
2149,663,1623342926052,-1,-1,-1
2150,703,1623342927064,-1,-1,-1
2151,663,1623342928054,-1,-1,-1
2152,663,1623342928054,-1,-1,-1
2153,735,1623342929069,-1,-1,-1
2154,711,1623342930058,-1,-1,-1
2155,663,1623342930058,-1,-1,-1
2156,679,1623342931048,-1,-1,-1
2157,703,1623342932063,-1,-1,-1
2158,639,1623342932063,-1,-1,-1
2159,631,1623342933052,-1,-1,-1
2160,655,1623342934087,-1,-1,-1
2161,655,1623342937056,-1,-1,-1
2162,711,1623342939058,-1,-1,-1
2163,671,1623342940046,-1,-1,-1
2164,695,1623342940046,-1,-1,-1
2165,711,1623342941062,-1,-1,-1
2166,655,1623342942056,-1,-1,-1
2167,631,1623342942056,-1,-1,-1
2168,703,1623342943062,-1,-1,-1
2169,639,1623342944053,-1,-1,-1
2170,631,1623342946055,-1,-1,-1
2171,599,1623342947046,-1,-1,-1
2172,695,1623342948078,-1,-1,-1
2173,671,1623342948078,-1,-1,-1
2174,615,1623342949048,-1,-1,-1
2175,663,1623342950060,-1,-1,-1
2176,671,1623342950060,-1,-1,-1
2177,647,1623342951053,-1,-1,-1
2178,639,1623342952064,-1,-1,-1
2179,759,1623342952064,-1,-1,-1
2180,639,1623342953056,-1,-1,-1
2181,639,1623342954065,-1,-1,-1
2182,695,1623342954065,-1,-1,-1
2183,671,1623342955079,-1,-1,-1
2184,655,1623342956046,-1,-1,-1
2185,655,1623342956046,-1,-1,-1
2186,695,1623342957104,-1,-1,-1
2187,631,1623342958073,-1,-1,-1
2188,671,1623342960075,-1,-1,-1
2189,607,1623342960075,-1,-1,-1
2190,567,1623342961064,-1,-1,-1
2191,727,1623342962053,-1,-1,-1
2192,679,1623342962053,-1,-1,-1
2193,591,1623342963044,-1,-1,-1
2194,631,1623342963044,-1,-1,-1
2195,679,1623342964055,-1,-1,-1
2196,623,1623342965045,-1,-1,-1
2197,623,1623342965045,-1,-1,-1
2198,639,1623342966058,-1,-1,-1
2199,607,1623342967046,-1,-1,-1
2200,495,1623342977062,-1,-1,-1
2201,759,1623342977062,-1,-1,-1
2202,631,1623342979063,-1,-1,-1
2203,631,1623342980054,-1,-1,-1
2204,607,1623342980054,-1,-1,-1
2205,591,1623342981044,-1,-1,-1
2206,503,1623342985050,-1,-1,-1
2207,671,1623342996049,-1,-1,-1
2208,655,1623342997064,-1,-1,-1
2209,711,1623342998079,-1,-1,-1
2210,743,1623342999041,-1,-1,-1
2211,639,1623342999042,-1,-1,-1
2212,695,1623343000056,-1,-1,-1
2213,639,1623343000056,-1,-1,-1
2214,727,1623343001047,-1,-1,-1
2215,607,1623343002057,-1,-1,-1
2216,695,1623343003048,-1,-1,-1
2217,647,1623343003048,-1,-1,-1
2218,687,1623343004064,-1,-1,-1
2219,631,1623343004064,-1,-1,-1
2220,679,1623343005049,-1,-1,-1
2221,679,1623343006111,-1,-1,-1
2222,599,1623343006111,-1,-1,-1
2223,647,1623343007074,-1,-1,-1
2224,655,1623343009055,-1,-1,-1
2225,623,1623343010044,-1,-1,-1
2226,623,1623343010044,-1,-1,-1
2227,727,1623343011057,-1,-1,-1
2228,799,1623343012046,-1,-1,-1
2229,767,1623343013060,-1,-1,-1
2230,695,1623343013060,-1,-1,-1
2231,871,1623343014052,-1,-1,-1
2232,695,1623343015039,-1,-1,-1
2233,711,1623343016052,-1,-1,-1
2234,695,1623343016052,-1,-1,-1
2235,727,1623343017043,-1,-1,-1
2236,663,1623343018058,-1,-1,-1
2237,679,1623343018058,-1,-1,-1
2238,695,1623343019047,-1,-1,-1
2239,647,1623343020070,-1,-1,-1
2240,703,1623343022037,-1,-1,-1
2241,615,1623343022037,-1,-1,-1
2242,623,1623343023051,-1,-1,-1
2243,711,1623343024062,-1,-1,-1
2244,655,1623343024062,-1,-1,-1
2245,623,1623343025052,-1,-1,-1
2246,671,1623343026044,-1,-1,-1
2247,703,1623343026044,-1,-1,-1
2248,655,1623343027055,-1,-1,-1
2249,631,1623343028047,-1,-1,-1
2250,703,1623343028047,-1,-1,-1
2251,703,1623343029058,-1,-1,-1
2252,663,1623343030047,-1,-1,-1
2253,623,1623343030047,-1,-1,-1
2254,775,1623343031038,-1,-1,-1
2255,695,1623343032075,-1,-1,-1
2256,655,1623343032075,-1,-1,-1
2257,727,1623343033038,-1,-1,-1
2258,751,1623343034054,-1,-1,-1
2259,655,1623343034054,-1,-1,-1
2260,663,1623343035042,-1,-1,-1
2261,727,1623343036054,-1,-1,-1
2262,631,1623343036054,-1,-1,-1
2263,711,1623343039049,-1,-1,-1
2264,615,1623343039049,-1,-1,-1
2265,631,1623343041053,-1,-1,-1
2266,439,1623343045056,-1,-1,-1
