,RR,Timestamp,SensorContact,errorEstimate,blockerBit
0,1392,1622125600886,-1,-1,-1
1,558,1622125600886,-1,-1,-1
2,1330,1622125601873,-1,-1,-1
3,403,1622125602833,-1,-1,-1
4,548,1622125602833,-1,-1,-1
5,484,1622125603824,-1,-1,-1
6,1494,1622125605775,-1,-1,-1
7,1172,1622125606765,-1,-1,-1
8,576,1622125606765,-1,-1,-1
9,712,1622125607757,-1,-1,-1
10,625,1622125608715,-1,-1,-1
11,844,1622125609705,-1,-1,-1
12,587,1622125609705,-1,-1,-1
13,685,1622125610668,-1,-1,-1
14,595,1622125610668,-1,-1,-1
15,558,1622125611655,-1,-1,-1
16,597,1622125612647,-1,-1,-1
17,630,1622125612648,-1,-1,-1
18,1194,1622125613603,-1,-1,-1
19,741,1622125615552,-1,-1,-1
20,1193,1622125615552,-1,-1,-1
21,524,1622125616545,-1,-1,-1
22,528,1622125616545,-1,-1,-1
23,606,1622125617535,-1,-1,-1
24,532,1622125618495,-1,-1,-1
25,506,1622125619485,-1,-1,-1
26,1258,1622125619485,-1,-1,-1
27,1096,1622125621435,-1,-1,-1
28,472,1622125621435,-1,-1,-1
29,503,1622125622425,-1,-1,-1
30,313,1622125622425,-1,-1,-1
31,758,1622125623384,-1,-1,-1
32,793,1622125624375,-1,-1,-1
33,648,1622125624375,-1,-1,-1
34,655,1622125625395,-1,-1,-1
35,757,1622125626325,-1,-1,-1
36,674,1622125626325,-1,-1,-1
37,422,1622125627315,-1,-1,-1
38,720,1622125627315,-1,-1,-1
39,1068,1622125629265,-1,-1,-1
40,420,1622125629265,-1,-1,-1
41,304,1622125629265,-1,-1,-1
42,279,1622125630255,-1,-1,-1
43,713,1622125630255,-1,-1,-1
44,826,1622125631245,-1,-1,-1
45,572,1622125632205,-1,-1,-1
46,871,1622125633195,-1,-1,-1
47,796,1622125634156,-1,-1,-1
48,851,1622125634156,-1,-1,-1
49,1323,1622125636137,-1,-1,-1
50,1207,1622125637095,-1,-1,-1
51,819,1622125638085,-1,-1,-1
52,1144,1622125639075,-1,-1,-1
53,1148,1622125640036,-1,-1,-1
54,1255,1622125641025,-1,-1,-1
55,763,1622125641985,-1,-1,-1
56,663,1622125642977,-1,-1,-1
57,1399,1622125643967,-1,-1,-1
58,854,1622125644925,-1,-1,-1
59,1046,1622125645915,-1,-1,-1
60,570,1622125646906,-1,-1,-1
61,545,1622125646906,-1,-1,-1
62,558,1622125647863,-1,-1,-1
63,583,1622125648855,-1,-1,-1
64,559,1622125648855,-1,-1,-1
65,552,1622125649814,-1,-1,-1
66,572,1622125649815,-1,-1,-1
67,571,1622125650805,-1,-1,-1
68,623,1622125650805,-1,-1,-1
69,723,1622125651797,-1,-1,-1
70,433,1622125652755,-1,-1,-1
71,365,1622125652755,-1,-1,-1
72,465,1622125652755,-1,-1,-1
73,670,1622125653745,-1,-1,-1
74,315,1622125653745,-1,-1,-1
75,536,1622125654736,-1,-1,-1
76,342,1622125654736,-1,-1,-1
77,602,1622125655695,-1,-1,-1
78,527,1622125655695,-1,-1,-1
79,640,1622125656685,-1,-1,-1
80,307,1622125657645,-1,-1,-1
81,890,1622125657645,-1,-1,-1
82,1073,1622125659625,-1,-1,-1
83,451,1622125659625,-1,-1,-1
84,730,1622125660586,-1,-1,-1
85,739,1622125661575,-1,-1,-1
86,509,1622125661575,-1,-1,-1
87,534,1622125662565,-1,-1,-1
88,869,1622125662565,-1,-1,-1
89,366,1622125663525,-1,-1,-1
90,615,1622125664517,-1,-1,-1
91,1755,1622125665475,-1,-1,-1
92,451,1622125666464,-1,-1,-1
93,531,1622125666464,-1,-1,-1
94,532,1622125667455,-1,-1,-1
95,476,1622125668417,-1,-1,-1
96,1121,1622125668417,-1,-1,-1
97,603,1622125669405,-1,-1,-1
98,551,1622125670395,-1,-1,-1
99,597,1622125670395,-1,-1,-1
100,570,1622125671354,-1,-1,-1
101,584,1622125671354,-1,-1,-1
102,684,1622125673306,-1,-1,-1
103,1135,1622125673306,-1,-1,-1
104,742,1622125674295,-1,-1,-1
105,1079,1622125675284,-1,-1,-1
106,700,1622125676245,-1,-1,-1
107,1049,1622125677235,-1,-1,-1
108,422,1622125677235,-1,-1,-1
109,659,1622125678195,-1,-1,-1
110,1197,1622125679185,-1,-1,-1
111,647,1622125680173,-1,-1,-1
112,518,1622125680173,-1,-1,-1
113,565,1622125681135,-1,-1,-1
114,639,1622125682126,-1,-1,-1
115,384,1622125682126,-1,-1,-1
116,582,1622125683114,-1,-1,-1
117,740,1622125683114,-1,-1,-1
118,533,1622125684075,-1,-1,-1
119,483,1622125684075,-1,-1,-1
120,351,1622125685065,-1,-1,-1
121,1315,1622125686055,-1,-1,-1
122,621,1622125687016,-1,-1,-1
123,561,1622125687016,-1,-1,-1
124,434,1622125688005,-1,-1,-1
125,985,1622125688965,-1,-1,-1
126,388,1622125688965,-1,-1,-1
127,561,1622125689953,-1,-1,-1
128,406,1622125689953,-1,-1,-1
129,1188,1622125690945,-1,-1,-1
130,1214,1622125692893,-1,-1,-1
131,672,1622125692893,-1,-1,-1
132,599,1622125693884,-1,-1,-1
133,509,1622125694845,-1,-1,-1
134,976,1622125695835,-1,-1,-1
135,488,1622125695835,-1,-1,-1
136,1570,1622125697784,-1,-1,-1
137,1320,1622125698778,-1,-1,-1
138,486,1622125699736,-1,-1,-1
139,1036,1622125700728,-1,-1,-1
140,479,1622125700728,-1,-1,-1
141,571,1622125701687,-1,-1,-1
142,502,1622125701687,-1,-1,-1
143,977,1622125702675,-1,-1,-1
144,610,1622125703672,-1,-1,-1
145,425,1622125703672,-1,-1,-1
146,566,1622125704625,-1,-1,-1
147,421,1622125704625,-1,-1,-1
148,817,1622125705613,-1,-1,-1
149,623,1622125706606,-1,-1,-1
150,957,1622125707564,-1,-1,-1
151,590,1622125707564,-1,-1,-1
152,1583,1622125709516,-1,-1,-1
153,1544,1622125711496,-1,-1,-1
154,544,1622125711497,-1,-1,-1
155,617,1622125712455,-1,-1,-1
156,693,1622125712455,-1,-1,-1
157,722,1622125713445,-1,-1,-1
158,1103,1622125714406,-1,-1,-1
159,1080,1622125715426,-1,-1,-1
160,757,1622125716384,-1,-1,-1
161,925,1622125718333,-1,-1,-1
162,1307,1622125718333,-1,-1,-1
163,875,1622125719296,-1,-1,-1
164,896,1622125720287,-1,-1,-1
165,636,1622125721279,-1,-1,-1
166,569,1622125721279,-1,-1,-1
167,500,1622125722233,-1,-1,-1
168,742,1622125723228,-1,-1,-1
169,393,1622125723228,-1,-1,-1
170,601,1622125724212,-1,-1,-1
171,882,1622125725174,-1,-1,-1
172,777,1622125725174,-1,-1,-1
173,726,1622125726166,-1,-1,-1
174,745,1622125727124,-1,-1,-1
175,1755,1622125729104,-1,-1,-1
176,1152,1622125730064,-1,-1,-1
177,1111,1622125731060,-1,-1,-1
178,1856,1622125733006,-1,-1,-1
179,751,1622125733993,-1,-1,-1
180,564,1622125733993,-1,-1,-1
181,837,1622125734953,-1,-1,-1
182,1050,1622125735943,-1,-1,-1
183,470,1622125736933,-1,-1,-1
184,688,1622125736933,-1,-1,-1
185,950,1622125738884,-1,-1,-1
186,700,1622125738884,-1,-1,-1
187,1255,1622125739873,-1,-1,-1
188,843,1622125740833,-1,-1,-1
189,734,1622125741826,-1,-1,-1
190,630,1622125742784,-1,-1,-1
191,540,1622125742784,-1,-1,-1
192,841,1622125743775,-1,-1,-1
193,560,1622125744765,-1,-1,-1
194,853,1622125744765,-1,-1,-1
195,563,1622125745725,-1,-1,-1
196,543,1622125746714,-1,-1,-1
197,905,1622125747704,-1,-1,-1
198,597,1622125747704,-1,-1,-1
199,1367,1622125749655,-1,-1,-1
200,800,1622125749656,-1,-1,-1
201,1235,1622125751604,-1,-1,-1
202,1310,1622125753590,-1,-1,-1
203,1689,1622125754543,-1,-1,-1
204,919,1622125755522,-1,-1,-1
205,638,1622125755523,-1,-1,-1
206,498,1622125756511,-1,-1,-1
207,757,1622125757512,-1,-1,-1
208,1154,1622125758448,-1,-1,-1
209,310,1622125758448,-1,-1,-1
210,516,1622125759433,-1,-1,-1
211,888,1622125760393,-1,-1,-1
212,1479,1622125761407,-1,-1,-1
213,562,1622125762372,-1,-1,-1
214,997,1622125763335,-1,-1,-1
215,1592,1622125764358,-1,-1,-1
216,613,1622125765342,-1,-1,-1
217,597,1622125765342,-1,-1,-1
218,1516,1622125767263,-1,-1,-1
219,549,1622125768372,-1,-1,-1
220,967,1622125769243,-1,-1,-1
221,726,1622125769243,-1,-1,-1
222,543,1622125770206,-1,-1,-1
223,689,1622125771174,-1,-1,-1
224,559,1622125771174,-1,-1,-1
225,766,1622125772190,-1,-1,-1
226,818,1622125773132,-1,-1,-1
227,526,1622125774195,-1,-1,-1
228,1225,1622125775094,-1,-1,-1
229,652,1622125775094,-1,-1,-1
230,684,1622125776064,-1,-1,-1
231,659,1622125777057,-1,-1,-1
232,653,1622125777057,-1,-1,-1
233,582,1622125778007,-1,-1,-1
234,306,1622125778007,-1,-1,-1
235,474,1622125778993,-1,-1,-1
236,730,1622125778993,-1,-1,-1
237,842,1622125779985,-1,-1,-1
238,759,1622125780942,-1,-1,-1
239,432,1622125780942,-1,-1,-1
240,677,1622125781935,-1,-1,-1
241,441,1622125782969,-1,-1,-1
242,519,1622125782969,-1,-1,-1
243,515,1622125783883,-1,-1,-1
244,584,1622125783883,-1,-1,-1
245,719,1622125784877,-1,-1,-1
246,1148,1622125785833,-1,-1,-1
247,1009,1622125787815,-1,-1,-1
248,1599,1622125788776,-1,-1,-1
249,1315,1622125790756,-1,-1,-1
250,977,1622125790756,-1,-1,-1
251,875,1622125791715,-1,-1,-1
252,644,1622125792705,-1,-1,-1
253,712,1622125793665,-1,-1,-1
254,1038,1622125794656,-1,-1,-1
255,599,1622125794656,-1,-1,-1
256,492,1622125795645,-1,-1,-1
257,812,1622125796604,-1,-1,-1
258,1015,1622125797594,-1,-1,-1
259,1363,1622125798583,-1,-1,-1
260,458,1622125798583,-1,-1,-1
261,645,1622125799544,-1,-1,-1
262,1119,1622125800534,-1,-1,-1
263,550,1622125801495,-1,-1,-1
264,553,1622125801495,-1,-1,-1
265,644,1622125803475,-1,-1,-1
266,1137,1622125803475,-1,-1,-1
267,569,1622125804465,-1,-1,-1
268,579,1622125804465,-1,-1,-1
269,587,1622125805424,-1,-1,-1
270,656,1622125806413,-1,-1,-1
271,573,1622125806413,-1,-1,-1
272,353,1622125807404,-1,-1,-1
273,465,1622125807404,-1,-1,-1
274,542,1622125808365,-1,-1,-1
275,1050,1622125809323,-1,-1,-1
276,587,1622125809323,-1,-1,-1
277,605,1622125810346,-1,-1,-1
278,1107,1622125811335,-1,-1,-1
279,453,1622125812265,-1,-1,-1
280,644,1622125812265,-1,-1,-1
281,468,1622125813254,-1,-1,-1
282,497,1622125813254,-1,-1,-1
283,779,1622125814296,-1,-1,-1
284,789,1622125815205,-1,-1,-1
285,551,1622125815205,-1,-1,-1
286,1197,1622125817162,-1,-1,-1
287,513,1622125817162,-1,-1,-1
288,492,1622125818172,-1,-1,-1
289,727,1622125818172,-1,-1,-1
290,503,1622125819165,-1,-1,-1
291,563,1622125819165,-1,-1,-1
292,472,1622125820166,-1,-1,-1
293,636,1622125821084,-1,-1,-1
294,500,1622125821084,-1,-1,-1
295,584,1622125822045,-1,-1,-1
296,649,1622125822045,-1,-1,-1
297,544,1622125823034,-1,-1,-1
298,1254,1622125824024,-1,-1,-1
299,585,1622125824983,-1,-1,-1
300,559,1622125824983,-1,-1,-1
301,564,1622125825974,-1,-1,-1
302,564,1622125826933,-1,-1,-1
303,610,1622125826934,-1,-1,-1
304,593,1622125827924,-1,-1,-1
305,609,1622125828944,-1,-1,-1
306,1683,1622125829875,-1,-1,-1
307,650,1622125830864,-1,-1,-1
308,578,1622125830864,-1,-1,-1
309,605,1622125831854,-1,-1,-1
310,600,1622125832814,-1,-1,-1
311,1047,1622125833806,-1,-1,-1
312,722,1622125833806,-1,-1,-1
313,561,1622125834765,-1,-1,-1
314,478,1622125835755,-1,-1,-1
315,741,1622125836742,-1,-1,-1
316,1015,1622125836742,-1,-1,-1
317,1040,1622125837703,-1,-1,-1
318,673,1622125838725,-1,-1,-1
319,556,1622125839655,-1,-1,-1
320,720,1622125839655,-1,-1,-1
321,1268,1622125841636,-1,-1,-1
322,985,1622125842593,-1,-1,-1
323,634,1622125842593,-1,-1,-1
324,340,1622125843583,-1,-1,-1
325,682,1622125844605,-1,-1,-1
326,988,1622125844605,-1,-1,-1
327,618,1622125845533,-1,-1,-1
328,1011,1622125846524,-1,-1,-1
329,1126,1622125847485,-1,-1,-1
330,925,1622125848477,-1,-1,-1
331,505,1622125849495,-1,-1,-1
332,977,1622125850424,-1,-1,-1
333,1151,1622125851475,-1,-1,-1
334,1141,1622125852374,-1,-1,-1
335,753,1622125853365,-1,-1,-1
336,536,1622125853365,-1,-1,-1
337,964,1622125854354,-1,-1,-1
338,315,1622125855317,-1,-1,-1
339,415,1622125855317,-1,-1,-1
340,1132,1622125856485,-1,-1,-1
341,563,1622125857265,-1,-1,-1
342,573,1622125857265,-1,-1,-1
343,657,1622125858584,-1,-1,-1
344,616,1622125859244,-1,-1,-1
345,723,1622125859244,-1,-1,-1
346,765,1622125860203,-1,-1,-1
347,1355,1622125862169,-1,-1,-1
348,1736,1622125864135,-1,-1,-1
349,530,1622125864135,-1,-1,-1
350,898,1622125865105,-1,-1,-1
351,936,1622125866085,-1,-1,-1
352,541,1622125866085,-1,-1,-1
353,631,1622125867075,-1,-1,-1
354,641,1622125868065,-1,-1,-1
355,678,1622125868065,-1,-1,-1
356,580,1622125869024,-1,-1,-1
357,534,1622125869024,-1,-1,-1
358,739,1622125870014,-1,-1,-1
359,434,1622125870973,-1,-1,-1
360,802,1622125871963,-1,-1,-1
361,651,1622125871963,-1,-1,-1
362,891,1622125872923,-1,-1,-1
363,400,1622125873913,-1,-1,-1
364,467,1622125873913,-1,-1,-1
365,1075,1622125874902,-1,-1,-1
366,866,1622125875863,-1,-1,-1
367,959,1622125877843,-1,-1,-1
368,1480,1622125878803,-1,-1,-1
369,1134,1622125879793,-1,-1,-1
370,437,1622125879793,-1,-1,-1
371,405,1622125880784,-1,-1,-1
372,1078,1622125881744,-1,-1,-1
373,678,1622125881744,-1,-1,-1
374,507,1622125882735,-1,-1,-1
375,472,1622125882735,-1,-1,-1
376,537,1622125883693,-1,-1,-1
377,368,1622125883693,-1,-1,-1
378,398,1622125884688,-1,-1,-1
379,646,1622125884688,-1,-1,-1
380,872,1622125885673,-1,-1,-1
381,454,1622125886634,-1,-1,-1
382,429,1622125886634,-1,-1,-1
383,322,1622125886634,-1,-1,-1
384,797,1622125887625,-1,-1,-1
385,717,1622125888585,-1,-1,-1
386,613,1622125889575,-1,-1,-1
387,555,1622125889575,-1,-1,-1
388,673,1622125890564,-1,-1,-1
389,656,1622125891528,-1,-1,-1
390,1713,1622125892515,-1,-1,-1
391,620,1622125893534,-1,-1,-1
392,598,1622125894557,-1,-1,-1
393,649,1622125894557,-1,-1,-1
394,731,1622125895665,-1,-1,-1
395,854,1622125896445,-1,-1,-1
396,808,1622125897405,-1,-1,-1
397,597,1622125897405,-1,-1,-1
398,468,1622125898398,-1,-1,-1
399,827,1622125899385,-1,-1,-1
400,629,1622125899385,-1,-1,-1
401,1351,1622125901366,-1,-1,-1
402,566,1622125901366,-1,-1,-1
403,583,1622125902325,-1,-1,-1
404,579,1622125902325,-1,-1,-1
405,597,1622125903345,-1,-1,-1
406,628,1622125904246,-1,-1,-1
407,639,1622125904246,-1,-1,-1
408,1025,1622125905239,-1,-1,-1
409,981,1622125907186,-1,-1,-1
410,1740,1622125908174,-1,-1,-1
411,537,1622125909137,-1,-1,-1
412,1007,1622125910125,-1,-1,-1
413,534,1622125910125,-1,-1,-1
414,539,1622125911163,-1,-1,-1
415,552,1622125911163,-1,-1,-1
416,591,1622125912076,-1,-1,-1
417,719,1622125913068,-1,-1,-1
418,884,1622125914029,-1,-1,-1
419,501,1622125914029,-1,-1,-1
420,706,1622125915045,-1,-1,-1
421,550,1622125915045,-1,-1,-1
422,837,1622125916065,-1,-1,-1
423,441,1622125916966,-1,-1,-1
424,363,1622125916966,-1,-1,-1
425,381,1622125917956,-1,-1,-1
426,754,1622125917956,-1,-1,-1
427,486,1622125918916,-1,-1,-1
428,615,1622125918916,-1,-1,-1
429,586,1622125919908,-1,-1,-1
430,582,1622125920926,-1,-1,-1
431,608,1622125920926,-1,-1,-1
432,537,1622125921856,-1,-1,-1
433,659,1622125922846,-1,-1,-1
434,615,1622125922846,-1,-1,-1
435,588,1622125923836,-1,-1,-1
436,592,1622125923836,-1,-1,-1
437,582,1622125924796,-1,-1,-1
438,552,1622125924796,-1,-1,-1
439,644,1622125925786,-1,-1,-1
440,629,1622125926808,-1,-1,-1
441,577,1622125926808,-1,-1,-1
442,565,1622125927736,-1,-1,-1
443,667,1622125928726,-1,-1,-1
444,459,1622125928726,-1,-1,-1
445,595,1622125929705,-1,-1,-1
446,602,1622125929705,-1,-1,-1
447,594,1622125930766,-1,-1,-1
448,1292,1622125931666,-1,-1,-1
449,559,1622125932625,-1,-1,-1
450,860,1622125933615,-1,-1,-1
451,837,1622125934608,-1,-1,-1
452,1705,1622125935564,-1,-1,-1
453,419,1622125936644,-1,-1,-1
454,1407,1622125937513,-1,-1,-1
455,442,1622125938508,-1,-1,-1
456,841,1622125938508,-1,-1,-1
457,572,1622125939495,-1,-1,-1
458,479,1622125940454,-1,-1,-1
459,706,1622125940454,-1,-1,-1
460,691,1622125941451,-1,-1,-1
461,550,1622125942408,-1,-1,-1
462,533,1622125942408,-1,-1,-1
463,1091,1622125943397,-1,-1,-1
464,1474,1622125945380,-1,-1,-1
465,625,1622125945380,-1,-1,-1
466,677,1622125946338,-1,-1,-1
467,937,1622125947297,-1,-1,-1
468,584,1622125948291,-1,-1,-1
469,1046,1622125949274,-1,-1,-1
470,936,1622125950234,-1,-1,-1
471,738,1622125951236,-1,-1,-1
472,470,1622125951236,-1,-1,-1
473,869,1622125952425,-1,-1,-1
474,683,1622125952425,-1,-1,-1
475,674,1622125953192,-1,-1,-1
476,977,1622125954171,-1,-1,-1
477,518,1622125955133,-1,-1,-1
478,601,1622125955133,-1,-1,-1
479,607,1622125956117,-1,-1,-1
480,655,1622125957103,-1,-1,-1
481,1171,1622125958065,-1,-1,-1
482,622,1622125958065,-1,-1,-1
483,639,1622125959056,-1,-1,-1
484,748,1622125960074,-1,-1,-1
485,1382,1622125961191,-1,-1,-1
486,700,1622125962026,-1,-1,-1
487,680,1622125962960,-1,-1,-1
488,580,1622125962960,-1,-1,-1
489,883,1622125964938,-1,-1,-1
490,1289,1622125965898,-1,-1,-1
491,620,1622125965898,-1,-1,-1
492,510,1622125966885,-1,-1,-1
493,631,1622125966885,-1,-1,-1
494,588,1622125967879,-1,-1,-1
495,589,1622125968838,-1,-1,-1
496,625,1622125968838,-1,-1,-1
497,405,1622125969848,-1,-1,-1
498,1059,1622125970785,-1,-1,-1
499,940,1622125971774,-1,-1,-1
500,832,1622125972898,-1,-1,-1
501,553,1622125972898,-1,-1,-1
502,622,1622125973725,-1,-1,-1
503,420,1622125973725,-1,-1,-1
504,592,1622125974717,-1,-1,-1
505,672,1622125974717,-1,-1,-1
506,1279,1622125976698,-1,-1,-1
507,630,1622125976698,-1,-1,-1
508,345,1622125977690,-1,-1,-1
509,356,1622125977690,-1,-1,-1
510,639,1622125978616,-1,-1,-1
511,652,1622125978616,-1,-1,-1
512,665,1622125979613,-1,-1,-1
513,544,1622125980570,-1,-1,-1
514,823,1622125981555,-1,-1,-1
515,772,1622125981555,-1,-1,-1
516,472,1622125982576,-1,-1,-1
517,577,1622125982576,-1,-1,-1
518,1199,1622125984526,-1,-1,-1
519,1155,1622125985634,-1,-1,-1
520,448,1622125985634,-1,-1,-1
521,762,1622125986505,-1,-1,-1
522,620,1622125987496,-1,-1,-1
523,1027,1622125988398,-1,-1,-1
524,811,1622125989386,-1,-1,-1
525,618,1622125989386,-1,-1,-1
526,605,1622125990376,-1,-1,-1
527,1102,1622125991337,-1,-1,-1
528,598,1622125992362,-1,-1,-1
529,644,1622125992362,-1,-1,-1
530,626,1622125993375,-1,-1,-1
531,644,1622125994276,-1,-1,-1
532,678,1622125994276,-1,-1,-1
533,1190,1622125996226,-1,-1,-1
534,881,1622125996226,-1,-1,-1
535,642,1622125997278,-1,-1,-1
536,532,1622125997279,-1,-1,-1
537,683,1622125998235,-1,-1,-1
538,1201,1622125999197,-1,-1,-1
539,575,1622126000167,-1,-1,-1
540,599,1622126001116,-1,-1,-1
541,626,1622126001116,-1,-1,-1
542,635,1622126002118,-1,-1,-1
543,698,1622126003096,-1,-1,-1
544,661,1622126003096,-1,-1,-1
545,656,1622126004056,-1,-1,-1
546,759,1622126005045,-1,-1,-1
547,1423,1622126006018,-1,-1,-1
548,1330,1622126007987,-1,-1,-1
549,1254,1622126008946,-1,-1,-1
550,725,1622126009935,-1,-1,-1
551,655,1622126009935,-1,-1,-1
552,1504,1622126011897,-1,-1,-1
553,765,1622126012905,-1,-1,-1
554,695,1622126012905,-1,-1,-1
555,717,1622126013903,-1,-1,-1
556,855,1622126014836,-1,-1,-1
557,370,1622126014836,-1,-1,-1
558,458,1622126015818,-1,-1,-1
559,770,1622126016776,-1,-1,-1
560,1004,1622126017766,-1,-1,-1
561,1154,1622126018755,-1,-1,-1
562,979,1622126019719,-1,-1,-1
563,1277,1622126020713,-1,-1,-1
564,919,1622126021701,-1,-1,-1
565,1410,1622126023645,-1,-1,-1
566,585,1622126023645,-1,-1,-1
567,821,1622126024647,-1,-1,-1
568,628,1622126025598,-1,-1,-1
569,896,1622126025598,-1,-1,-1
570,597,1622126026588,-1,-1,-1
571,643,1622126027549,-1,-1,-1
572,1053,1622126028537,-1,-1,-1
573,1307,1622126030485,-1,-1,-1
574,1270,1622126030485,-1,-1,-1
575,514,1622126031479,-1,-1,-1
576,488,1622126031479,-1,-1,-1
577,607,1622126032440,-1,-1,-1
578,594,1622126033428,-1,-1,-1
579,914,1622126034418,-1,-1,-1
580,564,1622126034418,-1,-1,-1
581,369,1622126035379,-1,-1,-1
582,1136,1622126036369,-1,-1,-1
583,920,1622126037359,-1,-1,-1
584,462,1622126037359,-1,-1,-1
585,1352,1622126039311,-1,-1,-1
586,940,1622126039311,-1,-1,-1
587,930,1622126041259,-1,-1,-1
588,690,1622126041259,-1,-1,-1
589,506,1622126042248,-1,-1,-1
590,740,1622126043210,-1,-1,-1
591,735,1622126043210,-1,-1,-1
592,559,1622126044197,-1,-1,-1
593,683,1622126045227,-1,-1,-1
594,1261,1622126046168,-1,-1,-1
595,1240,1622126047136,-1,-1,-1
596,553,1622126048097,-1,-1,-1
597,796,1622126048097,-1,-1,-1
598,466,1622126049087,-1,-1,-1
599,631,1622126050084,-1,-1,-1
600,625,1622126050085,-1,-1,-1
601,610,1622126051038,-1,-1,-1
602,550,1622126051038,-1,-1,-1
603,778,1622126052027,-1,-1,-1
604,693,1622126052988,-1,-1,-1
605,628,1622126053981,-1,-1,-1
606,569,1622126053981,-1,-1,-1
607,698,1622126054968,-1,-1,-1
608,610,1622126054968,-1,-1,-1
609,672,1622126055928,-1,-1,-1
610,661,1622126056916,-1,-1,-1
611,1040,1622126057906,-1,-1,-1
612,679,1622126058872,-1,-1,-1
613,674,1622126058872,-1,-1,-1
614,680,1622126059860,-1,-1,-1
615,1432,1622126061809,-1,-1,-1
616,704,1622126061809,-1,-1,-1
617,664,1622126062800,-1,-1,-1
618,1310,1622126063766,-1,-1,-1
619,597,1622126064749,-1,-1,-1
620,649,1622126065767,-1,-1,-1
621,1375,1622126066696,-1,-1,-1
622,720,1622126067692,-1,-1,-1
623,684,1622126067692,-1,-1,-1
624,560,1622126068676,-1,-1,-1
625,941,1622126069641,-1,-1,-1
626,640,1622126069641,-1,-1,-1
627,745,1622126070629,-1,-1,-1
628,1347,1622126072579,-1,-1,-1
629,710,1622126072579,-1,-1,-1
630,690,1622126073538,-1,-1,-1
631,556,1622126074527,-1,-1,-1
632,950,1622126075516,-1,-1,-1
633,935,1622126076477,-1,-1,-1
634,569,1622126076477,-1,-1,-1
635,617,1622126077470,-1,-1,-1
636,823,1622126078457,-1,-1,-1
637,666,1622126078457,-1,-1,-1
638,725,1622126079416,-1,-1,-1
639,591,1622126080413,-1,-1,-1
640,802,1622126081367,-1,-1,-1
641,707,1622126081367,-1,-1,-1
642,699,1622126082358,-1,-1,-1
643,1003,1622126083346,-1,-1,-1
644,483,1622126083346,-1,-1,-1
645,745,1622126084307,-1,-1,-1
646,791,1622126085302,-1,-1,-1
647,1270,1622126086311,-1,-1,-1
648,721,1622126087247,-1,-1,-1
649,643,1622126088238,-1,-1,-1
650,1445,1622126089199,-1,-1,-1
651,725,1622126090189,-1,-1,-1
652,646,1622126091177,-1,-1,-1
653,1336,1622126092166,-1,-1,-1
654,660,1622126093129,-1,-1,-1
655,663,1622126093129,-1,-1,-1
656,1409,1622126095078,-1,-1,-1
657,643,1622126095078,-1,-1,-1
658,328,1622126096076,-1,-1,-1
659,410,1622126096076,-1,-1,-1
660,1163,1622126097028,-1,-1,-1
661,715,1622126098016,-1,-1,-1
662,594,1622126099011,-1,-1,-1
663,596,1622126099011,-1,-1,-1
664,728,1622126099969,-1,-1,-1
665,703,1622126100957,-1,-1,-1
666,631,1622126100957,-1,-1,-1
667,575,1622126101951,-1,-1,-1
668,754,1622126102910,-1,-1,-1
669,675,1622126102910,-1,-1,-1
670,661,1622126103900,-1,-1,-1
671,584,1622126104859,-1,-1,-1
672,716,1622126105848,-1,-1,-1
673,681,1622126105848,-1,-1,-1
674,800,1622126106809,-1,-1,-1
675,1190,1622126107801,-1,-1,-1
676,706,1622126108787,-1,-1,-1
677,690,1622126109749,-1,-1,-1
678,1191,1622126110740,-1,-1,-1
679,863,1622126111731,-1,-1,-1
680,603,1622126111731,-1,-1,-1
681,574,1622126112687,-1,-1,-1
682,526,1622126113681,-1,-1,-1
683,1142,1622126114637,-1,-1,-1
684,543,1622126114637,-1,-1,-1
685,558,1622126115642,-1,-1,-1
686,700,1622126116625,-1,-1,-1
687,745,1622126116625,-1,-1,-1
688,545,1622126117588,-1,-1,-1
689,695,1622126117588,-1,-1,-1
690,569,1622126118575,-1,-1,-1
691,426,1622126119532,-1,-1,-1
692,986,1622126120521,-1,-1,-1
693,1115,1622126121524,-1,-1,-1
694,633,1622126121524,-1,-1,-1
695,609,1622126122470,-1,-1,-1
696,638,1622126123459,-1,-1,-1
697,661,1622126123459,-1,-1,-1
698,1385,1622126125410,-1,-1,-1
699,633,1622126125410,-1,-1,-1
700,678,1622126126398,-1,-1,-1
701,614,1622126127370,-1,-1,-1
702,589,1622126127370,-1,-1,-1
703,660,1622126128353,-1,-1,-1
704,706,1622126129343,-1,-1,-1
705,543,1622126129343,-1,-1,-1
706,626,1622126130300,-1,-1,-1
707,643,1622126131290,-1,-1,-1
708,617,1622126132309,-1,-1,-1
709,1474,1622126133239,-1,-1,-1
710,1745,1622126135190,-1,-1,-1
711,851,1622126135190,-1,-1,-1
712,659,1622126136184,-1,-1,-1
713,671,1622126137181,-1,-1,-1
714,1389,1622126138129,-1,-1,-1
715,717,1622126139124,-1,-1,-1
716,667,1622126140110,-1,-1,-1
717,1079,1622126141079,-1,-1,-1
718,960,1622126142069,-1,-1,-1
719,652,1622126142069,-1,-1,-1
720,522,1622126143056,-1,-1,-1
721,392,1622126143056,-1,-1,-1
722,566,1622126144011,-1,-1,-1
723,351,1622126144011,-1,-1,-1
724,426,1622126145005,-1,-1,-1
725,443,1622126145005,-1,-1,-1
726,471,1622126145963,-1,-1,-1
727,963,1622126146951,-1,-1,-1
728,467,1622126146951,-1,-1,-1
729,663,1622126147941,-1,-1,-1
730,551,1622126147941,-1,-1,-1
731,835,1622126148902,-1,-1,-1
732,673,1622126149890,-1,-1,-1
733,324,1622126149890,-1,-1,-1
734,481,1622126150890,-1,-1,-1
735,1104,1622126151846,-1,-1,-1
736,597,1622126151846,-1,-1,-1
737,638,1622126152841,-1,-1,-1
738,556,1622126153794,-1,-1,-1
739,640,1622126153794,-1,-1,-1
740,990,1622126155775,-1,-1,-1
741,1662,1622126156735,-1,-1,-1
742,506,1622126156735,-1,-1,-1
743,752,1622126157723,-1,-1,-1
744,1315,1622126159670,-1,-1,-1
745,676,1622126159670,-1,-1,-1
746,653,1622126160660,-1,-1,-1
747,592,1622126160660,-1,-1,-1
748,351,1622126161620,-1,-1,-1
749,378,1622126161620,-1,-1,-1
750,1270,1622126163569,-1,-1,-1
751,627,1622126163569,-1,-1,-1
752,786,1622126164561,-1,-1,-1
753,691,1622126165555,-1,-1,-1
754,1283,1622126166511,-1,-1,-1
755,649,1622126167504,-1,-1,-1
756,552,1622126167504,-1,-1,-1
757,784,1622126168492,-1,-1,-1
758,1290,1622126169450,-1,-1,-1
759,565,1622126170448,-1,-1,-1
760,673,1622126171465,-1,-1,-1
761,1386,1622126172393,-1,-1,-1
762,650,1622126173383,-1,-1,-1
763,809,1622126174345,-1,-1,-1
764,644,1622126174345,-1,-1,-1
765,676,1622126175330,-1,-1,-1
766,1383,1622126176320,-1,-1,-1
767,558,1622126177282,-1,-1,-1
768,797,1622126178270,-1,-1,-1
769,625,1622126179237,-1,-1,-1
770,1733,1622126180221,-1,-1,-1
771,1201,1622126182180,-1,-1,-1
772,898,1622126182180,-1,-1,-1
773,701,1622126183180,-1,-1,-1
774,1010,1622126184156,-1,-1,-1
775,399,1622126184156,-1,-1,-1
776,368,1622126185113,-1,-1,-1
777,772,1622126186100,-1,-1,-1
778,356,1622126186100,-1,-1,-1
779,465,1622126186100,-1,-1,-1
780,669,1622126187092,-1,-1,-1
781,707,1622126188050,-1,-1,-1
782,599,1622126188050,-1,-1,-1
783,706,1622126189045,-1,-1,-1
784,639,1622126190005,-1,-1,-1
785,993,1622126190996,-1,-1,-1
786,783,1622126191982,-1,-1,-1
787,712,1622126192941,-1,-1,-1
788,400,1622126192941,-1,-1,-1
789,502,1622126192941,-1,-1,-1
790,405,1622126193934,-1,-1,-1
791,710,1622126193934,-1,-1,-1
792,622,1622126194923,-1,-1,-1
793,584,1622126195887,-1,-1,-1
794,825,1622126196876,-1,-1,-1
795,681,1622126196876,-1,-1,-1
796,667,1622126197838,-1,-1,-1
797,569,1622126198824,-1,-1,-1
798,830,1622126198824,-1,-1,-1
799,725,1622126199813,-1,-1,-1
800,588,1622126200771,-1,-1,-1
801,644,1622126201770,-1,-1,-1
802,925,1622126201770,-1,-1,-1
803,728,1622126202751,-1,-1,-1
804,645,1622126203716,-1,-1,-1
805,1307,1622126204703,-1,-1,-1
806,777,1622126205692,-1,-1,-1
807,665,1622126206650,-1,-1,-1
808,587,1622126206650,-1,-1,-1
809,427,1622126207640,-1,-1,-1
810,498,1622126207640,-1,-1,-1
811,682,1622126208600,-1,-1,-1
812,685,1622126209590,-1,-1,-1
813,712,1622126209590,-1,-1,-1
814,748,1622126210582,-1,-1,-1
815,432,1622126210582,-1,-1,-1
816,513,1622126211545,-1,-1,-1
817,1023,1622126212539,-1,-1,-1
818,727,1622126213502,-1,-1,-1
819,460,1622126213502,-1,-1,-1
820,871,1622126214481,-1,-1,-1
821,1217,1622126215473,-1,-1,-1
822,750,1622126216436,-1,-1,-1
823,599,1622126217425,-1,-1,-1
824,610,1622126217425,-1,-1,-1
825,748,1622126218410,-1,-1,-1
826,468,1622126219371,-1,-1,-1
827,824,1622126220374,-1,-1,-1
828,586,1622126220374,-1,-1,-1
829,711,1622126221323,-1,-1,-1
830,596,1622126221323,-1,-1,-1
831,550,1622126222310,-1,-1,-1
832,507,1622126223301,-1,-1,-1
833,716,1622126223301,-1,-1,-1
834,1008,1622126224268,-1,-1,-1
835,414,1622126225252,-1,-1,-1
836,762,1622126226247,-1,-1,-1
837,649,1622126226247,-1,-1,-1
838,474,1622126227202,-1,-1,-1
839,829,1622126228192,-1,-1,-1
840,1096,1622126229155,-1,-1,-1
841,1113,1622126230154,-1,-1,-1
842,609,1622126230154,-1,-1,-1
843,570,1622126231140,-1,-1,-1
844,776,1622126232091,-1,-1,-1
845,796,1622126233082,-1,-1,-1
846,1004,1622126234073,-1,-1,-1
847,490,1622126234073,-1,-1,-1
848,649,1622126235037,-1,-1,-1
849,752,1622126236024,-1,-1,-1
850,709,1622126236024,-1,-1,-1
851,1135,1622126236986,-1,-1,-1
852,530,1622126237970,-1,-1,-1
853,494,1622126237970,-1,-1,-1
854,645,1622126238962,-1,-1,-1
855,910,1622126239930,-1,-1,-1
856,971,1622126240914,-1,-1,-1
857,555,1622126241903,-1,-1,-1
858,900,1622126242867,-1,-1,-1
859,1484,1622126244814,-1,-1,-1
860,873,1622126244814,-1,-1,-1
861,754,1622126245802,-1,-1,-1
862,1211,1622126246796,-1,-1,-1
863,1437,1622126248745,-1,-1,-1
864,770,1622126248745,-1,-1,-1
865,907,1622126249735,-1,-1,-1
866,1311,1622126251688,-1,-1,-1
867,485,1622126251688,-1,-1,-1
868,957,1622126253640,-1,-1,-1
869,1062,1622126253640,-1,-1,-1
870,628,1622126254622,-1,-1,-1
871,590,1622126254622,-1,-1,-1
872,649,1622126255585,-1,-1,-1
873,561,1622126256573,-1,-1,-1
874,536,1622126256573,-1,-1,-1
875,1397,1622126258525,-1,-1,-1
876,1383,1622126259516,-1,-1,-1
877,1348,1622126261466,-1,-1,-1
878,1355,1622126262454,-1,-1,-1
879,945,1622126263421,-1,-1,-1
880,485,1622126263421,-1,-1,-1
881,605,1622126264402,-1,-1,-1
882,739,1622126265362,-1,-1,-1
883,1304,1622126266353,-1,-1,-1
884,579,1622126267343,-1,-1,-1
885,697,1622126267343,-1,-1,-1
886,924,1622126268305,-1,-1,-1
887,1008,1622126269297,-1,-1,-1
888,717,1622126270255,-1,-1,-1
889,1056,1622126271250,-1,-1,-1
890,648,1622126272236,-1,-1,-1
891,1011,1622126273194,-1,-1,-1
892,455,1622126273194,-1,-1,-1
893,731,1622126274182,-1,-1,-1
894,678,1622126275182,-1,-1,-1
895,650,1622126275182,-1,-1,-1
896,578,1622126276135,-1,-1,-1
897,881,1622126277123,-1,-1,-1
898,823,1622126278116,-1,-1,-1
899,609,1622126278116,-1,-1,-1
900,1264,1622126279078,-1,-1,-1
901,1285,1622126281025,-1,-1,-1
902,1460,1622126282016,-1,-1,-1
903,671,1622126283003,-1,-1,-1
904,648,1622126283967,-1,-1,-1
905,582,1622126283967,-1,-1,-1
906,695,1622126284955,-1,-1,-1
907,735,1622126285915,-1,-1,-1
908,651,1622126285915,-1,-1,-1
909,693,1622126286904,-1,-1,-1
910,830,1622126287892,-1,-1,-1
911,1368,1622126289850,-1,-1,-1
912,961,1622126289850,-1,-1,-1
913,808,1622126290806,-1,-1,-1
914,470,1622126291803,-1,-1,-1
915,842,1622126291803,-1,-1,-1
916,573,1622126292784,-1,-1,-1
917,625,1622126293747,-1,-1,-1
918,785,1622126294745,-1,-1,-1
919,684,1622126294745,-1,-1,-1
920,662,1622126295725,-1,-1,-1
921,597,1622126296684,-1,-1,-1
922,571,1622126296684,-1,-1,-1
923,514,1622126297677,-1,-1,-1
924,600,1622126298673,-1,-1,-1
925,822,1622126298673,-1,-1,-1
926,662,1622126299624,-1,-1,-1
927,838,1622126300617,-1,-1,-1
928,420,1622126300617,-1,-1,-1
929,875,1622126301582,-1,-1,-1
930,1012,1622126302568,-1,-1,-1
931,370,1622126302568,-1,-1,-1
932,1356,1622126304516,-1,-1,-1
933,1607,1622126305507,-1,-1,-1
934,790,1622126306498,-1,-1,-1
935,522,1622126307453,-1,-1,-1
936,401,1622126307453,-1,-1,-1
937,645,1622126308444,-1,-1,-1
938,689,1622126309406,-1,-1,-1
939,706,1622126309406,-1,-1,-1
940,664,1622126310395,-1,-1,-1
941,670,1622126311386,-1,-1,-1
942,639,1622126311387,-1,-1,-1
943,600,1622126312343,-1,-1,-1
944,784,1622126313333,-1,-1,-1
945,1241,1622126314327,-1,-1,-1
946,843,1622126315286,-1,-1,-1
947,585,1622126315286,-1,-1,-1
948,641,1622126316277,-1,-1,-1
949,681,1622126317238,-1,-1,-1
950,609,1622126317238,-1,-1,-1
951,697,1622126318225,-1,-1,-1
952,484,1622126319215,-1,-1,-1
953,737,1622126320188,-1,-1,-1
954,587,1622126320188,-1,-1,-1
955,608,1622126321174,-1,-1,-1
956,592,1622126321174,-1,-1,-1
957,553,1622126322126,-1,-1,-1
958,654,1622126322126,-1,-1,-1
959,596,1622126323116,-1,-1,-1
960,730,1622126324120,-1,-1,-1
961,608,1622126324120,-1,-1,-1
962,685,1622126325070,-1,-1,-1
963,564,1622126326053,-1,-1,-1
964,303,1622126326053,-1,-1,-1
965,630,1622126327045,-1,-1,-1
966,606,1622126327045,-1,-1,-1
967,608,1622126328007,-1,-1,-1
968,875,1622126329004,-1,-1,-1
969,1148,1622126329954,-1,-1,-1
970,987,1622126330945,-1,-1,-1
971,862,1622126331937,-1,-1,-1
972,767,1622126332896,-1,-1,-1
973,1081,1622126333885,-1,-1,-1
974,1232,1622126334845,-1,-1,-1
975,568,1622126335841,-1,-1,-1
976,1424,1622126336827,-1,-1,-1
977,620,1622126337787,-1,-1,-1
978,638,1622126337788,-1,-1,-1
979,482,1622126338777,-1,-1,-1
980,797,1622126339763,-1,-1,-1
981,747,1622126339763,-1,-1,-1
982,709,1622126340724,-1,-1,-1
983,758,1622126341713,-1,-1,-1
984,832,1622126342709,-1,-1,-1
985,735,1622126343668,-1,-1,-1
986,743,1622126343668,-1,-1,-1
987,729,1622126344654,-1,-1,-1
988,685,1622126345615,-1,-1,-1
989,683,1622126345615,-1,-1,-1
990,559,1622126346605,-1,-1,-1
991,1462,1622126348555,-1,-1,-1
992,679,1622126348555,-1,-1,-1
993,647,1622126349545,-1,-1,-1
994,461,1622126349545,-1,-1,-1
995,1552,1622126351496,-1,-1,-1
996,661,1622126352490,-1,-1,-1
997,699,1622126352490,-1,-1,-1
998,838,1622126353443,-1,-1,-1
999,734,1622126354440,-1,-1,-1
1000,395,1622126354440,-1,-1,-1
1001,859,1622126355397,-1,-1,-1
1002,809,1622126356385,-1,-1,-1
1003,381,1622126357377,-1,-1,-1
1004,951,1622126357377,-1,-1,-1
1005,654,1622126358337,-1,-1,-1
1006,607,1622126359328,-1,-1,-1
1007,541,1622126359328,-1,-1,-1
1008,435,1622126360283,-1,-1,-1
1009,938,1622126361276,-1,-1,-1
1010,436,1622126361276,-1,-1,-1
1011,1094,1622126362267,-1,-1,-1
1012,801,1622126363228,-1,-1,-1
1013,625,1622126364213,-1,-1,-1
1014,1343,1622126365202,-1,-1,-1
1015,714,1622126366170,-1,-1,-1
1016,697,1622126367170,-1,-1,-1
1017,682,1622126367170,-1,-1,-1
1018,668,1622126368115,-1,-1,-1
1019,351,1622126368115,-1,-1,-1
1020,1302,1622126370098,-1,-1,-1
1021,1001,1622126371055,-1,-1,-1
1022,1291,1622126372045,-1,-1,-1
1023,689,1622126373004,-1,-1,-1
1024,453,1622126373004,-1,-1,-1
1025,793,1622126374009,-1,-1,-1
1026,1372,1622126375949,-1,-1,-1
1027,1195,1622126376953,-1,-1,-1
1028,587,1622126376953,-1,-1,-1
1029,679,1622126377893,-1,-1,-1
1030,651,1622126378887,-1,-1,-1
1031,798,1622126378887,-1,-1,-1
1032,807,1622126379878,-1,-1,-1
1033,635,1622126380840,-1,-1,-1
1034,713,1622126381825,-1,-1,-1
1035,496,1622126381825,-1,-1,-1
1036,569,1622126382815,-1,-1,-1
1037,452,1622126382815,-1,-1,-1
1038,575,1622126383776,-1,-1,-1
1039,685,1622126384765,-1,-1,-1
1040,483,1622126384765,-1,-1,-1
1041,525,1622126385723,-1,-1,-1
1042,1592,1622126386717,-1,-1,-1
1043,950,1622126387704,-1,-1,-1
1044,518,1622126388666,-1,-1,-1
1045,801,1622126388666,-1,-1,-1
1046,522,1622126389658,-1,-1,-1
1047,459,1622126390616,-1,-1,-1
1048,788,1622126390616,-1,-1,-1
1049,587,1622126391606,-1,-1,-1
1050,848,1622126392599,-1,-1,-1
1051,1296,1622126393555,-1,-1,-1
1052,897,1622126394546,-1,-1,-1
1053,861,1622126395511,-1,-1,-1
1054,1663,1622126397485,-1,-1,-1
1055,1088,1622126398446,-1,-1,-1
1056,726,1622126398446,-1,-1,-1
1057,577,1622126399443,-1,-1,-1
1058,972,1622126400428,-1,-1,-1
1059,750,1622126401388,-1,-1,-1
1060,574,1622126401388,-1,-1,-1
1061,688,1622126402373,-1,-1,-1
1062,830,1622126403341,-1,-1,-1
1063,648,1622126404328,-1,-1,-1
1064,471,1622126404328,-1,-1,-1
1065,743,1622126405314,-1,-1,-1
1066,623,1622126405314,-1,-1,-1
1067,734,1622126406276,-1,-1,-1
1068,2050,1622126408223,-1,-1,-1
1069,751,1622126409217,-1,-1,-1
1070,714,1622126410233,-1,-1,-1
1071,733,1622126411173,-1,-1,-1
1072,583,1622126411173,-1,-1,-1
1073,589,1622126412167,-1,-1,-1
1074,623,1622126412167,-1,-1,-1
1075,1215,1622126414109,-1,-1,-1
1076,845,1622126414109,-1,-1,-1
1077,754,1622126415095,-1,-1,-1
1078,729,1622126416058,-1,-1,-1
1079,419,1622126416058,-1,-1,-1
1080,281,1622126417044,-1,-1,-1
1081,585,1622126417044,-1,-1,-1
1082,931,1622126418040,-1,-1,-1
1083,691,1622126419002,-1,-1,-1
1084,591,1622126419987,-1,-1,-1
1085,814,1622126419987,-1,-1,-1
1086,682,1622126420975,-1,-1,-1
1087,635,1622126421936,-1,-1,-1
1088,774,1622126422937,-1,-1,-1
1089,510,1622126422937,-1,-1,-1
1090,895,1622126423888,-1,-1,-1
1091,592,1622126424877,-1,-1,-1
1092,648,1622126424877,-1,-1,-1
1093,679,1622126425867,-1,-1,-1
1094,562,1622126426824,-1,-1,-1
1095,679,1622126426824,-1,-1,-1
1096,831,1622126427815,-1,-1,-1
1097,667,1622126428805,-1,-1,-1
1098,464,1622126428806,-1,-1,-1
1099,423,1622126429767,-1,-1,-1
1100,399,1622126429767,-1,-1,-1
1101,426,1622126430759,-1,-1,-1
1102,800,1622126430759,-1,-1,-1
1103,864,1622126431717,-1,-1,-1
1104,669,1622126432705,-1,-1,-1
1105,692,1622126433699,-1,-1,-1
1106,587,1622126433699,-1,-1,-1
1107,500,1622126434658,-1,-1,-1
1108,761,1622126435645,-1,-1,-1
1109,681,1622126435645,-1,-1,-1
1110,642,1622126436607,-1,-1,-1
1111,844,1622126437602,-1,-1,-1
1112,782,1622126437602,-1,-1,-1
1113,695,1622126438585,-1,-1,-1
1114,615,1622126439545,-1,-1,-1
1115,625,1622126440540,-1,-1,-1
1116,739,1622126440540,-1,-1,-1
1117,482,1622126441504,-1,-1,-1
1118,385,1622126441504,-1,-1,-1
1119,753,1622126442487,-1,-1,-1
1120,631,1622126443476,-1,-1,-1
1121,503,1622126443476,-1,-1,-1
1122,710,1622126444438,-1,-1,-1
1123,619,1622126444438,-1,-1,-1
1124,628,1622126445424,-1,-1,-1
1125,731,1622126446414,-1,-1,-1
1126,399,1622126446414,-1,-1,-1
1127,625,1622126447378,-1,-1,-1
1128,1149,1622126448368,-1,-1,-1
1129,952,1622126449359,-1,-1,-1
1130,640,1622126450317,-1,-1,-1
1131,664,1622126450317,-1,-1,-1
1132,612,1622126451307,-1,-1,-1
1133,592,1622126452300,-1,-1,-1
1134,608,1622126452300,-1,-1,-1
1135,663,1622126453258,-1,-1,-1
1136,643,1622126454246,-1,-1,-1
1137,1225,1622126455205,-1,-1,-1
1138,669,1622126455206,-1,-1,-1
1139,598,1622126456198,-1,-1,-1
1140,615,1622126457185,-1,-1,-1
1141,671,1622126457185,-1,-1,-1
1142,743,1622126458173,-1,-1,-1
1143,637,1622126459137,-1,-1,-1
1144,703,1622126460100,-1,-1,-1
1145,763,1622126460100,-1,-1,-1
1146,664,1622126461087,-1,-1,-1
1147,734,1622126462077,-1,-1,-1
1148,696,1622126462077,-1,-1,-1
1149,693,1622126463038,-1,-1,-1
1150,663,1622126464026,-1,-1,-1
1151,471,1622126464026,-1,-1,-1
1152,638,1622126465019,-1,-1,-1
1153,427,1622126465019,-1,-1,-1
1154,709,1622126465975,-1,-1,-1
1155,673,1622126466973,-1,-1,-1
1156,897,1622126467927,-1,-1,-1
1157,1315,1622126468915,-1,-1,-1
1158,631,1622126469904,-1,-1,-1
1159,1039,1622126470866,-1,-1,-1
1160,425,1622126470866,-1,-1,-1
1161,638,1622126471856,-1,-1,-1
1162,636,1622126472819,-1,-1,-1
1163,1508,1622126473803,-1,-1,-1
1164,1080,1622126474794,-1,-1,-1
1165,732,1622126475755,-1,-1,-1
1166,421,1622126475755,-1,-1,-1
1167,483,1622126476744,-1,-1,-1
1168,564,1622126477704,-1,-1,-1
1169,1277,1622126478695,-1,-1,-1
1170,644,1622126478695,-1,-1,-1
1171,773,1622126479686,-1,-1,-1
1172,625,1622126480650,-1,-1,-1
1173,1080,1622126481635,-1,-1,-1
1174,1747,1622126483589,-1,-1,-1
1175,676,1622126483589,-1,-1,-1
1176,523,1622126484573,-1,-1,-1
1177,670,1622126485534,-1,-1,-1
1178,643,1622126485534,-1,-1,-1
1179,681,1622126486526,-1,-1,-1
1180,660,1622126487516,-1,-1,-1
1181,903,1622126488478,-1,-1,-1
1182,537,1622126488478,-1,-1,-1
1183,687,1622126489466,-1,-1,-1
1184,750,1622126490426,-1,-1,-1
1185,718,1622126490426,-1,-1,-1
1186,752,1622126491417,-1,-1,-1
1187,691,1622126492406,-1,-1,-1
1188,735,1622126493366,-1,-1,-1
1189,618,1622126493366,-1,-1,-1
1190,726,1622126494362,-1,-1,-1
1191,670,1622126495346,-1,-1,-1
1192,621,1622126495346,-1,-1,-1
1193,709,1622126496306,-1,-1,-1
1194,705,1622126497302,-1,-1,-1
1195,683,1622126498260,-1,-1,-1
1196,705,1622126498260,-1,-1,-1
1197,625,1622126499247,-1,-1,-1
1198,663,1622126500234,-1,-1,-1
1199,714,1622126500234,-1,-1,-1
1200,640,1622126501197,-1,-1,-1
1201,699,1622126502190,-1,-1,-1
1202,707,1622126502190,-1,-1,-1
1203,714,1622126503173,-1,-1,-1
1204,695,1622126504135,-1,-1,-1
1205,512,1622126504135,-1,-1,-1
1206,991,1622126506088,-1,-1,-1
1207,2169,1622126508065,-1,-1,-1
1208,1156,1622126509025,-1,-1,-1
1209,672,1622126510021,-1,-1,-1
1210,1231,1622126510983,-1,-1,-1
1211,500,1622126510983,-1,-1,-1
1212,488,1622126511968,-1,-1,-1
1213,1156,1622126512958,-1,-1,-1
1214,343,1622126513917,-1,-1,-1
1215,1086,1622126514907,-1,-1,-1
1216,1004,1622126514907,-1,-1,-1
1217,725,1622126515894,-1,-1,-1
1218,862,1622126516854,-1,-1,-1
1219,505,1622126516854,-1,-1,-1
1220,508,1622126517847,-1,-1,-1
1221,735,1622126518840,-1,-1,-1
1222,721,1622126519796,-1,-1,-1
1223,1344,1622126520791,-1,-1,-1
1224,737,1622126521758,-1,-1,-1
1225,609,1622126521758,-1,-1,-1
1226,690,1622126522737,-1,-1,-1
1227,589,1622126523730,-1,-1,-1
1228,514,1622126523730,-1,-1,-1
1229,365,1622126523730,-1,-1,-1
1230,453,1622126524688,-1,-1,-1
1231,690,1622126525675,-1,-1,-1
1232,545,1622126525675,-1,-1,-1
1233,362,1622126526635,-1,-1,-1
1234,1141,1622126527626,-1,-1,-1
1235,808,1622126528619,-1,-1,-1
1236,648,1622126528619,-1,-1,-1
1237,748,1622126529577,-1,-1,-1
1238,452,1622126529577,-1,-1,-1
1239,315,1622126530567,-1,-1,-1
1240,1506,1622126531554,-1,-1,-1
1241,809,1622126532522,-1,-1,-1
1242,604,1622126533506,-1,-1,-1
1243,649,1622126533506,-1,-1,-1
1244,508,1622126534467,-1,-1,-1
1245,798,1622126535463,-1,-1,-1
1246,457,1622126535463,-1,-1,-1
1247,1845,1622126537404,-1,-1,-1
1248,370,1622126537404,-1,-1,-1
1249,358,1622126538397,-1,-1,-1
1250,601,1622126539355,-1,-1,-1
1251,1312,1622126540348,-1,-1,-1
1252,679,1622126540348,-1,-1,-1
1253,647,1622126541336,-1,-1,-1
1254,1383,1622126543288,-1,-1,-1
1255,686,1622126543288,-1,-1,-1
1256,656,1622126544274,-1,-1,-1
1257,560,1622126545237,-1,-1,-1
1258,695,1622126545237,-1,-1,-1
1259,650,1622126546235,-1,-1,-1
1260,622,1622126547187,-1,-1,-1
1261,646,1622126547189,-1,-1,-1
1262,686,1622126548174,-1,-1,-1
1263,363,1622126548174,-1,-1,-1
1264,402,1622126549188,-1,-1,-1
1265,529,1622126549188,-1,-1,-1
1266,625,1622126550126,-1,-1,-1
1267,597,1622126551118,-1,-1,-1
1268,637,1622126551118,-1,-1,-1
1269,658,1622126552109,-1,-1,-1
1270,560,1622126553065,-1,-1,-1
1271,683,1622126553065,-1,-1,-1
1272,392,1622126554059,-1,-1,-1
1273,587,1622126554059,-1,-1,-1
1274,507,1622126555078,-1,-1,-1
1275,871,1622126556007,-1,-1,-1
1276,509,1622126556007,-1,-1,-1
1277,787,1622126557004,-1,-1,-1
1278,316,1622126557004,-1,-1,-1
1279,504,1622126557961,-1,-1,-1
1280,1002,1622126558945,-1,-1,-1
1281,620,1622126558945,-1,-1,-1
1282,625,1622126559907,-1,-1,-1
1283,683,1622126560896,-1,-1,-1
1284,705,1622126560896,-1,-1,-1
1285,771,1622126561887,-1,-1,-1
1286,763,1622126562845,-1,-1,-1
1287,757,1622126563836,-1,-1,-1
1288,812,1622126564835,-1,-1,-1
1289,780,1622126564835,-1,-1,-1
1290,746,1622126565785,-1,-1,-1
1291,715,1622126566775,-1,-1,-1
1292,710,1622126567814,-1,-1,-1
1293,728,1622126567814,-1,-1,-1
1294,878,1622126569716,-1,-1,-1
1295,1132,1622126569716,-1,-1,-1
1296,587,1622126570674,-1,-1,-1
1297,551,1622126570674,-1,-1,-1
1298,690,1622126571671,-1,-1,-1
1299,744,1622126572658,-1,-1,-1
1300,661,1622126573616,-1,-1,-1
1301,551,1622126573616,-1,-1,-1
1302,757,1622126574604,-1,-1,-1
1303,621,1622126575566,-1,-1,-1
1304,671,1622126575566,-1,-1,-1
1305,416,1622126576556,-1,-1,-1
1306,906,1622126577547,-1,-1,-1
1307,686,1622126578507,-1,-1,-1
1308,629,1622126578507,-1,-1,-1
1309,731,1622126579500,-1,-1,-1
1310,611,1622126580487,-1,-1,-1
1311,680,1622126580488,-1,-1,-1
1312,647,1622126581445,-1,-1,-1
1313,684,1622126582471,-1,-1,-1
1314,666,1622126582471,-1,-1,-1
1315,668,1622126583398,-1,-1,-1
1316,697,1622126584387,-1,-1,-1
1317,674,1622126584388,-1,-1,-1
1318,694,1622126585348,-1,-1,-1
1319,705,1622126586337,-1,-1,-1
1320,545,1622126586337,-1,-1,-1
1321,765,1622126587324,-1,-1,-1
1322,552,1622126588297,-1,-1,-1
1323,794,1622126589276,-1,-1,-1
1324,618,1622126589276,-1,-1,-1
1325,544,1622126590237,-1,-1,-1
1326,669,1622126590237,-1,-1,-1
1327,646,1622126591228,-1,-1,-1
1328,745,1622126592219,-1,-1,-1
1329,699,1622126593174,-1,-1,-1
1330,623,1622126593174,-1,-1,-1
1331,704,1622126594164,-1,-1,-1
1332,792,1622126595126,-1,-1,-1
1333,616,1622126595126,-1,-1,-1
1334,1235,1622126597109,-1,-1,-1
1335,724,1622126597109,-1,-1,-1
1336,623,1622126598070,-1,-1,-1
1337,636,1622126599060,-1,-1,-1
1338,650,1622126599060,-1,-1,-1
1339,619,1622126600048,-1,-1,-1
1340,599,1622126601009,-1,-1,-1
1341,727,1622126601009,-1,-1,-1
1342,622,1622126601997,-1,-1,-1
1343,573,1622126601997,-1,-1,-1
1344,511,1622126602971,-1,-1,-1
1345,543,1622126603946,-1,-1,-1
1346,698,1622126603946,-1,-1,-1
1347,407,1622126604937,-1,-1,-1
1348,1217,1622126605900,-1,-1,-1
1349,808,1622126842783,-1,-1,-1
1350,986,1622126851869,-1,-1,-1
1351,782,1622126852242,-1,-1,-1
1352,1089,1622126852333,-1,-1,-1
1353,586,1622126852333,-1,-1,-1
1354,698,1622126852503,-1,-1,-1
1355,736,1622126852561,-1,-1,-1
1356,598,1622126852618,-1,-1,-1
1357,678,1622126852618,-1,-1,-1
1358,731,1622126852683,-1,-1,-1
1359,643,1622126852683,-1,-1,-1
1360,917,1622126853381,-1,-1,-1
1361,1111,1622126855298,-1,-1,-1
1362,518,1622126855298,-1,-1,-1
1363,649,1622126855697,-1,-1,-1
1364,504,1622126855697,-1,-1,-1
1365,523,1622126855908,-1,-1,-1
1366,535,1622126855908,-1,-1,-1
1367,593,1622126856017,-1,-1,-1
1368,644,1622126856174,-1,-1,-1
1369,834,1622126856305,-1,-1,-1
1370,1215,1622126856409,-1,-1,-1
1371,724,1622126856409,-1,-1,-1
1372,642,1622126856576,-1,-1,-1
1373,671,1622126856747,-1,-1,-1
1374,689,1622126856836,-1,-1,-1
1375,695,1622126856836,-1,-1,-1
1376,685,1622126856956,-1,-1,-1
1377,672,1622126857192,-1,-1,-1
1378,682,1622126857192,-1,-1,-1
1379,731,1622126857386,-1,-1,-1
1380,620,1622126857894,-1,-1,-1
1381,657,1622126857894,-1,-1,-1
1382,684,1622126858212,-1,-1,-1
1383,671,1622126858821,-1,-1,-1
1384,713,1622126859283,-1,-1,-1
1385,730,1622126859283,-1,-1,-1
1386,675,1622126859399,-1,-1,-1
1387,626,1622126859399,-1,-1,-1
1388,596,1622126859549,-1,-1,-1
1389,700,1622126859776,-1,-1,-1
1390,765,1622126859938,-1,-1,-1
1391,658,1622126859938,-1,-1,-1
1392,611,1622126860118,-1,-1,-1
1393,612,1622126860239,-1,-1,-1
1394,802,1622126860239,-1,-1,-1
1395,648,1622126860309,-1,-1,-1
1396,841,1622126860387,-1,-1,-1
1397,1607,1622126860536,-1,-1,-1
1398,589,1622126860536,-1,-1,-1
1399,832,1622126860604,-1,-1,-1
1400,464,1622126860659,-1,-1,-1
1401,657,1622126860659,-1,-1,-1
1402,851,1622126860733,-1,-1,-1
1403,703,1622126860795,-1,-1,-1
1404,1316,1622126860940,-1,-1,-1
1405,1224,1622126860940,-1,-1,-1
1406,510,1622126861024,-1,-1,-1
1407,921,1622126861078,-1,-1,-1
1408,1117,1622126861135,-1,-1,-1
1409,783,1622126861208,-1,-1,-1
1410,702,1622126861258,-1,-1,-1
1411,702,1622126861258,-1,-1,-1
1412,722,1622126861315,-1,-1,-1
1413,720,1622126861368,-1,-1,-1
1414,611,1622126861368,-1,-1,-1
1415,660,1622126861451,-1,-1,-1
1416,611,1622126861505,-1,-1,-1
1417,863,1622126861561,-1,-1,-1
1418,537,1622126861561,-1,-1,-1
1419,656,1622126861641,-1,-1,-1
1420,740,1622126861692,-1,-1,-1
1421,630,1622126861692,-1,-1,-1
1422,753,1622126861744,-1,-1,-1
1423,765,1622126861792,-1,-1,-1
1424,621,1622126861792,-1,-1,-1
1425,430,1622126861861,-1,-1,-1
1426,472,1622126861861,-1,-1,-1
1427,449,1622126861912,-1,-1,-1
1428,530,1622126861912,-1,-1,-1
1429,1010,1622126861958,-1,-1,-1
1430,1137,1622126862078,-1,-1,-1
1431,674,1622126862078,-1,-1,-1
1432,722,1622126862136,-1,-1,-1
1433,547,1622126862136,-1,-1,-1
1434,440,1622126862206,-1,-1,-1
1435,564,1622126862276,-1,-1,-1
1436,429,1622126862276,-1,-1,-1
1437,574,1622126862341,-1,-1,-1
1438,648,1622126862341,-1,-1,-1
1439,626,1622126862392,-1,-1,-1
1440,1059,1622126862442,-1,-1,-1
1441,1253,1622126862515,-1,-1,-1
1442,663,1622126862576,-1,-1,-1
1443,616,1622126862636,-1,-1,-1
1444,594,1622126862636,-1,-1,-1
1445,648,1622126862705,-1,-1,-1
1446,595,1622126862705,-1,-1,-1
1447,726,1622126862758,-1,-1,-1
1448,678,1622126862810,-1,-1,-1
1449,678,1622126862857,-1,-1,-1
1450,687,1622126862857,-1,-1,-1
1451,736,1622126862914,-1,-1,-1
1452,709,1622126862961,-1,-1,-1
1453,723,1622126862961,-1,-1,-1
1454,713,1622126863011,-1,-1,-1
1455,719,1622126863104,-1,-1,-1
1456,742,1622126863198,-1,-1,-1
1457,692,1622126863258,-1,-1,-1
1458,1406,1622126863325,-1,-1,-1
1459,1704,1622126863483,-1,-1,-1
1460,912,1622126863587,-1,-1,-1
1461,622,1622126863587,-1,-1,-1
1462,631,1622126863656,-1,-1,-1
1463,953,1622126863736,-1,-1,-1
1464,469,1622126863736,-1,-1,-1
1465,843,1622126863806,-1,-1,-1
1466,564,1622126863875,-1,-1,-1
1467,573,1622126863875,-1,-1,-1
1468,750,1622126863950,-1,-1,-1
1469,700,1622126864066,-1,-1,-1
1470,688,1622126864066,-1,-1,-1
1471,648,1622126864143,-1,-1,-1
1472,725,1622126864250,-1,-1,-1
1473,477,1622126864250,-1,-1,-1
1474,375,1622126864414,-1,-1,-1
1475,1203,1622126864481,-1,-1,-1
1476,1404,1622126864589,-1,-1,-1
1477,1273,1622126864655,-1,-1,-1
1478,819,1622126864705,-1,-1,-1
1479,441,1622126864705,-1,-1,-1
1480,786,1622126864748,-1,-1,-1
1481,756,1622126864794,-1,-1,-1
1482,679,1622126864794,-1,-1,-1
1483,693,1622126864851,-1,-1,-1
1484,580,1622126864901,-1,-1,-1
1485,696,1622126864901,-1,-1,-1
1486,664,1622126864946,-1,-1,-1
1487,678,1622126865006,-1,-1,-1
1488,599,1622126865006,-1,-1,-1
1489,1287,1622126865119,-1,-1,-1
1490,617,1622126865119,-1,-1,-1
1491,660,1622126865207,-1,-1,-1
1492,584,1622126865303,-1,-1,-1
1493,736,1622126865303,-1,-1,-1
1494,595,1622126865373,-1,-1,-1
1495,603,1622126865434,-1,-1,-1
1496,630,1622126865434,-1,-1,-1
1497,527,1622126865528,-1,-1,-1
1498,533,1622126865528,-1,-1,-1
1499,390,1622126865609,-1,-1,-1
1500,702,1622126865609,-1,-1,-1
1501,1090,1622126865644,-1,-1,-1
1502,653,1622126865684,-1,-1,-1
1503,643,1622126865724,-1,-1,-1
1504,538,1622126865724,-1,-1,-1
1505,360,1622126865763,-1,-1,-1
1506,397,1622126865763,-1,-1,-1
1507,697,1622126865800,-1,-1,-1
1508,637,1622126865800,-1,-1,-1
1509,633,1622126865849,-1,-1,-1
1510,623,1622126865886,-1,-1,-1
1511,1250,1622126866224,-1,-1,-1
1512,683,1622126867679,-1,-1,-1
1513,664,1622126867743,-1,-1,-1
1514,649,1622126867743,-1,-1,-1
1515,625,1622126867788,-1,-1,-1
1516,626,1622126867880,-1,-1,-1
1517,705,1622126867880,-1,-1,-1
1518,723,1622126867918,-1,-1,-1
1519,713,1622126867958,-1,-1,-1
1520,720,1622126867958,-1,-1,-1
1521,814,1622126868020,-1,-1,-1
1522,493,1622126868062,-1,-1,-1
1523,727,1622126868062,-1,-1,-1
1524,745,1622126868107,-1,-1,-1
1525,690,1622126868167,-1,-1,-1
1526,625,1622126868167,-1,-1,-1
1527,784,1622126868228,-1,-1,-1
1528,721,1622126868296,-1,-1,-1
1529,705,1622126868343,-1,-1,-1
1530,684,1622126868391,-1,-1,-1
1531,896,1622126868391,-1,-1,-1
1532,1094,1622126868473,-1,-1,-1
1533,631,1622126868473,-1,-1,-1
1534,578,1622126868518,-1,-1,-1
1535,653,1622126868518,-1,-1,-1
1536,654,1622126868575,-1,-1,-1
1537,589,1622126868616,-1,-1,-1
1538,710,1622126868616,-1,-1,-1
1539,637,1622126868652,-1,-1,-1
1540,721,1622126868691,-1,-1,-1
1541,634,1622126868691,-1,-1,-1
1542,655,1622126868735,-1,-1,-1
1543,639,1622126868781,-1,-1,-1
1544,1135,1622126868827,-1,-1,-1
1545,802,1622126868942,-1,-1,-1
1546,1302,1622126869001,-1,-1,-1
1547,548,1622126869050,-1,-1,-1
1548,689,1622126869050,-1,-1,-1
1549,638,1622126869099,-1,-1,-1
1550,619,1622126869249,-1,-1,-1
1551,1304,1622126869303,-1,-1,-1
1552,1335,1622126870275,-1,-1,-1
1553,637,1622126872573,-1,-1,-1
1554,648,1622126872690,-1,-1,-1
1555,559,1622126872690,-1,-1,-1
1556,818,1622126872741,-1,-1,-1
1557,620,1622126872784,-1,-1,-1
1558,672,1622126872784,-1,-1,-1
1559,692,1622126872834,-1,-1,-1
1560,650,1622126872873,-1,-1,-1
1561,713,1622126872924,-1,-1,-1
1562,660,1622126872924,-1,-1,-1
1563,540,1622126872965,-1,-1,-1
1564,793,1622126873007,-1,-1,-1
1565,706,1622126873007,-1,-1,-1
1566,576,1622126873045,-1,-1,-1
1567,589,1622126873045,-1,-1,-1
1568,730,1622126873084,-1,-1,-1
1569,934,1622126873241,-1,-1,-1
1570,943,1622126873241,-1,-1,-1
1571,509,1622126873354,-1,-1,-1
1572,450,1622126873354,-1,-1,-1
1573,591,1622126873405,-1,-1,-1
1574,759,1622126873405,-1,-1,-1
1575,957,1622126873642,-1,-1,-1
1576,430,1622126873642,-1,-1,-1
1577,486,1622126873642,-1,-1,-1
1578,743,1622126874065,-1,-1,-1
1579,349,1622126874065,-1,-1,-1
1580,691,1622126881614,-1,-1,-1
1581,642,1622126882386,-1,-1,-1
1582,623,1622126882553,-1,-1,-1
1583,612,1622126882553,-1,-1,-1
1584,685,1622126882684,-1,-1,-1
1585,870,1622126882801,-1,-1,-1
1586,503,1622126882801,-1,-1,-1
1587,617,1622126882896,-1,-1,-1
1588,734,1622126883073,-1,-1,-1
1589,565,1622126883073,-1,-1,-1
1590,615,1622126883308,-1,-1,-1
1591,614,1622126883308,-1,-1,-1
1592,674,1622126883354,-1,-1,-1
1593,653,1622126883401,-1,-1,-1
1594,678,1622126883448,-1,-1,-1
1595,645,1622126883448,-1,-1,-1
1596,733,1622126883513,-1,-1,-1
1597,572,1622126883589,-1,-1,-1
1598,670,1622126883589,-1,-1,-1
1599,567,1622126883720,-1,-1,-1
1600,703,1622126883835,-1,-1,-1
1601,646,1622126883835,-1,-1,-1
1602,604,1622126883935,-1,-1,-1
1603,1373,1622126883998,-1,-1,-1
1604,674,1622126884118,-1,-1,-1
1605,618,1622126884243,-1,-1,-1
1606,610,1622126884243,-1,-1,-1
1607,642,1622126884318,-1,-1,-1
1608,585,1622126884318,-1,-1,-1
1609,650,1622126884514,-1,-1,-1
1610,657,1622126884626,-1,-1,-1
1611,474,1622126884626,-1,-1,-1
