,RR,Timestamp,SensorContact,errorEstimate,blockerBit
0,791,1623072923559,-1,-1,-1
1,639,1623072923559,-1,-1,-1
2,775,1623072923559,-1,-1,-1
3,759,1623072923559,-1,-1,-1
4,783,1623072923559,-1,-1,-1
5,767,1623072923559,-1,-1,-1
6,735,1623072923559,-1,-1,-1
7,759,1623072923559,-1,-1,-1
8,679,1623072923559,-1,-1,-1
9,743,1623072924100,-1,-1,-1
10,727,1623072924100,-1,-1,-1
11,711,1623072924100,-1,-1,-1
12,735,1623072925090,-1,-1,-1
13,711,1623072926079,-1,-1,-1
14,719,1623072926079,-1,-1,-1
15,743,1623072927085,-1,-1,-1
16,743,1623072928074,-1,-1,-1
17,735,1623072929064,-1,-1,-1
18,743,1623072929064,-1,-1,-1
19,727,1623072930083,-1,-1,-1
20,711,1623072931073,-1,-1,-1
21,695,1623072931073,-1,-1,-1
22,687,1623072932067,-1,-1,-1
23,695,1623072933084,-1,-1,-1
24,695,1623072934077,-1,-1,-1
25,695,1623072934077,-1,-1,-1
26,711,1623072935067,-1,-1,-1
27,671,1623072937074,-1,-1,-1
28,791,1623072938065,-1,-1,-1
29,815,1623072939083,-1,-1,-1
30,719,1623072940104,-1,-1,-1
31,767,1623072940104,-1,-1,-1
32,751,1623072941093,-1,-1,-1
33,727,1623072942084,-1,-1,-1
34,703,1623072942084,-1,-1,-1
35,671,1623072943073,-1,-1,-1
36,679,1623072944064,-1,-1,-1
37,535,1623072946074,-1,-1,-1
38,847,1623072947064,-1,-1,-1
39,767,1623072947064,-1,-1,-1
40,695,1623072948084,-1,-1,-1
41,751,1623072949073,-1,-1,-1
42,719,1623072952073,-1,-1,-1
43,727,1623072952074,-1,-1,-1
44,719,1623072953063,-1,-1,-1
45,679,1623072954054,-1,-1,-1
46,695,1623072955074,-1,-1,-1
47,807,1623072955074,-1,-1,-1
48,751,1623072956063,-1,-1,-1
49,767,1623072957053,-1,-1,-1
50,799,1623072958072,-1,-1,-1
51,759,1623072960052,-1,-1,-1
52,783,1623072961073,-1,-1,-1
53,799,1623072962061,-1,-1,-1
54,807,1623072962061,-1,-1,-1
55,807,1623072963052,-1,-1,-1
56,783,1623072964074,-1,-1,-1
57,759,1623072965063,-1,-1,-1
58,751,1623072965063,-1,-1,-1
59,735,1623072966054,-1,-1,-1
60,727,1623072967076,-1,-1,-1
61,727,1623072968068,-1,-1,-1
62,735,1623072968068,-1,-1,-1
63,783,1623072969060,-1,-1,-1
64,799,1623072970109,-1,-1,-1
65,791,1623072971067,-1,-1,-1
66,807,1623072972059,-1,-1,-1
67,831,1623072972059,-1,-1,-1
68,823,1623072973108,-1,-1,-1
69,799,1623072974099,-1,-1,-1
70,807,1623072975089,-1,-1,-1
71,839,1623072976072,-1,-1,-1
72,855,1623072977067,-1,-1,-1
73,759,1623072977067,-1,-1,-1
74,799,1623072978088,-1,-1,-1
75,839,1623072981089,-1,-1,-1
76,711,1623072981089,-1,-1,-1
77,815,1623072982078,-1,-1,-1
78,807,1623072984088,-1,-1,-1
79,759,1623072985077,-1,-1,-1
80,751,1623072986067,-1,-1,-1
81,791,1623072987088,-1,-1,-1
82,623,1623072990088,-1,-1,-1
83,551,1623072994077,-1,-1,-1
84,783,1623072996119,-1,-1,-1
85,775,1623072997079,-1,-1,-1
86,719,1623072998069,-1,-1,-1
87,695,1623072999089,-1,-1,-1
88,791,1623072999089,-1,-1,-1
89,663,1623073005088,-1,-1,-1
90,759,1623073005088,-1,-1,-1
91,663,1623073006108,-1,-1,-1
92,671,1623073007097,-1,-1,-1
93,727,1623073007097,-1,-1,-1
94,639,1623073008089,-1,-1,-1
95,751,1623073010068,-1,-1,-1
96,735,1623073011089,-1,-1,-1
97,623,1623073014089,-1,-1,-1
98,1000,1623073015078,-1,-1,-1
99,783,1623073016067,-1,-1,-1
100,695,1623073017053,-1,-1,-1
101,671,1623073017053,-1,-1,-1
102,743,1623073020054,-1,-1,-1
103,663,1623073020054,-1,-1,-1
104,903,1623073022067,-1,-1,-1
105,791,1623073026062,-1,-1,-1
106,703,1623073033077,-1,-1,-1
107,687,1623073033077,-1,-1,-1
108,807,1623073034067,-1,-1,-1
109,767,1623073035059,-1,-1,-1
110,511,1623073036076,-1,-1,-1
111,607,1623073039108,-1,-1,-1
112,719,1623073040097,-1,-1,-1
113,735,1623073041059,-1,-1,-1
114,615,1623073041059,-1,-1,-1
115,799,1623073042074,-1,-1,-1
116,719,1623073043067,-1,-1,-1
117,543,1623073043067,-1,-1,-1
118,719,1623073044057,-1,-1,-1
119,871,1623073045078,-1,-1,-1
120,679,1623073046067,-1,-1,-1
121,711,1623073046067,-1,-1,-1
122,527,1623073048076,-1,-1,-1
123,831,1623073049067,-1,-1,-1
124,711,1623073050057,-1,-1,-1
125,679,1623073050057,-1,-1,-1
126,631,1623073051077,-1,-1,-1
127,655,1623073052067,-1,-1,-1
128,695,1623073052067,-1,-1,-1
129,719,1623073055069,-1,-1,-1
130,735,1623073055069,-1,-1,-1
131,823,1623073056054,-1,-1,-1
132,703,1623073057076,-1,-1,-1
133,639,1623073058067,-1,-1,-1
134,703,1623073058067,-1,-1,-1
135,663,1623073059057,-1,-1,-1
136,671,1623073060072,-1,-1,-1
137,687,1623073060072,-1,-1,-1
138,727,1623073061066,-1,-1,-1
139,767,1623073062058,-1,-1,-1
140,807,1623073063077,-1,-1,-1
141,815,1623073063077,-1,-1,-1
142,823,1623073064067,-1,-1,-1
143,807,1623073065059,-1,-1,-1
144,815,1623073066076,-1,-1,-1
145,783,1623073067062,-1,-1,-1
146,863,1623073071052,-1,-1,-1
147,839,1623073072102,-1,-1,-1
148,855,1623073073092,-1,-1,-1
149,871,1623073074056,-1,-1,-1
150,895,1623073075077,-1,-1,-1
151,871,1623073076067,-1,-1,-1
152,847,1623073076067,-1,-1,-1
153,799,1623073077057,-1,-1,-1
154,759,1623073078077,-1,-1,-1
155,759,1623073079066,-1,-1,-1
156,727,1623073080081,-1,-1,-1
157,735,1623073080081,-1,-1,-1
158,759,1623073081077,-1,-1,-1
159,823,1623073082067,-1,-1,-1
160,775,1623073083056,-1,-1,-1
161,831,1623073083056,-1,-1,-1
162,807,1623073084075,-1,-1,-1
163,799,1623073085067,-1,-1,-1
164,783,1623073086056,-1,-1,-1
165,743,1623073087076,-1,-1,-1
166,775,1623073087076,-1,-1,-1
167,743,1623073088067,-1,-1,-1
168,855,1623073089056,-1,-1,-1
169,895,1623073090074,-1,-1,-1
170,871,1623073091061,-1,-1,-1
171,903,1623073092057,-1,-1,-1
172,847,1623073092057,-1,-1,-1
173,951,1623073093076,-1,-1,-1
174,911,1623073094067,-1,-1,-1
175,871,1623073095056,-1,-1,-1
176,839,1623073096076,-1,-1,-1
177,879,1623073097067,-1,-1,-1
178,767,1623073098058,-1,-1,-1
179,775,1623073098058,-1,-1,-1
180,735,1623073099076,-1,-1,-1
181,703,1623073100067,-1,-1,-1
182,711,1623073101056,-1,-1,-1
183,831,1623073101056,-1,-1,-1
184,719,1623073102076,-1,-1,-1
185,879,1623073103067,-1,-1,-1
186,887,1623073104056,-1,-1,-1
187,855,1623073105107,-1,-1,-1
188,871,1623073106096,-1,-1,-1
189,759,1623073106096,-1,-1,-1
190,759,1623073107057,-1,-1,-1
191,687,1623073108076,-1,-1,-1
192,671,1623073109066,-1,-1,-1
193,687,1623073109066,-1,-1,-1
194,631,1623073110088,-1,-1,-1
195,791,1623073112066,-1,-1,-1
196,855,1623073113056,-1,-1,-1
197,879,1623073114075,-1,-1,-1
198,871,1623073115066,-1,-1,-1
199,847,1623073116055,-1,-1,-1
200,839,1623073116055,-1,-1,-1
201,847,1623073117076,-1,-1,-1
202,807,1623073118066,-1,-1,-1
203,815,1623073119056,-1,-1,-1
204,703,1623073120076,-1,-1,-1
205,767,1623073120076,-1,-1,-1
206,727,1623073121065,-1,-1,-1
207,783,1623073122061,-1,-1,-1
208,767,1623073123076,-1,-1,-1
209,807,1623073123076,-1,-1,-1
210,735,1623073124066,-1,-1,-1
211,831,1623073125054,-1,-1,-1
212,759,1623073126071,-1,-1,-1
213,759,1623073128060,-1,-1,-1
214,743,1623073129076,-1,-1,-1
215,743,1623073130066,-1,-1,-1
216,807,1623073130066,-1,-1,-1
217,759,1623073131055,-1,-1,-1
218,751,1623073132106,-1,-1,-1
219,815,1623073133066,-1,-1,-1
220,767,1623073134061,-1,-1,-1
221,767,1623073134061,-1,-1,-1
222,783,1623073135075,-1,-1,-1
223,783,1623073136096,-1,-1,-1
224,759,1623073137057,-1,-1,-1
225,775,1623073137057,-1,-1,-1
226,671,1623073138100,-1,-1,-1
227,887,1623073139096,-1,-1,-1
228,607,1623073140051,-1,-1,-1
229,895,1623073140052,-1,-1,-1
230,767,1623073141076,-1,-1,-1
231,711,1623073142067,-1,-1,-1
232,751,1623073143055,-1,-1,-1
233,735,1623073143055,-1,-1,-1
234,759,1623073144075,-1,-1,-1
235,815,1623073145066,-1,-1,-1
236,711,1623073146055,-1,-1,-1
237,727,1623073146055,-1,-1,-1
238,791,1623073147076,-1,-1,-1
239,719,1623073148066,-1,-1,-1
240,719,1623073149055,-1,-1,-1
241,735,1623073149056,-1,-1,-1
242,711,1623073150075,-1,-1,-1
243,695,1623073151064,-1,-1,-1
244,495,1623073151064,-1,-1,-1
245,847,1623073153075,-1,-1,-1
246,847,1623073154068,-1,-1,-1
247,687,1623073156075,-1,-1,-1
248,703,1623073157066,-1,-1,-1
249,679,1623073158055,-1,-1,-1
250,959,1623073160064,-1,-1,-1
251,607,1623073160064,-1,-1,-1
252,631,1623073161086,-1,-1,-1
253,711,1623073162076,-1,-1,-1
254,927,1623073163066,-1,-1,-1
255,647,1623073163066,-1,-1,-1
256,911,1623073168046,-1,-1,-1
257,887,1623073169065,-1,-1,-1
258,783,1623073171046,-1,-1,-1
259,799,1623073172095,-1,-1,-1
260,775,1623073173055,-1,-1,-1
261,735,1623073174045,-1,-1,-1
262,735,1623073174045,-1,-1,-1
263,791,1623073175065,-1,-1,-1
264,799,1623073176050,-1,-1,-1
265,799,1623073177041,-1,-1,-1
266,783,1623073178061,-1,-1,-1
267,783,1623073178061,-1,-1,-1
268,775,1623073179051,-1,-1,-1
269,735,1623073180042,-1,-1,-1
270,727,1623073181060,-1,-1,-1
271,711,1623073181060,-1,-1,-1
272,711,1623073182050,-1,-1,-1
273,695,1623073183041,-1,-1,-1
274,719,1623073184061,-1,-1,-1
275,727,1623073184061,-1,-1,-1
276,735,1623073185052,-1,-1,-1
277,735,1623073186045,-1,-1,-1
278,759,1623073186045,-1,-1,-1
279,703,1623073187064,-1,-1,-1
280,711,1623073188054,-1,-1,-1
281,711,1623073189075,-1,-1,-1
282,775,1623073189075,-1,-1,-1
283,959,1623073190065,-1,-1,-1
284,959,1623073191056,-1,-1,-1
285,919,1623073192045,-1,-1,-1
286,839,1623073193065,-1,-1,-1
287,831,1623073194054,-1,-1,-1
288,799,1623073195046,-1,-1,-1
289,783,1623073195046,-1,-1,-1
290,775,1623073196066,-1,-1,-1
291,751,1623073197055,-1,-1,-1
292,847,1623073198046,-1,-1,-1
293,751,1623073199066,-1,-1,-1
294,759,1623073199066,-1,-1,-1
295,743,1623073200050,-1,-1,-1
296,719,1623073201047,-1,-1,-1
297,783,1623073202065,-1,-1,-1
298,735,1623073202065,-1,-1,-1
299,751,1623073203055,-1,-1,-1
300,775,1623073204045,-1,-1,-1
301,743,1623073205067,-1,-1,-1
302,719,1623073205067,-1,-1,-1
303,783,1623073206050,-1,-1,-1
304,695,1623073207047,-1,-1,-1
305,703,1623073208065,-1,-1,-1
306,735,1623073208065,-1,-1,-1
307,719,1623073209056,-1,-1,-1
308,695,1623073210045,-1,-1,-1
309,663,1623073210045,-1,-1,-1
310,679,1623073211065,-1,-1,-1
311,663,1623073212054,-1,-1,-1
312,671,1623073212054,-1,-1,-1
313,703,1623073213045,-1,-1,-1
314,719,1623073214060,-1,-1,-1
315,719,1623073215055,-1,-1,-1
316,743,1623073215055,-1,-1,-1
317,711,1623073216045,-1,-1,-1
318,671,1623073217066,-1,-1,-1
319,735,1623073217067,-1,-1,-1
320,687,1623073218055,-1,-1,-1
321,727,1623073219039,-1,-1,-1
322,671,1623073222074,-1,-1,-1
323,631,1623073225045,-1,-1,-1
324,863,1623073226069,-1,-1,-1
325,903,1623073230054,-1,-1,-1
326,839,1623073231046,-1,-1,-1
327,815,1623073232065,-1,-1,-1
328,815,1623073233056,-1,-1,-1
329,831,1623073234048,-1,-1,-1
330,743,1623073235065,-1,-1,-1
331,799,1623073235065,-1,-1,-1
332,815,1623073236115,-1,-1,-1
333,807,1623073237044,-1,-1,-1
334,807,1623073238064,-1,-1,-1
335,831,1623073239054,-1,-1,-1
336,775,1623073239054,-1,-1,-1
337,767,1623073240045,-1,-1,-1
338,703,1623073241063,-1,-1,-1
339,823,1623073242050,-1,-1,-1
340,743,1623073242050,-1,-1,-1
341,1007,1623073243040,-1,-1,-1
342,831,1623073244059,-1,-1,-1
343,823,1623073245051,-1,-1,-1
344,799,1623073246043,-1,-1,-1
345,759,1623073247064,-1,-1,-1
346,743,1623073247064,-1,-1,-1
347,679,1623073251055,-1,-1,-1
348,615,1623073251055,-1,-1,-1
349,655,1623073252045,-1,-1,-1
350,695,1623073253067,-1,-1,-1
351,863,1623073254054,-1,-1,-1
352,671,1623073254054,-1,-1,-1
353,871,1623073264045,-1,-1,-1
354,727,1623073264045,-1,-1,-1
355,663,1623073265064,-1,-1,-1
356,919,1623073266055,-1,-1,-1
357,815,1623073267044,-1,-1,-1
358,743,1623073267044,-1,-1,-1
359,759,1623073268066,-1,-1,-1
360,839,1623073269055,-1,-1,-1
361,703,1623073270044,-1,-1,-1
362,823,1623073272079,-1,-1,-1
363,983,1623073273039,-1,-1,-1
364,791,1623073275054,-1,-1,-1
365,663,1623073276044,-1,-1,-1
366,855,1623073277059,-1,-1,-1
367,759,1623073277059,-1,-1,-1
368,719,1623073278054,-1,-1,-1
369,703,1623073279045,-1,-1,-1
370,695,1623073279045,-1,-1,-1
371,647,1623073280067,-1,-1,-1
372,639,1623073281055,-1,-1,-1
373,647,1623073281055,-1,-1,-1
374,631,1623073282044,-1,-1,-1
375,671,1623073283063,-1,-1,-1
376,879,1623073284049,-1,-1,-1
377,879,1623073289058,-1,-1,-1
378,887,1623073290054,-1,-1,-1
379,831,1623073291038,-1,-1,-1
380,823,1623073292059,-1,-1,-1
381,799,1623073293054,-1,-1,-1
382,783,1623073293054,-1,-1,-1
383,735,1623073294045,-1,-1,-1
384,743,1623073295061,-1,-1,-1
385,759,1623073296057,-1,-1,-1
386,775,1623073296057,-1,-1,-1
387,767,1623073297044,-1,-1,-1
388,791,1623073298093,-1,-1,-1
389,807,1623073299053,-1,-1,-1
390,695,1623073299053,-1,-1,-1
391,839,1623073303044,-1,-1,-1
392,775,1623073304033,-1,-1,-1
393,775,1623073304033,-1,-1,-1
394,775,1623073305054,-1,-1,-1
395,727,1623073306044,-1,-1,-1
396,703,1623073307033,-1,-1,-1
397,695,1623073307033,-1,-1,-1
398,663,1623073308054,-1,-1,-1
399,647,1623073309045,-1,-1,-1
400,607,1623073309045,-1,-1,-1
401,631,1623073310033,-1,-1,-1
402,719,1623073321072,-1,-1,-1
403,711,1623073321072,-1,-1,-1
404,735,1623073322061,-1,-1,-1
405,695,1623073323049,-1,-1,-1
406,623,1623073323049,-1,-1,-1
407,655,1623073324041,-1,-1,-1
408,471,1623073325032,-1,-1,-1
409,719,1623073325032,-1,-1,-1
410,695,1623073326053,-1,-1,-1
411,607,1623073327071,-1,-1,-1
412,631,1623073327071,-1,-1,-1
413,567,1623073328028,-1,-1,-1
414,647,1623073328028,-1,-1,-1
415,607,1623073329050,-1,-1,-1
416,591,1623073330041,-1,-1,-1
417,607,1623073330041,-1,-1,-1
418,607,1623073331033,-1,-1,-1
419,631,1623073332052,-1,-1,-1
420,583,1623073332052,-1,-1,-1
421,623,1623073333042,-1,-1,-1
422,591,1623073333043,-1,-1,-1
423,623,1623073334031,-1,-1,-1
424,599,1623073335051,-1,-1,-1
425,631,1623073335051,-1,-1,-1
426,679,1623073336042,-1,-1,-1
427,663,1623073338052,-1,-1,-1
428,663,1623073338052,-1,-1,-1
429,703,1623073339038,-1,-1,-1
430,711,1623073340060,-1,-1,-1
431,671,1623073341052,-1,-1,-1
432,703,1623073341052,-1,-1,-1
433,703,1623073342041,-1,-1,-1
434,703,1623073343061,-1,-1,-1
435,727,1623073343061,-1,-1,-1
436,679,1623073344052,-1,-1,-1
437,719,1623073345044,-1,-1,-1
438,663,1623073345044,-1,-1,-1
439,727,1623073346058,-1,-1,-1
440,687,1623073347056,-1,-1,-1
441,615,1623073347056,-1,-1,-1
442,615,1623073348044,-1,-1,-1
443,743,1623073349063,-1,-1,-1
444,639,1623073349063,-1,-1,-1
445,703,1623073350054,-1,-1,-1
446,735,1623073351043,-1,-1,-1
447,711,1623073352061,-1,-1,-1
448,711,1623073352061,-1,-1,-1
449,647,1623073353081,-1,-1,-1
450,671,1623073354075,-1,-1,-1
451,663,1623073354075,-1,-1,-1
452,615,1623073355063,-1,-1,-1
453,735,1623073356203,-1,-1,-1
454,719,1623073358058,-1,-1,-1
455,623,1623073360044,-1,-1,-1
456,567,1623073361063,-1,-1,-1
457,759,1623073362053,-1,-1,-1
458,735,1623073364064,-1,-1,-1
459,847,1623073369103,-1,-1,-1
460,703,1623073372342,-1,-1,-1
461,791,1623073429048,-1,-1,-1
462,855,1623073430028,-1,-1,-1
463,855,1623073431063,-1,-1,-1
464,855,1623073432052,-1,-1,-1
465,799,1623073433027,-1,-1,-1
466,799,1623073433027,-1,-1,-1
467,711,1623073434047,-1,-1,-1
468,695,1623073435037,-1,-1,-1
469,671,1623073436027,-1,-1,-1
470,647,1623073436027,-1,-1,-1
471,671,1623073437048,-1,-1,-1
472,655,1623073437048,-1,-1,-1
473,663,1623073438037,-1,-1,-1
474,695,1623073439027,-1,-1,-1
475,679,1623073440048,-1,-1,-1
476,687,1623073440048,-1,-1,-1
477,751,1623073441038,-1,-1,-1
478,671,1623073442028,-1,-1,-1
479,751,1623073442028,-1,-1,-1
480,703,1623073443048,-1,-1,-1
481,695,1623073444037,-1,-1,-1
482,695,1623073444037,-1,-1,-1
483,591,1623073448027,-1,-1,-1
484,671,1623073450039,-1,-1,-1
485,639,1623073451027,-1,-1,-1
486,695,1623073451027,-1,-1,-1
487,743,1623073453068,-1,-1,-1
488,567,1623073454057,-1,-1,-1
489,679,1623073456037,-1,-1,-1
490,679,1623073457057,-1,-1,-1
491,695,1623073457057,-1,-1,-1
492,623,1623073458047,-1,-1,-1
493,663,1623073460027,-1,-1,-1
494,727,1623073461047,-1,-1,-1
495,727,1623073462038,-1,-1,-1
496,711,1623073462038,-1,-1,-1
497,687,1623073463028,-1,-1,-1
498,767,1623073464048,-1,-1,-1
499,831,1623073465042,-1,-1,-1
500,719,1623073467054,-1,-1,-1
501,703,1623073468042,-1,-1,-1
502,623,1623073468042,-1,-1,-1
503,775,1623073469027,-1,-1,-1
504,679,1623073470052,-1,-1,-1
505,695,1623073470052,-1,-1,-1
506,687,1623073471039,-1,-1,-1
507,655,1623073472034,-1,-1,-1
508,671,1623073472034,-1,-1,-1
509,495,1623073473052,-1,-1,-1
510,783,1623073474041,-1,-1,-1
511,687,1623073478032,-1,-1,-1
512,807,1623073479053,-1,-1,-1
513,863,1623073484032,-1,-1,-1
514,823,1623073484032,-1,-1,-1
515,775,1623073485082,-1,-1,-1
516,775,1623073486102,-1,-1,-1
517,775,1623073487062,-1,-1,-1
518,791,1623073487062,-1,-1,-1
519,791,1623073488053,-1,-1,-1
520,815,1623073489101,-1,-1,-1
521,799,1623073490031,-1,-1,-1
522,783,1623073491053,-1,-1,-1
523,775,1623073491053,-1,-1,-1
524,759,1623073492042,-1,-1,-1
525,751,1623073493032,-1,-1,-1
526,767,1623073494053,-1,-1,-1
527,783,1623073494053,-1,-1,-1
528,775,1623073495041,-1,-1,-1
529,799,1623073496032,-1,-1,-1
530,799,1623073497052,-1,-1,-1
531,791,1623073498040,-1,-1,-1
532,815,1623073498040,-1,-1,-1
533,815,1623073499033,-1,-1,-1
534,791,1623073500048,-1,-1,-1
535,807,1623073501043,-1,-1,-1
536,783,1623073502032,-1,-1,-1
537,791,1623073502033,-1,-1,-1
538,791,1623073503062,-1,-1,-1
539,783,1623073504036,-1,-1,-1
540,815,1623073505026,-1,-1,-1
541,799,1623073506056,-1,-1,-1
542,775,1623073506056,-1,-1,-1
543,815,1623073507042,-1,-1,-1
544,823,1623073508031,-1,-1,-1
545,799,1623073509050,-1,-1,-1
546,783,1623073510037,-1,-1,-1
547,775,1623073510037,-1,-1,-1
548,759,1623073511027,-1,-1,-1
549,759,1623073512046,-1,-1,-1
550,759,1623073513036,-1,-1,-1
551,783,1623073513036,-1,-1,-1
552,823,1623073514029,-1,-1,-1
553,815,1623073515077,-1,-1,-1
554,815,1623073516036,-1,-1,-1
555,831,1623073517026,-1,-1,-1
556,807,1623073518077,-1,-1,-1
557,815,1623073518077,-1,-1,-1
558,831,1623073519067,-1,-1,-1
559,823,1623073520056,-1,-1,-1
560,831,1623073521046,-1,-1,-1
561,839,1623073522042,-1,-1,-1
562,823,1623073523030,-1,-1,-1
563,839,1623073523030,-1,-1,-1
564,847,1623073524051,-1,-1,-1
565,815,1623073525041,-1,-1,-1
566,831,1623073526026,-1,-1,-1
567,855,1623073527051,-1,-1,-1
568,807,1623073528036,-1,-1,-1
569,839,1623073528036,-1,-1,-1
570,847,1623073529033,-1,-1,-1
571,807,1623073530051,-1,-1,-1
572,823,1623073531042,-1,-1,-1
573,815,1623073532031,-1,-1,-1
574,799,1623073532031,-1,-1,-1
575,815,1623073533019,-1,-1,-1
576,799,1623073534041,-1,-1,-1
577,759,1623073535032,-1,-1,-1
578,743,1623073536021,-1,-1,-1
579,751,1623073536021,-1,-1,-1
580,775,1623073537041,-1,-1,-1
581,767,1623073538031,-1,-1,-1
582,791,1623073539022,-1,-1,-1
583,831,1623073540041,-1,-1,-1
584,831,1623073540041,-1,-1,-1
585,855,1623073541031,-1,-1,-1
586,879,1623073542020,-1,-1,-1
587,855,1623073543040,-1,-1,-1
588,855,1623073544031,-1,-1,-1
589,863,1623073545021,-1,-1,-1
590,823,1623073546040,-1,-1,-1
591,823,1623073546040,-1,-1,-1
592,855,1623073547032,-1,-1,-1
593,807,1623073548021,-1,-1,-1
594,799,1623073549041,-1,-1,-1
595,799,1623073550032,-1,-1,-1
596,823,1623073550032,-1,-1,-1
597,799,1623073551017,-1,-1,-1
598,783,1623073552077,-1,-1,-1
599,791,1623073553061,-1,-1,-1
600,823,1623073554021,-1,-1,-1
601,815,1623073554021,-1,-1,-1
602,823,1623073555041,-1,-1,-1
603,823,1623073556026,-1,-1,-1
604,807,1623073557021,-1,-1,-1
605,791,1623073558035,-1,-1,-1
606,775,1623073558036,-1,-1,-1
607,783,1623073559032,-1,-1,-1
608,791,1623073560022,-1,-1,-1
609,783,1623073561038,-1,-1,-1
610,815,1623073562031,-1,-1,-1
611,807,1623073562031,-1,-1,-1
612,783,1623073563022,-1,-1,-1
613,815,1623073564071,-1,-1,-1
614,823,1623073565026,-1,-1,-1
615,831,1623073566019,-1,-1,-1
616,823,1623073567043,-1,-1,-1
617,823,1623073567043,-1,-1,-1
618,799,1623073568031,-1,-1,-1
619,799,1623073569021,-1,-1,-1
620,791,1623073570041,-1,-1,-1
621,767,1623073571033,-1,-1,-1
622,791,1623073571033,-1,-1,-1
623,783,1623073572023,-1,-1,-1
624,775,1623073573041,-1,-1,-1
625,735,1623073574061,-1,-1,-1
626,727,1623073574061,-1,-1,-1
627,727,1623073575021,-1,-1,-1
628,711,1623073576041,-1,-1,-1
629,735,1623073576041,-1,-1,-1
630,663,1623073577031,-1,-1,-1
631,703,1623073578024,-1,-1,-1
632,687,1623073579041,-1,-1,-1
633,775,1623073579041,-1,-1,-1
634,791,1623073580031,-1,-1,-1
635,767,1623073581017,-1,-1,-1
636,735,1623073582039,-1,-1,-1
637,727,1623073582040,-1,-1,-1
638,719,1623073583027,-1,-1,-1
639,687,1623073584020,-1,-1,-1
640,735,1623073584020,-1,-1,-1
641,823,1623073585067,-1,-1,-1
642,855,1623073586031,-1,-1,-1
643,847,1623073587020,-1,-1,-1
644,815,1623073588041,-1,-1,-1
645,751,1623073589031,-1,-1,-1
646,751,1623073589031,-1,-1,-1
647,735,1623073590020,-1,-1,-1
648,759,1623073591041,-1,-1,-1
649,767,1623073592032,-1,-1,-1
650,751,1623073592032,-1,-1,-1
651,719,1623073593021,-1,-1,-1
652,703,1623073594041,-1,-1,-1
653,695,1623073594041,-1,-1,-1
654,703,1623073595030,-1,-1,-1
655,719,1623073596020,-1,-1,-1
656,743,1623073597041,-1,-1,-1
657,759,1623073597041,-1,-1,-1
658,743,1623073598031,-1,-1,-1
659,751,1623073599020,-1,-1,-1
660,735,1623073600041,-1,-1,-1
661,735,1623073600041,-1,-1,-1
662,711,1623073601031,-1,-1,-1
663,719,1623073602020,-1,-1,-1
664,719,1623073603040,-1,-1,-1
665,695,1623073603040,-1,-1,-1
666,711,1623073604032,-1,-1,-1
667,735,1623073605015,-1,-1,-1
668,799,1623073605015,-1,-1,-1
669,759,1623073606040,-1,-1,-1
670,775,1623073607031,-1,-1,-1
671,775,1623073608020,-1,-1,-1
672,791,1623073609035,-1,-1,-1
673,767,1623073609035,-1,-1,-1
674,751,1623073610033,-1,-1,-1
675,751,1623073611020,-1,-1,-1
676,743,1623073612040,-1,-1,-1
677,735,1623073612040,-1,-1,-1
678,719,1623073613031,-1,-1,-1
679,711,1623073614020,-1,-1,-1
680,719,1623073614020,-1,-1,-1
681,727,1623073615040,-1,-1,-1
682,751,1623073616030,-1,-1,-1
683,727,1623073617020,-1,-1,-1
684,743,1623073617020,-1,-1,-1
685,759,1623073618071,-1,-1,-1
686,823,1623073619060,-1,-1,-1
687,815,1623073620015,-1,-1,-1
688,775,1623073621040,-1,-1,-1
689,775,1623073621040,-1,-1,-1
690,791,1623073622031,-1,-1,-1
691,775,1623073623020,-1,-1,-1
692,751,1623073624040,-1,-1,-1
693,767,1623073624040,-1,-1,-1
694,807,1623073625030,-1,-1,-1
695,767,1623073626020,-1,-1,-1
696,791,1623073627034,-1,-1,-1
697,791,1623073628027,-1,-1,-1
698,767,1623073628027,-1,-1,-1
699,767,1623073629046,-1,-1,-1
700,775,1623073630041,-1,-1,-1
701,751,1623073631029,-1,-1,-1
702,759,1623073631029,-1,-1,-1
703,663,1623073634026,-1,-1,-1
704,735,1623073635018,-1,-1,-1
705,823,1623073636040,-1,-1,-1
706,791,1623073637030,-1,-1,-1
707,823,1623073639040,-1,-1,-1
708,799,1623073640029,-1,-1,-1
709,783,1623073641048,-1,-1,-1
710,767,1623073642040,-1,-1,-1
711,767,1623073642040,-1,-1,-1
712,775,1623073643030,-1,-1,-1
713,783,1623073644020,-1,-1,-1
714,767,1623073645039,-1,-1,-1
715,759,1623073645039,-1,-1,-1
716,751,1623073646031,-1,-1,-1
717,735,1623073647019,-1,-1,-1
718,727,1623073648039,-1,-1,-1
719,727,1623073648039,-1,-1,-1
720,711,1623073649031,-1,-1,-1
721,719,1623073650019,-1,-1,-1
722,711,1623073650019,-1,-1,-1
723,727,1623073651069,-1,-1,-1
724,767,1623073652030,-1,-1,-1
725,783,1623073653019,-1,-1,-1
726,775,1623073654040,-1,-1,-1
727,807,1623073654040,-1,-1,-1
728,759,1623073655062,-1,-1,-1
729,775,1623073656019,-1,-1,-1
730,759,1623073657039,-1,-1,-1
731,743,1623073657039,-1,-1,-1
732,751,1623073658032,-1,-1,-1
733,775,1623073659045,-1,-1,-1
734,839,1623073660040,-1,-1,-1
735,823,1623073661031,-1,-1,-1
736,767,1623073661031,-1,-1,-1
737,791,1623073662020,-1,-1,-1
738,791,1623073663039,-1,-1,-1
739,799,1623073664031,-1,-1,-1
740,767,1623073664031,-1,-1,-1
741,751,1623073665019,-1,-1,-1
742,759,1623073666041,-1,-1,-1
743,759,1623073667031,-1,-1,-1
744,759,1623073668019,-1,-1,-1
745,751,1623073668019,-1,-1,-1
746,751,1623073669041,-1,-1,-1
747,743,1623073670030,-1,-1,-1
748,711,1623073670030,-1,-1,-1
749,719,1623073671020,-1,-1,-1
750,703,1623073672040,-1,-1,-1
751,727,1623073673030,-1,-1,-1
752,727,1623073673030,-1,-1,-1
753,759,1623073674020,-1,-1,-1
754,727,1623073675041,-1,-1,-1
755,735,1623073676030,-1,-1,-1
756,767,1623073676030,-1,-1,-1
757,775,1623073677021,-1,-1,-1
758,823,1623073678007,-1,-1,-1
759,831,1623073679030,-1,-1,-1
760,759,1623073680019,-1,-1,-1
761,831,1623073680019,-1,-1,-1
762,775,1623073681005,-1,-1,-1
763,759,1623073682030,-1,-1,-1
764,743,1623073683020,-1,-1,-1
765,735,1623073683020,-1,-1,-1
766,719,1623073684071,-1,-1,-1
767,703,1623073685060,-1,-1,-1
768,695,1623073685060,-1,-1,-1
769,695,1623073686020,-1,-1,-1
770,687,1623073687010,-1,-1,-1
771,687,1623073688030,-1,-1,-1
772,695,1623073688030,-1,-1,-1
773,687,1623073689015,-1,-1,-1
774,703,1623073690010,-1,-1,-1
775,703,1623073690010,-1,-1,-1
776,703,1623073691031,-1,-1,-1
777,687,1623073692020,-1,-1,-1
778,687,1623073692020,-1,-1,-1
779,687,1623073693010,-1,-1,-1
780,703,1623073694027,-1,-1,-1
781,799,1623073695049,-1,-1,-1
782,879,1623073696007,-1,-1,-1
783,839,1623073697029,-1,-1,-1
784,831,1623073698049,-1,-1,-1
785,791,1623073699010,-1,-1,-1
786,775,1623073700030,-1,-1,-1
787,759,1623073700030,-1,-1,-1
788,751,1623073701050,-1,-1,-1
789,711,1623073702039,-1,-1,-1
790,695,1623073703030,-1,-1,-1
791,671,1623073703030,-1,-1,-1
792,671,1623073704046,-1,-1,-1
793,687,1623073705039,-1,-1,-1
794,735,1623073705039,-1,-1,-1
795,719,1623073706024,-1,-1,-1
796,783,1623073707080,-1,-1,-1
797,815,1623073708038,-1,-1,-1
798,847,1623073709030,-1,-1,-1
799,831,1623073709030,-1,-1,-1
800,799,1623073710019,-1,-1,-1
801,767,1623073711069,-1,-1,-1
802,735,1623073712030,-1,-1,-1
803,727,1623073712030,-1,-1,-1
804,735,1623073713019,-1,-1,-1
805,727,1623073714039,-1,-1,-1
806,719,1623073715030,-1,-1,-1
807,735,1623073715030,-1,-1,-1
808,719,1623073716019,-1,-1,-1
809,711,1623073717069,-1,-1,-1
810,703,1623073718030,-1,-1,-1
811,711,1623073718030,-1,-1,-1
812,831,1623073719014,-1,-1,-1
813,967,1623073720039,-1,-1,-1
814,871,1623073721029,-1,-1,-1
815,855,1623073722019,-1,-1,-1
816,791,1623073723040,-1,-1,-1
817,783,1623073723040,-1,-1,-1
818,743,1623073724024,-1,-1,-1
819,775,1623073725016,-1,-1,-1
820,759,1623073726039,-1,-1,-1
821,775,1623073726039,-1,-1,-1
822,767,1623073727030,-1,-1,-1
823,751,1623073728020,-1,-1,-1
824,735,1623073729039,-1,-1,-1
825,727,1623073729039,-1,-1,-1
826,727,1623073730030,-1,-1,-1
827,711,1623073731018,-1,-1,-1
828,663,1623073731019,-1,-1,-1
829,703,1623073732039,-1,-1,-1
830,695,1623073733029,-1,-1,-1
831,687,1623073734017,-1,-1,-1
832,679,1623073734017,-1,-1,-1
833,695,1623073735070,-1,-1,-1
834,695,1623073736029,-1,-1,-1
835,687,1623073736029,-1,-1,-1
836,703,1623073737018,-1,-1,-1
837,695,1623073738039,-1,-1,-1
838,679,1623073738039,-1,-1,-1
839,655,1623073739029,-1,-1,-1
840,655,1623073740045,-1,-1,-1
841,655,1623073740045,-1,-1,-1
842,647,1623073741039,-1,-1,-1
843,647,1623073742030,-1,-1,-1
844,647,1623073742030,-1,-1,-1
845,647,1623073743019,-1,-1,-1
846,647,1623073744041,-1,-1,-1
847,647,1623073744041,-1,-1,-1
848,647,1623073745030,-1,-1,-1
849,663,1623073746016,-1,-1,-1
850,671,1623073746016,-1,-1,-1
851,671,1623073747039,-1,-1,-1
852,671,1623073748024,-1,-1,-1
853,647,1623073748024,-1,-1,-1
854,671,1623073749014,-1,-1,-1
855,687,1623073750008,-1,-1,-1
856,759,1623073750008,-1,-1,-1
857,807,1623073751029,-1,-1,-1
858,815,1623073752018,-1,-1,-1
859,791,1623073753009,-1,-1,-1
860,767,1623073754029,-1,-1,-1
861,743,1623073754029,-1,-1,-1
862,727,1623073755019,-1,-1,-1
863,711,1623073756009,-1,-1,-1
864,679,1623073756009,-1,-1,-1
865,687,1623073757030,-1,-1,-1
866,639,1623073758018,-1,-1,-1
867,639,1623073758018,-1,-1,-1
868,647,1623073759007,-1,-1,-1
869,639,1623073760030,-1,-1,-1
870,607,1623073760030,-1,-1,-1
871,663,1623073761019,-1,-1,-1
872,799,1623073762009,-1,-1,-1
873,879,1623073765010,-1,-1,-1
874,839,1623073765010,-1,-1,-1
875,839,1623073766030,-1,-1,-1
876,807,1623073767050,-1,-1,-1
877,799,1623073768039,-1,-1,-1
878,735,1623073769030,-1,-1,-1
879,759,1623073769030,-1,-1,-1
880,719,1623073770019,-1,-1,-1
881,751,1623073771010,-1,-1,-1
882,735,1623073772029,-1,-1,-1
883,775,1623073772029,-1,-1,-1
884,783,1623073773018,-1,-1,-1
885,847,1623073774008,-1,-1,-1
886,863,1623073775029,-1,-1,-1
887,783,1623073776019,-1,-1,-1
888,783,1623073776019,-1,-1,-1
889,799,1623073777009,-1,-1,-1
890,791,1623073778028,-1,-1,-1
891,767,1623073779019,-1,-1,-1
892,759,1623073780009,-1,-1,-1
893,751,1623073780009,-1,-1,-1
894,799,1623073781029,-1,-1,-1
895,855,1623073782018,-1,-1,-1
896,831,1623073783010,-1,-1,-1
897,815,1623073784030,-1,-1,-1
898,743,1623073784030,-1,-1,-1
899,735,1623073785018,-1,-1,-1
900,727,1623073786009,-1,-1,-1
901,727,1623073787028,-1,-1,-1
902,727,1623073787028,-1,-1,-1
903,727,1623073788019,-1,-1,-1
904,727,1623073789008,-1,-1,-1
905,703,1623073789008,-1,-1,-1
906,711,1623073790028,-1,-1,-1
907,719,1623073791018,-1,-1,-1
908,711,1623073792009,-1,-1,-1
909,703,1623073792009,-1,-1,-1
910,703,1623073793028,-1,-1,-1
911,695,1623073794018,-1,-1,-1
912,727,1623073794018,-1,-1,-1
913,735,1623073795010,-1,-1,-1
914,759,1623073796028,-1,-1,-1
915,751,1623073797018,-1,-1,-1
916,767,1623073797018,-1,-1,-1
917,727,1623073798009,-1,-1,-1
918,751,1623073799029,-1,-1,-1
919,743,1623073800044,-1,-1,-1
920,743,1623073800044,-1,-1,-1
921,727,1623073801033,-1,-1,-1
922,727,1623073802029,-1,-1,-1
923,735,1623073803014,-1,-1,-1
924,719,1623073803014,-1,-1,-1
925,735,1623073804008,-1,-1,-1
926,775,1623073805029,-1,-1,-1
927,767,1623073806018,-1,-1,-1
928,783,1623073806019,-1,-1,-1
929,799,1623073807009,-1,-1,-1
930,799,1623073808029,-1,-1,-1
931,799,1623073809018,-1,-1,-1
932,775,1623073810009,-1,-1,-1
933,759,1623073810009,-1,-1,-1
934,759,1623073811028,-1,-1,-1
935,759,1623073812018,-1,-1,-1
936,743,1623073813010,-1,-1,-1
937,727,1623073813010,-1,-1,-1
938,695,1623073814083,-1,-1,-1
939,727,1623073815018,-1,-1,-1
940,759,1623073816009,-1,-1,-1
941,655,1623073816009,-1,-1,-1
942,759,1623073817029,-1,-1,-1
943,695,1623073818018,-1,-1,-1
944,599,1623073818018,-1,-1,-1
945,855,1623073819010,-1,-1,-1
946,679,1623073820029,-1,-1,-1
947,647,1623073820029,-1,-1,-1
948,575,1623073821013,-1,-1,-1
949,719,1623073822009,-1,-1,-1
950,615,1623073822009,-1,-1,-1
951,623,1623073823027,-1,-1,-1
952,567,1623073824018,-1,-1,-1
953,599,1623073824018,-1,-1,-1
954,575,1623073825010,-1,-1,-1
955,583,1623073825010,-1,-1,-1
956,559,1623073826029,-1,-1,-1
957,559,1623073826029,-1,-1,-1
958,599,1623073827013,-1,-1,-1
959,615,1623073828010,-1,-1,-1
960,623,1623073828010,-1,-1,-1
961,599,1623073829029,-1,-1,-1
962,583,1623073834039,-1,-1,-1
963,647,1623073835028,-1,-1,-1
964,639,1623073836018,-1,-1,-1
965,623,1623073836018,-1,-1,-1
966,687,1623073837007,-1,-1,-1
967,663,1623073838027,-1,-1,-1
968,719,1623073838027,-1,-1,-1
969,815,1623073839018,-1,-1,-1
970,775,1623073840008,-1,-1,-1
971,743,1623073841029,-1,-1,-1
972,743,1623073841029,-1,-1,-1
973,663,1623073844028,-1,-1,-1
974,639,1623073844028,-1,-1,-1
975,599,1623073845013,-1,-1,-1
976,591,1623073845013,-1,-1,-1
977,591,1623073847087,-1,-1,-1
978,575,1623073848016,-1,-1,-1
979,607,1623073848016,-1,-1,-1
980,599,1623073849003,-1,-1,-1
981,623,1623073850028,-1,-1,-1
982,671,1623073850028,-1,-1,-1
983,743,1623073851109,-1,-1,-1
984,855,1623073852038,-1,-1,-1
985,759,1623073853209,-1,-1,-1
986,847,1623073853209,-1,-1,-1
987,767,1623073854017,-1,-1,-1
988,695,1623073855007,-1,-1,-1
989,655,1623073856232,-1,-1,-1
990,623,1623073859027,-1,-1,-1
991,631,1623073859027,-1,-1,-1
992,671,1623073860019,-1,-1,-1
993,703,1623073861008,-1,-1,-1
994,719,1623073862030,-1,-1,-1
995,759,1623073862030,-1,-1,-1
996,423,1623073863018,-1,-1,-1
997,431,1623073863018,-1,-1,-1
998,791,1623073864009,-1,-1,-1
999,727,1623073865029,-1,-1,-1
1000,823,1623073865029,-1,-1,-1
1001,631,1623073866047,-1,-1,-1
1002,815,1623073867038,-1,-1,-1
1003,655,1623073870002,-1,-1,-1
1004,679,1623073870002,-1,-1,-1
1005,663,1623073871022,-1,-1,-1
1006,607,1623073873003,-1,-1,-1
1007,663,1623073873003,-1,-1,-1
1008,663,1623073874029,-1,-1,-1
1009,695,1623073880023,-1,-1,-1
1010,703,1623073880023,-1,-1,-1
1011,895,1623073886023,-1,-1,-1
1012,815,1623073887012,-1,-1,-1
1013,807,1623073888002,-1,-1,-1
1014,775,1623073888002,-1,-1,-1
1015,719,1623073889023,-1,-1,-1
1016,695,1623073890012,-1,-1,-1
1017,623,1623073894066,-1,-1,-1
1018,639,1623073894066,-1,-1,-1
1019,679,1623073897003,-1,-1,-1
1020,703,1623073898022,-1,-1,-1
1021,735,1623073899072,-1,-1,-1
1022,687,1623073899072,-1,-1,-1
1023,711,1623073900032,-1,-1,-1
1024,495,1623073902042,-1,-1,-1
1025,791,1623073903003,-1,-1,-1
1026,791,1623073903003,-1,-1,-1
1027,687,1623073905013,-1,-1,-1
1028,647,1623073908012,-1,-1,-1
1029,687,1623073909991,-1,-1,-1
1030,623,1623073909991,-1,-1,-1
1031,655,1623073911013,-1,-1,-1
1032,655,1623073911013,-1,-1,-1
1033,671,1623073912003,-1,-1,-1
1034,711,1623073914073,-1,-1,-1
1035,663,1623073915066,-1,-1,-1
1036,559,1623073915066,-1,-1,-1
1037,831,1623073915995,-1,-1,-1
1038,591,1623073917042,-1,-1,-1
1039,663,1623073918122,-1,-1,-1
1040,591,1623073918122,-1,-1,-1
1041,615,1623073918991,-1,-1,-1
1042,623,1623073918991,-1,-1,-1
1043,663,1623073923168,-1,-1,-1
1044,671,1623073923168,-1,-1,-1
1045,671,1623073924067,-1,-1,-1
1046,671,1623073930997,-1,-1,-1
1047,631,1623073932047,-1,-1,-1
1048,687,1623073933037,-1,-1,-1
1049,615,1623073933037,-1,-1,-1
1050,735,1623073933997,-1,-1,-1
1051,735,1623073935017,-1,-1,-1
1052,639,1623073936002,-1,-1,-1
1053,663,1623073936002,-1,-1,-1
1054,655,1623073936991,-1,-1,-1
1055,695,1623073939002,-1,-1,-1
1056,631,1623073939992,-1,-1,-1
1057,751,1623073939992,-1,-1,-1
1058,663,1623073941012,-1,-1,-1
1059,711,1623073942992,-1,-1,-1
1060,655,1623073944012,-1,-1,-1
1061,695,1623073944012,-1,-1,-1
1062,639,1623073945002,-1,-1,-1
1063,671,1623073945992,-1,-1,-1
1064,671,1623073945992,-1,-1,-1
1065,719,1623073947012,-1,-1,-1
1066,687,1623073948002,-1,-1,-1
1067,711,1623073950012,-1,-1,-1
1068,631,1623073950012,-1,-1,-1
1069,663,1623073954992,-1,-1,-1
1070,823,1623073956011,-1,-1,-1
1071,559,1623073957002,-1,-1,-1
1072,711,1623073957002,-1,-1,-1
1073,615,1623073957993,-1,-1,-1
1074,743,1623073959012,-1,-1,-1
1075,679,1623073960001,-1,-1,-1
1076,615,1623073962010,-1,-1,-1
1077,631,1623073962010,-1,-1,-1
1078,663,1623073963002,-1,-1,-1
1079,671,1623073963992,-1,-1,-1
1080,663,1623073963992,-1,-1,-1
1081,623,1623073965042,-1,-1,-1
1082,671,1623073965042,-1,-1,-1
1083,679,1623073966031,-1,-1,-1
1084,687,1623073966991,-1,-1,-1
1085,687,1623073968012,-1,-1,-1
1086,727,1623073968012,-1,-1,-1
1087,703,1623073969991,-1,-1,-1
1088,719,1623073971015,-1,-1,-1
1089,695,1623073972007,-1,-1,-1
1090,703,1623073972995,-1,-1,-1
1091,695,1623073972995,-1,-1,-1
1092,687,1623073974017,-1,-1,-1
1093,679,1623073975002,-1,-1,-1
1094,671,1623073975002,-1,-1,-1
1095,663,1623073975996,-1,-1,-1
1096,663,1623073977012,-1,-1,-1
1097,631,1623073977012,-1,-1,-1
1098,655,1623073978006,-1,-1,-1
1099,671,1623073978992,-1,-1,-1
1100,663,1623073978992,-1,-1,-1
1101,599,1623073981001,-1,-1,-1
1102,655,1623073981994,-1,-1,-1
1103,687,1623073983017,-1,-1,-1
1104,599,1623073983017,-1,-1,-1
1105,623,1623073984007,-1,-1,-1
1106,631,1623073984007,-1,-1,-1
1107,663,1623073987002,-1,-1,-1
1108,679,1623073987002,-1,-1,-1
1109,663,1623073987994,-1,-1,-1
1110,703,1623073989017,-1,-1,-1
1111,615,1623073989017,-1,-1,-1
1112,735,1623073990007,-1,-1,-1
1113,591,1623073990992,-1,-1,-1
1114,703,1623073992017,-1,-1,-1
1115,663,1623073993008,-1,-1,-1
1116,679,1623073993008,-1,-1,-1
1117,599,1623073993996,-1,-1,-1
1118,647,1623073995011,-1,-1,-1
1119,567,1623073995011,-1,-1,-1
1120,615,1623073996007,-1,-1,-1
1121,599,1623073996996,-1,-1,-1
1122,543,1623073998047,-1,-1,-1
1123,567,1623073999036,-1,-1,-1
1124,607,1623073999036,-1,-1,-1
1125,535,1623073999990,-1,-1,-1
1126,543,1623073999990,-1,-1,-1
1127,559,1623074002992,-1,-1,-1
1128,631,1623074005992,-1,-1,-1
1129,647,1623074007012,-1,-1,-1
1130,631,1623074008013,-1,-1,-1
1131,687,1623074008013,-1,-1,-1
1132,567,1623074008996,-1,-1,-1
1133,631,1623074011006,-1,-1,-1
1134,615,1623074011006,-1,-1,-1
1135,607,1623074011996,-1,-1,-1
1136,607,1623074013047,-1,-1,-1
1137,607,1623074013047,-1,-1,-1
1138,655,1623074014007,-1,-1,-1
1139,599,1623074016017,-1,-1,-1
1140,575,1623074016017,-1,-1,-1
1141,655,1623074017007,-1,-1,-1
1142,631,1623074017007,-1,-1,-1
1143,607,1623074017991,-1,-1,-1
1144,599,1623074019016,-1,-1,-1
1145,631,1623074019016,-1,-1,-1
1146,591,1623074020001,-1,-1,-1
1147,615,1623074020997,-1,-1,-1
1148,639,1623074020997,-1,-1,-1
1149,623,1623074022016,-1,-1,-1
1150,631,1623074022016,-1,-1,-1
1151,623,1623074023007,-1,-1,-1
1152,623,1623074023994,-1,-1,-1
1153,671,1623074026007,-1,-1,-1
1154,583,1623074029006,-1,-1,-1
1155,655,1623074029006,-1,-1,-1
1156,615,1623074029991,-1,-1,-1
1157,671,1623074031047,-1,-1,-1
1158,623,1623074031047,-1,-1,-1
1159,631,1623074032035,-1,-1,-1
1160,599,1623074034015,-1,-1,-1
1161,631,1623074035997,-1,-1,-1
1162,663,1623074035997,-1,-1,-1
1163,647,1623074037011,-1,-1,-1
1164,647,1623074038007,-1,-1,-1
1165,639,1623074038007,-1,-1,-1
1166,783,1623074038997,-1,-1,-1
1167,631,1623074040016,-1,-1,-1
1168,607,1623074041991,-1,-1,-1
1169,655,1623074042981,-1,-1,-1
1170,743,1623074042981,-1,-1,-1
1171,607,1623074044001,-1,-1,-1
1172,655,1623074044991,-1,-1,-1
1173,647,1623074044991,-1,-1,-1
1174,687,1623074045982,-1,-1,-1
1175,607,1623074047990,-1,-1,-1
1176,823,1623074047990,-1,-1,-1
1177,711,1623074048980,-1,-1,-1
1178,743,1623074050001,-1,-1,-1
1179,719,1623074050991,-1,-1,-1
1180,751,1623074050991,-1,-1,-1
1181,719,1623074051980,-1,-1,-1
1182,735,1623074053006,-1,-1,-1
1183,695,1623074053998,-1,-1,-1
1184,687,1623074053998,-1,-1,-1
1185,695,1623074056006,-1,-1,-1
1186,711,1623074056991,-1,-1,-1
1187,735,1623074057981,-1,-1,-1
1188,607,1623074059995,-1,-1,-1
1189,503,1623074062006,-1,-1,-1
1190,1007,1623074062995,-1,-1,-1
1191,735,1623074063986,-1,-1,-1
1192,735,1623074066980,-1,-1,-1
1193,671,1623074066981,-1,-1,-1
1194,679,1623074068036,-1,-1,-1
1195,647,1623074068995,-1,-1,-1
1196,599,1623074068995,-1,-1,-1
1197,503,1623074069986,-1,-1,-1
1198,695,1623074071998,-1,-1,-1
1199,687,1623074072986,-1,-1,-1
1200,743,1623074072986,-1,-1,-1
1201,751,1623074074007,-1,-1,-1
1202,687,1623074074995,-1,-1,-1
1203,823,1623074075985,-1,-1,-1
1204,759,1623074075985,-1,-1,-1
1205,479,1623074077005,-1,-1,-1
1206,679,1623074080006,-1,-1,-1
1207,575,1623074080006,-1,-1,-1
1208,783,1623074080990,-1,-1,-1
1209,663,1623074081987,-1,-1,-1
1210,663,1623074083006,-1,-1,-1
1211,863,1623074083006,-1,-1,-1
1212,823,1623074083995,-1,-1,-1
1213,695,1623074084980,-1,-1,-1
1214,895,1623074086006,-1,-1,-1
1215,839,1623074086996,-1,-1,-1
1216,695,1623074086996,-1,-1,-1
1217,791,1623074087986,-1,-1,-1
1218,863,1623074089007,-1,-1,-1
1219,615,1623074089991,-1,-1,-1
1220,799,1623074089991,-1,-1,-1
1221,759,1623074090986,-1,-1,-1
1222,759,1623074092010,-1,-1,-1
1223,631,1623074093026,-1,-1,-1
1224,847,1623074093026,-1,-1,-1
1225,903,1623074095997,-1,-1,-1
1226,671,1623074095997,-1,-1,-1
1227,743,1623074097047,-1,-1,-1
1228,559,1623074098035,-1,-1,-1
1229,687,1623074101990,-1,-1,-1
1230,751,1623074103016,-1,-1,-1
1231,735,1623074104006,-1,-1,-1
1232,703,1623074106015,-1,-1,-1
1233,735,1623074107005,-1,-1,-1
1234,647,1623074109018,-1,-1,-1
1235,631,1623074109018,-1,-1,-1
1236,671,1623074110005,-1,-1,-1
1237,647,1623074110991,-1,-1,-1
1238,695,1623074110991,-1,-1,-1
1239,663,1623074112011,-1,-1,-1
1240,831,1623074113005,-1,-1,-1
1241,815,1623074113990,-1,-1,-1
1242,655,1623074113990,-1,-1,-1
1243,903,1623074115010,-1,-1,-1
1244,759,1623074116000,-1,-1,-1
1245,735,1623074116995,-1,-1,-1
1246,775,1623074116995,-1,-1,-1
1247,719,1623074117985,-1,-1,-1
1248,743,1623074119007,-1,-1,-1
1249,791,1623074119990,-1,-1,-1
1250,687,1623074119990,-1,-1,-1
1251,791,1623074120980,-1,-1,-1
1252,727,1623074122000,-1,-1,-1
1253,719,1623074123025,-1,-1,-1
1254,703,1623074123025,-1,-1,-1
1255,751,1623074123980,-1,-1,-1
1256,743,1623074125005,-1,-1,-1
1257,695,1623074125990,-1,-1,-1
1258,743,1623074125990,-1,-1,-1
1259,719,1623074127012,-1,-1,-1
1260,703,1623074128006,-1,-1,-1
1261,719,1623074128006,-1,-1,-1
1262,783,1623074128990,-1,-1,-1
1263,679,1623074129986,-1,-1,-1
1264,815,1623074131006,-1,-1,-1
1265,807,1623074131990,-1,-1,-1
1266,623,1623074131990,-1,-1,-1
1267,671,1623074134991,-1,-1,-1
1268,727,1623074140991,-1,-1,-1
1269,663,1623074141986,-1,-1,-1
1270,719,1623074143990,-1,-1,-1
1271,655,1623074144985,-1,-1,-1
1272,759,1623074146005,-1,-1,-1
1273,703,1623074146005,-1,-1,-1
1274,671,1623074146995,-1,-1,-1
1275,711,1623074148015,-1,-1,-1
1276,759,1623074149006,-1,-1,-1
1277,663,1623074149006,-1,-1,-1
1278,863,1623074150985,-1,-1,-1
1279,727,1623074152005,-1,-1,-1
1280,727,1623074152994,-1,-1,-1
1281,847,1623074153985,-1,-1,-1
1282,455,1623074153985,-1,-1,-1
1283,855,1623074155005,-1,-1,-1
1284,471,1623074155005,-1,-1,-1
1285,647,1623074155995,-1,-1,-1
1286,535,1623074156984,-1,-1,-1
1287,471,1623074156984,-1,-1,-1
1288,887,1623074165980,-1,-1,-1
1289,439,1623074167005,-1,-1,-1
1290,471,1623074170995,-1,-1,-1
1291,791,1623074173005,-1,-1,-1
1292,727,1623074173990,-1,-1,-1
1293,815,1623074174985,-1,-1,-1
1294,855,1623074176007,-1,-1,-1
1295,623,1623074179000,-1,-1,-1
1296,983,1623074179990,-1,-1,-1
1297,687,1623074181999,-1,-1,-1
1298,647,1623074182996,-1,-1,-1
1299,615,1623074182996,-1,-1,-1
1300,655,1623074183986,-1,-1,-1
1301,583,1623074185000,-1,-1,-1
1302,647,1623074185000,-1,-1,-1
1303,535,1623074188006,-1,-1,-1
1304,575,1623074188989,-1,-1,-1
1305,631,1623074188989,-1,-1,-1
1306,535,1623074200990,-1,-1,-1
1307,647,1623074201984,-1,-1,-1
1308,543,1623074201984,-1,-1,-1
1309,783,1623074203008,-1,-1,-1
1310,495,1623074203008,-1,-1,-1
1311,503,1623074203990,-1,-1,-1
1312,503,1623074203990,-1,-1,-1
1313,831,1623074204985,-1,-1,-1
1314,551,1623074206004,-1,-1,-1
1315,751,1623074209005,-1,-1,-1
1316,599,1623074209992,-1,-1,-1
1317,503,1623074212004,-1,-1,-1
1318,583,1623074212004,-1,-1,-1
1319,695,1623074212994,-1,-1,-1
1320,647,1623074212994,-1,-1,-1
1321,679,1623074215995,-1,-1,-1
1322,735,1623074218993,-1,-1,-1
1323,743,1623074221034,-1,-1,-1
1324,599,1623074221989,-1,-1,-1
1325,647,1623074221989,-1,-1,-1
1326,543,1623074227004,-1,-1,-1
1327,463,1623074228984,-1,-1,-1
1328,575,1623074239989,-1,-1,-1
1329,599,1623074240980,-1,-1,-1
1330,615,1623074241998,-1,-1,-1
1331,599,1623074241998,-1,-1,-1
1332,599,1623074243979,-1,-1,-1
1333,671,1623074245989,-1,-1,-1
1334,607,1623074249983,-1,-1,-1
1335,583,1623074249983,-1,-1,-1
1336,663,1623074250970,-1,-1,-1
1337,615,1623074250970,-1,-1,-1
1338,607,1623074251989,-1,-1,-1
1339,647,1623074252983,-1,-1,-1
1340,631,1623074252983,-1,-1,-1
1341,647,1623074253973,-1,-1,-1
1342,623,1623074254988,-1,-1,-1
1343,687,1623074254988,-1,-1,-1
1344,607,1623074255978,-1,-1,-1
1345,663,1623074256974,-1,-1,-1
1346,639,1623074256974,-1,-1,-1
1347,647,1623074257989,-1,-1,-1
1348,655,1623074258984,-1,-1,-1
1349,631,1623074258984,-1,-1,-1
1350,599,1623074259974,-1,-1,-1
1351,687,1623074259974,-1,-1,-1
1352,631,1623074260994,-1,-1,-1
1353,631,1623074261982,-1,-1,-1
1354,647,1623074261982,-1,-1,-1
1355,671,1623074263993,-1,-1,-1
1356,615,1623074264982,-1,-1,-1
1357,663,1623074265979,-1,-1,-1
1358,655,1623074265979,-1,-1,-1
1359,623,1623074266994,-1,-1,-1
1360,679,1623074267984,-1,-1,-1
1361,703,1623074267984,-1,-1,-1
1362,671,1623074268969,-1,-1,-1
1363,719,1623074269994,-1,-1,-1
1364,695,1623074269994,-1,-1,-1
1365,703,1623074270985,-1,-1,-1
1366,687,1623074271973,-1,-1,-1
1367,735,1623074271973,-1,-1,-1
1368,567,1623074275991,-1,-1,-1
1369,807,1623074277975,-1,-1,-1
1370,791,1623074278995,-1,-1,-1
1371,823,1623074278995,-1,-1,-1
1372,807,1623074281004,-1,-1,-1
1373,671,1623074281988,-1,-1,-1
1374,655,1623074282979,-1,-1,-1
1375,767,1623074284993,-1,-1,-1
1376,703,1623074285985,-1,-1,-1
1377,687,1623074285985,-1,-1,-1
1378,735,1623074286969,-1,-1,-1
1379,767,1623074289009,-1,-1,-1
1380,783,1623074289973,-1,-1,-1
1381,727,1623074290993,-1,-1,-1
1382,711,1623074291984,-1,-1,-1
1383,719,1623074291984,-1,-1,-1
1384,735,1623074292975,-1,-1,-1
1385,887,1623074295973,-1,-1,-1
1386,823,1623074296991,-1,-1,-1
1387,815,1623074297984,-1,-1,-1
1388,767,1623074298975,-1,-1,-1
1389,767,1623074299993,-1,-1,-1
1390,727,1623074299993,-1,-1,-1
1391,783,1623074300984,-1,-1,-1
1392,783,1623074302003,-1,-1,-1
1393,783,1623074302994,-1,-1,-1
1394,735,1623074302994,-1,-1,-1
1395,751,1623074303984,-1,-1,-1
1396,735,1623074304973,-1,-1,-1
1397,767,1623074305993,-1,-1,-1
1398,759,1623074305993,-1,-1,-1
1399,759,1623074306984,-1,-1,-1
1400,775,1623074307971,-1,-1,-1
1401,807,1623074308995,-1,-1,-1
1402,815,1623074309982,-1,-1,-1
1403,751,1623074309982,-1,-1,-1
1404,735,1623074310974,-1,-1,-1
1405,711,1623074311992,-1,-1,-1
1406,743,1623074311992,-1,-1,-1
1407,711,1623074313013,-1,-1,-1
1408,711,1623074314004,-1,-1,-1
1409,743,1623074315024,-1,-1,-1
1410,743,1623074315024,-1,-1,-1
1411,799,1623074315983,-1,-1,-1
1412,815,1623074316974,-1,-1,-1
1413,815,1623074317995,-1,-1,-1
1414,823,1623074319016,-1,-1,-1
1415,783,1623074319016,-1,-1,-1
1416,799,1623074319973,-1,-1,-1
1417,847,1623074320993,-1,-1,-1
1418,767,1623074321983,-1,-1,-1
1419,871,1623074322973,-1,-1,-1
1420,871,1623074323988,-1,-1,-1
1421,831,1623074323988,-1,-1,-1
1422,815,1623074324983,-1,-1,-1
1423,823,1623074325973,-1,-1,-1
1424,791,1623074326994,-1,-1,-1
1425,783,1623074327983,-1,-1,-1
1426,799,1623074327983,-1,-1,-1
1427,799,1623074328998,-1,-1,-1
1428,799,1623074329993,-1,-1,-1
1429,887,1623074330983,-1,-1,-1
1430,863,1623074331973,-1,-1,-1
1431,855,1623074332993,-1,-1,-1
1432,823,1623074332993,-1,-1,-1
1433,799,1623074333988,-1,-1,-1
1434,807,1623074334972,-1,-1,-1
1435,783,1623074335993,-1,-1,-1
1436,751,1623074336983,-1,-1,-1
1437,807,1623074336984,-1,-1,-1
1438,847,1623074337971,-1,-1,-1
1439,863,1623074338992,-1,-1,-1
1440,791,1623074339983,-1,-1,-1
1441,775,1623074340972,-1,-1,-1
1442,791,1623074340972,-1,-1,-1
1443,783,1623074341993,-1,-1,-1
1444,783,1623074342984,-1,-1,-1
1445,791,1623074344004,-1,-1,-1
1446,791,1623074345023,-1,-1,-1
1447,791,1623074345023,-1,-1,-1
1448,783,1623074346013,-1,-1,-1
1449,775,1623074347004,-1,-1,-1
1450,743,1623074347994,-1,-1,-1
1451,783,1623074348985,-1,-1,-1
1452,783,1623074348986,-1,-1,-1
1453,839,1623074349968,-1,-1,-1
1454,855,1623074350994,-1,-1,-1
1455,831,1623074351984,-1,-1,-1
1456,823,1623074352973,-1,-1,-1
1457,791,1623074352973,-1,-1,-1
1458,815,1623074353992,-1,-1,-1
1459,799,1623074354983,-1,-1,-1
1460,775,1623074355972,-1,-1,-1
1461,775,1623074356988,-1,-1,-1
1462,799,1623074356988,-1,-1,-1
1463,831,1623074357983,-1,-1,-1
1464,807,1623074358968,-1,-1,-1
1465,791,1623074359992,-1,-1,-1
1466,823,1623074360983,-1,-1,-1
1467,815,1623074360983,-1,-1,-1
1468,831,1623074361973,-1,-1,-1
1469,767,1623074362987,-1,-1,-1
1470,759,1623074363978,-1,-1,-1
1471,719,1623074364968,-1,-1,-1
1472,719,1623074364968,-1,-1,-1
1473,727,1623074365990,-1,-1,-1
1474,727,1623074366978,-1,-1,-1
1475,751,1623074367968,-1,-1,-1
1476,759,1623074367968,-1,-1,-1
1477,775,1623074368988,-1,-1,-1
1478,791,1623074370008,-1,-1,-1
1479,775,1623074370968,-1,-1,-1
1480,759,1623074370968,-1,-1,-1
1481,767,1623074371988,-1,-1,-1
1482,799,1623074372979,-1,-1,-1
1483,839,1623074373968,-1,-1,-1
1484,847,1623074374988,-1,-1,-1
1485,839,1623074374988,-1,-1,-1
1486,831,1623074375978,-1,-1,-1
1487,847,1623074376967,-1,-1,-1
1488,839,1623074378018,-1,-1,-1
1489,799,1623074379008,-1,-1,-1
1490,799,1623074379997,-1,-1,-1
1491,767,1623074379997,-1,-1,-1
1492,791,1623074380988,-1,-1,-1
1493,815,1623074381978,-1,-1,-1
1494,823,1623074382968,-1,-1,-1
1495,839,1623074383986,-1,-1,-1
1496,823,1623074383986,-1,-1,-1
1497,807,1623074384977,-1,-1,-1
1498,815,1623074385966,-1,-1,-1
1499,783,1623074386988,-1,-1,-1
1500,767,1623074387978,-1,-1,-1
1501,751,1623074387978,-1,-1,-1
1502,775,1623074388971,-1,-1,-1
1503,751,1623074389988,-1,-1,-1
1504,759,1623074390978,-1,-1,-1
1505,791,1623074390978,-1,-1,-1
1506,823,1623074391970,-1,-1,-1
1507,815,1623074392988,-1,-1,-1
1508,815,1623074393977,-1,-1,-1
1509,783,1623074394972,-1,-1,-1
1510,775,1623074394972,-1,-1,-1
1511,735,1623074396022,-1,-1,-1
1512,759,1623074396978,-1,-1,-1
1513,719,1623074397973,-1,-1,-1
1514,735,1623074397973,-1,-1,-1
1515,783,1623074398989,-1,-1,-1
1516,863,1623074399980,-1,-1,-1
1517,831,1623074400967,-1,-1,-1
1518,799,1623074401988,-1,-1,-1
1519,735,1623074401988,-1,-1,-1
1520,751,1623074402983,-1,-1,-1
1521,743,1623074403972,-1,-1,-1
1522,743,1623074404960,-1,-1,-1
1523,711,1623074404960,-1,-1,-1
1524,711,1623074405982,-1,-1,-1
1525,735,1623074406969,-1,-1,-1
1526,767,1623074407958,-1,-1,-1
1527,799,1623074407958,-1,-1,-1
1528,759,1623074408978,-1,-1,-1
1529,743,1623074409972,-1,-1,-1
1530,775,1623074410957,-1,-1,-1
1531,759,1623074410958,-1,-1,-1
1532,751,1623074412012,-1,-1,-1
1533,735,1623074413005,-1,-1,-1
1534,759,1623074413958,-1,-1,-1
1535,735,1623074413958,-1,-1,-1
1536,759,1623074414983,-1,-1,-1
1537,767,1623074415973,-1,-1,-1
1538,863,1623074416957,-1,-1,-1
1539,783,1623074417983,-1,-1,-1
1540,767,1623074417983,-1,-1,-1
1541,799,1623074418973,-1,-1,-1
1542,791,1623074419965,-1,-1,-1
1543,823,1623074420977,-1,-1,-1
1544,767,1623074421968,-1,-1,-1
1545,751,1623074421968,-1,-1,-1
1546,727,1623074422959,-1,-1,-1
1547,751,1623074423979,-1,-1,-1
1548,783,1623074424968,-1,-1,-1
1549,791,1623074424968,-1,-1,-1
1550,847,1623074425957,-1,-1,-1
1551,751,1623074428988,-1,-1,-1
1552,823,1623074428988,-1,-1,-1
1553,647,1623074430008,-1,-1,-1
1554,615,1623074430968,-1,-1,-1
1555,847,1623074431957,-1,-1,-1
1556,615,1623074431957,-1,-1,-1
1557,911,1623074432977,-1,-1,-1
1558,775,1623074433967,-1,-1,-1
1559,759,1623074434957,-1,-1,-1
1560,871,1623074434957,-1,-1,-1
1561,839,1623074435977,-1,-1,-1
1562,823,1623074436967,-1,-1,-1
1563,839,1623074437960,-1,-1,-1
1564,807,1623074438977,-1,-1,-1
1565,791,1623074439967,-1,-1,-1
1566,775,1623074439967,-1,-1,-1
1567,831,1623074440957,-1,-1,-1
1568,735,1623074441976,-1,-1,-1
1569,831,1623074442967,-1,-1,-1
1570,823,1623074443956,-1,-1,-1
1571,823,1623074443956,-1,-1,-1
1572,839,1623074445007,-1,-1,-1
1573,839,1623074445997,-1,-1,-1
1574,823,1623074446957,-1,-1,-1
1575,807,1623074447982,-1,-1,-1
1576,815,1623074448967,-1,-1,-1
1577,791,1623074448968,-1,-1,-1
1578,799,1623074449965,-1,-1,-1
1579,807,1623074450985,-1,-1,-1
1580,815,1623074451973,-1,-1,-1
1581,831,1623074452957,-1,-1,-1
1582,839,1623074452958,-1,-1,-1
1583,799,1623074453977,-1,-1,-1
1584,831,1623074455001,-1,-1,-1
1585,839,1623074455962,-1,-1,-1
1586,823,1623074456983,-1,-1,-1
1587,799,1623074457971,-1,-1,-1
1588,815,1623074457971,-1,-1,-1
1589,807,1623074458957,-1,-1,-1
1590,807,1623074459982,-1,-1,-1
1591,807,1623074460974,-1,-1,-1
1592,831,1623074461961,-1,-1,-1
1593,791,1623074461961,-1,-1,-1
1594,799,1623074462981,-1,-1,-1
1595,799,1623074463966,-1,-1,-1
1596,783,1623074464961,-1,-1,-1
1597,775,1623074465977,-1,-1,-1
1598,783,1623074465977,-1,-1,-1
1599,823,1623074466972,-1,-1,-1
1600,775,1623074467957,-1,-1,-1
1601,791,1623074468981,-1,-1,-1
1602,799,1623074469972,-1,-1,-1
1603,791,1623074469972,-1,-1,-1
1604,791,1623074470962,-1,-1,-1
1605,799,1623074471982,-1,-1,-1
1606,807,1623074472971,-1,-1,-1
1607,775,1623074472971,-1,-1,-1
1608,775,1623074473961,-1,-1,-1
1609,783,1623074474982,-1,-1,-1
1610,767,1623074475968,-1,-1,-1
1611,775,1623074476957,-1,-1,-1
1612,791,1623074476957,-1,-1,-1
1613,799,1623074478037,-1,-1,-1
1614,807,1623074478967,-1,-1,-1
1615,839,1623074479956,-1,-1,-1
1616,807,1623074481006,-1,-1,-1
1617,799,1623074481006,-1,-1,-1
1618,799,1623074481969,-1,-1,-1
1619,767,1623074482957,-1,-1,-1
1620,767,1623074483977,-1,-1,-1
1621,783,1623074484968,-1,-1,-1
1622,799,1623074484968,-1,-1,-1
1623,831,1623074485962,-1,-1,-1
1624,887,1623074486982,-1,-1,-1
1625,879,1623074487967,-1,-1,-1
1626,855,1623074488962,-1,-1,-1
1627,807,1623074489981,-1,-1,-1
1628,783,1623074489981,-1,-1,-1
1629,775,1623074490972,-1,-1,-1
1630,791,1623074491962,-1,-1,-1
1631,775,1623074492982,-1,-1,-1
1632,759,1623074492982,-1,-1,-1
1633,559,1623074495981,-1,-1,-1
1634,951,1623074496972,-1,-1,-1
1635,799,1623074496972,-1,-1,-1
1636,831,1623074497960,-1,-1,-1
1637,759,1623074498983,-1,-1,-1
1638,831,1623074499972,-1,-1,-1
1639,783,1623074500962,-1,-1,-1
1640,863,1623074500962,-1,-1,-1
1641,767,1623074501982,-1,-1,-1
1642,799,1623074502972,-1,-1,-1
1643,823,1623074503956,-1,-1,-1
1644,751,1623074504976,-1,-1,-1
1645,775,1623074504976,-1,-1,-1
1646,751,1623074505966,-1,-1,-1
1647,775,1623074506959,-1,-1,-1
1648,743,1623074508966,-1,-1,-1
1649,799,1623074510022,-1,-1,-1
1650,743,1623074511012,-1,-1,-1
1651,759,1623074511012,-1,-1,-1
1652,767,1623074511970,-1,-1,-1
1653,743,1623074512957,-1,-1,-1
1654,743,1623074513976,-1,-1,-1
1655,751,1623074514966,-1,-1,-1
1656,775,1623074514966,-1,-1,-1
1657,791,1623074515958,-1,-1,-1
1658,735,1623074516977,-1,-1,-1
1659,775,1623074517975,-1,-1,-1
1660,751,1623074517975,-1,-1,-1
1661,743,1623074518956,-1,-1,-1
1662,703,1623074520972,-1,-1,-1
1663,695,1623074521958,-1,-1,-1
1664,735,1623074522977,-1,-1,-1
1665,743,1623074522977,-1,-1,-1
1666,791,1623074523966,-1,-1,-1
1667,839,1623074524961,-1,-1,-1
1668,863,1623074525981,-1,-1,-1
1669,871,1623074526966,-1,-1,-1
1670,823,1623074527956,-1,-1,-1
1671,815,1623074527956,-1,-1,-1
1672,791,1623074528981,-1,-1,-1
1673,783,1623074529971,-1,-1,-1
1674,775,1623074530961,-1,-1,-1
1675,735,1623074531979,-1,-1,-1
1676,735,1623074531980,-1,-1,-1
1677,743,1623074532971,-1,-1,-1
1678,751,1623074533961,-1,-1,-1
1679,799,1623074534976,-1,-1,-1
1680,815,1623074534976,-1,-1,-1
1681,783,1623074536002,-1,-1,-1
1682,735,1623074536961,-1,-1,-1
1683,735,1623074537980,-1,-1,-1
1684,719,1623074537980,-1,-1,-1
1685,719,1623074538971,-1,-1,-1
1686,767,1623074539969,-1,-1,-1
1687,791,1623074540982,-1,-1,-1
1688,807,1623074540982,-1,-1,-1
1689,807,1623074541971,-1,-1,-1
1690,815,1623074542961,-1,-1,-1
1691,791,1623074544011,-1,-1,-1
1692,791,1623074544972,-1,-1,-1
1693,775,1623074544972,-1,-1,-1
1694,751,1623074545962,-1,-1,-1
1695,751,1623074546978,-1,-1,-1
1696,767,1623074547969,-1,-1,-1
1697,767,1623074547969,-1,-1,-1
1698,767,1623074548960,-1,-1,-1
1699,799,1623074549976,-1,-1,-1
1700,831,1623074550972,-1,-1,-1
1701,791,1623074551961,-1,-1,-1
1702,775,1623074551961,-1,-1,-1
1703,799,1623074552978,-1,-1,-1
1704,815,1623074553967,-1,-1,-1
1705,775,1623074554959,-1,-1,-1
1706,767,1623074555979,-1,-1,-1
1707,791,1623074555979,-1,-1,-1
1708,767,1623074556971,-1,-1,-1
1709,759,1623074557960,-1,-1,-1
1710,759,1623074558981,-1,-1,-1
1711,767,1623074558981,-1,-1,-1
1712,743,1623074559967,-1,-1,-1
1713,775,1623074560962,-1,-1,-1
1714,783,1623074561980,-1,-1,-1
1715,767,1623074562971,-1,-1,-1
1716,783,1623074562971,-1,-1,-1
1717,767,1623074563960,-1,-1,-1
1718,759,1623074564981,-1,-1,-1
1719,759,1623074566001,-1,-1,-1
1720,767,1623074566001,-1,-1,-1
1721,759,1623074566956,-1,-1,-1
1722,775,1623074567982,-1,-1,-1
1723,799,1623074568970,-1,-1,-1
1724,783,1623074568970,-1,-1,-1
1725,815,1623074569961,-1,-1,-1
1726,815,1623074570981,-1,-1,-1
1727,783,1623074571967,-1,-1,-1
1728,767,1623074572960,-1,-1,-1
1729,767,1623074572960,-1,-1,-1
1730,775,1623074573981,-1,-1,-1
1731,751,1623074574970,-1,-1,-1
1732,775,1623074575961,-1,-1,-1
1733,791,1623074577012,-1,-1,-1
1734,799,1623074577012,-1,-1,-1
1735,783,1623074577972,-1,-1,-1
1736,743,1623074578956,-1,-1,-1
1737,743,1623074579976,-1,-1,-1
1738,751,1623074579976,-1,-1,-1
1739,743,1623074580967,-1,-1,-1
1740,719,1623074581960,-1,-1,-1
1741,735,1623074582981,-1,-1,-1
1742,751,1623074582981,-1,-1,-1
1743,751,1623074583973,-1,-1,-1
1744,751,1623074584956,-1,-1,-1
1745,791,1623074585982,-1,-1,-1
1746,791,1623074585982,-1,-1,-1
1747,679,1623074586971,-1,-1,-1
1748,727,1623074587960,-1,-1,-1
1749,751,1623074588976,-1,-1,-1
1750,743,1623074588976,-1,-1,-1
1751,743,1623074590991,-1,-1,-1
1752,735,1623074592011,-1,-1,-1
1753,751,1623074592972,-1,-1,-1
1754,759,1623074593956,-1,-1,-1
1755,751,1623074593956,-1,-1,-1
1756,719,1623074594981,-1,-1,-1
1757,695,1623074595973,-1,-1,-1
1758,703,1623074596961,-1,-1,-1
1759,711,1623074596961,-1,-1,-1
1760,671,1623074597981,-1,-1,-1
1761,679,1623074598971,-1,-1,-1
1762,655,1623074598971,-1,-1,-1
1763,655,1623074599992,-1,-1,-1
1764,671,1623074600981,-1,-1,-1
1765,711,1623074600981,-1,-1,-1
1766,751,1623074601969,-1,-1,-1
1767,767,1623074602960,-1,-1,-1
1768,751,1623074603979,-1,-1,-1
1769,735,1623074603979,-1,-1,-1
1770,735,1623074604966,-1,-1,-1
1771,727,1623074605958,-1,-1,-1
1772,727,1623074606981,-1,-1,-1
1773,719,1623074606981,-1,-1,-1
1774,719,1623074607971,-1,-1,-1
1775,719,1623074608956,-1,-1,-1
1776,719,1623074608956,-1,-1,-1
1777,727,1623074610015,-1,-1,-1
1778,727,1623074610970,-1,-1,-1
1779,735,1623074611960,-1,-1,-1
1780,711,1623074611960,-1,-1,-1
1781,695,1623074612980,-1,-1,-1
1782,695,1623074613966,-1,-1,-1
1783,719,1623074613966,-1,-1,-1
1784,775,1623074614960,-1,-1,-1
1785,799,1623074615981,-1,-1,-1
1786,815,1623074617001,-1,-1,-1
1787,847,1623074617960,-1,-1,-1
1788,863,1623074618976,-1,-1,-1
1789,839,1623074618976,-1,-1,-1
1790,807,1623074619971,-1,-1,-1
1791,799,1623074620955,-1,-1,-1
1792,783,1623074621946,-1,-1,-1
1793,759,1623074622971,-1,-1,-1
1794,751,1623074622971,-1,-1,-1
1795,735,1623074623955,-1,-1,-1
1796,727,1623074624951,-1,-1,-1
1797,719,1623074624951,-1,-1,-1
1798,711,1623074625970,-1,-1,-1
1799,703,1623074626956,-1,-1,-1
1800,703,1623074627981,-1,-1,-1
1801,735,1623074627981,-1,-1,-1
1802,823,1623074628969,-1,-1,-1
1803,903,1623074629960,-1,-1,-1
1804,847,1623074630951,-1,-1,-1
1805,839,1623074631971,-1,-1,-1
1806,823,1623074632961,-1,-1,-1
1807,815,1623074632961,-1,-1,-1
1808,791,1623074633952,-1,-1,-1
1809,767,1623074634970,-1,-1,-1
1810,767,1623074635960,-1,-1,-1
1811,751,1623074635960,-1,-1,-1
1812,727,1623074636951,-1,-1,-1
1813,735,1623074637971,-1,-1,-1
1814,743,1623074638955,-1,-1,-1
1815,759,1623074638955,-1,-1,-1
1816,759,1623074639946,-1,-1,-1
1817,751,1623074640971,-1,-1,-1
1818,775,1623074641955,-1,-1,-1
1819,783,1623074642951,-1,-1,-1
1820,775,1623074642951,-1,-1,-1
1821,759,1623074643971,-1,-1,-1
1822,775,1623074644960,-1,-1,-1
1823,783,1623074645951,-1,-1,-1
1824,775,1623074645951,-1,-1,-1
1825,767,1623074646970,-1,-1,-1
1826,767,1623074647960,-1,-1,-1
1827,767,1623074648946,-1,-1,-1
1828,751,1623074648946,-1,-1,-1
1829,727,1623074649971,-1,-1,-1
1830,703,1623074650961,-1,-1,-1
1831,703,1623074651951,-1,-1,-1
1832,711,1623074651951,-1,-1,-1
1833,751,1623074652971,-1,-1,-1
1834,783,1623074653960,-1,-1,-1
1835,775,1623074654945,-1,-1,-1
1836,791,1623074654945,-1,-1,-1
1837,815,1623074655971,-1,-1,-1
1838,807,1623074656955,-1,-1,-1
1839,807,1623074657946,-1,-1,-1
1840,815,1623074658965,-1,-1,-1
1841,815,1623074658965,-1,-1,-1
1842,775,1623074659989,-1,-1,-1
1843,767,1623074660980,-1,-1,-1
1844,743,1623074661968,-1,-1,-1
1845,751,1623074661968,-1,-1,-1
1846,759,1623074662956,-1,-1,-1
1847,759,1623074663950,-1,-1,-1
1848,767,1623074664970,-1,-1,-1
1849,767,1623074665960,-1,-1,-1
1850,767,1623074665960,-1,-1,-1
1851,767,1623074666950,-1,-1,-1
1852,767,1623074667970,-1,-1,-1
1853,751,1623074668955,-1,-1,-1
1854,751,1623074668955,-1,-1,-1
1855,751,1623074669950,-1,-1,-1
1856,743,1623074670967,-1,-1,-1
1857,735,1623074671961,-1,-1,-1
1858,719,1623074671961,-1,-1,-1
1859,775,1623074672945,-1,-1,-1
1860,927,1623074673970,-1,-1,-1
1861,991,1623074674959,-1,-1,-1
1862,879,1623074675951,-1,-1,-1
1863,799,1623074676971,-1,-1,-1
1864,751,1623074676971,-1,-1,-1
1865,727,1623074677959,-1,-1,-1
1866,703,1623074678947,-1,-1,-1
1867,703,1623074679970,-1,-1,-1
1868,703,1623074679970,-1,-1,-1
1869,719,1623074680960,-1,-1,-1
1870,719,1623074681951,-1,-1,-1
1871,743,1623074681951,-1,-1,-1
1872,759,1623074682971,-1,-1,-1
1873,807,1623074683955,-1,-1,-1
1874,807,1623074684950,-1,-1,-1
1875,799,1623074685971,-1,-1,-1
1876,759,1623074685971,-1,-1,-1
1877,743,1623074686956,-1,-1,-1
1878,735,1623074687950,-1,-1,-1
1879,743,1623074688996,-1,-1,-1
1880,727,1623074688996,-1,-1,-1
1881,735,1623074689960,-1,-1,-1
1882,735,1623074690945,-1,-1,-1
1883,759,1623074691966,-1,-1,-1
1884,783,1623074691966,-1,-1,-1
1885,799,1623074692987,-1,-1,-1
1886,799,1623074693979,-1,-1,-1
1887,783,1623074694971,-1,-1,-1
1888,775,1623074695960,-1,-1,-1
1889,767,1623074695960,-1,-1,-1
1890,751,1623074696945,-1,-1,-1
1891,727,1623074697970,-1,-1,-1
1892,727,1623074697970,-1,-1,-1
1893,735,1623074698956,-1,-1,-1
1894,735,1623074699948,-1,-1,-1
1895,719,1623074700970,-1,-1,-1
1896,711,1623074700970,-1,-1,-1
1897,751,1623074701990,-1,-1,-1
1898,791,1623074702951,-1,-1,-1
1899,807,1623074703971,-1,-1,-1
1900,791,1623074704960,-1,-1,-1
1901,823,1623074704960,-1,-1,-1
1902,823,1623074705951,-1,-1,-1
1903,815,1623074706970,-1,-1,-1
1904,791,1623074707959,-1,-1,-1
1905,759,1623074708945,-1,-1,-1
1906,751,1623074708945,-1,-1,-1
1907,767,1623074709969,-1,-1,-1
1908,751,1623074710956,-1,-1,-1
1909,759,1623074711949,-1,-1,-1
1910,751,1623074711949,-1,-1,-1
1911,735,1623074712970,-1,-1,-1
1912,743,1623074713955,-1,-1,-1
1913,751,1623074714950,-1,-1,-1
1914,735,1623074714950,-1,-1,-1
1915,727,1623074715971,-1,-1,-1
1916,743,1623074716960,-1,-1,-1
1917,759,1623074717948,-1,-1,-1
1918,767,1623074717948,-1,-1,-1
1919,775,1623074718967,-1,-1,-1
1920,743,1623074719960,-1,-1,-1
1921,759,1623074720944,-1,-1,-1
1922,759,1623074720944,-1,-1,-1
1923,751,1623074721969,-1,-1,-1
1924,727,1623074722960,-1,-1,-1
1925,727,1623074723949,-1,-1,-1
1926,743,1623074723949,-1,-1,-1
1927,751,1623074724970,-1,-1,-1
1928,775,1623074725994,-1,-1,-1
1929,791,1623074726980,-1,-1,-1
1930,783,1623074726980,-1,-1,-1
1931,783,1623074727969,-1,-1,-1
1932,767,1623074728960,-1,-1,-1
1933,751,1623074734960,-1,-1,-1
1934,735,1623074735945,-1,-1,-1
1935,751,1623074735945,-1,-1,-1
1936,767,1623074736970,-1,-1,-1
1937,783,1623074737959,-1,-1,-1
1938,783,1623074738944,-1,-1,-1
1939,791,1623074739970,-1,-1,-1
1940,775,1623074739970,-1,-1,-1
1941,759,1623074740954,-1,-1,-1
1942,775,1623074741951,-1,-1,-1
1943,767,1623074742970,-1,-1,-1
1944,751,1623074742970,-1,-1,-1
1945,743,1623074743959,-1,-1,-1
1946,759,1623074744950,-1,-1,-1
1947,767,1623074745965,-1,-1,-1
1948,783,1623074745965,-1,-1,-1
1949,791,1623074746960,-1,-1,-1
1950,791,1623074747951,-1,-1,-1
1951,799,1623074748965,-1,-1,-1
1952,783,1623074749959,-1,-1,-1
1953,759,1623074749959,-1,-1,-1
1954,751,1623074750951,-1,-1,-1
1955,759,1623074751970,-1,-1,-1
1956,759,1623074752954,-1,-1,-1
1957,743,1623074752954,-1,-1,-1
1958,743,1623074753945,-1,-1,-1
1959,767,1623074754971,-1,-1,-1
1960,791,1623074755960,-1,-1,-1
1961,751,1623074755960,-1,-1,-1
1962,783,1623074756979,-1,-1,-1
1963,783,1623074757973,-1,-1,-1
1964,775,1623074758991,-1,-1,-1
1965,759,1623074759979,-1,-1,-1
1966,767,1623074759979,-1,-1,-1
1967,791,1623074760970,-1,-1,-1
1968,783,1623074761957,-1,-1,-1
1969,791,1623074762949,-1,-1,-1
1970,799,1623074763964,-1,-1,-1
1971,759,1623074763964,-1,-1,-1
1972,767,1623074764954,-1,-1,-1
1973,759,1623074765944,-1,-1,-1
1974,751,1623074766938,-1,-1,-1
1975,735,1623074766938,-1,-1,-1
1976,711,1623074767959,-1,-1,-1
1977,703,1623074768944,-1,-1,-1
1978,703,1623074768944,-1,-1,-1
1979,687,1623074769939,-1,-1,-1
1980,679,1623074770959,-1,-1,-1
1981,679,1623074770960,-1,-1,-1
1982,687,1623074771944,-1,-1,-1
1983,695,1623074772939,-1,-1,-1
1984,735,1623074773961,-1,-1,-1
1985,743,1623074773961,-1,-1,-1
1986,727,1623074774950,-1,-1,-1
1987,743,1623074775939,-1,-1,-1
1988,791,1623074776958,-1,-1,-1
1989,807,1623074776958,-1,-1,-1
1990,815,1623074777943,-1,-1,-1
1991,799,1623074778934,-1,-1,-1
1992,775,1623074779953,-1,-1,-1
1993,759,1623074780944,-1,-1,-1
1994,727,1623074780944,-1,-1,-1
1995,719,1623074781933,-1,-1,-1
1996,727,1623074782988,-1,-1,-1
1997,727,1623074782988,-1,-1,-1
1998,751,1623074783952,-1,-1,-1
1999,759,1623074784934,-1,-1,-1
2000,751,1623074785958,-1,-1,-1
2001,767,1623074785958,-1,-1,-1
2002,783,1623074786951,-1,-1,-1
2003,767,1623074787939,-1,-1,-1
2004,727,1623074788959,-1,-1,-1
2005,743,1623074789944,-1,-1,-1
2006,807,1623074789944,-1,-1,-1
2007,991,1623074790939,-1,-1,-1
2008,895,1623074791984,-1,-1,-1
2009,863,1623074792979,-1,-1,-1
2010,847,1623074793939,-1,-1,-1
2011,807,1623074794956,-1,-1,-1
2012,791,1623074795949,-1,-1,-1
2013,799,1623074795949,-1,-1,-1
2014,799,1623074796939,-1,-1,-1
2015,791,1623074797957,-1,-1,-1
2016,783,1623074798944,-1,-1,-1
2017,759,1623074798944,-1,-1,-1
2018,751,1623074799934,-1,-1,-1
2019,759,1623074800958,-1,-1,-1
2020,751,1623074801944,-1,-1,-1
2021,735,1623074801944,-1,-1,-1
2022,735,1623074802938,-1,-1,-1
2023,759,1623074803959,-1,-1,-1
2024,831,1623074804950,-1,-1,-1
2025,903,1623074805939,-1,-1,-1
2026,879,1623074806954,-1,-1,-1
2027,823,1623074806954,-1,-1,-1
2028,831,1623074807949,-1,-1,-1
2029,799,1623074808940,-1,-1,-1
2030,783,1623074809958,-1,-1,-1
2031,767,1623074810947,-1,-1,-1
2032,767,1623074810947,-1,-1,-1
2033,767,1623074811970,-1,-1,-1
2034,767,1623074812960,-1,-1,-1
2035,759,1623074813949,-1,-1,-1
2036,743,1623074813949,-1,-1,-1
2037,735,1623074814939,-1,-1,-1
2038,719,1623074815958,-1,-1,-1
2039,759,1623074816948,-1,-1,-1
2040,855,1623074816948,-1,-1,-1
2041,903,1623074817935,-1,-1,-1
2042,799,1623074818960,-1,-1,-1
2043,807,1623074819945,-1,-1,-1
2044,839,1623074820939,-1,-1,-1
2045,815,1623074821954,-1,-1,-1
2046,823,1623074821954,-1,-1,-1
2047,807,1623074822946,-1,-1,-1
2048,791,1623074823933,-1,-1,-1
2049,775,1623074824986,-1,-1,-1
2050,775,1623074825975,-1,-1,-1
2051,759,1623074825975,-1,-1,-1
2052,767,1623074826939,-1,-1,-1
2053,775,1623074827957,-1,-1,-1
2054,759,1623074828943,-1,-1,-1
2055,783,1623074828944,-1,-1,-1
2056,807,1623074829933,-1,-1,-1
2057,831,1623074830959,-1,-1,-1
2058,815,1623074831949,-1,-1,-1
2059,855,1623074832938,-1,-1,-1
2060,847,1623074833958,-1,-1,-1
2061,807,1623074833958,-1,-1,-1
2062,823,1623074834949,-1,-1,-1
2063,839,1623074835940,-1,-1,-1
2064,823,1623074836958,-1,-1,-1
2065,815,1623074837974,-1,-1,-1
2066,839,1623074838933,-1,-1,-1
2067,839,1623074838933,-1,-1,-1
2068,831,1623074839959,-1,-1,-1
2069,839,1623074840944,-1,-1,-1
2070,839,1623074841968,-1,-1,-1
2071,847,1623074842955,-1,-1,-1
2072,839,1623074843946,-1,-1,-1
2073,807,1623074843946,-1,-1,-1
2074,799,1623074844937,-1,-1,-1
2075,799,1623074845956,-1,-1,-1
2076,791,1623074846944,-1,-1,-1
2077,775,1623074847935,-1,-1,-1
2078,799,1623074847935,-1,-1,-1
2079,815,1623074848953,-1,-1,-1
2080,807,1623074849943,-1,-1,-1
2081,767,1623074850934,-1,-1,-1
2082,767,1623074851953,-1,-1,-1
2083,783,1623074851953,-1,-1,-1
2084,775,1623074852950,-1,-1,-1
2085,783,1623074853936,-1,-1,-1
2086,799,1623074854956,-1,-1,-1
2087,815,1623074855947,-1,-1,-1
2088,815,1623074855947,-1,-1,-1
2089,823,1623074856933,-1,-1,-1
2090,807,1623074857983,-1,-1,-1
2091,831,1623074858974,-1,-1,-1
2092,823,1623074859933,-1,-1,-1
2093,823,1623074859933,-1,-1,-1
2094,823,1623074860953,-1,-1,-1
2095,831,1623074861943,-1,-1,-1
2096,807,1623074862938,-1,-1,-1
2097,807,1623074863988,-1,-1,-1
2098,799,1623074864949,-1,-1,-1
2099,767,1623074864949,-1,-1,-1
2100,751,1623074865939,-1,-1,-1
2101,735,1623074866955,-1,-1,-1
2102,751,1623074867948,-1,-1,-1
2103,759,1623074867948,-1,-1,-1
2104,751,1623074868933,-1,-1,-1
2105,743,1623074869958,-1,-1,-1
2106,767,1623074870948,-1,-1,-1
2107,823,1623074870948,-1,-1,-1
2108,823,1623074871938,-1,-1,-1
2109,831,1623074872954,-1,-1,-1
2110,847,1623074873949,-1,-1,-1
2111,831,1623074874937,-1,-1,-1
2112,799,1623074874937,-1,-1,-1
2113,799,1623074875959,-1,-1,-1
2114,807,1623074876949,-1,-1,-1
2115,767,1623074878448,-1,-1,-1
2116,775,1623074879438,-1,-1,-1
2117,799,1623074879438,-1,-1,-1
2118,807,1623074880458,-1,-1,-1
2119,791,1623074880933,-1,-1,-1
2120,823,1623074882438,-1,-1,-1
2121,823,1623074883458,-1,-1,-1
2122,815,1623074883932,-1,-1,-1
2123,823,1623074883932,-1,-1,-1
2124,823,1623074885433,-1,-1,-1
2125,815,1623074886458,-1,-1,-1
2126,799,1623074887448,-1,-1,-1
2127,807,1623074888438,-1,-1,-1
2128,799,1623074888438,-1,-1,-1
2129,791,1623074889458,-1,-1,-1
2130,807,1623074890449,-1,-1,-1
2131,759,1623074891438,-1,-1,-1
2132,759,1623074892458,-1,-1,-1
2133,727,1623074892458,-1,-1,-1
2134,791,1623074893443,-1,-1,-1
2135,743,1623074894438,-1,-1,-1
2136,751,1623074895454,-1,-1,-1
2137,655,1623074895454,-1,-1,-1
2138,703,1623074896448,-1,-1,-1
2139,703,1623074897468,-1,-1,-1
2140,679,1623074897468,-1,-1,-1
2141,687,1623074897949,-1,-1,-1
2142,695,1623074898933,-1,-1,-1
2143,663,1623074898933,-1,-1,-1
2144,687,1623074899957,-1,-1,-1
2145,719,1623074900943,-1,-1,-1
2146,719,1623074900943,-1,-1,-1
2147,735,1623074901933,-1,-1,-1
2148,735,1623074902955,-1,-1,-1
2149,735,1623074903949,-1,-1,-1
2150,719,1623074903950,-1,-1,-1
2151,719,1623074904938,-1,-1,-1
2152,703,1623074906437,-1,-1,-1
2153,1000,1623074906949,-1,-1,-1
2154,1071,1623074907938,-1,-1,-1
2155,687,1623074909438,-1,-1,-1
2156,695,1623074909438,-1,-1,-1
2157,719,1623074910457,-1,-1,-1
2158,751,1623074911449,-1,-1,-1
2159,743,1623074911449,-1,-1,-1
2160,735,1623074912438,-1,-1,-1
2161,743,1623074913458,-1,-1,-1
2162,775,1623074914449,-1,-1,-1
2163,791,1623074915438,-1,-1,-1
2164,791,1623074915438,-1,-1,-1
2165,807,1623074916459,-1,-1,-1
2166,799,1623074917449,-1,-1,-1
2167,783,1623074918438,-1,-1,-1
2168,767,1623074918438,-1,-1,-1
2169,759,1623074919488,-1,-1,-1
2170,743,1623074920448,-1,-1,-1
2171,735,1623074921437,-1,-1,-1
2172,743,1623074921437,-1,-1,-1
2173,743,1623074922457,-1,-1,-1
2174,735,1623074923477,-1,-1,-1
2175,735,1623074924436,-1,-1,-1
2176,767,1623074924436,-1,-1,-1
2177,855,1623074925458,-1,-1,-1
2178,815,1623074926449,-1,-1,-1
2179,791,1623074927437,-1,-1,-1
2180,807,1623074928458,-1,-1,-1
2181,767,1623074928458,-1,-1,-1
2182,767,1623074929447,-1,-1,-1
2183,775,1623074930437,-1,-1,-1
2184,791,1623074931458,-1,-1,-1
2185,767,1623074932447,-1,-1,-1
2186,783,1623074932447,-1,-1,-1
2187,767,1623074933438,-1,-1,-1
2188,775,1623074934460,-1,-1,-1
2189,775,1623074935442,-1,-1,-1
2190,775,1623074935442,-1,-1,-1
2191,759,1623074936439,-1,-1,-1
2192,743,1623074937457,-1,-1,-1
2193,751,1623074938447,-1,-1,-1
2194,743,1623074938447,-1,-1,-1
2195,735,1623074939438,-1,-1,-1
2196,751,1623074940488,-1,-1,-1
2197,775,1623074941478,-1,-1,-1
2198,775,1623074941478,-1,-1,-1
2199,775,1623074942437,-1,-1,-1
2200,807,1623074943457,-1,-1,-1
2201,815,1623074944447,-1,-1,-1
2202,783,1623074945437,-1,-1,-1
2203,799,1623074945437,-1,-1,-1
2204,799,1623074946458,-1,-1,-1
2205,767,1623074947449,-1,-1,-1
2206,775,1623074948467,-1,-1,-1
2207,791,1623074949487,-1,-1,-1
2208,791,1623074949487,-1,-1,-1
2209,775,1623074950449,-1,-1,-1
2210,791,1623074951437,-1,-1,-1
2211,791,1623074952457,-1,-1,-1
2212,791,1623074953448,-1,-1,-1
2213,783,1623074953448,-1,-1,-1
2214,791,1623074954437,-1,-1,-1
2215,783,1623074955459,-1,-1,-1
2216,767,1623074956449,-1,-1,-1
2217,775,1623074956449,-1,-1,-1
2218,767,1623074957437,-1,-1,-1
2219,751,1623074958457,-1,-1,-1
2220,759,1623074959443,-1,-1,-1
2221,767,1623074960434,-1,-1,-1
2222,791,1623074960434,-1,-1,-1
2223,695,1623074961453,-1,-1,-1
2224,703,1623074962442,-1,-1,-1
2225,703,1623074962442,-1,-1,-1
2226,719,1623074963432,-1,-1,-1
2227,711,1623074964457,-1,-1,-1
2228,743,1623074965448,-1,-1,-1
2229,639,1623074965448,-1,-1,-1
2230,711,1623074966436,-1,-1,-1
2231,719,1623074968448,-1,-1,-1
2232,751,1623074969437,-1,-1,-1
2233,735,1623074970457,-1,-1,-1
2234,703,1623074970457,-1,-1,-1
2235,727,1623074971447,-1,-1,-1
2236,727,1623074972432,-1,-1,-1
2237,655,1623074972432,-1,-1,-1
2238,815,1623074973489,-1,-1,-1
2239,655,1623074974477,-1,-1,-1
2240,679,1623074975437,-1,-1,-1
2241,719,1623074975437,-1,-1,-1
2242,719,1623074976459,-1,-1,-1
2243,711,1623074977447,-1,-1,-1
2244,711,1623074977447,-1,-1,-1
2245,695,1623074978437,-1,-1,-1
2246,815,1623074979458,-1,-1,-1
2247,583,1623074979458,-1,-1,-1
2248,879,1623074980448,-1,-1,-1
2249,751,1623074981433,-1,-1,-1
2250,767,1623074982427,-1,-1,-1
2251,759,1623074983448,-1,-1,-1
2252,791,1623074983448,-1,-1,-1
2253,767,1623074984432,-1,-1,-1
2254,775,1623074985427,-1,-1,-1
2255,791,1623074986447,-1,-1,-1
2256,767,1623074987434,-1,-1,-1
2257,767,1623074987434,-1,-1,-1
2258,775,1623074988427,-1,-1,-1
2259,775,1623074989447,-1,-1,-1
2260,759,1623074990432,-1,-1,-1
2261,751,1623074990432,-1,-1,-1
2262,767,1623074991457,-1,-1,-1
2263,751,1623074992449,-1,-1,-1
2264,743,1623074993432,-1,-1,-1
2265,759,1623074993432,-1,-1,-1
2266,783,1623074994428,-1,-1,-1
2267,759,1623074995448,-1,-1,-1
2268,759,1623074996435,-1,-1,-1
2269,751,1623074996435,-1,-1,-1
2270,743,1623074997427,-1,-1,-1
2271,735,1623074998447,-1,-1,-1
2272,751,1623074999437,-1,-1,-1
2273,751,1623074999437,-1,-1,-1
2274,743,1623075000427,-1,-1,-1
2275,743,1623075001447,-1,-1,-1
2276,759,1623075002437,-1,-1,-1
2277,767,1623075002437,-1,-1,-1
2278,663,1623075005437,-1,-1,-1
2279,695,1623075006428,-1,-1,-1
2280,687,1623075007447,-1,-1,-1
2281,719,1623075007447,-1,-1,-1
2282,751,1623075008433,-1,-1,-1
2283,735,1623075009428,-1,-1,-1
2284,751,1623075010447,-1,-1,-1
2285,759,1623075010447,-1,-1,-1
2286,751,1623075011431,-1,-1,-1
2287,743,1623075012427,-1,-1,-1
2288,759,1623075013448,-1,-1,-1
2289,751,1623075013448,-1,-1,-1
2290,743,1623075014432,-1,-1,-1
2291,775,1623075015422,-1,-1,-1
2292,751,1623075016442,-1,-1,-1
2293,751,1623075016442,-1,-1,-1
2294,727,1623075017430,-1,-1,-1
