,RR,Timestamp,SensorContact,errorEstimate,blockerBit
0,735,1625629804865,-1,-1,-1
1,671,1625629804865,-1,-1,-1
2,863,1625629804865,-1,-1,-1
3,719,1625629804865,-1,-1,-1
4,671,1625629804865,-1,-1,-1
5,839,1625629804865,-1,-1,-1
6,767,1625629807862,-1,-1,-1
7,775,1625629809873,-1,-1,-1
8,847,1625629810864,-1,-1,-1
9,871,1625629811852,-1,-1,-1
10,751,1625629814852,-1,-1,-1
11,775,1625629815874,-1,-1,-1
12,615,1625629820854,-1,-1,-1
13,943,1625629821906,-1,-1,-1
14,735,1625629822895,-1,-1,-1
15,743,1625629823853,-1,-1,-1
16,783,1625629823853,-1,-1,-1
17,823,1625629824873,-1,-1,-1
18,831,1625629825864,-1,-1,-1
19,807,1625629826853,-1,-1,-1
20,783,1625629829854,-1,-1,-1
21,847,1625629830873,-1,-1,-1
22,871,1625629831863,-1,-1,-1
23,831,1625629832853,-1,-1,-1
24,783,1625629832853,-1,-1,-1
25,967,1625629841854,-1,-1,-1
26,775,1625629844855,-1,-1,-1
27,791,1625629845844,-1,-1,-1
28,799,1625629846832,-1,-1,-1
29,743,1625629847853,-1,-1,-1
30,743,1625629849834,-1,-1,-1
31,767,1625629850854,-1,-1,-1
32,767,1625629851846,-1,-1,-1
33,799,1625629851846,-1,-1,-1
34,903,1625629852832,-1,-1,-1
35,951,1625629853853,-1,-1,-1
36,903,1625629854843,-1,-1,-1
37,887,1625629855832,-1,-1,-1
38,871,1625629856883,-1,-1,-1
39,903,1625629857873,-1,-1,-1
40,871,1625629858834,-1,-1,-1
41,911,1625629859854,-1,-1,-1
42,983,1625629860844,-1,-1,-1
43,1071,1625629861834,-1,-1,-1
44,1000,1625629862852,-1,-1,-1
45,911,1625629862852,-1,-1,-1
46,951,1625629863844,-1,-1,-1
47,903,1625629864835,-1,-1,-1
48,919,1625629865854,-1,-1,-1
49,943,1625629866844,-1,-1,-1
50,975,1625629867834,-1,-1,-1
51,919,1625629868855,-1,-1,-1
52,911,1625629869845,-1,-1,-1
53,887,1625629870834,-1,-1,-1
54,839,1625629871825,-1,-1,-1
55,839,1625629872845,-1,-1,-1
56,823,1625629872845,-1,-1,-1
57,815,1625629875844,-1,-1,-1
58,775,1625629877856,-1,-1,-1
59,759,1625629878855,-1,-1,-1
60,767,1625629879834,-1,-1,-1
61,775,1625629879834,-1,-1,-1
62,751,1625629880863,-1,-1,-1
63,783,1625629881846,-1,-1,-1
64,783,1625629882834,-1,-1,-1
65,791,1625629883823,-1,-1,-1
66,767,1625629883823,-1,-1,-1
67,775,1625629884845,-1,-1,-1
68,791,1625629885834,-1,-1,-1
69,823,1625629886830,-1,-1,-1
70,815,1625629888835,-1,-1,-1
71,871,1625629889824,-1,-1,-1
72,799,1625629890874,-1,-1,-1
73,791,1625629891833,-1,-1,-1
74,831,1625629891833,-1,-1,-1
75,807,1625629892825,-1,-1,-1
76,831,1625629893845,-1,-1,-1
77,823,1625629894835,-1,-1,-1
78,863,1625629895826,-1,-1,-1
79,815,1625629896848,-1,-1,-1
80,863,1625629896848,-1,-1,-1
81,951,1625629897841,-1,-1,-1
82,887,1625629898825,-1,-1,-1
83,839,1625629899845,-1,-1,-1
84,871,1625629900834,-1,-1,-1
85,863,1625629901823,-1,-1,-1
86,855,1625629902844,-1,-1,-1
87,839,1625629903835,-1,-1,-1
88,935,1625629904824,-1,-1,-1
89,879,1625629904824,-1,-1,-1
90,903,1625629905846,-1,-1,-1
91,935,1625629906837,-1,-1,-1
92,847,1625629907861,-1,-1,-1
93,855,1625629908847,-1,-1,-1
94,863,1625629909836,-1,-1,-1
95,807,1625629910824,-1,-1,-1
96,855,1625629910824,-1,-1,-1
97,951,1625629911844,-1,-1,-1
98,879,1625629912836,-1,-1,-1
99,919,1625629913825,-1,-1,-1
100,927,1625629914845,-1,-1,-1
101,839,1625629915836,-1,-1,-1
102,903,1625629916826,-1,-1,-1
103,863,1625629917847,-1,-1,-1
104,839,1625629918838,-1,-1,-1
105,879,1625629918838,-1,-1,-1
106,847,1625629919825,-1,-1,-1
107,823,1625629920847,-1,-1,-1
108,927,1625629923847,-1,-1,-1
109,679,1625629924838,-1,-1,-1
110,1079,1625629925826,-1,-1,-1
111,783,1625629926847,-1,-1,-1
112,767,1625629926847,-1,-1,-1
113,799,1625629927837,-1,-1,-1
114,831,1625629930849,-1,-1,-1
115,823,1625629930849,-1,-1,-1
116,775,1625629931826,-1,-1,-1
117,799,1625629932848,-1,-1,-1
118,807,1625629935847,-1,-1,-1
119,823,1625629936839,-1,-1,-1
120,791,1625629937826,-1,-1,-1
121,759,1625629937826,-1,-1,-1
122,871,1625629940857,-1,-1,-1
123,831,1625629941846,-1,-1,-1
124,855,1625629942836,-1,-1,-1
125,903,1625629943825,-1,-1,-1
126,783,1625629943825,-1,-1,-1
127,647,1625629944845,-1,-1,-1
128,815,1625629946827,-1,-1,-1
129,791,1625629947845,-1,-1,-1
130,815,1625629949827,-1,-1,-1
131,799,1625629950818,-1,-1,-1
132,895,1625629951842,-1,-1,-1
133,767,1625629953818,-1,-1,-1
134,695,1625629954839,-1,-1,-1
135,783,1625629955827,-1,-1,-1
136,799,1625629956818,-1,-1,-1
137,855,1625629958828,-1,-1,-1
138,863,1625629959838,-1,-1,-1
139,823,1625629960839,-1,-1,-1
140,879,1625629961829,-1,-1,-1
141,855,1625629962818,-1,-1,-1
142,895,1625629962818,-1,-1,-1
143,887,1625629963837,-1,-1,-1
144,847,1625629964826,-1,-1,-1
145,855,1625629965818,-1,-1,-1
146,871,1625629966839,-1,-1,-1
147,863,1625629967830,-1,-1,-1
148,879,1625629968819,-1,-1,-1
149,879,1625629969838,-1,-1,-1
150,823,1625629969838,-1,-1,-1
151,863,1625629970826,-1,-1,-1
152,831,1625629971820,-1,-1,-1
153,815,1625629972838,-1,-1,-1
154,839,1625629974846,-1,-1,-1
155,799,1625629975838,-1,-1,-1
156,807,1625629976828,-1,-1,-1
157,783,1625629977818,-1,-1,-1
158,799,1625629978837,-1,-1,-1
159,831,1625629978837,-1,-1,-1
160,839,1625629979827,-1,-1,-1
161,823,1625629980816,-1,-1,-1
162,831,1625629981838,-1,-1,-1
163,847,1625629982825,-1,-1,-1
164,783,1625629983815,-1,-1,-1
165,775,1625629983815,-1,-1,-1
166,751,1625629984836,-1,-1,-1
167,783,1625629985830,-1,-1,-1
168,799,1625629986817,-1,-1,-1
169,791,1625629987837,-1,-1,-1
170,863,1625629987837,-1,-1,-1
171,927,1625629988827,-1,-1,-1
172,815,1625629989817,-1,-1,-1
173,823,1625629990838,-1,-1,-1
174,815,1625629991827,-1,-1,-1
175,927,1625629992817,-1,-1,-1
176,831,1625629993837,-1,-1,-1
177,831,1625629995815,-1,-1,-1
178,919,1625629996835,-1,-1,-1
179,943,1625629997827,-1,-1,-1
180,879,1625629998817,-1,-1,-1
181,831,1625629999837,-1,-1,-1
182,855,1625630000828,-1,-1,-1
183,679,1625630000828,-1,-1,-1
184,863,1625630003827,-1,-1,-1
185,847,1625630004816,-1,-1,-1
186,847,1625630005867,-1,-1,-1
187,871,1625630006857,-1,-1,-1
188,895,1625630006857,-1,-1,-1
189,919,1625630007851,-1,-1,-1
190,1007,1625630008837,-1,-1,-1
191,855,1625630012827,-1,-1,-1
192,855,1625630013816,-1,-1,-1
193,903,1625630014838,-1,-1,-1
194,887,1625630015824,-1,-1,-1
195,935,1625630016816,-1,-1,-1
196,927,1625630017837,-1,-1,-1
197,839,1625630018827,-1,-1,-1
198,1023,1625630019816,-1,-1,-1
199,951,1625630020836,-1,-1,-1
200,887,1625630021826,-1,-1,-1
201,927,1625630022817,-1,-1,-1
202,767,1625630029837,-1,-1,-1
203,791,1625630030829,-1,-1,-1
204,791,1625630033828,-1,-1,-1
205,879,1625630034817,-1,-1,-1
206,839,1625630039857,-1,-1,-1
207,839,1625630040847,-1,-1,-1
208,815,1625630041839,-1,-1,-1
209,831,1625630041839,-1,-1,-1
210,903,1625630042826,-1,-1,-1
211,823,1625630043816,-1,-1,-1
212,847,1625630044836,-1,-1,-1
213,887,1625630045848,-1,-1,-1
214,727,1625630046817,-1,-1,-1
215,783,1625630046817,-1,-1,-1
216,799,1625630047838,-1,-1,-1
217,863,1625630048828,-1,-1,-1
218,895,1625630049816,-1,-1,-1
219,775,1625630050837,-1,-1,-1
220,879,1625630051827,-1,-1,-1
221,719,1625630053837,-1,-1,-1
222,791,1625630054829,-1,-1,-1
223,775,1625630054829,-1,-1,-1
224,791,1625630055817,-1,-1,-1
225,1007,1625630056851,-1,-1,-1
226,1063,1625630057826,-1,-1,-1
227,967,1625630058817,-1,-1,-1
228,1000,1625630059837,-1,-1,-1
229,1000,1625630060828,-1,-1,-1
230,935,1625630061817,-1,-1,-1
231,1103,1625630062838,-1,-1,-1
232,847,1625630065837,-1,-1,-1
233,815,1625630066828,-1,-1,-1
234,855,1625630067817,-1,-1,-1
235,1127,1625630069830,-1,-1,-1
236,1055,1625630070817,-1,-1,-1
237,943,1625630071868,-1,-1,-1
238,855,1625630072857,-1,-1,-1
239,847,1625630073817,-1,-1,-1
240,879,1625630074837,-1,-1,-1
241,871,1625630074837,-1,-1,-1
242,927,1625630075827,-1,-1,-1
243,951,1625630076818,-1,-1,-1
244,1007,1625630077807,-1,-1,-1
245,1223,1625630079817,-1,-1,-1
246,927,1625630079817,-1,-1,-1
247,847,1625630080807,-1,-1,-1
248,943,1625630083807,-1,-1,-1
249,887,1625630084827,-1,-1,-1
250,927,1625630085819,-1,-1,-1
251,1031,1625630086807,-1,-1,-1
252,943,1625630087828,-1,-1,-1
253,863,1625630088818,-1,-1,-1
254,871,1625630089806,-1,-1,-1
255,807,1625630089806,-1,-1,-1
256,759,1625630090829,-1,-1,-1
257,855,1625630091819,-1,-1,-1
258,927,1625630092806,-1,-1,-1
259,831,1625630097818,-1,-1,-1
260,831,1625630098808,-1,-1,-1
261,1127,1625630101806,-1,-1,-1
262,1063,1625630102827,-1,-1,-1
263,1079,1625630103818,-1,-1,-1
264,1103,1625630104806,-1,-1,-1
265,1031,1625630105858,-1,-1,-1
266,1055,1625630106818,-1,-1,-1
267,1047,1625630107806,-1,-1,-1
268,1087,1625630108826,-1,-1,-1
269,1223,1625630114828,-1,-1,-1
270,967,1625630115818,-1,-1,-1
271,1191,1625630116806,-1,-1,-1
272,863,1625630119807,-1,-1,-1
273,831,1625630119807,-1,-1,-1
274,791,1625630122811,-1,-1,-1
275,1023,1625630125809,-1,-1,-1
276,663,1625630125809,-1,-1,-1
277,1119,1625630126827,-1,-1,-1
278,935,1625630129828,-1,-1,-1
279,863,1625630132828,-1,-1,-1
280,903,1625630133819,-1,-1,-1
281,855,1625630133819,-1,-1,-1
282,855,1625630134808,-1,-1,-1
283,879,1625630135827,-1,-1,-1
284,887,1625630136819,-1,-1,-1
285,887,1625630137806,-1,-1,-1
286,1023,1625630138858,-1,-1,-1
287,1007,1625630139818,-1,-1,-1
288,959,1625630140807,-1,-1,-1
289,943,1625630141827,-1,-1,-1
290,887,1625630142818,-1,-1,-1
291,959,1625630143808,-1,-1,-1
292,919,1625630144827,-1,-1,-1
293,903,1625630145818,-1,-1,-1
294,1000,1625630146808,-1,-1,-1
295,991,1625630147827,-1,-1,-1
296,967,1625630148817,-1,-1,-1
297,991,1625630149807,-1,-1,-1
298,927,1625630149807,-1,-1,-1
299,983,1625630150828,-1,-1,-1
300,1119,1625630152807,-1,-1,-1
301,919,1625630152808,-1,-1,-1
302,911,1625630153827,-1,-1,-1
303,895,1625630154823,-1,-1,-1
304,839,1625630155838,-1,-1,-1
305,1055,1625630156828,-1,-1,-1
306,959,1625630157819,-1,-1,-1
307,895,1625630158808,-1,-1,-1
308,1000,1625630159828,-1,-1,-1
309,879,1625630160818,-1,-1,-1
310,863,1625630161807,-1,-1,-1
311,871,1625630162830,-1,-1,-1
312,887,1625630163821,-1,-1,-1
313,839,1625630163821,-1,-1,-1
314,839,1625630164808,-1,-1,-1
315,887,1625630165828,-1,-1,-1
316,983,1625630166819,-1,-1,-1
317,1055,1625630167807,-1,-1,-1
318,1000,1625630168829,-1,-1,-1
319,1015,1625630169818,-1,-1,-1
320,1007,1625630170807,-1,-1,-1
321,927,1625630171831,-1,-1,-1
322,943,1625630172818,-1,-1,-1
323,831,1625630176808,-1,-1,-1
324,879,1625630177829,-1,-1,-1
325,903,1625630178818,-1,-1,-1
326,839,1625630179809,-1,-1,-1
327,799,1625630180829,-1,-1,-1
328,791,1625630180829,-1,-1,-1
329,727,1625630181818,-1,-1,-1
330,751,1625630182808,-1,-1,-1
331,743,1625630183829,-1,-1,-1
332,911,1625630187822,-1,-1,-1
333,879,1625630188838,-1,-1,-1
334,903,1625630189829,-1,-1,-1
335,855,1625630190819,-1,-1,-1
336,815,1625630191808,-1,-1,-1
337,919,1625630192828,-1,-1,-1
338,815,1625630193819,-1,-1,-1
339,799,1625630193819,-1,-1,-1
340,895,1625630197808,-1,-1,-1
341,903,1625630198826,-1,-1,-1
342,895,1625630199819,-1,-1,-1
343,951,1625630200809,-1,-1,-1
344,807,1625630201831,-1,-1,-1
345,895,1625630201831,-1,-1,-1
346,927,1625630202820,-1,-1,-1
347,871,1625630203808,-1,-1,-1
348,895,1625630204838,-1,-1,-1
349,895,1625630205818,-1,-1,-1
350,863,1625630206809,-1,-1,-1
351,855,1625630207831,-1,-1,-1
352,831,1625630208818,-1,-1,-1
353,879,1625630208818,-1,-1,-1
354,847,1625630209808,-1,-1,-1
355,831,1625630210829,-1,-1,-1
356,767,1625630211818,-1,-1,-1
357,775,1625630212809,-1,-1,-1
358,783,1625630213804,-1,-1,-1
359,831,1625630213804,-1,-1,-1
360,839,1625630214819,-1,-1,-1
361,815,1625630215808,-1,-1,-1
362,831,1625630216797,-1,-1,-1
363,871,1625630217821,-1,-1,-1
364,743,1625630221837,-1,-1,-1
365,751,1625630221837,-1,-1,-1
366,807,1625630222830,-1,-1,-1
367,887,1625630223819,-1,-1,-1
368,991,1625630224810,-1,-1,-1
369,895,1625630227808,-1,-1,-1
370,887,1625630228799,-1,-1,-1
371,919,1625630229819,-1,-1,-1
372,959,1625630230809,-1,-1,-1
373,1055,1625630233809,-1,-1,-1
374,1015,1625630234799,-1,-1,-1
375,1031,1625630235819,-1,-1,-1
376,1015,1625630236808,-1,-1,-1
377,1047,1625630237798,-1,-1,-1
378,1111,1625630238819,-1,-1,-1
379,895,1625630239818,-1,-1,-1
380,927,1625630240798,-1,-1,-1
381,943,1625630243799,-1,-1,-1
382,775,1625630243799,-1,-1,-1
383,919,1625630244819,-1,-1,-1
384,863,1625630245808,-1,-1,-1
385,871,1625630246798,-1,-1,-1
386,919,1625630247819,-1,-1,-1
387,879,1625630248809,-1,-1,-1
388,871,1625630249799,-1,-1,-1
389,871,1625630250819,-1,-1,-1
390,895,1625630250819,-1,-1,-1
391,623,1625630255830,-1,-1,-1
392,799,1625630257809,-1,-1,-1
393,991,1625630258800,-1,-1,-1
394,687,1625630261798,-1,-1,-1
395,919,1625630261798,-1,-1,-1
396,551,1625630262818,-1,-1,-1
397,791,1625630264805,-1,-1,-1
398,815,1625630265819,-1,-1,-1
399,903,1625630270800,-1,-1,-1
400,935,1625630271821,-1,-1,-1
401,943,1625630274822,-1,-1,-1
402,943,1625630275808,-1,-1,-1
403,823,1625630275808,-1,-1,-1
404,903,1625630276799,-1,-1,-1
405,991,1625630282799,-1,-1,-1
406,1135,1625630286850,-1,-1,-1
407,863,1625630286850,-1,-1,-1
408,1151,1625630288829,-1,-1,-1
409,831,1625630290810,-1,-1,-1
410,591,1625630291799,-1,-1,-1
411,943,1625630301821,-1,-1,-1
412,911,1625630303801,-1,-1,-1
413,863,1625630304821,-1,-1,-1
414,927,1625630305809,-1,-1,-1
415,903,1625630307823,-1,-1,-1
416,903,1625630309801,-1,-1,-1
417,951,1625630309801,-1,-1,-1
418,959,1625630310820,-1,-1,-1
419,943,1625630311809,-1,-1,-1
420,1063,1625630314809,-1,-1,-1
421,1000,1625630315800,-1,-1,-1
422,1055,1625630316823,-1,-1,-1
423,1079,1625630317810,-1,-1,-1
424,1039,1625630318800,-1,-1,-1
425,1103,1625630319850,-1,-1,-1
426,991,1625630320838,-1,-1,-1
427,959,1625630321800,-1,-1,-1
428,895,1625630322820,-1,-1,-1
429,1247,1625630323808,-1,-1,-1
430,1191,1625630324800,-1,-1,-1
431,1143,1625630325824,-1,-1,-1
432,1015,1625630326810,-1,-1,-1
433,1063,1625630327800,-1,-1,-1
434,1183,1625630329810,-1,-1,-1
435,983,1625630330800,-1,-1,-1
436,1055,1625630331821,-1,-1,-1
437,1055,1625630332810,-1,-1,-1
438,927,1625630333800,-1,-1,-1
439,1167,1625630334819,-1,-1,-1
440,1183,1625630335809,-1,-1,-1
441,1031,1625630336800,-1,-1,-1
442,1079,1625630337789,-1,-1,-1
443,1000,1625630338810,-1,-1,-1
444,911,1625630339799,-1,-1,-1
445,1015,1625630340790,-1,-1,-1
446,967,1625630346789,-1,-1,-1
447,903,1625630347809,-1,-1,-1
448,1000,1625630348801,-1,-1,-1
449,1127,1625630349789,-1,-1,-1
450,1039,1625630350810,-1,-1,-1
451,991,1625630351801,-1,-1,-1
452,863,1625630352789,-1,-1,-1
453,847,1625630356810,-1,-1,-1
454,703,1625630357801,-1,-1,-1
455,743,1625630357801,-1,-1,-1
456,639,1625630358791,-1,-1,-1
457,823,1625630362811,-1,-1,-1
458,791,1625630363801,-1,-1,-1
459,847,1625630363801,-1,-1,-1
460,823,1625630364789,-1,-1,-1
461,815,1625630365809,-1,-1,-1
462,863,1625630366805,-1,-1,-1
463,831,1625630367790,-1,-1,-1
464,847,1625630368811,-1,-1,-1
465,895,1625630368811,-1,-1,-1
466,927,1625630374810,-1,-1,-1
467,1015,1625630375801,-1,-1,-1
468,887,1625630376790,-1,-1,-1
469,943,1625630377810,-1,-1,-1
470,967,1625630378800,-1,-1,-1
471,1007,1625630379790,-1,-1,-1
472,951,1625630380824,-1,-1,-1
473,919,1625630381802,-1,-1,-1
474,975,1625630382789,-1,-1,-1
475,839,1625630383811,-1,-1,-1
476,855,1625630384803,-1,-1,-1
477,895,1625630385788,-1,-1,-1
478,855,1625630385788,-1,-1,-1
479,1199,1625630387800,-1,-1,-1
480,807,1625630391790,-1,-1,-1
481,839,1625630392810,-1,-1,-1
482,815,1625630393802,-1,-1,-1
483,1000,1625630394789,-1,-1,-1
484,871,1625630395810,-1,-1,-1
485,1000,1625630396803,-1,-1,-1
486,1151,1625630397789,-1,-1,-1
487,975,1625630398810,-1,-1,-1
488,959,1625630399801,-1,-1,-1
489,1047,1625630400790,-1,-1,-1
490,1000,1625630401812,-1,-1,-1
491,1023,1625630402820,-1,-1,-1
492,983,1625630406791,-1,-1,-1
493,1015,1625630407810,-1,-1,-1
494,1007,1625630408800,-1,-1,-1
495,1071,1625630409790,-1,-1,-1
496,1015,1625630410810,-1,-1,-1
497,1031,1625630411802,-1,-1,-1
498,1031,1625630412789,-1,-1,-1
499,1007,1625630413811,-1,-1,-1
500,1095,1625630414801,-1,-1,-1
501,967,1625630415791,-1,-1,-1
502,991,1625630416817,-1,-1,-1
503,967,1625630417801,-1,-1,-1
504,935,1625630418790,-1,-1,-1
505,1071,1625630419811,-1,-1,-1
506,1095,1625630420804,-1,-1,-1
507,903,1625630423801,-1,-1,-1
508,855,1625630424792,-1,-1,-1
509,855,1625630425811,-1,-1,-1
510,967,1625630426801,-1,-1,-1
511,983,1625630427790,-1,-1,-1
512,1087,1625630428811,-1,-1,-1
513,1183,1625630429821,-1,-1,-1
514,1000,1625630430792,-1,-1,-1
515,943,1625630431811,-1,-1,-1
516,935,1625630432802,-1,-1,-1
517,887,1625630433791,-1,-1,-1
518,1223,1625630434811,-1,-1,-1
519,1191,1625630435801,-1,-1,-1
520,1111,1625630436821,-1,-1,-1
521,1087,1625630437811,-1,-1,-1
522,1079,1625630438801,-1,-1,-1
523,935,1625630439790,-1,-1,-1
524,991,1625630440810,-1,-1,-1
525,919,1625630441801,-1,-1,-1
526,1031,1625630442792,-1,-1,-1
527,1175,1625630443811,-1,-1,-1
528,1103,1625630444803,-1,-1,-1
529,991,1625630453801,-1,-1,-1
530,1047,1625630454790,-1,-1,-1
531,935,1625630455811,-1,-1,-1
532,831,1625630456800,-1,-1,-1
533,911,1625630457793,-1,-1,-1
534,855,1625630458812,-1,-1,-1
535,935,1625630459803,-1,-1,-1
536,935,1625630464811,-1,-1,-1
537,1095,1625630466792,-1,-1,-1
538,1135,1625630467811,-1,-1,-1
539,1207,1625630468802,-1,-1,-1
540,1039,1625630469822,-1,-1,-1
541,975,1625630470811,-1,-1,-1
542,1103,1625630474802,-1,-1,-1
543,1167,1625630475794,-1,-1,-1
544,1143,1625630476781,-1,-1,-1
545,1103,1625630477802,-1,-1,-1
546,1000,1625630478792,-1,-1,-1
547,967,1625630479781,-1,-1,-1
548,991,1625630480801,-1,-1,-1
549,1079,1625630481791,-1,-1,-1
550,967,1625630482783,-1,-1,-1
551,1000,1625630483801,-1,-1,-1
552,951,1625630484793,-1,-1,-1
553,983,1625630485785,-1,-1,-1
554,983,1625630486799,-1,-1,-1
555,1223,1625630487791,-1,-1,-1
556,1119,1625630488783,-1,-1,-1
557,1000,1625630489802,-1,-1,-1
558,1000,1625630490794,-1,-1,-1
559,1023,1625630491785,-1,-1,-1
560,1007,1625630492802,-1,-1,-1
561,983,1625630493791,-1,-1,-1
562,1047,1625630494782,-1,-1,-1
563,911,1625630495800,-1,-1,-1
564,911,1625630496792,-1,-1,-1
565,935,1625630497781,-1,-1,-1
566,1063,1625630498803,-1,-1,-1
567,895,1625630499791,-1,-1,-1
568,911,1625630500782,-1,-1,-1
569,1023,1625630501830,-1,-1,-1
570,967,1625630502823,-1,-1,-1
571,1039,1625630503811,-1,-1,-1
572,1031,1625630504801,-1,-1,-1
573,951,1625630505793,-1,-1,-1
574,975,1625630506782,-1,-1,-1
575,823,1625630513806,-1,-1,-1
576,1071,1625630517796,-1,-1,-1
577,1111,1625630518782,-1,-1,-1
578,1047,1625630519803,-1,-1,-1
579,1039,1625630520799,-1,-1,-1
580,991,1625630521785,-1,-1,-1
581,919,1625630522801,-1,-1,-1
582,1015,1625630525801,-1,-1,-1
583,1023,1625630526791,-1,-1,-1
584,1023,1625630527783,-1,-1,-1
585,991,1625630528801,-1,-1,-1
586,1095,1625630529793,-1,-1,-1
587,927,1625630547793,-1,-1,-1
588,815,1625630551781,-1,-1,-1
589,863,1625630552808,-1,-1,-1
590,1023,1625630556792,-1,-1,-1
591,967,1625630558801,-1,-1,-1
592,927,1625630559792,-1,-1,-1
593,895,1625630560783,-1,-1,-1
594,679,1625630563784,-1,-1,-1
595,1111,1625630564801,-1,-1,-1
596,943,1625630565793,-1,-1,-1
597,903,1625630566784,-1,-1,-1
598,895,1625630568826,-1,-1,-1
599,903,1625630569782,-1,-1,-1
600,887,1625630570801,-1,-1,-1
601,823,1625630571793,-1,-1,-1
602,911,1625630572782,-1,-1,-1
603,991,1625630573802,-1,-1,-1
604,983,1625630574792,-1,-1,-1
605,1031,1625630579816,-1,-1,-1
606,879,1625630580793,-1,-1,-1
607,1047,1625630581782,-1,-1,-1
608,1127,1625630582802,-1,-1,-1
609,1055,1625630583792,-1,-1,-1
610,1151,1625630584782,-1,-1,-1
611,1079,1625630585801,-1,-1,-1
612,1167,1625630588802,-1,-1,-1
613,967,1625630589792,-1,-1,-1
614,1063,1625630590781,-1,-1,-1
615,951,1625630591801,-1,-1,-1
616,943,1625630592792,-1,-1,-1
617,1031,1625630593784,-1,-1,-1
618,967,1625630596782,-1,-1,-1
619,919,1625630597802,-1,-1,-1
620,1000,1625630598796,-1,-1,-1
621,1143,1625630599782,-1,-1,-1
622,1087,1625630601823,-1,-1,-1
623,1047,1625630602783,-1,-1,-1
624,911,1625630603772,-1,-1,-1
625,1191,1625630606771,-1,-1,-1
626,943,1625630607792,-1,-1,-1
627,975,1625630608782,-1,-1,-1
628,919,1625630609772,-1,-1,-1
629,871,1625630610797,-1,-1,-1
630,1263,1625630611785,-1,-1,-1
631,1063,1625630612772,-1,-1,-1
632,1119,1625630613793,-1,-1,-1
633,1095,1625630614781,-1,-1,-1
634,935,1625630615772,-1,-1,-1
635,879,1625630616794,-1,-1,-1
636,871,1625630617785,-1,-1,-1
637,903,1625630618772,-1,-1,-1
638,1095,1625630619793,-1,-1,-1
639,1047,1625630620785,-1,-1,-1
640,1231,1625630621772,-1,-1,-1
641,1103,1625630622795,-1,-1,-1
642,975,1625630623781,-1,-1,-1
643,911,1625630626781,-1,-1,-1
644,919,1625630627772,-1,-1,-1
645,991,1625630628793,-1,-1,-1
646,1015,1625630629781,-1,-1,-1
647,975,1625630630772,-1,-1,-1
648,943,1625630631814,-1,-1,-1
649,903,1625630632782,-1,-1,-1
650,935,1625630633772,-1,-1,-1
651,991,1625630634824,-1,-1,-1
652,983,1625630635782,-1,-1,-1
653,911,1625630638783,-1,-1,-1
654,895,1625630643794,-1,-1,-1
655,967,1625630644785,-1,-1,-1
656,863,1625630645772,-1,-1,-1
657,831,1625630646795,-1,-1,-1
658,927,1625630647785,-1,-1,-1
659,903,1625630648772,-1,-1,-1
660,855,1625630648772,-1,-1,-1
661,943,1625630649794,-1,-1,-1
662,983,1625630650782,-1,-1,-1
663,879,1625630651802,-1,-1,-1
664,887,1625630652794,-1,-1,-1
665,823,1625630653782,-1,-1,-1
666,951,1625630656782,-1,-1,-1
667,935,1625630658794,-1,-1,-1
668,959,1625630659783,-1,-1,-1
669,1031,1625630660773,-1,-1,-1
670,991,1625630661794,-1,-1,-1
671,951,1625630662784,-1,-1,-1
672,919,1625630663773,-1,-1,-1
673,975,1625630664794,-1,-1,-1
674,967,1625630665788,-1,-1,-1
675,935,1625630666772,-1,-1,-1
676,1000,1625630667797,-1,-1,-1
677,1055,1625630668785,-1,-1,-1
678,1000,1625630669773,-1,-1,-1
679,1039,1625630670796,-1,-1,-1
680,959,1625630671782,-1,-1,-1
681,959,1625630672773,-1,-1,-1
682,983,1625630673762,-1,-1,-1
683,1007,1625630676762,-1,-1,-1
684,1071,1625630677784,-1,-1,-1
685,959,1625630678773,-1,-1,-1
686,919,1625630679764,-1,-1,-1
687,871,1625630680786,-1,-1,-1
688,855,1625630680786,-1,-1,-1
689,927,1625630681778,-1,-1,-1
690,927,1625630682763,-1,-1,-1
691,863,1625630683783,-1,-1,-1
692,871,1625630684804,-1,-1,-1
693,935,1625630685793,-1,-1,-1
694,863,1625630686783,-1,-1,-1
695,887,1625630687773,-1,-1,-1
696,1063,1625630688763,-1,-1,-1
697,647,1625630688763,-1,-1,-1
698,935,1625630689783,-1,-1,-1
699,791,1625630690774,-1,-1,-1
700,911,1625630691763,-1,-1,-1
701,991,1625630695784,-1,-1,-1
702,831,1625630698783,-1,-1,-1
703,863,1625630699773,-1,-1,-1
704,623,1625630700764,-1,-1,-1
705,863,1625630706763,-1,-1,-1
706,831,1625630709763,-1,-1,-1
707,935,1625630710784,-1,-1,-1
708,991,1625630711774,-1,-1,-1
709,935,1625630712763,-1,-1,-1
710,951,1625630713784,-1,-1,-1
711,959,1625630714774,-1,-1,-1
712,847,1625630714774,-1,-1,-1
713,887,1625630715763,-1,-1,-1
714,1095,1625630718802,-1,-1,-1
715,703,1625630723775,-1,-1,-1
716,1079,1625630724764,-1,-1,-1
717,1135,1625630727764,-1,-1,-1
718,615,1625630728785,-1,-1,-1
719,1111,1625630730764,-1,-1,-1
720,823,1625630731783,-1,-1,-1
721,895,1625630734793,-1,-1,-1
722,831,1625630734793,-1,-1,-1
723,887,1625630735773,-1,-1,-1
724,927,1625630736764,-1,-1,-1
725,927,1625630737784,-1,-1,-1
726,919,1625630738775,-1,-1,-1
727,959,1625630739763,-1,-1,-1
728,903,1625630740785,-1,-1,-1
729,823,1625630741774,-1,-1,-1
730,911,1625630742763,-1,-1,-1
731,879,1625630742763,-1,-1,-1
732,903,1625630743783,-1,-1,-1
733,943,1625630744773,-1,-1,-1
734,863,1625630745763,-1,-1,-1
735,927,1625630746783,-1,-1,-1
736,967,1625630747774,-1,-1,-1
737,911,1625630748765,-1,-1,-1
738,991,1625630749814,-1,-1,-1
739,967,1625630750804,-1,-1,-1
740,943,1625630751794,-1,-1,-1
741,1000,1625630752784,-1,-1,-1
742,863,1625630753774,-1,-1,-1
743,911,1625630754763,-1,-1,-1
744,871,1625630755786,-1,-1,-1
745,879,1625630755786,-1,-1,-1
746,943,1625630756775,-1,-1,-1
747,919,1625630757765,-1,-1,-1
748,927,1625630758783,-1,-1,-1
749,679,1625630759774,-1,-1,-1
750,1015,1625630763765,-1,-1,-1
751,1023,1625630764785,-1,-1,-1
752,1159,1625630765774,-1,-1,-1
753,1167,1625630766764,-1,-1,-1
754,1079,1625630767785,-1,-1,-1
755,1119,1625630768773,-1,-1,-1
756,1103,1625630769764,-1,-1,-1
757,1151,1625630771774,-1,-1,-1
758,1119,1625630772764,-1,-1,-1
759,1087,1625630773783,-1,-1,-1
760,1023,1625630774774,-1,-1,-1
761,1047,1625630775764,-1,-1,-1
762,1023,1625630776783,-1,-1,-1
763,1000,1625630777774,-1,-1,-1
764,1000,1625630778763,-1,-1,-1
765,1039,1625630779782,-1,-1,-1
766,967,1625630780774,-1,-1,-1
767,879,1625630781765,-1,-1,-1
768,871,1625630782815,-1,-1,-1
769,887,1625630783805,-1,-1,-1
770,815,1625630783805,-1,-1,-1
771,895,1625630784796,-1,-1,-1
772,991,1625630785787,-1,-1,-1
773,871,1625630786774,-1,-1,-1
774,799,1625630787764,-1,-1,-1
775,895,1625630791783,-1,-1,-1
776,839,1625630791783,-1,-1,-1
777,935,1625630792774,-1,-1,-1
778,903,1625630793763,-1,-1,-1
779,1039,1625630794785,-1,-1,-1
780,967,1625630795774,-1,-1,-1
781,895,1625630796764,-1,-1,-1
782,1031,1625630797783,-1,-1,-1
783,1000,1625630798774,-1,-1,-1
784,983,1625630799765,-1,-1,-1
785,1000,1625630802764,-1,-1,-1
786,1095,1625630803784,-1,-1,-1
787,1000,1625630804774,-1,-1,-1
788,967,1625630805764,-1,-1,-1
789,1015,1625630806754,-1,-1,-1
790,1087,1625630807774,-1,-1,-1
791,1087,1625630808765,-1,-1,-1
792,1071,1625630809757,-1,-1,-1
793,1079,1625630811766,-1,-1,-1
794,1007,1625630812754,-1,-1,-1
795,935,1625630812754,-1,-1,-1
796,967,1625630813773,-1,-1,-1
797,1031,1625630814764,-1,-1,-1
798,1055,1625630816817,-1,-1,-1
799,1095,1625630817766,-1,-1,-1
800,943,1625630818755,-1,-1,-1
801,927,1625630819774,-1,-1,-1
802,951,1625630819774,-1,-1,-1
803,839,1625630820764,-1,-1,-1
804,871,1625630821755,-1,-1,-1
805,903,1625630822774,-1,-1,-1
806,951,1625630823764,-1,-1,-1
807,959,1625630824755,-1,-1,-1
808,871,1625630825773,-1,-1,-1
809,879,1625630826765,-1,-1,-1
810,1183,1625630827755,-1,-1,-1
811,791,1625630829764,-1,-1,-1
812,959,1625630830755,-1,-1,-1
813,959,1625630831776,-1,-1,-1
814,879,1625630832765,-1,-1,-1
815,983,1625630833757,-1,-1,-1
816,1031,1625630834774,-1,-1,-1
817,1079,1625630837775,-1,-1,-1
818,1103,1625630838766,-1,-1,-1
819,951,1625630839756,-1,-1,-1
820,895,1625630840774,-1,-1,-1
821,983,1625630841764,-1,-1,-1
822,887,1625630842781,-1,-1,-1
823,1031,1625630843774,-1,-1,-1
824,1015,1625630844764,-1,-1,-1
825,935,1625630845756,-1,-1,-1
826,895,1625630846774,-1,-1,-1
827,871,1625630846774,-1,-1,-1
828,927,1625630847764,-1,-1,-1
829,1039,1625630848756,-1,-1,-1
830,1063,1625630850766,-1,-1,-1
831,983,1625630850766,-1,-1,-1
832,911,1625630851755,-1,-1,-1
833,959,1625630852774,-1,-1,-1
834,1000,1625630853770,-1,-1,-1
835,1079,1625630854755,-1,-1,-1
836,919,1625630857756,-1,-1,-1
837,783,1625630858775,-1,-1,-1
838,1055,1625630859765,-1,-1,-1
839,871,1625630860756,-1,-1,-1
840,599,1625630860756,-1,-1,-1
841,903,1625630861775,-1,-1,-1
842,727,1625630863755,-1,-1,-1
843,1000,1625630867775,-1,-1,-1
844,1023,1625630868765,-1,-1,-1
845,847,1625630869756,-1,-1,-1
846,1079,1625630870775,-1,-1,-1
847,943,1625630871766,-1,-1,-1
848,1039,1625630872756,-1,-1,-1
849,991,1625630873797,-1,-1,-1
850,1000,1625630874765,-1,-1,-1
851,943,1625630875754,-1,-1,-1
852,991,1625630876775,-1,-1,-1
853,903,1625630877765,-1,-1,-1
854,879,1625630878756,-1,-1,-1
855,903,1625630879774,-1,-1,-1
856,935,1625630880765,-1,-1,-1
857,823,1625630881755,-1,-1,-1
858,847,1625630881755,-1,-1,-1
859,831,1625630882806,-1,-1,-1
860,879,1625630883766,-1,-1,-1
861,927,1625630884756,-1,-1,-1
862,943,1625630885775,-1,-1,-1
863,887,1625630886766,-1,-1,-1
864,943,1625630887755,-1,-1,-1
865,839,1625630888774,-1,-1,-1
866,815,1625630888774,-1,-1,-1
867,839,1625630889765,-1,-1,-1
868,799,1625630890754,-1,-1,-1
869,903,1625630891775,-1,-1,-1
870,887,1625630892766,-1,-1,-1
871,935,1625630893759,-1,-1,-1
872,871,1625630894777,-1,-1,-1
873,903,1625630895765,-1,-1,-1
874,1103,1625630897783,-1,-1,-1
875,959,1625630898765,-1,-1,-1
876,895,1625630899784,-1,-1,-1
877,927,1625630900776,-1,-1,-1
878,991,1625630901766,-1,-1,-1
879,879,1625630902756,-1,-1,-1
880,991,1625630903780,-1,-1,-1
881,951,1625630904766,-1,-1,-1
882,935,1625630905757,-1,-1,-1
883,983,1625630906777,-1,-1,-1
884,927,1625630909776,-1,-1,-1
885,855,1625630910766,-1,-1,-1
886,831,1625630911755,-1,-1,-1
887,823,1625630912777,-1,-1,-1
888,895,1625630913766,-1,-1,-1
889,839,1625630915775,-1,-1,-1
890,823,1625630916764,-1,-1,-1
891,871,1625630917755,-1,-1,-1
892,855,1625630918776,-1,-1,-1
893,895,1625630919782,-1,-1,-1
894,895,1625630920756,-1,-1,-1
895,959,1625630921777,-1,-1,-1
896,823,1625630921777,-1,-1,-1
897,839,1625630924776,-1,-1,-1
898,855,1625630925766,-1,-1,-1
899,823,1625630926756,-1,-1,-1
900,935,1625630933776,-1,-1,-1
901,895,1625630934766,-1,-1,-1
902,919,1625630935756,-1,-1,-1
903,935,1625630936745,-1,-1,-1
904,935,1625630936745,-1,-1,-1
905,847,1625630937766,-1,-1,-1
906,935,1625630938756,-1,-1,-1
907,879,1625630939746,-1,-1,-1
908,831,1625630940766,-1,-1,-1
909,895,1625630941754,-1,-1,-1
910,871,1625630942746,-1,-1,-1
911,903,1625630943797,-1,-1,-1
912,903,1625630944757,-1,-1,-1
913,935,1625630944758,-1,-1,-1
914,1039,1625630946766,-1,-1,-1
915,919,1625630946766,-1,-1,-1
916,847,1625630947757,-1,-1,-1
917,911,1625630948745,-1,-1,-1
918,799,1625630949767,-1,-1,-1
919,831,1625630950755,-1,-1,-1
920,1199,1625630951746,-1,-1,-1
921,831,1625630955765,-1,-1,-1
922,831,1625630956756,-1,-1,-1
923,983,1625630957745,-1,-1,-1
924,887,1625630957745,-1,-1,-1
925,895,1625630958766,-1,-1,-1
926,959,1625630959756,-1,-1,-1
927,1055,1625630960746,-1,-1,-1
928,903,1625630961766,-1,-1,-1
929,951,1625630966777,-1,-1,-1
930,719,1625630967766,-1,-1,-1
931,1031,1625630969746,-1,-1,-1
932,1039,1625630970766,-1,-1,-1
933,991,1625630971756,-1,-1,-1
934,943,1625630974756,-1,-1,-1
935,903,1625630975746,-1,-1,-1
936,927,1625630976767,-1,-1,-1
937,967,1625630977757,-1,-1,-1
938,799,1625630978746,-1,-1,-1
939,927,1625630979768,-1,-1,-1
940,935,1625630980755,-1,-1,-1
941,887,1625630980755,-1,-1,-1
942,919,1625630981746,-1,-1,-1
943,911,1625630982767,-1,-1,-1
944,799,1625630983756,-1,-1,-1
945,911,1625630984746,-1,-1,-1
946,967,1625630985766,-1,-1,-1
947,855,1625630986757,-1,-1,-1
948,951,1625630987746,-1,-1,-1
949,991,1625630988766,-1,-1,-1
950,943,1625630989757,-1,-1,-1
951,1000,1625630990746,-1,-1,-1
952,1015,1625630991766,-1,-1,-1
953,1031,1625630992756,-1,-1,-1
954,911,1625630996747,-1,-1,-1
955,1047,1625630998788,-1,-1,-1
956,1031,1625631000766,-1,-1,-1
957,871,1625631001757,-1,-1,-1
958,919,1625631002747,-1,-1,-1
959,927,1625631003767,-1,-1,-1
960,927,1625631004758,-1,-1,-1
961,1007,1625631005747,-1,-1,-1
962,1079,1625631008749,-1,-1,-1
963,903,1625631008749,-1,-1,-1
964,1000,1625631009771,-1,-1,-1
965,911,1625631010757,-1,-1,-1
966,863,1625631011747,-1,-1,-1
967,911,1625631012767,-1,-1,-1
968,975,1625631013757,-1,-1,-1
969,887,1625631014747,-1,-1,-1
970,967,1625631015767,-1,-1,-1
971,935,1625631016758,-1,-1,-1
972,831,1625631017746,-1,-1,-1
973,863,1625631018766,-1,-1,-1
974,863,1625631018766,-1,-1,-1
975,799,1625631019756,-1,-1,-1
976,807,1625631020747,-1,-1,-1
977,879,1625631021766,-1,-1,-1
978,911,1625631022756,-1,-1,-1
979,847,1625631023747,-1,-1,-1
980,735,1625631025756,-1,-1,-1
981,1023,1625631026745,-1,-1,-1
982,935,1625631027768,-1,-1,-1
983,783,1625631030797,-1,-1,-1
984,847,1625631030797,-1,-1,-1
985,919,1625631031785,-1,-1,-1
986,879,1625631032777,-1,-1,-1
987,895,1625631033767,-1,-1,-1
988,959,1625631034754,-1,-1,-1
989,967,1625631035748,-1,-1,-1
990,919,1625631036766,-1,-1,-1
991,871,1625631037755,-1,-1,-1
992,799,1625631038749,-1,-1,-1
993,791,1625631039771,-1,-1,-1
994,799,1625631039771,-1,-1,-1
995,783,1625631040756,-1,-1,-1
996,823,1625631041747,-1,-1,-1
997,839,1625631042767,-1,-1,-1
998,927,1625631043757,-1,-1,-1
999,1079,1625631044748,-1,-1,-1
1000,1015,1625631045766,-1,-1,-1
1001,591,1625631047745,-1,-1,-1
1002,871,1625631049757,-1,-1,-1
1003,871,1625631050746,-1,-1,-1
1004,911,1625631051768,-1,-1,-1
1005,839,1625631052757,-1,-1,-1
1006,983,1625631053747,-1,-1,-1
1007,839,1625631054767,-1,-1,-1
1008,879,1625631055757,-1,-1,-1
1009,975,1625631056745,-1,-1,-1
1010,823,1625631056745,-1,-1,-1
1011,911,1625631057767,-1,-1,-1
1012,871,1625631058786,-1,-1,-1
1013,879,1625631059747,-1,-1,-1
1014,839,1625631060768,-1,-1,-1
1015,943,1625631061757,-1,-1,-1
1016,879,1625631062747,-1,-1,-1
1017,863,1625631063798,-1,-1,-1
1018,879,1625631063798,-1,-1,-1
1019,815,1625631064787,-1,-1,-1
1020,791,1625631065747,-1,-1,-1
1021,823,1625631066737,-1,-1,-1
1022,815,1625631067757,-1,-1,-1
1023,815,1625631068747,-1,-1,-1
1024,887,1625631068747,-1,-1,-1
1025,607,1625631071748,-1,-1,-1
1026,631,1625631072736,-1,-1,-1
1027,815,1625631074748,-1,-1,-1
1028,863,1625631075735,-1,-1,-1
1029,911,1625631076756,-1,-1,-1
1030,847,1625631077745,-1,-1,-1
1031,935,1625631077745,-1,-1,-1
1032,1007,1625631078735,-1,-1,-1
1033,959,1625631081735,-1,-1,-1
1034,943,1625631082756,-1,-1,-1
1035,935,1625631083745,-1,-1,-1
1036,903,1625631084735,-1,-1,-1
1037,927,1625631085755,-1,-1,-1
1038,847,1625631086746,-1,-1,-1
1039,815,1625631087736,-1,-1,-1
1040,807,1625631087736,-1,-1,-1
1041,839,1625631088755,-1,-1,-1
1042,887,1625631089746,-1,-1,-1
1043,1023,1625631090735,-1,-1,-1
1044,887,1625631091754,-1,-1,-1
1045,887,1625631092745,-1,-1,-1
1046,983,1625631093735,-1,-1,-1
1047,887,1625631094756,-1,-1,-1
1048,951,1625631095746,-1,-1,-1
1049,863,1625631098751,-1,-1,-1
1050,959,1625631098751,-1,-1,-1
1051,927,1625631099736,-1,-1,-1
1052,975,1625631100756,-1,-1,-1
1053,1207,1625631102735,-1,-1,-1
1054,1127,1625631103756,-1,-1,-1
1055,1087,1625631104746,-1,-1,-1
1056,967,1625631105735,-1,-1,-1
1057,1015,1625631106757,-1,-1,-1
1058,1039,1625631107748,-1,-1,-1
1059,1063,1625631108736,-1,-1,-1
1060,927,1625631109757,-1,-1,-1
1061,991,1625631110747,-1,-1,-1
1062,1000,1625631111734,-1,-1,-1
1063,1111,1625631112756,-1,-1,-1
1064,871,1625631113747,-1,-1,-1
1065,1215,1625631114737,-1,-1,-1
1066,831,1625631115757,-1,-1,-1
1067,935,1625631117735,-1,-1,-1
1068,1111,1625631119747,-1,-1,-1
1069,1071,1625631120737,-1,-1,-1
1070,1039,1625631121755,-1,-1,-1
1071,927,1625631122745,-1,-1,-1
1072,871,1625631122745,-1,-1,-1
1073,919,1625631123736,-1,-1,-1
1074,919,1625631124758,-1,-1,-1
1075,1007,1625631125747,-1,-1,-1
1076,959,1625631126737,-1,-1,-1
1077,975,1625631127757,-1,-1,-1
1078,951,1625631128747,-1,-1,-1
1079,911,1625631129736,-1,-1,-1
1080,911,1625631130787,-1,-1,-1
1081,943,1625631131747,-1,-1,-1
1082,879,1625631132736,-1,-1,-1
1083,919,1625631133756,-1,-1,-1
1084,951,1625631134746,-1,-1,-1
1085,935,1625631135737,-1,-1,-1
1086,959,1625631136755,-1,-1,-1
1087,927,1625631136755,-1,-1,-1
1088,823,1625631137747,-1,-1,-1
1089,847,1625631138736,-1,-1,-1
1090,847,1625631139756,-1,-1,-1
1091,815,1625631140750,-1,-1,-1
1092,927,1625631141735,-1,-1,-1
1093,895,1625631142756,-1,-1,-1
1094,855,1625631143748,-1,-1,-1
1095,911,1625631143748,-1,-1,-1
1096,791,1625631144736,-1,-1,-1
1097,815,1625631145757,-1,-1,-1
1098,783,1625631146747,-1,-1,-1
1099,783,1625631147736,-1,-1,-1
1100,799,1625631147736,-1,-1,-1
1101,831,1625631148756,-1,-1,-1
1102,855,1625631149747,-1,-1,-1
1103,799,1625631150736,-1,-1,-1
1104,903,1625631151756,-1,-1,-1
1105,839,1625631152747,-1,-1,-1
1106,871,1625631153737,-1,-1,-1
1107,911,1625631153737,-1,-1,-1
1108,839,1625631154757,-1,-1,-1
1109,919,1625631155747,-1,-1,-1
1110,855,1625631156737,-1,-1,-1
1111,967,1625631157757,-1,-1,-1
1112,1071,1625631158747,-1,-1,-1
1113,615,1625631159736,-1,-1,-1
1114,703,1625631159736,-1,-1,-1
1115,815,1625631160757,-1,-1,-1
1116,783,1625631161747,-1,-1,-1
1117,887,1625631162737,-1,-1,-1
1118,855,1625631163757,-1,-1,-1
1119,695,1625631163757,-1,-1,-1
1120,639,1625631166758,-1,-1,-1
1121,575,1625631166758,-1,-1,-1
1122,719,1625631167746,-1,-1,-1
1123,831,1625631170747,-1,-1,-1
1124,631,1625631171736,-1,-1,-1
1125,815,1625631175756,-1,-1,-1
1126,823,1625631176747,-1,-1,-1
1127,823,1625631176747,-1,-1,-1
1128,887,1625631177735,-1,-1,-1
1129,783,1625631178757,-1,-1,-1
1130,871,1625631179747,-1,-1,-1
1131,911,1625631180780,-1,-1,-1
1132,879,1625631182748,-1,-1,-1
1133,847,1625631183735,-1,-1,-1
1134,831,1625631184756,-1,-1,-1
1135,879,1625631187756,-1,-1,-1
1136,911,1625631188745,-1,-1,-1
1137,943,1625631189735,-1,-1,-1
1138,903,1625631190756,-1,-1,-1
1139,919,1625631190756,-1,-1,-1
1140,887,1625631191746,-1,-1,-1
1141,887,1625631192736,-1,-1,-1
1142,1000,1625631193756,-1,-1,-1
1143,935,1625631194746,-1,-1,-1
1144,895,1625631195735,-1,-1,-1
1145,935,1625631196755,-1,-1,-1
1146,903,1625631197745,-1,-1,-1
1147,879,1625631198735,-1,-1,-1
1148,847,1625631199725,-1,-1,-1
1149,855,1625631200747,-1,-1,-1
1150,959,1625631200747,-1,-1,-1
1151,983,1625631201735,-1,-1,-1
1152,975,1625631202725,-1,-1,-1
1153,847,1625631205724,-1,-1,-1
1154,935,1625631206745,-1,-1,-1
1155,935,1625631207736,-1,-1,-1
1156,935,1625631210735,-1,-1,-1
1157,1239,1625631211725,-1,-1,-1
1158,759,1625631212745,-1,-1,-1
1159,831,1625631213766,-1,-1,-1
1160,855,1625631214756,-1,-1,-1
1161,831,1625631216737,-1,-1,-1
1162,911,1625631217725,-1,-1,-1
1163,975,1625631220725,-1,-1,-1
1164,895,1625631221746,-1,-1,-1
1165,871,1625631222735,-1,-1,-1
1166,943,1625631223726,-1,-1,-1
1167,871,1625631223726,-1,-1,-1
1168,863,1625631224746,-1,-1,-1
1169,895,1625631225735,-1,-1,-1
1170,935,1625631226726,-1,-1,-1
1171,935,1625631227744,-1,-1,-1
1172,935,1625631228736,-1,-1,-1
1173,991,1625631229725,-1,-1,-1
1174,919,1625631232728,-1,-1,-1
1175,927,1625631235083,-1,-1,-1
1176,847,1625631236422,-1,-1,-1
1177,903,1625631236939,-1,-1,-1
1178,855,1625631237737,-1,-1,-1
1179,863,1625631238746,-1,-1,-1
1180,879,1625631239746,-1,-1,-1
1181,887,1625631240737,-1,-1,-1
1182,887,1625631241727,-1,-1,-1
1183,847,1625631242746,-1,-1,-1
1184,815,1625631242746,-1,-1,-1
1185,863,1625631243737,-1,-1,-1
1186,903,1625631244727,-1,-1,-1
1187,839,1625631245771,-1,-1,-1
1188,855,1625631246764,-1,-1,-1
1189,895,1625631247754,-1,-1,-1
1190,775,1625631248747,-1,-1,-1
1191,767,1625631248747,-1,-1,-1
1192,751,1625631249735,-1,-1,-1
1193,791,1625631250725,-1,-1,-1
1194,743,1625631251745,-1,-1,-1
1195,807,1625631251745,-1,-1,-1
1196,791,1625631252736,-1,-1,-1
1197,807,1625631253725,-1,-1,-1
1198,847,1625631254745,-1,-1,-1
1199,815,1625631255735,-1,-1,-1
1200,831,1625631256725,-1,-1,-1
1201,871,1625631256725,-1,-1,-1
1202,815,1625631257745,-1,-1,-1
1203,863,1625631258736,-1,-1,-1
1204,863,1625631259725,-1,-1,-1
1205,879,1625631260747,-1,-1,-1
1206,847,1625631261735,-1,-1,-1
1207,871,1625631262725,-1,-1,-1
1208,791,1625631262725,-1,-1,-1
1209,783,1625631263714,-1,-1,-1
1210,855,1625631266745,-1,-1,-1
1211,847,1625631268736,-1,-1,-1
1212,791,1625631269745,-1,-1,-1
1213,783,1625631270736,-1,-1,-1
1214,799,1625631272745,-1,-1,-1
1215,783,1625631273735,-1,-1,-1
1216,775,1625631274725,-1,-1,-1
1217,807,1625631275714,-1,-1,-1
1218,743,1625631275714,-1,-1,-1
1219,767,1625631276735,-1,-1,-1
1220,687,1625631277724,-1,-1,-1
1221,767,1625631278715,-1,-1,-1
1222,719,1625631281744,-1,-1,-1
1223,703,1625631283726,-1,-1,-1
1224,743,1625631284715,-1,-1,-1
1225,767,1625631285735,-1,-1,-1
1226,799,1625631286728,-1,-1,-1
1227,783,1625631286728,-1,-1,-1
1228,831,1625631287715,-1,-1,-1
1229,823,1625631288738,-1,-1,-1
1230,863,1625631289725,-1,-1,-1
1231,855,1625631290715,-1,-1,-1
1232,871,1625631291735,-1,-1,-1
1233,951,1625631292726,-1,-1,-1
1234,951,1625631293717,-1,-1,-1
1235,927,1625631294737,-1,-1,-1
1236,887,1625631294737,-1,-1,-1
1237,839,1625631295750,-1,-1,-1
1238,831,1625631296716,-1,-1,-1
1239,839,1625631297744,-1,-1,-1
1240,831,1625631298731,-1,-1,-1
1241,847,1625631299718,-1,-1,-1
1242,791,1625631301726,-1,-1,-1
1243,815,1625631302716,-1,-1,-1
1244,807,1625631303742,-1,-1,-1
1245,799,1625631304727,-1,-1,-1
1246,775,1625631304727,-1,-1,-1
1247,743,1625631305716,-1,-1,-1
1248,759,1625631306736,-1,-1,-1
1249,879,1625631312767,-1,-1,-1
1250,903,1625631313756,-1,-1,-1
1251,927,1625631314716,-1,-1,-1
1252,847,1625631314716,-1,-1,-1
1253,895,1625631315735,-1,-1,-1
1254,839,1625631316724,-1,-1,-1
1255,791,1625631317715,-1,-1,-1
1256,839,1625631318735,-1,-1,-1
1257,919,1625631319725,-1,-1,-1
1258,879,1625631320715,-1,-1,-1
1259,911,1625631321734,-1,-1,-1
1260,895,1625631321734,-1,-1,-1
1261,991,1625631322724,-1,-1,-1
1262,903,1625631323715,-1,-1,-1
1263,887,1625631324736,-1,-1,-1
1264,903,1625631325725,-1,-1,-1
1265,863,1625631326715,-1,-1,-1
1266,1159,1625631328724,-1,-1,-1
1267,823,1625631329713,-1,-1,-1
1268,759,1625631332713,-1,-1,-1
1269,799,1625631333734,-1,-1,-1
1270,839,1625631338713,-1,-1,-1
1271,871,1625631339735,-1,-1,-1
1272,855,1625631340728,-1,-1,-1
1273,975,1625631344715,-1,-1,-1
1274,1127,1625631345767,-1,-1,-1
1275,1039,1625631346728,-1,-1,-1
1276,1055,1625631347714,-1,-1,-1
1277,967,1625631348736,-1,-1,-1
1278,919,1625631349727,-1,-1,-1
1279,903,1625631350715,-1,-1,-1
1280,911,1625631352727,-1,-1,-1
1281,1047,1625631353715,-1,-1,-1
1282,887,1625631356714,-1,-1,-1
1283,871,1625631357735,-1,-1,-1
1284,887,1625631358727,-1,-1,-1
1285,903,1625631359715,-1,-1,-1
1286,911,1625631365715,-1,-1,-1
1287,935,1625631366738,-1,-1,-1
1288,975,1625631367729,-1,-1,-1
1289,983,1625631368717,-1,-1,-1
1290,943,1625631369735,-1,-1,-1
1291,887,1625631369735,-1,-1,-1
1292,879,1625631370728,-1,-1,-1
1293,895,1625631371717,-1,-1,-1
1294,695,1625631374717,-1,-1,-1
1295,983,1625631375737,-1,-1,-1
1296,855,1625631378768,-1,-1,-1
1297,927,1625631378768,-1,-1,-1
1298,863,1625631381738,-1,-1,-1
1299,823,1625631382726,-1,-1,-1
1300,847,1625631383717,-1,-1,-1
1301,847,1625631384708,-1,-1,-1
1302,823,1625631385728,-1,-1,-1
1303,943,1625631385728,-1,-1,-1
1304,903,1625631386718,-1,-1,-1
1305,1055,1625631387707,-1,-1,-1
1306,1000,1625631388729,-1,-1,-1
1307,1023,1625631389719,-1,-1,-1
1308,991,1625631390707,-1,-1,-1
1309,975,1625631391729,-1,-1,-1
1310,831,1625631399707,-1,-1,-1
1311,855,1625631400729,-1,-1,-1
1312,1000,1625631401718,-1,-1,-1
1313,903,1625631402708,-1,-1,-1
1314,871,1625631403729,-1,-1,-1
1315,935,1625631404718,-1,-1,-1
1316,911,1625631405708,-1,-1,-1
1317,895,1625631406731,-1,-1,-1
1318,935,1625631407718,-1,-1,-1
1319,823,1625631407718,-1,-1,-1
1320,839,1625631408708,-1,-1,-1
1321,807,1625631409726,-1,-1,-1
1322,775,1625631410718,-1,-1,-1
1323,767,1625631411707,-1,-1,-1
1324,831,1625631411707,-1,-1,-1
1325,855,1625631416718,-1,-1,-1
1326,847,1625631420709,-1,-1,-1
1327,879,1625631421730,-1,-1,-1
1328,903,1625631422718,-1,-1,-1
1329,1143,1625631425719,-1,-1,-1
1330,943,1625631426709,-1,-1,-1
1331,911,1625631427730,-1,-1,-1
1332,911,1625631427730,-1,-1,-1
1333,863,1625631428749,-1,-1,-1
1334,839,1625631429739,-1,-1,-1
1335,879,1625631430729,-1,-1,-1
1336,895,1625631431719,-1,-1,-1
1337,895,1625631432708,-1,-1,-1
1338,935,1625631433730,-1,-1,-1
1339,1015,1625631434718,-1,-1,-1
1340,967,1625631435708,-1,-1,-1
1341,1015,1625631436731,-1,-1,-1
1342,1023,1625631437717,-1,-1,-1
1343,975,1625631438709,-1,-1,-1
1344,887,1625631439737,-1,-1,-1
1345,863,1625631439737,-1,-1,-1
1346,895,1625631440718,-1,-1,-1
1347,879,1625631441709,-1,-1,-1
1348,863,1625631442729,-1,-1,-1
1349,1015,1625631443719,-1,-1,-1
1350,951,1625631444709,-1,-1,-1
1351,919,1625631445729,-1,-1,-1
1352,911,1625631446719,-1,-1,-1
1353,919,1625631447709,-1,-1,-1
1354,895,1625631448729,-1,-1,-1
1355,847,1625631449719,-1,-1,-1
1356,903,1625631449719,-1,-1,-1
1357,911,1625631450723,-1,-1,-1
1358,951,1625631451730,-1,-1,-1
1359,887,1625631452719,-1,-1,-1
1360,815,1625631453707,-1,-1,-1
1361,823,1625631454800,-1,-1,-1
1362,775,1625631455720,-1,-1,-1
1363,791,1625631455720,-1,-1,-1
1364,791,1625631456710,-1,-1,-1
1365,831,1625631457730,-1,-1,-1
1366,847,1625631458720,-1,-1,-1
1367,847,1625631459707,-1,-1,-1
1368,903,1625631460730,-1,-1,-1
1369,855,1625631461750,-1,-1,-1
1370,599,1625631461750,-1,-1,-1
1371,815,1625631464720,-1,-1,-1
1372,791,1625631465708,-1,-1,-1
1373,807,1625631465708,-1,-1,-1
1374,807,1625631466735,-1,-1,-1
1375,855,1625631467720,-1,-1,-1
1376,847,1625631468711,-1,-1,-1
1377,815,1625631469729,-1,-1,-1
1378,815,1625631470721,-1,-1,-1
1379,831,1625631470721,-1,-1,-1
1380,855,1625631471713,-1,-1,-1
1381,823,1625631472737,-1,-1,-1
1382,823,1625631473720,-1,-1,-1
1383,839,1625631474711,-1,-1,-1
1384,823,1625631475730,-1,-1,-1
1385,823,1625631475730,-1,-1,-1
1386,815,1625631476720,-1,-1,-1
1387,871,1625631477709,-1,-1,-1
1388,831,1625631478731,-1,-1,-1
1389,839,1625631480710,-1,-1,-1
1390,1031,1625631481731,-1,-1,-1
1391,1079,1625631482720,-1,-1,-1
1392,1015,1625631483725,-1,-1,-1
1393,759,1625631485720,-1,-1,-1
1394,815,1625631490732,-1,-1,-1
1395,919,1625631495741,-1,-1,-1
1396,839,1625631496729,-1,-1,-1
1397,831,1625631501712,-1,-1,-1
1398,967,1625631502731,-1,-1,-1
1399,799,1625631515722,-1,-1,-1
1400,807,1625631516712,-1,-1,-1
1401,815,1625631516712,-1,-1,-1
1402,863,1625631517732,-1,-1,-1
1403,831,1625631518721,-1,-1,-1
1404,791,1625631519710,-1,-1,-1
1405,791,1625631520732,-1,-1,-1
1406,735,1625631520732,-1,-1,-1
1407,895,1625631521722,-1,-1,-1
1408,783,1625631524722,-1,-1,-1
1409,855,1625631525713,-1,-1,-1
1410,727,1625631525713,-1,-1,-1
1411,879,1625631526701,-1,-1,-1
1412,879,1625631527754,-1,-1,-1
1413,871,1625631528743,-1,-1,-1
1414,815,1625631529701,-1,-1,-1
1415,847,1625631530722,-1,-1,-1
1416,799,1625631530722,-1,-1,-1
1417,799,1625631533722,-1,-1,-1
1418,887,1625631536722,-1,-1,-1
1419,815,1625631538705,-1,-1,-1
1420,831,1625631539722,-1,-1,-1
1421,855,1625631540713,-1,-1,-1
1422,839,1625631541702,-1,-1,-1
1423,791,1625631541702,-1,-1,-1
1424,807,1625631542722,-1,-1,-1
1425,887,1625631543713,-1,-1,-1
1426,791,1625631544702,-1,-1,-1
1427,839,1625631545722,-1,-1,-1
1428,855,1625631546713,-1,-1,-1
1429,887,1625631546713,-1,-1,-1
1430,799,1625631547702,-1,-1,-1
1431,831,1625631548722,-1,-1,-1
1432,775,1625631549713,-1,-1,-1
1433,799,1625631550701,-1,-1,-1
1434,839,1625631551723,-1,-1,-1
1435,831,1625631551723,-1,-1,-1
1436,655,1625631552712,-1,-1,-1
1437,903,1625631554722,-1,-1,-1
1438,855,1625631555714,-1,-1,-1
1439,879,1625631556703,-1,-1,-1
1440,927,1625631557723,-1,-1,-1
1441,879,1625631558713,-1,-1,-1
1442,815,1625631558713,-1,-1,-1
1443,871,1625631559702,-1,-1,-1
1444,935,1625631560754,-1,-1,-1
1445,815,1625631561714,-1,-1,-1
1446,943,1625631562702,-1,-1,-1
1447,943,1625631563723,-1,-1,-1
1448,975,1625631564714,-1,-1,-1
1449,1000,1625631565703,-1,-1,-1
1450,951,1625631566724,-1,-1,-1
1451,967,1625631567714,-1,-1,-1
1452,967,1625631568703,-1,-1,-1
1453,911,1625631569723,-1,-1,-1
1454,927,1625631570713,-1,-1,-1
1455,951,1625631571703,-1,-1,-1
1456,935,1625631571703,-1,-1,-1
1457,887,1625631572723,-1,-1,-1
1458,887,1625631573715,-1,-1,-1
1459,783,1625631574703,-1,-1,-1
1460,919,1625631575724,-1,-1,-1
1461,735,1625631576713,-1,-1,-1
1462,855,1625631577703,-1,-1,-1
1463,767,1625631577703,-1,-1,-1
1464,863,1625631578722,-1,-1,-1
1465,799,1625631579714,-1,-1,-1
1466,799,1625631580703,-1,-1,-1
1467,839,1625631581723,-1,-1,-1
1468,855,1625631581723,-1,-1,-1
1469,887,1625631582714,-1,-1,-1
1470,815,1625631583703,-1,-1,-1
1471,823,1625631584722,-1,-1,-1
1472,871,1625631585713,-1,-1,-1
1473,879,1625631586704,-1,-1,-1
1474,815,1625631587722,-1,-1,-1
1475,919,1625631587722,-1,-1,-1
1476,1015,1625631591714,-1,-1,-1
1477,943,1625631592703,-1,-1,-1
1478,895,1625631593757,-1,-1,-1
1479,967,1625631594714,-1,-1,-1
1480,887,1625631595704,-1,-1,-1
1481,879,1625631596723,-1,-1,-1
1482,1007,1625631597714,-1,-1,-1
1483,679,1625631599722,-1,-1,-1
1484,815,1625631601704,-1,-1,-1
1485,735,1625631602724,-1,-1,-1
1486,807,1625631603715,-1,-1,-1
1487,791,1625631604704,-1,-1,-1
1488,783,1625631604704,-1,-1,-1
1489,775,1625631605722,-1,-1,-1
1490,783,1625631606714,-1,-1,-1
1491,767,1625631607703,-1,-1,-1
1492,767,1625631608724,-1,-1,-1
1493,783,1625631608724,-1,-1,-1
1494,791,1625631609713,-1,-1,-1
1495,791,1625631610703,-1,-1,-1
1496,783,1625631611724,-1,-1,-1
1497,767,1625631611724,-1,-1,-1
1498,767,1625631612714,-1,-1,-1
1499,767,1625631613703,-1,-1,-1
1500,751,1625631614724,-1,-1,-1
1501,743,1625631614724,-1,-1,-1
1502,783,1625631615714,-1,-1,-1
1503,799,1625631616703,-1,-1,-1
1504,831,1625631617724,-1,-1,-1
1505,863,1625631618714,-1,-1,-1
1506,927,1625631619705,-1,-1,-1
1507,815,1625631619705,-1,-1,-1
1508,831,1625631620724,-1,-1,-1
1509,855,1625631621715,-1,-1,-1
1510,799,1625631622704,-1,-1,-1
1511,823,1625631623725,-1,-1,-1
1512,855,1625631624715,-1,-1,-1
1513,647,1625631624715,-1,-1,-1
1514,967,1625631625704,-1,-1,-1
1515,1039,1625631628704,-1,-1,-1
1516,1063,1625631629724,-1,-1,-1
1517,991,1625631630715,-1,-1,-1
1518,903,1625631631704,-1,-1,-1
1519,975,1625631632725,-1,-1,-1
1520,983,1625631632725,-1,-1,-1
1521,1095,1625631634705,-1,-1,-1
1522,919,1625631635725,-1,-1,-1
1523,1000,1625631636715,-1,-1,-1
1524,1023,1625631637704,-1,-1,-1
1525,1063,1625631638725,-1,-1,-1
1526,1007,1625631639715,-1,-1,-1
1527,1159,1625631640704,-1,-1,-1
1528,703,1625631644724,-1,-1,-1
1529,951,1625631648715,-1,-1,-1
1530,903,1625631649705,-1,-1,-1
1531,967,1625631650695,-1,-1,-1
1532,1000,1625631651715,-1,-1,-1
1533,807,1625631653694,-1,-1,-1
1534,879,1625631656695,-1,-1,-1
1535,855,1625631657715,-1,-1,-1
1536,887,1625631658705,-1,-1,-1
1537,887,1625631659705,-1,-1,-1
1538,911,1625631660715,-1,-1,-1
1539,879,1625631660716,-1,-1,-1
1540,879,1625631661706,-1,-1,-1
1541,903,1625631662695,-1,-1,-1
1542,847,1625631663716,-1,-1,-1
1543,847,1625631664705,-1,-1,-1
1544,935,1625631665695,-1,-1,-1
1545,847,1625631666716,-1,-1,-1
1546,879,1625631667705,-1,-1,-1
1547,895,1625631668694,-1,-1,-1
1548,919,1625631668694,-1,-1,-1
1549,951,1625631669715,-1,-1,-1
1550,1047,1625631670705,-1,-1,-1
1551,935,1625631686696,-1,-1,-1
1552,911,1625631687715,-1,-1,-1
1553,871,1625631687715,-1,-1,-1
1554,879,1625631688706,-1,-1,-1
1555,1087,1625631689694,-1,-1,-1
1556,975,1625631693716,-1,-1,-1
1557,975,1625631694706,-1,-1,-1
1558,935,1625631694706,-1,-1,-1
1559,935,1625631695696,-1,-1,-1
1560,1111,1625631697705,-1,-1,-1
1561,1135,1625631698697,-1,-1,-1
1562,1000,1625631699716,-1,-1,-1
1563,967,1625631700707,-1,-1,-1
1564,967,1625631701697,-1,-1,-1
1565,919,1625631702716,-1,-1,-1
1566,1095,1625631703707,-1,-1,-1
1567,911,1625631704696,-1,-1,-1
1568,927,1625631704696,-1,-1,-1
1569,927,1625631705716,-1,-1,-1
1570,911,1625631706706,-1,-1,-1
1571,1239,1625631708716,-1,-1,-1
1572,1031,1625631709736,-1,-1,-1
1573,895,1625631709736,-1,-1,-1
1574,847,1625631710726,-1,-1,-1
1575,943,1625631711716,-1,-1,-1
1576,927,1625631717717,-1,-1,-1
1577,911,1625631718706,-1,-1,-1
1578,975,1625631718706,-1,-1,-1
1579,943,1625631721706,-1,-1,-1
1580,911,1625631722696,-1,-1,-1
1581,919,1625631723716,-1,-1,-1
1582,1071,1625631726716,-1,-1,-1
1583,943,1625631729716,-1,-1,-1
1584,895,1625631730706,-1,-1,-1
1585,823,1625631731697,-1,-1,-1
1586,783,1625631731697,-1,-1,-1
1587,727,1625631732718,-1,-1,-1
1588,1063,1625631733707,-1,-1,-1
1589,911,1625631734695,-1,-1,-1
1590,767,1625631739707,-1,-1,-1
1591,991,1625631744717,-1,-1,-1
1592,943,1625631745706,-1,-1,-1
1593,1007,1625631746695,-1,-1,-1
1594,975,1625631747717,-1,-1,-1
1595,1063,1625631748706,-1,-1,-1
1596,1031,1625631752697,-1,-1,-1
1597,1255,1625631753686,-1,-1,-1
1598,1031,1625631754707,-1,-1,-1
1599,967,1625631755696,-1,-1,-1
1600,687,1625631756686,-1,-1,-1
1601,791,1625631765685,-1,-1,-1
1602,855,1625631769706,-1,-1,-1
1603,807,1625631774748,-1,-1,-1
1604,839,1625631774748,-1,-1,-1
1605,871,1625631775738,-1,-1,-1
1606,839,1625631776727,-1,-1,-1
1607,1000,1625631777686,-1,-1,-1
1608,927,1625631778706,-1,-1,-1
1609,983,1625631779700,-1,-1,-1
1610,1095,1625631780686,-1,-1,-1
1611,911,1625631781706,-1,-1,-1
1612,951,1625631782697,-1,-1,-1
1613,1063,1625631783686,-1,-1,-1
1614,1103,1625631784707,-1,-1,-1
1615,1039,1625631785697,-1,-1,-1
1616,1127,1625631786686,-1,-1,-1
1617,1191,1625631788700,-1,-1,-1
1618,1095,1625631789687,-1,-1,-1
1619,1191,1625631790707,-1,-1,-1
1620,1031,1625631791699,-1,-1,-1
1621,1039,1625631792685,-1,-1,-1
1622,871,1625631793706,-1,-1,-1
1623,975,1625631796707,-1,-1,-1
1624,1055,1625631797699,-1,-1,-1
1625,775,1625631803698,-1,-1,-1
1626,863,1625631804687,-1,-1,-1
1627,847,1625631804687,-1,-1,-1
1628,879,1625631805706,-1,-1,-1
1629,919,1625631806697,-1,-1,-1
1630,887,1625631807687,-1,-1,-1
1631,783,1625631808736,-1,-1,-1
1632,887,1625631809700,-1,-1,-1
1633,831,1625631810687,-1,-1,-1
1634,823,1625631810687,-1,-1,-1
1635,839,1625631811707,-1,-1,-1
1636,895,1625631812698,-1,-1,-1
1637,895,1625631813686,-1,-1,-1
1638,855,1625631814708,-1,-1,-1
1639,879,1625631815698,-1,-1,-1
1640,895,1625631816687,-1,-1,-1
1641,783,1625631819686,-1,-1,-1
1642,975,1625631831688,-1,-1,-1
1643,1000,1625631832708,-1,-1,-1
1644,791,1625631833698,-1,-1,-1
1645,1167,1625631834688,-1,-1,-1
1646,871,1625631840687,-1,-1,-1
1647,775,1625631846688,-1,-1,-1
1648,839,1625631847709,-1,-1,-1
1649,735,1625631847709,-1,-1,-1
1650,863,1625631848699,-1,-1,-1
1651,815,1625631857699,-1,-1,-1
1652,863,1625631857700,-1,-1,-1
1653,927,1625631858690,-1,-1,-1
1654,959,1625631859709,-1,-1,-1
1655,919,1625631860699,-1,-1,-1
1656,927,1625631861689,-1,-1,-1
1657,943,1625631862708,-1,-1,-1
1658,1031,1625631863699,-1,-1,-1
1659,871,1625631867688,-1,-1,-1
1660,935,1625631870687,-1,-1,-1
1661,727,1625631872699,-1,-1,-1
1662,1191,1625631874738,-1,-1,-1
1663,983,1625631875698,-1,-1,-1
1664,951,1625631876687,-1,-1,-1
1665,1247,1625631879686,-1,-1,-1
1666,1119,1625631880708,-1,-1,-1
1667,1079,1625631882710,-1,-1,-1
1668,1023,1625631885687,-1,-1,-1
1669,1023,1625631897701,-1,-1,-1
1670,943,1625631900689,-1,-1,-1
1671,1103,1625631901678,-1,-1,-1
1672,1063,1625631902699,-1,-1,-1
1673,887,1625631907677,-1,-1,-1
1674,1063,1625631908697,-1,-1,-1
1675,1167,1625631909689,-1,-1,-1
1676,895,1625631915688,-1,-1,-1
1677,951,1625631916679,-1,-1,-1
1678,1031,1625631917699,-1,-1,-1
1679,919,1625631921686,-1,-1,-1
1680,975,1625631922679,-1,-1,-1
1681,967,1625631923700,-1,-1,-1
1682,1015,1625631924717,-1,-1,-1
1683,991,1625631925709,-1,-1,-1
1684,783,1625631928679,-1,-1,-1
1685,679,1625631929699,-1,-1,-1
1686,807,1625631942688,-1,-1,-1
1687,911,1625631943677,-1,-1,-1
1688,839,1625631943677,-1,-1,-1
1689,959,1625631944698,-1,-1,-1
1690,967,1625631945688,-1,-1,-1
1691,911,1625631946683,-1,-1,-1
1692,991,1625631947699,-1,-1,-1
1693,935,1625631953699,-1,-1,-1
1694,943,1625631954689,-1,-1,-1
1695,1111,1625631957720,-1,-1,-1
1696,951,1625631958709,-1,-1,-1
1697,727,1625631959700,-1,-1,-1
1698,1359,1625631960688,-1,-1,-1
1699,1167,1625631961679,-1,-1,-1
1700,1143,1625631962699,-1,-1,-1
1701,927,1625631963690,-1,-1,-1
1702,1079,1625631964679,-1,-1,-1
1703,935,1625631965700,-1,-1,-1
1704,1095,1625631966688,-1,-1,-1
1705,1047,1625631967680,-1,-1,-1
1706,975,1625631968701,-1,-1,-1
1707,1047,1625631969690,-1,-1,-1
1708,1215,1625631971700,-1,-1,-1
1709,1095,1625631972690,-1,-1,-1
1710,1231,1625631973679,-1,-1,-1
1711,1119,1625631974702,-1,-1,-1
1712,983,1625631977717,-1,-1,-1
1713,791,1625631978690,-1,-1,-1
1714,1199,1625631981690,-1,-1,-1
1715,1023,1625631982679,-1,-1,-1
1716,759,1625631983701,-1,-1,-1
1717,1415,1625631984690,-1,-1,-1
1718,919,1625631985679,-1,-1,-1
1719,935,1625631986669,-1,-1,-1
1720,1191,1625631987689,-1,-1,-1
1721,1263,1625631990721,-1,-1,-1
1722,1135,1625631991709,-1,-1,-1
1723,1087,1625631992669,-1,-1,-1
1724,983,1625631993689,-1,-1,-1
1725,983,1625631994679,-1,-1,-1
1726,871,1625632002689,-1,-1,-1
1727,903,1625632003680,-1,-1,-1
1728,1215,1625632004668,-1,-1,-1
1729,1135,1625632005690,-1,-1,-1
1730,1079,1625632006679,-1,-1,-1
1731,1007,1625632007670,-1,-1,-1
1732,887,1625632011688,-1,-1,-1
1733,895,1625632012679,-1,-1,-1
1734,975,1625632013669,-1,-1,-1
1735,1143,1625632014690,-1,-1,-1
1736,799,1625632019669,-1,-1,-1
1737,1087,1625632021679,-1,-1,-1
1738,1239,1625632023721,-1,-1,-1
1739,959,1625632024710,-1,-1,-1
1740,887,1625632024710,-1,-1,-1
1741,1000,1625632025669,-1,-1,-1
1742,743,1625632032688,-1,-1,-1
1743,967,1625632033680,-1,-1,-1
1744,815,1625632037669,-1,-1,-1
1745,727,1625632040670,-1,-1,-1
1746,751,1625632041690,-1,-1,-1
1747,799,1625632042679,-1,-1,-1
1748,791,1625632043669,-1,-1,-1
1749,775,1625632044689,-1,-1,-1
1750,863,1625632044689,-1,-1,-1
1751,871,1625632047691,-1,-1,-1
1752,775,1625632048681,-1,-1,-1
1753,847,1625632049669,-1,-1,-1
1754,847,1625632049669,-1,-1,-1
1755,807,1625632050690,-1,-1,-1
1756,767,1625632051679,-1,-1,-1
1757,831,1625632052669,-1,-1,-1
1758,847,1625632053691,-1,-1,-1
1759,815,1625632054680,-1,-1,-1
1760,799,1625632054680,-1,-1,-1
1761,959,1625632055669,-1,-1,-1
1762,879,1625632056720,-1,-1,-1
1763,927,1625632057681,-1,-1,-1
1764,1015,1625632058668,-1,-1,-1
1765,983,1625632059690,-1,-1,-1
1766,951,1625632060680,-1,-1,-1
1767,959,1625632061669,-1,-1,-1
1768,1000,1625632062703,-1,-1,-1
1769,1079,1625632063679,-1,-1,-1
1770,1079,1625632064669,-1,-1,-1
1771,1000,1625632065691,-1,-1,-1
1772,1047,1625632066681,-1,-1,-1
1773,1103,1625632067670,-1,-1,-1
1774,1023,1625632068689,-1,-1,-1
1775,983,1625632069680,-1,-1,-1
1776,807,1625632070670,-1,-1,-1
1777,887,1625632073670,-1,-1,-1
1778,839,1625632074691,-1,-1,-1
1779,887,1625632074691,-1,-1,-1
1780,1055,1625632075680,-1,-1,-1
1781,1007,1625632076670,-1,-1,-1
1782,911,1625632077690,-1,-1,-1
1783,767,1625632081681,-1,-1,-1
1784,831,1625632089720,-1,-1,-1
1785,855,1625632090680,-1,-1,-1
1786,767,1625632092691,-1,-1,-1
1787,863,1625632093681,-1,-1,-1
1788,935,1625632103671,-1,-1,-1
1789,863,1625632110691,-1,-1,-1
1790,839,1625632111680,-1,-1,-1
1791,903,1625632112670,-1,-1,-1
1792,895,1625632113692,-1,-1,-1
1793,951,1625632114681,-1,-1,-1
1794,823,1625632114681,-1,-1,-1
1795,799,1625632115670,-1,-1,-1
1796,727,1625632116660,-1,-1,-1
1797,759,1625632121669,-1,-1,-1
1798,775,1625632121669,-1,-1,-1
1799,855,1625632122659,-1,-1,-1
1800,823,1625632123680,-1,-1,-1
1801,815,1625632124671,-1,-1,-1
1802,895,1625632125661,-1,-1,-1
1803,903,1625632126680,-1,-1,-1
1804,847,1625632126680,-1,-1,-1
1805,903,1625632127670,-1,-1,-1
1806,911,1625632128660,-1,-1,-1
1807,831,1625632129679,-1,-1,-1
1808,815,1625632136671,-1,-1,-1
1809,807,1625632137660,-1,-1,-1
1810,823,1625632138680,-1,-1,-1
1811,815,1625632139700,-1,-1,-1
1812,823,1625632140689,-1,-1,-1
1813,799,1625632140689,-1,-1,-1
1814,767,1625632141680,-1,-1,-1
1815,791,1625632142670,-1,-1,-1
1816,791,1625632143659,-1,-1,-1
1817,823,1625632143659,-1,-1,-1
1818,1047,1625632146659,-1,-1,-1
1819,871,1625632149659,-1,-1,-1
1820,767,1625632157672,-1,-1,-1
1821,639,1625632157673,-1,-1,-1
1822,687,1625632161660,-1,-1,-1
1823,895,1625632162681,-1,-1,-1
1824,727,1625632162681,-1,-1,-1
1825,959,1625632165681,-1,-1,-1
1826,719,1625632165681,-1,-1,-1
1827,935,1625632174680,-1,-1,-1
1828,911,1625632175671,-1,-1,-1
1829,847,1625632176660,-1,-1,-1
1830,799,1625632180681,-1,-1,-1
1831,1015,1625632184671,-1,-1,-1
1832,991,1625632192682,-1,-1,-1
1833,1079,1625632193671,-1,-1,-1
1834,1095,1625632194660,-1,-1,-1
1835,1055,1625632203660,-1,-1,-1
1836,1151,1625632204682,-1,-1,-1
1837,1223,1625632206691,-1,-1,-1
1838,1135,1625632207682,-1,-1,-1
1839,967,1625632210682,-1,-1,-1
1840,1087,1625632211671,-1,-1,-1
1841,1079,1625632212669,-1,-1,-1
1842,1095,1625632213680,-1,-1,-1
1843,935,1625632214671,-1,-1,-1
1844,895,1625632215661,-1,-1,-1
1845,935,1625632216681,-1,-1,-1
1846,911,1625632217672,-1,-1,-1
1847,1007,1625632218662,-1,-1,-1
1848,1111,1625632219681,-1,-1,-1
1849,1023,1625632220672,-1,-1,-1
1850,983,1625632221660,-1,-1,-1
1851,863,1625632222682,-1,-1,-1
1852,4431,1625632226671,-1,-1,-1
1853,927,1625632227661,-1,-1,-1
1854,927,1625632230661,-1,-1,-1
1855,943,1625632235670,-1,-1,-1
1856,1095,1625632236661,-1,-1,-1
1857,871,1625632240681,-1,-1,-1
1858,895,1625632241671,-1,-1,-1
1859,943,1625632242661,-1,-1,-1
1860,1055,1625632245663,-1,-1,-1
1861,991,1625632246680,-1,-1,-1
1862,847,1625632250672,-1,-1,-1
1863,855,1625632251660,-1,-1,-1
1864,807,1625632252651,-1,-1,-1
1865,751,1625632258652,-1,-1,-1
1866,783,1625632259671,-1,-1,-1
1867,751,1625632263661,-1,-1,-1
1868,879,1625632265671,-1,-1,-1
1869,831,1625632266661,-1,-1,-1
1870,791,1625632267655,-1,-1,-1
1871,815,1625632279652,-1,-1,-1
1872,783,1625632280672,-1,-1,-1
1873,839,1625632281660,-1,-1,-1
1874,791,1625632282650,-1,-1,-1
1875,839,1625632283672,-1,-1,-1
1876,1007,1625632284662,-1,-1,-1
1877,911,1625632284662,-1,-1,-1
1878,919,1625632285652,-1,-1,-1
1879,967,1625632286671,-1,-1,-1
1880,975,1625632287661,-1,-1,-1
1881,975,1625632288652,-1,-1,-1
1882,983,1625632289672,-1,-1,-1
1883,951,1625632290662,-1,-1,-1
1884,1087,1625632295673,-1,-1,-1
1885,959,1625632296662,-1,-1,-1
1886,1087,1625632297653,-1,-1,-1
1887,959,1625632304702,-1,-1,-1
1888,871,1625632305662,-1,-1,-1
1889,783,1625632310672,-1,-1,-1
1890,831,1625632310672,-1,-1,-1
1891,807,1625632311665,-1,-1,-1
1892,1039,1625632321653,-1,-1,-1
1893,983,1625632322672,-1,-1,-1
1894,871,1625632323662,-1,-1,-1
1895,1039,1625632324651,-1,-1,-1
1896,983,1625632327652,-1,-1,-1
1897,735,1625632332661,-1,-1,-1
1898,719,1625632335662,-1,-1,-1
1899,847,1625632341663,-1,-1,-1
1900,815,1625632342653,-1,-1,-1
1901,1015,1625632343672,-1,-1,-1
1902,711,1625632343672,-1,-1,-1
1903,839,1625632348652,-1,-1,-1
1904,863,1625632349672,-1,-1,-1
1905,863,1625632350662,-1,-1,-1
1906,847,1625632352672,-1,-1,-1
1907,871,1625632353662,-1,-1,-1
1908,799,1625632354651,-1,-1,-1
1909,807,1625632355674,-1,-1,-1
1910,839,1625632355674,-1,-1,-1
1911,871,1625632356662,-1,-1,-1
1912,879,1625632357652,-1,-1,-1
1913,775,1625632358672,-1,-1,-1
1914,815,1625632359663,-1,-1,-1
1915,1151,1625632360653,-1,-1,-1
1916,783,1625632361671,-1,-1,-1
1917,1231,1625632374661,-1,-1,-1
1918,1167,1625632375652,-1,-1,-1
1919,911,1625632378653,-1,-1,-1
1920,943,1625632379642,-1,-1,-1
1921,1023,1625632380662,-1,-1,-1
1922,1167,1625632381652,-1,-1,-1
1923,847,1625632384651,-1,-1,-1
1924,943,1625632385643,-1,-1,-1
1925,983,1625632386663,-1,-1,-1
1926,767,1625632387682,-1,-1,-1
1927,831,1625632390652,-1,-1,-1
1928,791,1625632391642,-1,-1,-1
1929,815,1625632393654,-1,-1,-1
1930,1031,1625632396652,-1,-1,-1
1931,903,1625632418641,-1,-1,-1
1932,951,1625632419661,-1,-1,-1
1933,1000,1625632420682,-1,-1,-1
1934,1007,1625632421676,-1,-1,-1
1935,1055,1625632422662,-1,-1,-1
1936,1023,1625632425663,-1,-1,-1
1937,991,1625632426661,-1,-1,-1
1938,1071,1625632427642,-1,-1,-1
1939,919,1625632432652,-1,-1,-1
1940,1015,1625632433643,-1,-1,-1
1941,959,1625632434633,-1,-1,-1
1942,975,1625632435652,-1,-1,-1
1943,1183,1625632436642,-1,-1,-1
1944,1183,1625632437663,-1,-1,-1
1945,911,1625632438652,-1,-1,-1
1946,1063,1625632439642,-1,-1,-1
1947,1271,1625632440662,-1,-1,-1
1948,1119,1625632446632,-1,-1,-1
1949,1103,1625632450653,-1,-1,-1
1950,975,1625632451643,-1,-1,-1
1951,1111,1625632452633,-1,-1,-1
1952,1151,1625632453683,-1,-1,-1
1953,1063,1625632454673,-1,-1,-1
1954,1079,1625632455633,-1,-1,-1
1955,1039,1625632456652,-1,-1,-1
1956,863,1625632457643,-1,-1,-1
1957,887,1625632458633,-1,-1,-1
1958,903,1625632459653,-1,-1,-1
1959,1023,1625632475643,-1,-1,-1
1960,871,1625632484644,-1,-1,-1
1961,895,1625632493644,-1,-1,-1
1962,623,1625632503664,-1,-1,-1
1963,631,1625632504653,-1,-1,-1
1964,615,1625632504653,-1,-1,-1
1965,671,1625632505643,-1,-1,-1
1966,647,1625632506632,-1,-1,-1
1967,631,1625632506632,-1,-1,-1
1968,639,1625632507654,-1,-1,-1
1969,711,1625632508644,-1,-1,-1
1970,759,1625632509633,-1,-1,-1
1971,871,1625632513654,-1,-1,-1
1972,815,1625632514644,-1,-1,-1
1973,791,1625632515633,-1,-1,-1
1974,823,1625632516653,-1,-1,-1
1975,903,1625632517644,-1,-1,-1
1976,1000,1625632519684,-1,-1,-1
1977,1007,1625632521634,-1,-1,-1
1978,1055,1625632522653,-1,-1,-1
1979,1031,1625632523644,-1,-1,-1
1980,943,1625632524633,-1,-1,-1
1981,1000,1625632525654,-1,-1,-1
1982,1047,1625632526644,-1,-1,-1
1983,919,1625632527634,-1,-1,-1
1984,3383,1625632532645,-1,-1,-1
1985,927,1625632535645,-1,-1,-1
1986,855,1625632536632,-1,-1,-1
1987,951,1625632537653,-1,-1,-1
1988,855,1625632538645,-1,-1,-1
1989,879,1625632538645,-1,-1,-1
1990,919,1625632539633,-1,-1,-1
1991,1039,1625632540653,-1,-1,-1
1992,983,1625632545633,-1,-1,-1
1993,1071,1625632546654,-1,-1,-1
1994,1079,1625632549654,-1,-1,-1
1995,1087,1625632550645,-1,-1,-1
1996,1007,1625632551633,-1,-1,-1
1997,1039,1625632552688,-1,-1,-1
1998,1007,1625632553643,-1,-1,-1
1999,1031,1625632556644,-1,-1,-1
2000,975,1625632557634,-1,-1,-1
2001,911,1625632558654,-1,-1,-1
2002,1063,1625632559645,-1,-1,-1
2003,735,1625632560634,-1,-1,-1
2004,919,1625632566634,-1,-1,-1
2005,959,1625632567654,-1,-1,-1
2006,847,1625632568645,-1,-1,-1
2007,895,1625632569634,-1,-1,-1
2008,911,1625632570655,-1,-1,-1
2009,975,1625632571645,-1,-1,-1
2010,983,1625632572633,-1,-1,-1
2011,1071,1625632576629,-1,-1,-1
2012,919,1625632579624,-1,-1,-1
2013,1000,1625632580646,-1,-1,-1
2014,1000,1625632581633,-1,-1,-1
2015,959,1625632582625,-1,-1,-1
2016,1071,1625632583644,-1,-1,-1
2017,1007,1625632584634,-1,-1,-1
2018,1207,1625632586644,-1,-1,-1
2019,1007,1625632587635,-1,-1,-1
2020,687,1625632587635,-1,-1,-1
2021,1007,1625632588624,-1,-1,-1
2022,791,1625632600624,-1,-1,-1
2023,911,1625632601646,-1,-1,-1
2024,903,1625632602635,-1,-1,-1
2025,1039,1625632603655,-1,-1,-1
2026,1023,1625632604645,-1,-1,-1
2027,887,1625632605634,-1,-1,-1
2028,903,1625632606626,-1,-1,-1
2029,1151,1625632608635,-1,-1,-1
2030,1015,1625632618625,-1,-1,-1
2031,1063,1625632619644,-1,-1,-1
2032,975,1625632620633,-1,-1,-1
2033,871,1625632621625,-1,-1,-1
2034,903,1625632622645,-1,-1,-1
2035,1223,1625632623635,-1,-1,-1
2036,1103,1625632624625,-1,-1,-1
2037,1079,1625632625643,-1,-1,-1
2038,1015,1625632626634,-1,-1,-1
2039,1039,1625632627625,-1,-1,-1
2040,1007,1625632628645,-1,-1,-1
2041,927,1625632633626,-1,-1,-1
2042,943,1625632636654,-1,-1,-1
2043,935,1625632637645,-1,-1,-1
2044,831,1625632641635,-1,-1,-1
2045,927,1625632641635,-1,-1,-1
2046,895,1625632642633,-1,-1,-1
2047,927,1625632643644,-1,-1,-1
2048,1063,1625632644635,-1,-1,-1
2049,983,1625632645626,-1,-1,-1
2050,1103,1625632646645,-1,-1,-1
2051,959,1625632647635,-1,-1,-1
2052,887,1625632648624,-1,-1,-1
2053,903,1625632649644,-1,-1,-1
2054,1095,1625632655646,-1,-1,-1
2055,1127,1625632656635,-1,-1,-1
2056,1047,1625632657626,-1,-1,-1
2057,1167,1625632658645,-1,-1,-1
2058,991,1625632661645,-1,-1,-1
2059,1287,1625632662635,-1,-1,-1
2060,807,1625632667645,-1,-1,-1
2061,751,1625632685646,-1,-1,-1
2062,879,1625632691616,-1,-1,-1
2063,839,1625632692635,-1,-1,-1
2064,735,1625632696627,-1,-1,-1
2065,807,1625632702655,-1,-1,-1
2066,863,1625632704635,-1,-1,-1
2067,775,1625632705625,-1,-1,-1
2068,751,1625632706645,-1,-1,-1
2069,911,1625632707636,-1,-1,-1
2070,839,1625632708624,-1,-1,-1
2071,975,1625632709615,-1,-1,-1
2072,879,1625632712615,-1,-1,-1
2073,1039,1625632717626,-1,-1,-1
2074,991,1625632719636,-1,-1,-1
2075,1000,1625632720626,-1,-1,-1
2076,1111,1625632727615,-1,-1,-1
2077,1103,1625632728636,-1,-1,-1
2078,1231,1625632729625,-1,-1,-1
2079,1103,1625632730616,-1,-1,-1
2080,1159,1625632731636,-1,-1,-1
2081,1039,1625632732625,-1,-1,-1
2082,1007,1625632733614,-1,-1,-1
2083,1031,1625632743636,-1,-1,-1
2084,1000,1625632752637,-1,-1,-1
2085,903,1625632755636,-1,-1,-1
2086,799,1625632755636,-1,-1,-1
2087,871,1625632756626,-1,-1,-1
2088,951,1625632757615,-1,-1,-1
2089,1063,1625632758636,-1,-1,-1
2090,1159,1625632759626,-1,-1,-1
2091,983,1625632760614,-1,-1,-1
2092,887,1625632761636,-1,-1,-1
2093,1127,1625632780627,-1,-1,-1
2094,1071,1625632782637,-1,-1,-1
2095,1039,1625632783625,-1,-1,-1
2096,903,1625632786625,-1,-1,-1
2097,1127,1625632787615,-1,-1,-1
2098,1135,1625632788637,-1,-1,-1
2099,1143,1625632790618,-1,-1,-1
2100,1079,1625632791637,-1,-1,-1
2101,935,1625632792627,-1,-1,-1
2102,839,1625632792628,-1,-1,-1
2103,895,1625632793616,-1,-1,-1
2104,871,1625632794638,-1,-1,-1
2105,943,1625632795626,-1,-1,-1
2106,1191,1625632796616,-1,-1,-1
2107,1095,1625632797637,-1,-1,-1
2108,951,1625632798627,-1,-1,-1
2109,935,1625632799615,-1,-1,-1
2110,1151,1625632800667,-1,-1,-1
2111,983,1625632801629,-1,-1,-1
2112,991,1625632804627,-1,-1,-1
2113,863,1625632805615,-1,-1,-1
2114,759,1625632810626,-1,-1,-1
2115,807,1625632811616,-1,-1,-1
2116,703,1625632811617,-1,-1,-1
2117,735,1625632812638,-1,-1,-1
2118,751,1625632815637,-1,-1,-1
2119,559,1625632816627,-1,-1,-1
2120,719,1625632819628,-1,-1,-1
2121,711,1625632821637,-1,-1,-1
2122,895,1625632825627,-1,-1,-1
2123,759,1625632829617,-1,-1,-1
2124,855,1625632834627,-1,-1,-1
2125,895,1625632835616,-1,-1,-1
2126,871,1625632836635,-1,-1,-1
2127,839,1625632836635,-1,-1,-1
2128,919,1625632842608,-1,-1,-1
2129,951,1625632845607,-1,-1,-1
2130,967,1625632846626,-1,-1,-1
2131,903,1625632847626,-1,-1,-1
2132,871,1625632848606,-1,-1,-1
2133,959,1625632851637,-1,-1,-1
2134,1047,1625632852629,-1,-1,-1
2135,1151,1625632853616,-1,-1,-1
2136,1007,1625632854606,-1,-1,-1
2137,1079,1625632855627,-1,-1,-1
2138,895,1625632856617,-1,-1,-1
2139,911,1625632857607,-1,-1,-1
2140,879,1625632858628,-1,-1,-1
2141,839,1625632859617,-1,-1,-1
2142,807,1625632860606,-1,-1,-1
2143,855,1625632860606,-1,-1,-1
2144,1031,1625632861626,-1,-1,-1
2145,1000,1625632865631,-1,-1,-1
2146,951,1625632866608,-1,-1,-1
2147,1055,1625632867628,-1,-1,-1
2148,927,1625632868617,-1,-1,-1
2149,1087,1625632874616,-1,-1,-1
2150,719,1625632882626,-1,-1,-1
2151,671,1625632885628,-1,-1,-1
2152,1071,1625632886616,-1,-1,-1
2153,687,1625632897627,-1,-1,-1
2154,639,1625632899607,-1,-1,-1
2155,767,1625632904617,-1,-1,-1
2156,863,1625632911607,-1,-1,-1
2157,911,1625632912627,-1,-1,-1
2158,879,1625632912627,-1,-1,-1
2159,815,1625632915628,-1,-1,-1
2160,847,1625632916648,-1,-1,-1
2161,831,1625632917639,-1,-1,-1
2162,863,1625632918628,-1,-1,-1
2163,903,1625632919617,-1,-1,-1
2164,991,1625632922618,-1,-1,-1
2165,887,1625632923608,-1,-1,-1
2166,775,1625632932607,-1,-1,-1
2167,863,1625632935607,-1,-1,-1
2168,887,1625632942628,-1,-1,-1
2169,695,1625632956607,-1,-1,-1
2170,775,1625632959606,-1,-1,-1
2171,767,1625632960630,-1,-1,-1
2172,911,1625632961617,-1,-1,-1
2173,831,1625632964630,-1,-1,-1
2174,855,1625632970619,-1,-1,-1
2175,895,1625632971607,-1,-1,-1
2176,847,1625632972597,-1,-1,-1
2177,743,1625632973618,-1,-1,-1
2178,695,1625632973618,-1,-1,-1
2179,879,1625632974608,-1,-1,-1
2180,575,1625632978598,-1,-1,-1
2181,927,1625632979620,-1,-1,-1
2182,575,1625632981597,-1,-1,-1
2183,767,1625632982647,-1,-1,-1
2184,911,1625632982647,-1,-1,-1
2185,599,1625632983638,-1,-1,-1
2186,487,1625632984597,-1,-1,-1
2187,471,1625632993609,-1,-1,-1
2188,623,1625632993609,-1,-1,-1
2189,855,1625633009620,-1,-1,-1
2190,855,1625633009620,-1,-1,-1
2191,887,1625633010609,-1,-1,-1
2192,807,1625633011598,-1,-1,-1
2193,839,1625633012620,-1,-1,-1
2194,887,1625633013608,-1,-1,-1
2195,815,1625633014598,-1,-1,-1
2196,759,1625633014598,-1,-1,-1
2197,775,1625633015648,-1,-1,-1
2198,935,1625633016637,-1,-1,-1
2199,1135,1625633021620,-1,-1,-1
2200,1143,1625633022609,-1,-1,-1
2201,1111,1625633023598,-1,-1,-1
2202,1191,1625633024619,-1,-1,-1
2203,1223,1625633026602,-1,-1,-1
2204,1239,1625633027618,-1,-1,-1
2205,1191,1625633028610,-1,-1,-1
2206,1215,1625633029599,-1,-1,-1
2207,1207,1625633030620,-1,-1,-1
2208,1175,1625633032598,-1,-1,-1
2209,1247,1625633033619,-1,-1,-1
2210,1215,1625633034609,-1,-1,-1
2211,1199,1625633035599,-1,-1,-1
2212,1231,1625633036619,-1,-1,-1
2213,1239,1625633038599,-1,-1,-1
2214,1095,1625633039619,-1,-1,-1
2215,1023,1625633040609,-1,-1,-1
2216,1031,1625633041600,-1,-1,-1
2217,1031,1625633042618,-1,-1,-1
2218,983,1625633043609,-1,-1,-1
2219,1015,1625633044598,-1,-1,-1
2220,1007,1625633045618,-1,-1,-1
2221,1087,1625633047598,-1,-1,-1
2222,911,1625633053598,-1,-1,-1
2223,1063,1625633054620,-1,-1,-1
2224,767,1625633056598,-1,-1,-1
2225,847,1625633057619,-1,-1,-1
