,RR,Timestamp,SensorContact,errorEstimate,blockerBit
0,775,1623232083360,-1,-1,-1
1,783,1623232083360,-1,-1,-1
2,767,1623232083360,-1,-1,-1
3,775,1623232083360,-1,-1,-1
4,775,1623232083360,-1,-1,-1
5,767,1623232083360,-1,-1,-1
6,751,1623232083360,-1,-1,-1
7,751,1623232083360,-1,-1,-1
8,751,1623232083360,-1,-1,-1
9,679,1623232083862,-1,-1,-1
10,679,1623232083862,-1,-1,-1
11,719,1623232083862,-1,-1,-1
12,711,1623232083862,-1,-1,-1
13,703,1623232084914,-1,-1,-1
14,735,1623232085861,-1,-1,-1
15,727,1623232085861,-1,-1,-1
16,679,1623232086855,-1,-1,-1
17,759,1623232087860,-1,-1,-1
18,543,1623232089853,-1,-1,-1
19,735,1623232089853,-1,-1,-1
20,599,1623232090856,-1,-1,-1
21,639,1623232091859,-1,-1,-1
22,647,1623232093858,-1,-1,-1
23,751,1623232093858,-1,-1,-1
24,687,1623232094900,-1,-1,-1
25,727,1623232095862,-1,-1,-1
26,807,1623232096861,-1,-1,-1
27,727,1623232096861,-1,-1,-1
28,767,1623232097854,-1,-1,-1
29,471,1623232098859,-1,-1,-1
30,583,1623232099861,-1,-1,-1
31,775,1623232100860,-1,-1,-1
32,799,1623232101899,-1,-1,-1
33,671,1623232101899,-1,-1,-1
34,775,1623232102859,-1,-1,-1
35,655,1623232103860,-1,-1,-1
36,671,1623232104859,-1,-1,-1
37,607,1623232107857,-1,-1,-1
38,679,1623232108895,-1,-1,-1
39,767,1623232108895,-1,-1,-1
40,695,1623232111856,-1,-1,-1
41,575,1623232112860,-1,-1,-1
42,559,1623232114857,-1,-1,-1
43,727,1623232118860,-1,-1,-1
44,703,1623232120899,-1,-1,-1
45,615,1623232122858,-1,-1,-1
46,655,1623232123858,-1,-1,-1
47,623,1623232123858,-1,-1,-1
48,639,1623232124856,-1,-1,-1
49,591,1623232125894,-1,-1,-1
50,591,1623232125894,-1,-1,-1
51,583,1623232126854,-1,-1,-1
52,567,1623232126854,-1,-1,-1
53,719,1623232132854,-1,-1,-1
54,455,1623232134895,-1,-1,-1
55,831,1623232137859,-1,-1,-1
56,719,1623232142862,-1,-1,-1
57,807,1623232145855,-1,-1,-1
58,791,1623232146863,-1,-1,-1
59,727,1623232147938,-1,-1,-1
60,671,1623232149859,-1,-1,-1
61,663,1623232150899,-1,-1,-1
62,567,1623232156857,-1,-1,-1
63,575,1623232157859,-1,-1,-1
64,719,1623232161860,-1,-1,-1
65,727,1623232161860,-1,-1,-1
66,775,1623232162859,-1,-1,-1
67,791,1623232163855,-1,-1,-1
68,775,1623232164859,-1,-1,-1
69,735,1623232165861,-1,-1,-1
70,735,1623232165861,-1,-1,-1
71,703,1623232166860,-1,-1,-1
72,503,1623232166861,-1,-1,-1
73,615,1623232169859,-1,-1,-1
74,615,1623232169859,-1,-1,-1
75,791,1623232170858,-1,-1,-1
76,711,1623232172858,-1,-1,-1
77,751,1623232173899,-1,-1,-1
78,743,1623232174933,-1,-1,-1
79,783,1623232174933,-1,-1,-1
80,815,1623232175860,-1,-1,-1
81,783,1623232176859,-1,-1,-1
82,807,1623232177853,-1,-1,-1
83,775,1623232178860,-1,-1,-1
84,775,1623232178860,-1,-1,-1
85,687,1623232181859,-1,-1,-1
86,799,1623232181859,-1,-1,-1
87,751,1623232186854,-1,-1,-1
88,759,1623232187861,-1,-1,-1
89,743,1623232187861,-1,-1,-1
90,751,1623232188862,-1,-1,-1
91,743,1623232189859,-1,-1,-1
92,735,1623232190857,-1,-1,-1
93,727,1623232190857,-1,-1,-1
94,711,1623232191854,-1,-1,-1
95,791,1623232192854,-1,-1,-1
96,639,1623232194860,-1,-1,-1
97,631,1623232196858,-1,-1,-1
98,647,1623232197858,-1,-1,-1
99,663,1623232198859,-1,-1,-1
100,663,1623232198859,-1,-1,-1
101,639,1623232199860,-1,-1,-1
102,639,1623232200899,-1,-1,-1
103,447,1623232200899,-1,-1,-1
104,695,1623232204859,-1,-1,-1
105,679,1623232205900,-1,-1,-1
106,663,1623232205900,-1,-1,-1
107,903,1623232206858,-1,-1,-1
108,631,1623232208859,-1,-1,-1
109,671,1623232208859,-1,-1,-1
110,623,1623232209859,-1,-1,-1
111,647,1623232210859,-1,-1,-1
112,751,1623232210859,-1,-1,-1
113,591,1623232211854,-1,-1,-1
114,695,1623232212857,-1,-1,-1
115,735,1623232212857,-1,-1,-1
116,631,1623232213860,-1,-1,-1
117,703,1623232214858,-1,-1,-1
118,599,1623232214858,-1,-1,-1
119,719,1623232215859,-1,-1,-1
120,687,1623232216893,-1,-1,-1
121,727,1623232217859,-1,-1,-1
122,663,1623232217859,-1,-1,-1
123,711,1623232218859,-1,-1,-1
124,639,1623232219859,-1,-1,-1
125,655,1623232219859,-1,-1,-1
126,663,1623232220860,-1,-1,-1
127,679,1623232221853,-1,-1,-1
128,663,1623232221853,-1,-1,-1
129,671,1623232222862,-1,-1,-1
130,719,1623232223855,-1,-1,-1
131,671,1623232223855,-1,-1,-1
132,727,1623232224860,-1,-1,-1
133,695,1623232225860,-1,-1,-1
134,711,1623232225860,-1,-1,-1
135,695,1623232226855,-1,-1,-1
136,687,1623232229858,-1,-1,-1
137,727,1623232230854,-1,-1,-1
138,687,1623232230854,-1,-1,-1
139,647,1623232231859,-1,-1,-1
140,711,1623232232857,-1,-1,-1
141,703,1623232232857,-1,-1,-1
142,695,1623232233861,-1,-1,-1
143,695,1623232234860,-1,-1,-1
144,727,1623232234860,-1,-1,-1
145,703,1623232235857,-1,-1,-1
146,687,1623232236855,-1,-1,-1
147,695,1623232237899,-1,-1,-1
148,687,1623232237899,-1,-1,-1
149,671,1623232238859,-1,-1,-1
150,631,1623232239856,-1,-1,-1
151,639,1623232239856,-1,-1,-1
152,671,1623232240858,-1,-1,-1
153,631,1623232240858,-1,-1,-1
154,663,1623232241859,-1,-1,-1
155,655,1623232242859,-1,-1,-1
156,703,1623232242859,-1,-1,-1
157,687,1623232243860,-1,-1,-1
158,727,1623232244857,-1,-1,-1
159,759,1623232245853,-1,-1,-1
160,799,1623232245853,-1,-1,-1
161,823,1623232246858,-1,-1,-1
162,767,1623232247854,-1,-1,-1
163,799,1623232248858,-1,-1,-1
164,751,1623232249896,-1,-1,-1
165,751,1623232249896,-1,-1,-1
166,703,1623232250859,-1,-1,-1
167,727,1623232251855,-1,-1,-1
168,727,1623232252860,-1,-1,-1
169,743,1623232252860,-1,-1,-1
170,743,1623232253859,-1,-1,-1
171,719,1623232254859,-1,-1,-1
172,751,1623232254859,-1,-1,-1
173,719,1623232255853,-1,-1,-1
174,751,1623232256860,-1,-1,-1
175,767,1623232257856,-1,-1,-1
176,719,1623232257856,-1,-1,-1
177,751,1623232258854,-1,-1,-1
178,735,1623232259854,-1,-1,-1
179,719,1623232260853,-1,-1,-1
180,719,1623232260853,-1,-1,-1
181,703,1623232261936,-1,-1,-1
182,735,1623232262856,-1,-1,-1
183,703,1623232263858,-1,-1,-1
184,663,1623232263858,-1,-1,-1
185,735,1623232264859,-1,-1,-1
186,711,1623232265898,-1,-1,-1
187,703,1623232265898,-1,-1,-1
188,695,1623232266857,-1,-1,-1
189,727,1623232267853,-1,-1,-1
190,735,1623232267853,-1,-1,-1
191,703,1623232268896,-1,-1,-1
192,719,1623232269900,-1,-1,-1
193,695,1623232270859,-1,-1,-1
194,727,1623232270859,-1,-1,-1
195,775,1623232271859,-1,-1,-1
196,831,1623232272858,-1,-1,-1
197,663,1623232275859,-1,-1,-1
198,679,1623232276860,-1,-1,-1
199,615,1623232276860,-1,-1,-1
200,607,1623232277856,-1,-1,-1
201,567,1623232277856,-1,-1,-1
202,735,1623232278859,-1,-1,-1
203,631,1623232279860,-1,-1,-1
204,655,1623232279860,-1,-1,-1
205,647,1623232280859,-1,-1,-1
206,679,1623232281858,-1,-1,-1
207,767,1623232281858,-1,-1,-1
208,751,1623232282898,-1,-1,-1
209,711,1623232283858,-1,-1,-1
210,727,1623232284860,-1,-1,-1
211,711,1623232284860,-1,-1,-1
212,759,1623232285901,-1,-1,-1
213,703,1623232286861,-1,-1,-1
214,599,1623232286861,-1,-1,-1
215,687,1623232289861,-1,-1,-1
216,743,1623232289861,-1,-1,-1
217,767,1623232290862,-1,-1,-1
218,807,1623232291854,-1,-1,-1
219,695,1623232292862,-1,-1,-1
220,711,1623232292862,-1,-1,-1
221,703,1623232293900,-1,-1,-1
222,639,1623232294860,-1,-1,-1
223,671,1623232294860,-1,-1,-1
224,639,1623232295859,-1,-1,-1
225,671,1623232296936,-1,-1,-1
226,687,1623232296936,-1,-1,-1
227,711,1623232297860,-1,-1,-1
228,687,1623232298899,-1,-1,-1
229,759,1623232298899,-1,-1,-1
230,727,1623232299973,-1,-1,-1
231,751,1623232300860,-1,-1,-1
232,823,1623232301900,-1,-1,-1
233,767,1623232302859,-1,-1,-1
234,743,1623232302859,-1,-1,-1
235,767,1623232303857,-1,-1,-1
236,735,1623232304894,-1,-1,-1
237,719,1623232305859,-1,-1,-1
238,719,1623232305859,-1,-1,-1
239,751,1623232306895,-1,-1,-1
240,735,1623232307856,-1,-1,-1
241,703,1623232307857,-1,-1,-1
242,703,1623232308860,-1,-1,-1
243,679,1623232309901,-1,-1,-1
244,743,1623232310856,-1,-1,-1
245,767,1623232310856,-1,-1,-1
246,711,1623232311860,-1,-1,-1
247,703,1623232312853,-1,-1,-1
248,711,1623232312853,-1,-1,-1
249,679,1623232313860,-1,-1,-1
250,751,1623232314860,-1,-1,-1
251,727,1623232315902,-1,-1,-1
252,711,1623232315902,-1,-1,-1
253,775,1623232318854,-1,-1,-1
254,711,1623232318854,-1,-1,-1
255,663,1623232322859,-1,-1,-1
256,711,1623232322859,-1,-1,-1
257,607,1623232323860,-1,-1,-1
258,719,1623232324858,-1,-1,-1
259,695,1623232324858,-1,-1,-1
260,735,1623232325859,-1,-1,-1
261,663,1623232328893,-1,-1,-1
262,679,1623232329854,-1,-1,-1
263,703,1623232329854,-1,-1,-1
264,735,1623232338859,-1,-1,-1
265,759,1623232338859,-1,-1,-1
266,679,1623232339854,-1,-1,-1
267,743,1623232340858,-1,-1,-1
268,719,1623232341859,-1,-1,-1
269,751,1623232341859,-1,-1,-1
270,687,1623232342861,-1,-1,-1
271,727,1623232343859,-1,-1,-1
272,679,1623232343859,-1,-1,-1
273,663,1623232344857,-1,-1,-1
274,687,1623232345859,-1,-1,-1
275,663,1623232345859,-1,-1,-1
276,663,1623232346857,-1,-1,-1
277,743,1623232347854,-1,-1,-1
278,711,1623232348900,-1,-1,-1
279,751,1623232348900,-1,-1,-1
280,751,1623232349858,-1,-1,-1
281,759,1623232350899,-1,-1,-1
282,791,1623232351853,-1,-1,-1
283,727,1623232351853,-1,-1,-1
284,775,1623232352855,-1,-1,-1
285,783,1623232353854,-1,-1,-1
286,735,1623232355858,-1,-1,-1
287,735,1623232356852,-1,-1,-1
288,679,1623232357852,-1,-1,-1
289,679,1623232357852,-1,-1,-1
290,615,1623232361855,-1,-1,-1
291,743,1623232364894,-1,-1,-1
292,807,1623232365893,-1,-1,-1
293,855,1623232366853,-1,-1,-1
294,495,1623232370856,-1,-1,-1
295,543,1623232370856,-1,-1,-1
296,871,1623232373855,-1,-1,-1
297,823,1623232374853,-1,-1,-1
298,855,1623232375857,-1,-1,-1
299,727,1623232376859,-1,-1,-1
300,911,1623232377860,-1,-1,-1
301,767,1623232378853,-1,-1,-1
302,767,1623232378853,-1,-1,-1
303,767,1623232379853,-1,-1,-1
304,743,1623232380854,-1,-1,-1
305,823,1623232381898,-1,-1,-1
306,767,1623232381898,-1,-1,-1
307,759,1623232382856,-1,-1,-1
308,775,1623232383855,-1,-1,-1
309,799,1623232384853,-1,-1,-1
310,823,1623232385853,-1,-1,-1
311,791,1623232385853,-1,-1,-1
312,815,1623232386860,-1,-1,-1
313,735,1623232387859,-1,-1,-1
314,767,1623232388858,-1,-1,-1
315,767,1623232388858,-1,-1,-1
316,799,1623232389859,-1,-1,-1
317,727,1623232390857,-1,-1,-1
318,775,1623232391858,-1,-1,-1
319,839,1623232392853,-1,-1,-1
320,735,1623232392853,-1,-1,-1
321,791,1623232393858,-1,-1,-1
322,759,1623232394859,-1,-1,-1
323,775,1623232395856,-1,-1,-1
324,767,1623232395856,-1,-1,-1
325,751,1623232396859,-1,-1,-1
326,727,1623232397895,-1,-1,-1
327,743,1623232398854,-1,-1,-1
328,719,1623232398854,-1,-1,-1
329,719,1623232399854,-1,-1,-1
330,655,1623232400853,-1,-1,-1
331,719,1623232402858,-1,-1,-1
332,743,1623232403860,-1,-1,-1
333,743,1623232403860,-1,-1,-1
334,703,1623232404898,-1,-1,-1
335,719,1623232405853,-1,-1,-1
336,703,1623232406858,-1,-1,-1
337,759,1623232406858,-1,-1,-1
338,679,1623232407859,-1,-1,-1
339,711,1623232408859,-1,-1,-1
340,703,1623232408859,-1,-1,-1
341,727,1623232409860,-1,-1,-1
342,711,1623232410852,-1,-1,-1
343,751,1623232411863,-1,-1,-1
344,711,1623232411864,-1,-1,-1
345,743,1623232412859,-1,-1,-1
346,695,1623232413856,-1,-1,-1
347,751,1623232413856,-1,-1,-1
348,759,1623232414898,-1,-1,-1
349,759,1623232415938,-1,-1,-1
350,743,1623232416859,-1,-1,-1
351,703,1623232416859,-1,-1,-1
352,703,1623232417857,-1,-1,-1
353,663,1623232418859,-1,-1,-1
354,679,1623232418859,-1,-1,-1
355,615,1623232421855,-1,-1,-1
356,703,1623232422857,-1,-1,-1
357,607,1623232422857,-1,-1,-1
358,727,1623232423858,-1,-1,-1
359,695,1623232425859,-1,-1,-1
360,759,1623232426859,-1,-1,-1
361,751,1623232427858,-1,-1,-1
362,751,1623232427858,-1,-1,-1
363,743,1623232428859,-1,-1,-1
364,767,1623232429899,-1,-1,-1
365,735,1623232430897,-1,-1,-1
366,711,1623232430897,-1,-1,-1
367,775,1623232431860,-1,-1,-1
368,727,1623232432857,-1,-1,-1
369,711,1623232433858,-1,-1,-1
370,735,1623232433858,-1,-1,-1
371,751,1623232434857,-1,-1,-1
372,743,1623232435854,-1,-1,-1
373,775,1623232438853,-1,-1,-1
374,623,1623232439858,-1,-1,-1
375,783,1623232439858,-1,-1,-1
376,751,1623232440857,-1,-1,-1
377,727,1623232441858,-1,-1,-1
378,743,1623232443856,-1,-1,-1
379,759,1623232444857,-1,-1,-1
380,743,1623232445860,-1,-1,-1
381,655,1623232445860,-1,-1,-1
382,815,1623232446860,-1,-1,-1
383,719,1623232447896,-1,-1,-1
384,687,1623232447896,-1,-1,-1
385,751,1623232448860,-1,-1,-1
386,695,1623232449859,-1,-1,-1
387,751,1623232450899,-1,-1,-1
388,703,1623232450899,-1,-1,-1
389,719,1623232451858,-1,-1,-1
390,703,1623232452858,-1,-1,-1
391,711,1623232452858,-1,-1,-1
392,551,1623232453856,-1,-1,-1
393,831,1623232454859,-1,-1,-1
394,679,1623232455862,-1,-1,-1
395,671,1623232455862,-1,-1,-1
396,655,1623232456938,-1,-1,-1
397,679,1623232457859,-1,-1,-1
398,655,1623232457859,-1,-1,-1
399,671,1623232458859,-1,-1,-1
400,655,1623232459858,-1,-1,-1
401,639,1623232459858,-1,-1,-1
402,719,1623232460857,-1,-1,-1
403,711,1623232461903,-1,-1,-1
404,711,1623232461903,-1,-1,-1
405,735,1623232462856,-1,-1,-1
406,695,1623232463899,-1,-1,-1
407,727,1623232465857,-1,-1,-1
408,735,1623232468856,-1,-1,-1
409,679,1623232469858,-1,-1,-1
410,639,1623232471859,-1,-1,-1
411,679,1623232472859,-1,-1,-1
412,687,1623232473859,-1,-1,-1
413,695,1623232473859,-1,-1,-1
414,751,1623232474853,-1,-1,-1
415,759,1623232475852,-1,-1,-1
416,799,1623232476859,-1,-1,-1
417,743,1623232476859,-1,-1,-1
418,791,1623232477853,-1,-1,-1
419,759,1623232478855,-1,-1,-1
420,791,1623232479819,-1,-1,-1
421,767,1623232481814,-1,-1,-1
422,687,1623232482859,-1,-1,-1
423,695,1623232482859,-1,-1,-1
424,727,1623232483818,-1,-1,-1
425,735,1623232484814,-1,-1,-1
426,687,1623232484814,-1,-1,-1
427,719,1623232485818,-1,-1,-1
428,695,1623232486819,-1,-1,-1
429,807,1623232487813,-1,-1,-1
430,695,1623232487813,-1,-1,-1
431,703,1623232488815,-1,-1,-1
432,719,1623232489819,-1,-1,-1
433,719,1623232489819,-1,-1,-1
434,759,1623232490813,-1,-1,-1
435,727,1623232491815,-1,-1,-1
436,783,1623232492820,-1,-1,-1
437,727,1623232492820,-1,-1,-1
438,727,1623232493813,-1,-1,-1
439,663,1623232494818,-1,-1,-1
440,751,1623232495817,-1,-1,-1
441,687,1623232495817,-1,-1,-1
442,703,1623232496814,-1,-1,-1
443,727,1623232497813,-1,-1,-1
444,679,1623232497813,-1,-1,-1
445,703,1623232498819,-1,-1,-1
446,703,1623232499859,-1,-1,-1
447,695,1623232499859,-1,-1,-1
448,687,1623232500818,-1,-1,-1
449,711,1623232501816,-1,-1,-1
450,751,1623232502855,-1,-1,-1
451,759,1623232502855,-1,-1,-1
452,751,1623232503819,-1,-1,-1
453,695,1623232504815,-1,-1,-1
454,743,1623232505857,-1,-1,-1
455,719,1623232505857,-1,-1,-1
456,695,1623232506818,-1,-1,-1
457,663,1623232507819,-1,-1,-1
458,679,1623232507819,-1,-1,-1
459,591,1623232508812,-1,-1,-1
460,663,1623232509819,-1,-1,-1
461,687,1623232509819,-1,-1,-1
462,687,1623232510812,-1,-1,-1
463,687,1623232511819,-1,-1,-1
464,751,1623232511819,-1,-1,-1
465,727,1623232512819,-1,-1,-1
466,727,1623232513812,-1,-1,-1
467,711,1623232514815,-1,-1,-1
468,767,1623232514815,-1,-1,-1
469,703,1623232515853,-1,-1,-1
470,775,1623232516817,-1,-1,-1
471,695,1623232517817,-1,-1,-1
472,711,1623232517817,-1,-1,-1
473,735,1623232518812,-1,-1,-1
474,767,1623232519818,-1,-1,-1
475,727,1623232519818,-1,-1,-1
476,767,1623232520820,-1,-1,-1
477,791,1623232521814,-1,-1,-1
478,791,1623232522818,-1,-1,-1
479,847,1623232523815,-1,-1,-1
480,807,1623232523815,-1,-1,-1
481,783,1623232524819,-1,-1,-1
482,791,1623232525812,-1,-1,-1
483,783,1623232526822,-1,-1,-1
484,735,1623232527812,-1,-1,-1
485,783,1623232527812,-1,-1,-1
486,695,1623232528818,-1,-1,-1
487,727,1623232529818,-1,-1,-1
488,735,1623232530814,-1,-1,-1
489,719,1623232530814,-1,-1,-1
490,703,1623232531819,-1,-1,-1
491,783,1623232532852,-1,-1,-1
492,695,1623232532852,-1,-1,-1
493,759,1623232533814,-1,-1,-1
494,735,1623232534858,-1,-1,-1
495,727,1623232535896,-1,-1,-1
496,751,1623232535896,-1,-1,-1
497,719,1623232536817,-1,-1,-1
498,743,1623232537814,-1,-1,-1
499,783,1623232538811,-1,-1,-1
500,695,1623232538811,-1,-1,-1
501,719,1623232539814,-1,-1,-1
502,727,1623232540815,-1,-1,-1
503,695,1623232541814,-1,-1,-1
504,735,1623232541814,-1,-1,-1
505,711,1623232542812,-1,-1,-1
506,687,1623232543818,-1,-1,-1
507,711,1623232543818,-1,-1,-1
508,695,1623232544813,-1,-1,-1
509,751,1623232545820,-1,-1,-1
510,719,1623232546819,-1,-1,-1
511,751,1623232546819,-1,-1,-1
512,735,1623232547812,-1,-1,-1
513,743,1623232548861,-1,-1,-1
514,743,1623232548861,-1,-1,-1
515,751,1623232549820,-1,-1,-1
516,703,1623232550813,-1,-1,-1
517,727,1623232551819,-1,-1,-1
518,775,1623232551819,-1,-1,-1
519,703,1623232552818,-1,-1,-1
520,767,1623232553817,-1,-1,-1
521,727,1623232554817,-1,-1,-1
522,719,1623232554817,-1,-1,-1
523,727,1623232555815,-1,-1,-1
524,743,1623232556819,-1,-1,-1
525,679,1623232557819,-1,-1,-1
526,735,1623232557819,-1,-1,-1
527,695,1623232558819,-1,-1,-1
528,767,1623232559813,-1,-1,-1
529,751,1623232559813,-1,-1,-1
530,671,1623232560815,-1,-1,-1
531,759,1623232561816,-1,-1,-1
532,703,1623232562819,-1,-1,-1
533,727,1623232562819,-1,-1,-1
534,687,1623232563819,-1,-1,-1
535,735,1623232564815,-1,-1,-1
536,671,1623232564815,-1,-1,-1
537,703,1623232565854,-1,-1,-1
538,695,1623232566860,-1,-1,-1
539,719,1623232567818,-1,-1,-1
540,711,1623232567818,-1,-1,-1
541,703,1623232568818,-1,-1,-1
542,751,1623232569815,-1,-1,-1
543,679,1623232569815,-1,-1,-1
544,703,1623232570818,-1,-1,-1
545,663,1623232571817,-1,-1,-1
546,695,1623232571817,-1,-1,-1
547,743,1623232572817,-1,-1,-1
548,663,1623232573816,-1,-1,-1
549,647,1623232574813,-1,-1,-1
550,687,1623232574813,-1,-1,-1
551,687,1623232575815,-1,-1,-1
552,671,1623232576814,-1,-1,-1
553,687,1623232576814,-1,-1,-1
554,711,1623232577820,-1,-1,-1
555,719,1623232578819,-1,-1,-1
556,759,1623232578819,-1,-1,-1
557,703,1623232579813,-1,-1,-1
558,695,1623232580819,-1,-1,-1
559,743,1623232581857,-1,-1,-1
560,703,1623232581857,-1,-1,-1
561,671,1623232582817,-1,-1,-1
562,647,1623232583820,-1,-1,-1
563,727,1623232583820,-1,-1,-1
564,735,1623232584819,-1,-1,-1
565,727,1623232585818,-1,-1,-1
566,663,1623232585818,-1,-1,-1
567,639,1623232587816,-1,-1,-1
568,751,1623232588819,-1,-1,-1
569,663,1623232589817,-1,-1,-1
570,655,1623232590819,-1,-1,-1
571,671,1623232590819,-1,-1,-1
572,655,1623232591818,-1,-1,-1
573,647,1623232591818,-1,-1,-1
574,647,1623232592819,-1,-1,-1
575,639,1623232593818,-1,-1,-1
576,671,1623232593818,-1,-1,-1
577,743,1623232594816,-1,-1,-1
578,783,1623232595812,-1,-1,-1
579,767,1623232596817,-1,-1,-1
580,759,1623232597818,-1,-1,-1
581,687,1623232597818,-1,-1,-1
582,679,1623232598858,-1,-1,-1
583,655,1623232601814,-1,-1,-1
584,751,1623232601814,-1,-1,-1
585,767,1623232602817,-1,-1,-1
586,775,1623232603819,-1,-1,-1
587,823,1623232604821,-1,-1,-1
588,807,1623232605817,-1,-1,-1
589,791,1623232605817,-1,-1,-1
590,799,1623232606816,-1,-1,-1
591,743,1623232607815,-1,-1,-1
592,735,1623232608811,-1,-1,-1
593,751,1623232608811,-1,-1,-1
594,711,1623232609816,-1,-1,-1
595,695,1623232610813,-1,-1,-1
596,791,1623232611811,-1,-1,-1
597,751,1623232611811,-1,-1,-1
598,847,1623232612814,-1,-1,-1
599,847,1623232613818,-1,-1,-1
600,847,1623232614858,-1,-1,-1
601,839,1623232615815,-1,-1,-1
602,791,1623232616822,-1,-1,-1
603,791,1623232616822,-1,-1,-1
604,759,1623232617818,-1,-1,-1
605,727,1623232618817,-1,-1,-1
606,751,1623232619818,-1,-1,-1
607,695,1623232619818,-1,-1,-1
608,735,1623232620817,-1,-1,-1
609,655,1623232621817,-1,-1,-1
610,799,1623232621817,-1,-1,-1
611,695,1623232622811,-1,-1,-1
612,711,1623232623818,-1,-1,-1
613,735,1623232624818,-1,-1,-1
614,695,1623232624818,-1,-1,-1
615,759,1623232625819,-1,-1,-1
616,799,1623232626823,-1,-1,-1
617,719,1623232627819,-1,-1,-1
618,703,1623232627819,-1,-1,-1
619,783,1623232628816,-1,-1,-1
620,671,1623232629815,-1,-1,-1
621,727,1623232629815,-1,-1,-1
622,679,1623232630858,-1,-1,-1
623,703,1623232631819,-1,-1,-1
624,703,1623232632811,-1,-1,-1
625,695,1623232632811,-1,-1,-1
626,711,1623232633816,-1,-1,-1
627,735,1623232634817,-1,-1,-1
628,671,1623232634817,-1,-1,-1
629,703,1623232635816,-1,-1,-1
630,775,1623232636818,-1,-1,-1
631,663,1623232636818,-1,-1,-1
632,751,1623232637818,-1,-1,-1
633,639,1623232638817,-1,-1,-1
634,703,1623232639818,-1,-1,-1
635,695,1623232639818,-1,-1,-1
636,679,1623232640818,-1,-1,-1
637,719,1623232641814,-1,-1,-1
638,663,1623232641814,-1,-1,-1
639,623,1623232642812,-1,-1,-1
640,655,1623232643811,-1,-1,-1
641,703,1623232643811,-1,-1,-1
642,663,1623232644811,-1,-1,-1
643,639,1623232645817,-1,-1,-1
644,671,1623232645817,-1,-1,-1
645,655,1623232646816,-1,-1,-1
646,711,1623232647854,-1,-1,-1
647,727,1623232647854,-1,-1,-1
648,751,1623232650817,-1,-1,-1
649,663,1623232650817,-1,-1,-1
650,607,1623232651814,-1,-1,-1
651,687,1623232653813,-1,-1,-1
652,647,1623232655819,-1,-1,-1
653,727,1623232656812,-1,-1,-1
654,671,1623232656812,-1,-1,-1
655,799,1623232657819,-1,-1,-1
656,831,1623232658815,-1,-1,-1
657,863,1623232659818,-1,-1,-1
658,935,1623232660812,-1,-1,-1
659,855,1623232661816,-1,-1,-1
660,831,1623232661816,-1,-1,-1
661,799,1623232662858,-1,-1,-1
662,807,1623232663816,-1,-1,-1
663,767,1623232664818,-1,-1,-1
664,807,1623232665814,-1,-1,-1
665,767,1623232665814,-1,-1,-1
666,735,1623232666818,-1,-1,-1
667,775,1623232667812,-1,-1,-1
668,807,1623232668811,-1,-1,-1
669,807,1623232668812,-1,-1,-1
670,791,1623232669819,-1,-1,-1
671,839,1623232670818,-1,-1,-1
672,847,1623232671898,-1,-1,-1
673,775,1623232672816,-1,-1,-1
674,823,1623232673818,-1,-1,-1
675,783,1623232673818,-1,-1,-1
676,759,1623232674814,-1,-1,-1
677,759,1623232675811,-1,-1,-1
678,775,1623232676812,-1,-1,-1
679,751,1623232676812,-1,-1,-1
680,727,1623232677814,-1,-1,-1
681,735,1623232678814,-1,-1,-1
682,559,1623232678814,-1,-1,-1
683,1023,1623232679818,-1,-1,-1
684,751,1623232680858,-1,-1,-1
685,847,1623232681811,-1,-1,-1
686,783,1623232682814,-1,-1,-1
687,823,1623232683817,-1,-1,-1
688,775,1623232683817,-1,-1,-1
689,807,1623232684811,-1,-1,-1
690,759,1623232685816,-1,-1,-1
691,759,1623232686814,-1,-1,-1
692,759,1623232686814,-1,-1,-1
693,735,1623232687814,-1,-1,-1
694,775,1623232688816,-1,-1,-1
695,751,1623232689814,-1,-1,-1
696,791,1623232690819,-1,-1,-1
697,791,1623232690819,-1,-1,-1
698,775,1623232691819,-1,-1,-1
699,823,1623232692898,-1,-1,-1
700,799,1623232693819,-1,-1,-1
701,767,1623232694898,-1,-1,-1
702,759,1623232694898,-1,-1,-1
703,759,1623232695815,-1,-1,-1
704,743,1623232696851,-1,-1,-1
705,727,1623232697818,-1,-1,-1
706,799,1623232697818,-1,-1,-1
707,743,1623232698818,-1,-1,-1
708,775,1623232699813,-1,-1,-1
709,775,1623232700814,-1,-1,-1
710,775,1623232700814,-1,-1,-1
711,831,1623232701816,-1,-1,-1
712,791,1623232702814,-1,-1,-1
713,759,1623232703819,-1,-1,-1
714,727,1623232703819,-1,-1,-1
715,807,1623232704818,-1,-1,-1
716,767,1623232705818,-1,-1,-1
717,751,1623232706819,-1,-1,-1
718,759,1623232707817,-1,-1,-1
719,791,1623232707817,-1,-1,-1
720,735,1623232708819,-1,-1,-1
721,735,1623232709819,-1,-1,-1
722,791,1623232710817,-1,-1,-1
723,735,1623232710817,-1,-1,-1
724,791,1623232711818,-1,-1,-1
725,767,1623232712812,-1,-1,-1
726,759,1623232713857,-1,-1,-1
727,775,1623232713858,-1,-1,-1
728,783,1623232714813,-1,-1,-1
729,751,1623232715818,-1,-1,-1
730,759,1623232716812,-1,-1,-1
731,711,1623232718812,-1,-1,-1
732,735,1623232719813,-1,-1,-1
733,687,1623232719813,-1,-1,-1
734,815,1623232722812,-1,-1,-1
735,783,1623232722812,-1,-1,-1
736,719,1623232725816,-1,-1,-1
737,671,1623232726859,-1,-1,-1
738,695,1623232727814,-1,-1,-1
739,743,1623232728818,-1,-1,-1
740,719,1623232728818,-1,-1,-1
741,735,1623232729858,-1,-1,-1
742,679,1623232730818,-1,-1,-1
743,695,1623232730818,-1,-1,-1
744,711,1623232731818,-1,-1,-1
745,743,1623232732815,-1,-1,-1
746,711,1623232734812,-1,-1,-1
747,711,1623232736818,-1,-1,-1
748,711,1623232737818,-1,-1,-1
749,711,1623232737818,-1,-1,-1
750,759,1623232738819,-1,-1,-1
751,727,1623232739812,-1,-1,-1
752,751,1623232740815,-1,-1,-1
753,759,1623232740815,-1,-1,-1
754,727,1623232741818,-1,-1,-1
755,775,1623232742818,-1,-1,-1
756,767,1623232743817,-1,-1,-1
757,767,1623232744817,-1,-1,-1
758,775,1623232744817,-1,-1,-1
759,783,1623232745818,-1,-1,-1
760,711,1623232747816,-1,-1,-1
761,759,1623232750816,-1,-1,-1
762,791,1623232750816,-1,-1,-1
763,695,1623232751819,-1,-1,-1
764,663,1623232752817,-1,-1,-1
765,791,1623232752817,-1,-1,-1
766,759,1623232753816,-1,-1,-1
767,735,1623232754817,-1,-1,-1
768,751,1623232755817,-1,-1,-1
769,783,1623232756816,-1,-1,-1
770,735,1623232756816,-1,-1,-1
771,735,1623232757816,-1,-1,-1
772,751,1623232758857,-1,-1,-1
773,727,1623232758857,-1,-1,-1
774,727,1623232759817,-1,-1,-1
775,727,1623232760811,-1,-1,-1
776,711,1623232761818,-1,-1,-1
777,727,1623232761818,-1,-1,-1
778,743,1623232762854,-1,-1,-1
779,735,1623232763818,-1,-1,-1
780,767,1623232764815,-1,-1,-1
781,823,1623232764815,-1,-1,-1
782,743,1623232765817,-1,-1,-1
783,775,1623232766817,-1,-1,-1
784,759,1623232767818,-1,-1,-1
785,759,1623232767818,-1,-1,-1
786,735,1623232768817,-1,-1,-1
787,759,1623232769817,-1,-1,-1
788,735,1623232770816,-1,-1,-1
789,759,1623232770816,-1,-1,-1
790,751,1623232771818,-1,-1,-1
791,703,1623232772820,-1,-1,-1
792,775,1623232773858,-1,-1,-1
793,727,1623232773858,-1,-1,-1
794,711,1623232774818,-1,-1,-1
795,743,1623232775818,-1,-1,-1
796,727,1623232776818,-1,-1,-1
797,719,1623232776818,-1,-1,-1
798,759,1623232777818,-1,-1,-1
799,703,1623232778818,-1,-1,-1
800,743,1623232779857,-1,-1,-1
801,743,1623232779857,-1,-1,-1
802,735,1623232780818,-1,-1,-1
803,727,1623232781817,-1,-1,-1
804,679,1623232781817,-1,-1,-1
805,743,1623232782817,-1,-1,-1
806,727,1623232783818,-1,-1,-1
807,719,1623232784813,-1,-1,-1
808,759,1623232784813,-1,-1,-1
809,735,1623232785819,-1,-1,-1
810,759,1623232786816,-1,-1,-1
811,735,1623232787818,-1,-1,-1
812,727,1623232787818,-1,-1,-1
813,711,1623232788818,-1,-1,-1
814,727,1623232789816,-1,-1,-1
815,743,1623232790853,-1,-1,-1
816,703,1623232790853,-1,-1,-1
817,679,1623232791814,-1,-1,-1
818,703,1623232792816,-1,-1,-1
819,719,1623232792816,-1,-1,-1
820,695,1623232793818,-1,-1,-1
821,759,1623232794817,-1,-1,-1
822,719,1623232795859,-1,-1,-1
823,719,1623232795859,-1,-1,-1
824,695,1623232796815,-1,-1,-1
825,727,1623232797818,-1,-1,-1
826,711,1623232797818,-1,-1,-1
827,727,1623232798817,-1,-1,-1
828,727,1623232799817,-1,-1,-1
829,759,1623232800818,-1,-1,-1
830,703,1623232800818,-1,-1,-1
831,751,1623232801819,-1,-1,-1
832,759,1623232802813,-1,-1,-1
833,727,1623232803818,-1,-1,-1
834,767,1623232803818,-1,-1,-1
835,767,1623232804814,-1,-1,-1
836,735,1623232805817,-1,-1,-1
837,751,1623232806817,-1,-1,-1
838,735,1623232806818,-1,-1,-1
839,727,1623232807814,-1,-1,-1
840,703,1623232808812,-1,-1,-1
841,711,1623232808812,-1,-1,-1
842,743,1623232809818,-1,-1,-1
843,695,1623232810818,-1,-1,-1
844,735,1623232811818,-1,-1,-1
845,679,1623232814819,-1,-1,-1
846,751,1623232814819,-1,-1,-1
847,711,1623232815853,-1,-1,-1
848,767,1623232816814,-1,-1,-1
849,751,1623232817817,-1,-1,-1
850,759,1623232817817,-1,-1,-1
851,735,1623232818812,-1,-1,-1
852,759,1623232819814,-1,-1,-1
853,735,1623232820851,-1,-1,-1
854,727,1623232820851,-1,-1,-1
855,695,1623232823818,-1,-1,-1
856,679,1623232824819,-1,-1,-1
857,727,1623232825819,-1,-1,-1
858,703,1623232825819,-1,-1,-1
859,703,1623232826816,-1,-1,-1
860,743,1623232827818,-1,-1,-1
861,775,1623232827819,-1,-1,-1
862,751,1623232828858,-1,-1,-1
863,759,1623232829817,-1,-1,-1
864,767,1623232830819,-1,-1,-1
865,735,1623232830819,-1,-1,-1
866,767,1623232831817,-1,-1,-1
867,735,1623232832817,-1,-1,-1
868,751,1623232833816,-1,-1,-1
869,727,1623232833817,-1,-1,-1
870,735,1623232834815,-1,-1,-1
871,743,1623232835810,-1,-1,-1
872,703,1623232836815,-1,-1,-1
873,743,1623232836815,-1,-1,-1
874,719,1623232837811,-1,-1,-1
875,751,1623232838892,-1,-1,-1
876,711,1623232839816,-1,-1,-1
877,759,1623232839816,-1,-1,-1
878,759,1623232840816,-1,-1,-1
879,799,1623232841818,-1,-1,-1
880,791,1623232842816,-1,-1,-1
881,799,1623232842816,-1,-1,-1
882,815,1623232843816,-1,-1,-1
883,783,1623232844817,-1,-1,-1
884,775,1623232845898,-1,-1,-1
885,783,1623232846816,-1,-1,-1
886,719,1623232846816,-1,-1,-1
887,719,1623232847812,-1,-1,-1
888,743,1623232848818,-1,-1,-1
889,711,1623232849819,-1,-1,-1
890,743,1623232849819,-1,-1,-1
891,743,1623232850818,-1,-1,-1
892,727,1623232851818,-1,-1,-1
893,759,1623232852817,-1,-1,-1
894,735,1623232852818,-1,-1,-1
895,711,1623232853819,-1,-1,-1
896,767,1623232854859,-1,-1,-1
897,775,1623232855817,-1,-1,-1
898,743,1623232855817,-1,-1,-1
899,783,1623232856817,-1,-1,-1
900,735,1623232857857,-1,-1,-1
901,735,1623232858814,-1,-1,-1
902,775,1623232858814,-1,-1,-1
903,791,1623232859817,-1,-1,-1
904,775,1623232860817,-1,-1,-1
905,855,1623232861856,-1,-1,-1
906,823,1623232862819,-1,-1,-1
907,759,1623232862819,-1,-1,-1
908,775,1623232863818,-1,-1,-1
909,799,1623232864811,-1,-1,-1
910,767,1623232865811,-1,-1,-1
911,783,1623232865811,-1,-1,-1
912,687,1623232866818,-1,-1,-1
913,759,1623232867818,-1,-1,-1
914,735,1623232868934,-1,-1,-1
915,759,1623232868934,-1,-1,-1
916,831,1623232869810,-1,-1,-1
917,839,1623232870811,-1,-1,-1
918,807,1623232871811,-1,-1,-1
919,807,1623232872818,-1,-1,-1
920,831,1623232872818,-1,-1,-1
921,775,1623232873816,-1,-1,-1
922,743,1623232874813,-1,-1,-1
923,727,1623232875814,-1,-1,-1
924,743,1623232875814,-1,-1,-1
925,711,1623232876816,-1,-1,-1
926,663,1623232877812,-1,-1,-1
927,703,1623232878818,-1,-1,-1
928,791,1623232878818,-1,-1,-1
929,855,1623232879820,-1,-1,-1
930,783,1623232880810,-1,-1,-1
931,871,1623232881815,-1,-1,-1
932,847,1623232882897,-1,-1,-1
933,791,1623232883817,-1,-1,-1
934,807,1623232883817,-1,-1,-1
935,783,1623232884817,-1,-1,-1
936,775,1623232885815,-1,-1,-1
937,703,1623232886858,-1,-1,-1
938,759,1623232886858,-1,-1,-1
939,711,1623232889818,-1,-1,-1
940,727,1623232889818,-1,-1,-1
941,735,1623232890818,-1,-1,-1
942,743,1623232891818,-1,-1,-1
943,751,1623232892820,-1,-1,-1
944,751,1623232892820,-1,-1,-1
945,751,1623232893817,-1,-1,-1
946,703,1623232894852,-1,-1,-1
947,711,1623232894852,-1,-1,-1
948,759,1623232895817,-1,-1,-1
949,815,1623232896817,-1,-1,-1
950,703,1623232897817,-1,-1,-1
951,823,1623232901855,-1,-1,-1
952,719,1623232901855,-1,-1,-1
953,743,1623232902817,-1,-1,-1
954,791,1623232903818,-1,-1,-1
955,799,1623232904817,-1,-1,-1
956,623,1623232904817,-1,-1,-1
957,735,1623232908812,-1,-1,-1
958,767,1623232909812,-1,-1,-1
959,711,1623232910813,-1,-1,-1
960,759,1623232910814,-1,-1,-1
961,727,1623232911814,-1,-1,-1
962,735,1623232912812,-1,-1,-1
963,695,1623232914813,-1,-1,-1
964,711,1623232915816,-1,-1,-1
965,695,1623232915816,-1,-1,-1
966,695,1623232916819,-1,-1,-1
967,727,1623232917816,-1,-1,-1
968,671,1623232919810,-1,-1,-1
969,743,1623232920817,-1,-1,-1
970,759,1623232920817,-1,-1,-1
971,719,1623232921817,-1,-1,-1
972,759,1623232922812,-1,-1,-1
973,735,1623232923815,-1,-1,-1
974,727,1623232923815,-1,-1,-1
975,767,1623232924818,-1,-1,-1
976,767,1623232925816,-1,-1,-1
977,687,1623232926817,-1,-1,-1
978,695,1623232926817,-1,-1,-1
979,735,1623232927860,-1,-1,-1
980,751,1623232928817,-1,-1,-1
981,711,1623232929819,-1,-1,-1
982,767,1623232929819,-1,-1,-1
983,735,1623232930810,-1,-1,-1
984,703,1623232931817,-1,-1,-1
985,759,1623232932818,-1,-1,-1
986,719,1623232932818,-1,-1,-1
987,807,1623232937812,-1,-1,-1
988,695,1623232938816,-1,-1,-1
989,775,1623232939812,-1,-1,-1
990,775,1623232940810,-1,-1,-1
991,695,1623232940810,-1,-1,-1
992,751,1623232941818,-1,-1,-1
993,759,1623232942893,-1,-1,-1
994,751,1623232943850,-1,-1,-1
995,791,1623232943850,-1,-1,-1
996,727,1623232944814,-1,-1,-1
997,759,1623232945811,-1,-1,-1
998,735,1623232946818,-1,-1,-1
999,735,1623232946818,-1,-1,-1
1000,759,1623232947817,-1,-1,-1
1001,607,1623232948810,-1,-1,-1
1002,799,1623232949817,-1,-1,-1
1003,831,1623232962811,-1,-1,-1
1004,703,1623232962812,-1,-1,-1
1005,751,1623232963813,-1,-1,-1
1006,639,1623232965810,-1,-1,-1
1007,623,1623232966815,-1,-1,-1
1008,663,1623232966815,-1,-1,-1
1009,687,1623232967810,-1,-1,-1
1010,631,1623232968810,-1,-1,-1
1011,671,1623232968810,-1,-1,-1
1012,687,1623232969810,-1,-1,-1
1013,695,1623232970812,-1,-1,-1
1014,695,1623232970812,-1,-1,-1
1015,679,1623232971812,-1,-1,-1
1016,663,1623232974813,-1,-1,-1
1017,599,1623232974813,-1,-1,-1
1018,551,1623232975811,-1,-1,-1
1019,647,1623232975812,-1,-1,-1
1020,615,1623232976850,-1,-1,-1
1021,655,1623232977853,-1,-1,-1
1022,679,1623232977853,-1,-1,-1
1023,791,1623232978813,-1,-1,-1
1024,759,1623232981810,-1,-1,-1
1025,847,1623232982852,-1,-1,-1
1026,751,1623232982852,-1,-1,-1
1027,759,1623232983811,-1,-1,-1
1028,663,1623232984811,-1,-1,-1
1029,711,1623232984811,-1,-1,-1
1030,647,1623232985813,-1,-1,-1
1031,647,1623232986818,-1,-1,-1
1032,639,1623232986818,-1,-1,-1
1033,639,1623232987811,-1,-1,-1
1034,615,1623232988850,-1,-1,-1
1035,631,1623232988850,-1,-1,-1
1036,623,1623232989819,-1,-1,-1
1037,607,1623232990816,-1,-1,-1
1038,599,1623232990816,-1,-1,-1
1039,583,1623232991819,-1,-1,-1
1040,599,1623232991819,-1,-1,-1
1041,583,1623232992811,-1,-1,-1
1042,599,1623232992811,-1,-1,-1
1043,575,1623232993849,-1,-1,-1
1044,599,1623232994891,-1,-1,-1
1045,591,1623232994891,-1,-1,-1
1046,607,1623232995811,-1,-1,-1
1047,615,1623232995811,-1,-1,-1
1048,639,1623232996810,-1,-1,-1
1049,663,1623232997891,-1,-1,-1
1050,671,1623232997891,-1,-1,-1
1051,679,1623232998811,-1,-1,-1
1052,679,1623232999811,-1,-1,-1
1053,711,1623233000812,-1,-1,-1
1054,687,1623233000812,-1,-1,-1
1055,679,1623233001811,-1,-1,-1
1056,655,1623233002813,-1,-1,-1
1057,655,1623233002813,-1,-1,-1
1058,647,1623233003811,-1,-1,-1
1059,639,1623233004810,-1,-1,-1
1060,647,1623233004810,-1,-1,-1
1061,647,1623233005810,-1,-1,-1
1062,623,1623233005810,-1,-1,-1
1063,647,1623233006811,-1,-1,-1
1064,623,1623233007811,-1,-1,-1
1065,607,1623233007811,-1,-1,-1
1066,623,1623233008813,-1,-1,-1
1067,647,1623233009853,-1,-1,-1
1068,663,1623233009853,-1,-1,-1
1069,663,1623233010810,-1,-1,-1
1070,663,1623233011816,-1,-1,-1
1071,671,1623233011816,-1,-1,-1
1072,671,1623233012816,-1,-1,-1
1073,679,1623233013813,-1,-1,-1
1074,647,1623233013813,-1,-1,-1
1075,663,1623233014852,-1,-1,-1
1076,679,1623233015810,-1,-1,-1
1077,663,1623233015810,-1,-1,-1
1078,655,1623233016812,-1,-1,-1
1079,663,1623233017817,-1,-1,-1
1080,663,1623233017817,-1,-1,-1
1081,655,1623233018814,-1,-1,-1
1082,679,1623233019810,-1,-1,-1
1083,671,1623233019810,-1,-1,-1
1084,663,1623233020812,-1,-1,-1
1085,663,1623233021811,-1,-1,-1
1086,655,1623233021811,-1,-1,-1
1087,703,1623233022809,-1,-1,-1
1088,703,1623233023810,-1,-1,-1
1089,631,1623233023810,-1,-1,-1
1090,711,1623233024810,-1,-1,-1
1091,663,1623233025817,-1,-1,-1
1092,687,1623233025817,-1,-1,-1
1093,655,1623233026851,-1,-1,-1
1094,687,1623233029810,-1,-1,-1
1095,599,1623233029810,-1,-1,-1
1096,623,1623233030815,-1,-1,-1
1097,631,1623233035814,-1,-1,-1
1098,607,1623233036818,-1,-1,-1
1099,615,1623233036818,-1,-1,-1
1100,623,1623233037817,-1,-1,-1
1101,647,1623233037817,-1,-1,-1
1102,639,1623233038814,-1,-1,-1
1103,655,1623233039814,-1,-1,-1
1104,631,1623233039814,-1,-1,-1
1105,631,1623233046852,-1,-1,-1
1106,695,1623233047816,-1,-1,-1
1107,615,1623233048813,-1,-1,-1
1108,607,1623233048813,-1,-1,-1
1109,623,1623233049812,-1,-1,-1
1110,647,1623233049812,-1,-1,-1
1111,607,1623233050811,-1,-1,-1
1112,615,1623233051813,-1,-1,-1
1113,511,1623233052818,-1,-1,-1
1114,687,1623233056815,-1,-1,-1
1115,615,1623233057815,-1,-1,-1
1116,631,1623233058816,-1,-1,-1
1117,655,1623233058816,-1,-1,-1
1118,567,1623233059857,-1,-1,-1
1119,423,1623233062815,-1,-1,-1
1120,767,1623233063816,-1,-1,-1
1121,631,1623233068813,-1,-1,-1
1122,671,1623233068813,-1,-1,-1
1123,631,1623233069815,-1,-1,-1
1124,639,1623233070811,-1,-1,-1
1125,559,1623233070811,-1,-1,-1
1126,759,1623233071817,-1,-1,-1
1127,655,1623233072813,-1,-1,-1
1128,743,1623233072813,-1,-1,-1
1129,671,1623233073814,-1,-1,-1
1130,751,1623233074814,-1,-1,-1
1131,679,1623233074814,-1,-1,-1
1132,759,1623233075890,-1,-1,-1
1133,759,1623233076816,-1,-1,-1
1134,751,1623233077816,-1,-1,-1
1135,671,1623233077816,-1,-1,-1
1136,655,1623233078855,-1,-1,-1
1137,679,1623233079820,-1,-1,-1
1138,615,1623233081810,-1,-1,-1
1139,775,1623233082815,-1,-1,-1
1140,639,1623233082815,-1,-1,-1
1141,839,1623233083815,-1,-1,-1
1142,655,1623233084816,-1,-1,-1
1143,767,1623233084816,-1,-1,-1
1144,839,1623233085813,-1,-1,-1
1145,687,1623233086813,-1,-1,-1
1146,719,1623233087816,-1,-1,-1
1147,679,1623233089815,-1,-1,-1
1148,639,1623233089815,-1,-1,-1
1149,671,1623233090817,-1,-1,-1
1150,655,1623233091817,-1,-1,-1
1151,631,1623233091817,-1,-1,-1
1152,647,1623233092856,-1,-1,-1
1153,631,1623233093816,-1,-1,-1
1154,631,1623233093816,-1,-1,-1
1155,639,1623233094816,-1,-1,-1
1156,623,1623233095814,-1,-1,-1
1157,671,1623233095814,-1,-1,-1
1158,847,1623233098810,-1,-1,-1
1159,855,1623233099812,-1,-1,-1
1160,903,1623233100816,-1,-1,-1
1161,831,1623233101812,-1,-1,-1
1162,855,1623233102856,-1,-1,-1
1163,783,1623233103814,-1,-1,-1
1164,823,1623233103814,-1,-1,-1
1165,727,1623233104817,-1,-1,-1
1166,807,1623233105816,-1,-1,-1
1167,679,1623233106814,-1,-1,-1
1168,759,1623233106814,-1,-1,-1
1169,735,1623233107816,-1,-1,-1
1170,759,1623233108854,-1,-1,-1
1171,631,1623233108854,-1,-1,-1
1172,903,1623233109816,-1,-1,-1
1173,831,1623233110897,-1,-1,-1
1174,855,1623233111816,-1,-1,-1
1175,807,1623233112816,-1,-1,-1
1176,823,1623233113818,-1,-1,-1
1177,791,1623233114815,-1,-1,-1
1178,799,1623233114815,-1,-1,-1
1179,1015,1623233115815,-1,-1,-1
1180,727,1623233119814,-1,-1,-1
1181,751,1623233119814,-1,-1,-1
1182,759,1623233120776,-1,-1,-1
1183,807,1623233121774,-1,-1,-1
1184,759,1623233122776,-1,-1,-1
1185,759,1623233123776,-1,-1,-1
1186,687,1623233123776,-1,-1,-1
1187,703,1623233128816,-1,-1,-1
1188,695,1623233128816,-1,-1,-1
1189,687,1623233129771,-1,-1,-1
1190,671,1623233130771,-1,-1,-1
1191,671,1623233130771,-1,-1,-1
1192,655,1623233131773,-1,-1,-1
1193,663,1623233132775,-1,-1,-1
1194,663,1623233132775,-1,-1,-1
1195,671,1623233133775,-1,-1,-1
1196,655,1623233134854,-1,-1,-1
1197,663,1623233134854,-1,-1,-1
1198,671,1623233135776,-1,-1,-1
1199,711,1623233136776,-1,-1,-1
1200,695,1623233136776,-1,-1,-1
1201,743,1623233137776,-1,-1,-1
1202,759,1623233138778,-1,-1,-1
1203,727,1623233139770,-1,-1,-1
1204,751,1623233139770,-1,-1,-1
1205,767,1623233140776,-1,-1,-1
1206,767,1623233141775,-1,-1,-1
1207,751,1623233142776,-1,-1,-1
1208,743,1623233142776,-1,-1,-1
1209,751,1623233143775,-1,-1,-1
1210,767,1623233144816,-1,-1,-1
1211,743,1623233145816,-1,-1,-1
1212,727,1623233145816,-1,-1,-1
1213,775,1623233146771,-1,-1,-1
1214,775,1623233147776,-1,-1,-1
1215,759,1623233148817,-1,-1,-1
1216,775,1623233148817,-1,-1,-1
1217,783,1623233149771,-1,-1,-1
1218,743,1623233150777,-1,-1,-1
1219,743,1623233151815,-1,-1,-1
1220,711,1623233151815,-1,-1,-1
1221,719,1623233152777,-1,-1,-1
1222,695,1623233153810,-1,-1,-1
1223,695,1623233154772,-1,-1,-1
1224,719,1623233154772,-1,-1,-1
1225,735,1623233155770,-1,-1,-1
1226,727,1623233156814,-1,-1,-1
1227,751,1623233156814,-1,-1,-1
1228,775,1623233157775,-1,-1,-1
1229,751,1623233158771,-1,-1,-1
1230,751,1623233159774,-1,-1,-1
1231,735,1623233159774,-1,-1,-1
1232,751,1623233160816,-1,-1,-1
1233,751,1623233161778,-1,-1,-1
1234,751,1623233162771,-1,-1,-1
1235,775,1623233163771,-1,-1,-1
1236,783,1623233163771,-1,-1,-1
1237,807,1623233164771,-1,-1,-1
1238,831,1623233165771,-1,-1,-1
1239,807,1623233166816,-1,-1,-1
1240,775,1623233167776,-1,-1,-1
1241,775,1623233167776,-1,-1,-1
1242,767,1623233168777,-1,-1,-1
1243,743,1623233169776,-1,-1,-1
1244,727,1623233170776,-1,-1,-1
1245,719,1623233170776,-1,-1,-1
1246,719,1623233171775,-1,-1,-1
1247,719,1623233172775,-1,-1,-1
1248,759,1623233172775,-1,-1,-1
1249,743,1623233173776,-1,-1,-1
1250,759,1623233174771,-1,-1,-1
1251,759,1623233175776,-1,-1,-1
1252,791,1623233176774,-1,-1,-1
1253,783,1623233176774,-1,-1,-1
1254,799,1623233177817,-1,-1,-1
1255,807,1623233178771,-1,-1,-1
1256,791,1623233179776,-1,-1,-1
1257,759,1623233179776,-1,-1,-1
1258,751,1623233180776,-1,-1,-1
1259,767,1623233181769,-1,-1,-1
1260,791,1623233182776,-1,-1,-1
1261,759,1623233183815,-1,-1,-1
1262,783,1623233183815,-1,-1,-1
1263,775,1623233184771,-1,-1,-1
1264,767,1623233185774,-1,-1,-1
1265,775,1623233186776,-1,-1,-1
1266,791,1623233186776,-1,-1,-1
1267,767,1623233187769,-1,-1,-1
1268,759,1623233188771,-1,-1,-1
1269,783,1623233189775,-1,-1,-1
1270,759,1623233189775,-1,-1,-1
1271,751,1623233190776,-1,-1,-1
1272,759,1623233191775,-1,-1,-1
1273,759,1623233192817,-1,-1,-1
1274,735,1623233193816,-1,-1,-1
1275,743,1623233193816,-1,-1,-1
1276,759,1623233194772,-1,-1,-1
1277,767,1623233195778,-1,-1,-1
1278,783,1623233196771,-1,-1,-1
1279,775,1623233196771,-1,-1,-1
1280,735,1623233197775,-1,-1,-1
1281,735,1623233198777,-1,-1,-1
1282,719,1623233199774,-1,-1,-1
1283,775,1623233199775,-1,-1,-1
1284,703,1623233200771,-1,-1,-1
1285,775,1623233201775,-1,-1,-1
1286,775,1623233202776,-1,-1,-1
1287,815,1623233202776,-1,-1,-1
1288,823,1623233203775,-1,-1,-1
1289,831,1623233204813,-1,-1,-1
1290,815,1623233205769,-1,-1,-1
1291,791,1623233206774,-1,-1,-1
1292,791,1623233206774,-1,-1,-1
1293,759,1623233207857,-1,-1,-1
1294,743,1623233208774,-1,-1,-1
1295,751,1623233209775,-1,-1,-1
1296,759,1623233209775,-1,-1,-1
1297,743,1623233210895,-1,-1,-1
1298,759,1623233211775,-1,-1,-1
1299,799,1623233212773,-1,-1,-1
1300,767,1623233213769,-1,-1,-1
1301,783,1623233213769,-1,-1,-1
1302,775,1623233214774,-1,-1,-1
1303,743,1623233215815,-1,-1,-1
1304,711,1623233216776,-1,-1,-1
1305,743,1623233216776,-1,-1,-1
1306,751,1623233217776,-1,-1,-1
1307,735,1623233218774,-1,-1,-1
1308,743,1623233219775,-1,-1,-1
1309,727,1623233219775,-1,-1,-1
1310,695,1623233220776,-1,-1,-1
1311,703,1623233221775,-1,-1,-1
1312,751,1623233221776,-1,-1,-1
1313,711,1623233222775,-1,-1,-1
1314,679,1623233223770,-1,-1,-1
1315,695,1623233223770,-1,-1,-1
1316,719,1623233224776,-1,-1,-1
1317,703,1623233225769,-1,-1,-1
1318,695,1623233226896,-1,-1,-1
1319,711,1623233226896,-1,-1,-1
1320,727,1623233227774,-1,-1,-1
1321,711,1623233228772,-1,-1,-1
1322,695,1623233228772,-1,-1,-1
1323,711,1623233229814,-1,-1,-1
1324,703,1623233230771,-1,-1,-1
1325,687,1623233231775,-1,-1,-1
1326,703,1623233231775,-1,-1,-1
1327,735,1623233232775,-1,-1,-1
1328,703,1623233233774,-1,-1,-1
1329,583,1623233236775,-1,-1,-1
1330,767,1623233237775,-1,-1,-1
1331,663,1623233238809,-1,-1,-1
1332,591,1623233238809,-1,-1,-1
1333,743,1623233239815,-1,-1,-1
1334,671,1623233240773,-1,-1,-1
1335,695,1623233240773,-1,-1,-1
