,RR,Timestamp,SensorContact,errorEstimate,blockerBit
0,751,1623230748374,-1,-1,-1
1,751,1623230748374,-1,-1,-1
2,719,1623230748374,-1,-1,-1
3,711,1623230748374,-1,-1,-1
4,719,1623230748374,-1,-1,-1
5,743,1623230748374,-1,-1,-1
6,759,1623230748374,-1,-1,-1
7,759,1623230748374,-1,-1,-1
8,791,1623230748374,-1,-1,-1
9,807,1623230748780,-1,-1,-1
10,815,1623230748781,-1,-1,-1
11,823,1623230748781,-1,-1,-1
12,791,1623230749277,-1,-1,-1
13,687,1623230752272,-1,-1,-1
14,807,1623230753266,-1,-1,-1
15,647,1623230758259,-1,-1,-1
16,895,1623230760260,-1,-1,-1
17,591,1623230761297,-1,-1,-1
18,695,1623230761297,-1,-1,-1
19,663,1623230762265,-1,-1,-1
20,695,1623230763278,-1,-1,-1
21,671,1623230763279,-1,-1,-1
22,695,1623230764272,-1,-1,-1
23,663,1623230765256,-1,-1,-1
24,711,1623230765256,-1,-1,-1
25,511,1623230766271,-1,-1,-1
26,799,1623230767313,-1,-1,-1
27,623,1623230767314,-1,-1,-1
28,575,1623230768274,-1,-1,-1
29,655,1623230770279,-1,-1,-1
30,695,1623230771268,-1,-1,-1
31,823,1623230771268,-1,-1,-1
32,695,1623230772276,-1,-1,-1
33,655,1623230773266,-1,-1,-1
34,687,1623230773266,-1,-1,-1
35,599,1623230775275,-1,-1,-1
36,655,1623230778262,-1,-1,-1
37,551,1623230778262,-1,-1,-1
38,655,1623230780273,-1,-1,-1
39,839,1623230781283,-1,-1,-1
40,751,1623230782275,-1,-1,-1
41,751,1623230783255,-1,-1,-1
42,759,1623230785282,-1,-1,-1
43,631,1623230786275,-1,-1,-1
44,791,1623230788279,-1,-1,-1
45,647,1623230789270,-1,-1,-1
46,671,1623230789270,-1,-1,-1
47,639,1623230790283,-1,-1,-1
48,679,1623230793266,-1,-1,-1
49,719,1623230794257,-1,-1,-1
50,655,1623230795276,-1,-1,-1
51,655,1623230798263,-1,-1,-1
52,623,1623230798263,-1,-1,-1
53,663,1623230799276,-1,-1,-1
54,679,1623230800265,-1,-1,-1
55,639,1623230800265,-1,-1,-1
56,727,1623230801301,-1,-1,-1
57,631,1623230802275,-1,-1,-1
58,671,1623230802275,-1,-1,-1
59,703,1623230803257,-1,-1,-1
60,695,1623230804271,-1,-1,-1
61,719,1623230804271,-1,-1,-1
62,719,1623230805260,-1,-1,-1
63,703,1623230806250,-1,-1,-1
64,711,1623230806250,-1,-1,-1
65,695,1623230807269,-1,-1,-1
66,703,1623230808252,-1,-1,-1
67,695,1623230809265,-1,-1,-1
68,727,1623230809265,-1,-1,-1
69,711,1623230810255,-1,-1,-1
70,743,1623230811267,-1,-1,-1
71,703,1623230811267,-1,-1,-1
72,663,1623230812260,-1,-1,-1
73,695,1623230813298,-1,-1,-1
74,727,1623230814268,-1,-1,-1
75,751,1623230814268,-1,-1,-1
76,735,1623230815256,-1,-1,-1
77,751,1623230816264,-1,-1,-1
78,719,1623230816264,-1,-1,-1
79,687,1623230817258,-1,-1,-1
80,663,1623230818272,-1,-1,-1
81,639,1623230818272,-1,-1,-1
82,639,1623230819256,-1,-1,-1
83,647,1623230820267,-1,-1,-1
84,687,1623230820267,-1,-1,-1
85,663,1623230823265,-1,-1,-1
86,903,1623230823265,-1,-1,-1
87,799,1623230824273,-1,-1,-1
88,831,1623230827274,-1,-1,-1
89,799,1623230828259,-1,-1,-1
90,727,1623230829274,-1,-1,-1
91,703,1623230830262,-1,-1,-1
92,743,1623230830262,-1,-1,-1
93,775,1623230831273,-1,-1,-1
94,751,1623230832268,-1,-1,-1
95,727,1623230833258,-1,-1,-1
96,703,1623230835260,-1,-1,-1
97,727,1623230836265,-1,-1,-1
98,727,1623230836265,-1,-1,-1
99,727,1623230837256,-1,-1,-1
100,735,1623230838275,-1,-1,-1
101,751,1623230839264,-1,-1,-1
102,727,1623230839264,-1,-1,-1
103,727,1623230841271,-1,-1,-1
104,711,1623230842258,-1,-1,-1
105,727,1623230843270,-1,-1,-1
106,751,1623230844259,-1,-1,-1
107,703,1623230844259,-1,-1,-1
108,735,1623230845271,-1,-1,-1
109,727,1623230846255,-1,-1,-1
110,743,1623230847276,-1,-1,-1
111,751,1623230847276,-1,-1,-1
112,719,1623230848266,-1,-1,-1
113,727,1623230849278,-1,-1,-1
114,663,1623230849278,-1,-1,-1
115,687,1623230850287,-1,-1,-1
116,695,1623230851274,-1,-1,-1
117,703,1623230852269,-1,-1,-1
118,671,1623230852269,-1,-1,-1
119,623,1623230854270,-1,-1,-1
120,615,1623230855263,-1,-1,-1
121,631,1623230855263,-1,-1,-1
122,647,1623230856275,-1,-1,-1
123,639,1623230857266,-1,-1,-1
124,671,1623230857266,-1,-1,-1
125,679,1623230858278,-1,-1,-1
126,727,1623230859259,-1,-1,-1
127,775,1623230860254,-1,-1,-1
128,823,1623230860254,-1,-1,-1
129,815,1623230861271,-1,-1,-1
130,855,1623230862259,-1,-1,-1
131,847,1623230863291,-1,-1,-1
132,791,1623230864262,-1,-1,-1
133,791,1623230864262,-1,-1,-1
134,775,1623230865279,-1,-1,-1
135,767,1623230866257,-1,-1,-1
136,743,1623230867278,-1,-1,-1
137,759,1623230868268,-1,-1,-1
138,783,1623230868268,-1,-1,-1
139,783,1623230869255,-1,-1,-1
140,799,1623230870269,-1,-1,-1
141,799,1623230871259,-1,-1,-1
142,783,1623230871259,-1,-1,-1
143,767,1623230872273,-1,-1,-1
144,767,1623230873254,-1,-1,-1
145,743,1623230874251,-1,-1,-1
146,751,1623230875260,-1,-1,-1
147,743,1623230875260,-1,-1,-1
148,775,1623230876256,-1,-1,-1
149,759,1623230877267,-1,-1,-1
150,783,1623230878256,-1,-1,-1
151,807,1623230878256,-1,-1,-1
152,783,1623230879262,-1,-1,-1
153,799,1623230880252,-1,-1,-1
154,807,1623230881266,-1,-1,-1
155,767,1623230882331,-1,-1,-1
156,751,1623230882331,-1,-1,-1
157,759,1623230883249,-1,-1,-1
158,759,1623230884264,-1,-1,-1
159,751,1623230885255,-1,-1,-1
160,767,1623230885255,-1,-1,-1
161,775,1623230886266,-1,-1,-1
162,767,1623230887257,-1,-1,-1
163,735,1623230888269,-1,-1,-1
164,751,1623230888269,-1,-1,-1
165,767,1623230889260,-1,-1,-1
166,799,1623230890265,-1,-1,-1
167,775,1623230891257,-1,-1,-1
168,767,1623230891257,-1,-1,-1
169,711,1623230892252,-1,-1,-1
170,695,1623230893263,-1,-1,-1
171,655,1623230894255,-1,-1,-1
172,647,1623230894255,-1,-1,-1
173,631,1623230895289,-1,-1,-1
174,631,1623230895289,-1,-1,-1
175,639,1623230896257,-1,-1,-1
176,663,1623230897271,-1,-1,-1
177,735,1623230898257,-1,-1,-1
178,799,1623230898257,-1,-1,-1
179,671,1623230899293,-1,-1,-1
180,903,1623230903247,-1,-1,-1
181,839,1623230904268,-1,-1,-1
182,799,1623230904268,-1,-1,-1
183,799,1623230905257,-1,-1,-1
184,767,1623230906269,-1,-1,-1
185,783,1623230907259,-1,-1,-1
186,767,1623230908272,-1,-1,-1
187,775,1623230908272,-1,-1,-1
188,751,1623230909262,-1,-1,-1
189,751,1623230910275,-1,-1,-1
190,775,1623230911258,-1,-1,-1
191,735,1623230911258,-1,-1,-1
192,735,1623230912255,-1,-1,-1
193,759,1623230913263,-1,-1,-1
194,807,1623230914256,-1,-1,-1
195,783,1623230914256,-1,-1,-1
196,799,1623230915264,-1,-1,-1
197,831,1623230916257,-1,-1,-1
198,823,1623230917272,-1,-1,-1
199,695,1623230918260,-1,-1,-1
200,823,1623230918260,-1,-1,-1
201,783,1623230919268,-1,-1,-1
202,743,1623230920256,-1,-1,-1
203,727,1623230921246,-1,-1,-1
204,711,1623230921246,-1,-1,-1
205,671,1623230922260,-1,-1,-1
206,679,1623230923255,-1,-1,-1
207,679,1623230923255,-1,-1,-1
208,679,1623230924269,-1,-1,-1
209,695,1623230925252,-1,-1,-1
210,719,1623230925252,-1,-1,-1
211,711,1623230928275,-1,-1,-1
212,727,1623230928275,-1,-1,-1
213,719,1623230929265,-1,-1,-1
214,719,1623230930252,-1,-1,-1
215,719,1623230931264,-1,-1,-1
216,783,1623230931264,-1,-1,-1
217,711,1623230932256,-1,-1,-1
218,735,1623230933240,-1,-1,-1
219,815,1623230934257,-1,-1,-1
220,879,1623230934257,-1,-1,-1
221,887,1623230935243,-1,-1,-1
222,855,1623230936261,-1,-1,-1
223,791,1623230937246,-1,-1,-1
224,767,1623230938259,-1,-1,-1
225,719,1623230938259,-1,-1,-1
226,695,1623230939270,-1,-1,-1
227,663,1623230940259,-1,-1,-1
228,655,1623230941253,-1,-1,-1
229,663,1623230941253,-1,-1,-1
230,655,1623230942247,-1,-1,-1
231,687,1623230943254,-1,-1,-1
232,727,1623230943254,-1,-1,-1
233,791,1623230944247,-1,-1,-1
234,815,1623230945258,-1,-1,-1
235,855,1623230946252,-1,-1,-1
236,887,1623230947265,-1,-1,-1
237,479,1623230947265,-1,-1,-1
238,743,1623230950279,-1,-1,-1
239,711,1623230951270,-1,-1,-1
240,663,1623230951270,-1,-1,-1
241,631,1623230952259,-1,-1,-1
242,607,1623230953249,-1,-1,-1
243,607,1623230953249,-1,-1,-1
244,599,1623230954261,-1,-1,-1
245,607,1623230954261,-1,-1,-1
246,607,1623230955250,-1,-1,-1
247,607,1623230956256,-1,-1,-1
248,623,1623230956256,-1,-1,-1
249,647,1623230957252,-1,-1,-1
250,599,1623230957252,-1,-1,-1
251,655,1623230958264,-1,-1,-1
252,703,1623230959275,-1,-1,-1
253,743,1623230960253,-1,-1,-1
254,759,1623230960253,-1,-1,-1
255,743,1623230961257,-1,-1,-1
256,711,1623230962248,-1,-1,-1
257,679,1623230962248,-1,-1,-1
258,671,1623230963260,-1,-1,-1
259,631,1623230964250,-1,-1,-1
260,631,1623230964251,-1,-1,-1
261,615,1623230965265,-1,-1,-1
262,615,1623230966274,-1,-1,-1
263,599,1623230966274,-1,-1,-1
264,639,1623230967266,-1,-1,-1
265,671,1623230968257,-1,-1,-1
266,751,1623230968257,-1,-1,-1
267,847,1623230969245,-1,-1,-1
268,839,1623230973249,-1,-1,-1
269,783,1623230973249,-1,-1,-1
270,791,1623230974257,-1,-1,-1
271,791,1623230975254,-1,-1,-1
272,767,1623230976265,-1,-1,-1
273,727,1623230977256,-1,-1,-1
274,735,1623230977256,-1,-1,-1
275,815,1623230978246,-1,-1,-1
276,807,1623230979256,-1,-1,-1
277,791,1623230980245,-1,-1,-1
278,791,1623230981260,-1,-1,-1
279,823,1623230981260,-1,-1,-1
280,831,1623230982251,-1,-1,-1
281,799,1623230983262,-1,-1,-1
282,783,1623230984253,-1,-1,-1
283,791,1623230985268,-1,-1,-1
284,767,1623230985269,-1,-1,-1
285,759,1623230986257,-1,-1,-1
286,751,1623230987246,-1,-1,-1
287,751,1623230988254,-1,-1,-1
288,743,1623230988254,-1,-1,-1
289,703,1623230989248,-1,-1,-1
290,727,1623230990261,-1,-1,-1
291,687,1623230990261,-1,-1,-1
292,711,1623230991245,-1,-1,-1
293,727,1623230992257,-1,-1,-1
294,719,1623230993251,-1,-1,-1
295,679,1623230993251,-1,-1,-1
296,663,1623230994263,-1,-1,-1
297,647,1623230995255,-1,-1,-1
298,655,1623230995255,-1,-1,-1
299,623,1623230996245,-1,-1,-1
300,615,1623230996245,-1,-1,-1
301,599,1623230997256,-1,-1,-1
302,639,1623230998247,-1,-1,-1
303,639,1623230998247,-1,-1,-1
304,647,1623230999284,-1,-1,-1
305,687,1623231000243,-1,-1,-1
306,727,1623231000243,-1,-1,-1
307,719,1623231001260,-1,-1,-1
308,735,1623231002252,-1,-1,-1
309,775,1623231003266,-1,-1,-1
310,791,1623231003266,-1,-1,-1
311,767,1623231004254,-1,-1,-1
312,711,1623231005246,-1,-1,-1
313,711,1623231006280,-1,-1,-1
314,719,1623231006280,-1,-1,-1
315,743,1623231007245,-1,-1,-1
316,743,1623231008259,-1,-1,-1
317,727,1623231009246,-1,-1,-1
318,719,1623231009246,-1,-1,-1
319,743,1623231010257,-1,-1,-1
320,783,1623231011252,-1,-1,-1
321,783,1623231012265,-1,-1,-1
322,775,1623231012265,-1,-1,-1
323,783,1623231013255,-1,-1,-1
324,735,1623231014247,-1,-1,-1
325,735,1623231015274,-1,-1,-1
326,735,1623231015274,-1,-1,-1
327,719,1623231016271,-1,-1,-1
328,711,1623231017260,-1,-1,-1
329,703,1623231018248,-1,-1,-1
330,695,1623231018248,-1,-1,-1
331,679,1623231019240,-1,-1,-1
332,687,1623231020253,-1,-1,-1
333,671,1623231020253,-1,-1,-1
334,679,1623231021242,-1,-1,-1
335,735,1623231022256,-1,-1,-1
336,719,1623231022256,-1,-1,-1
337,719,1623231023241,-1,-1,-1
338,743,1623231024257,-1,-1,-1
339,743,1623231025247,-1,-1,-1
340,735,1623231025247,-1,-1,-1
341,735,1623231026258,-1,-1,-1
342,751,1623231027243,-1,-1,-1
343,743,1623231028234,-1,-1,-1
344,751,1623231028234,-1,-1,-1
345,743,1623231029269,-1,-1,-1
346,759,1623231030243,-1,-1,-1
347,751,1623231031250,-1,-1,-1
348,735,1623231031250,-1,-1,-1
349,759,1623231032239,-1,-1,-1
350,743,1623231033251,-1,-1,-1
351,743,1623231034243,-1,-1,-1
352,759,1623231034243,-1,-1,-1
353,791,1623231035255,-1,-1,-1
354,807,1623231036251,-1,-1,-1
355,695,1623231037235,-1,-1,-1
356,735,1623231037235,-1,-1,-1
357,735,1623231038251,-1,-1,-1
358,751,1623231039244,-1,-1,-1
359,759,1623231040250,-1,-1,-1
360,743,1623231040250,-1,-1,-1
361,703,1623231041246,-1,-1,-1
362,679,1623231042256,-1,-1,-1
363,679,1623231042256,-1,-1,-1
364,647,1623231043243,-1,-1,-1
365,647,1623231044260,-1,-1,-1
366,647,1623231044260,-1,-1,-1
367,663,1623231045251,-1,-1,-1
368,687,1623231046240,-1,-1,-1
369,743,1623231046240,-1,-1,-1
370,751,1623231047252,-1,-1,-1
371,775,1623231048240,-1,-1,-1
372,799,1623231049255,-1,-1,-1
373,783,1623231050246,-1,-1,-1
374,783,1623231050246,-1,-1,-1
375,767,1623231051253,-1,-1,-1
376,759,1623231052248,-1,-1,-1
377,735,1623231053264,-1,-1,-1
378,743,1623231053264,-1,-1,-1
379,775,1623231054246,-1,-1,-1
380,767,1623231055241,-1,-1,-1
381,751,1623231056253,-1,-1,-1
382,807,1623231056253,-1,-1,-1
383,847,1623231057240,-1,-1,-1
384,839,1623231058256,-1,-1,-1
385,815,1623231059245,-1,-1,-1
386,799,1623231060256,-1,-1,-1
387,767,1623231061248,-1,-1,-1
388,727,1623231061248,-1,-1,-1
389,719,1623231062254,-1,-1,-1
390,735,1623231063243,-1,-1,-1
391,703,1623231063244,-1,-1,-1
392,711,1623231064233,-1,-1,-1
393,735,1623231065271,-1,-1,-1
394,719,1623231066266,-1,-1,-1
395,831,1623231066266,-1,-1,-1
396,767,1623231067249,-1,-1,-1
397,759,1623231068245,-1,-1,-1
398,751,1623231071253,-1,-1,-1
399,767,1623231072243,-1,-1,-1
400,703,1623231073235,-1,-1,-1
401,751,1623231073235,-1,-1,-1
402,759,1623231074248,-1,-1,-1
403,743,1623231075239,-1,-1,-1
404,751,1623231076250,-1,-1,-1
405,767,1623231076250,-1,-1,-1
406,791,1623231077248,-1,-1,-1
407,719,1623231078256,-1,-1,-1
408,759,1623231079247,-1,-1,-1
409,743,1623231079247,-1,-1,-1
410,751,1623231080260,-1,-1,-1
411,735,1623231081244,-1,-1,-1
412,735,1623231082243,-1,-1,-1
413,703,1623231082243,-1,-1,-1
414,703,1623231083247,-1,-1,-1
415,679,1623231084242,-1,-1,-1
416,703,1623231086245,-1,-1,-1
417,615,1623231086245,-1,-1,-1
418,663,1623231087231,-1,-1,-1
419,607,1623231089238,-1,-1,-1
420,679,1623231091235,-1,-1,-1
421,847,1623231092251,-1,-1,-1
422,927,1623231096233,-1,-1,-1
423,863,1623231097249,-1,-1,-1
424,823,1623231098235,-1,-1,-1
425,799,1623231099250,-1,-1,-1
426,775,1623231100233,-1,-1,-1
427,791,1623231100233,-1,-1,-1
428,807,1623231101251,-1,-1,-1
429,815,1623231102238,-1,-1,-1
430,839,1623231103254,-1,-1,-1
431,831,1623231104245,-1,-1,-1
432,783,1623231105232,-1,-1,-1
433,759,1623231105232,-1,-1,-1
434,743,1623231106244,-1,-1,-1
435,775,1623231107238,-1,-1,-1
436,807,1623231108250,-1,-1,-1
437,807,1623231108250,-1,-1,-1
438,815,1623231109241,-1,-1,-1
439,799,1623231110250,-1,-1,-1
440,807,1623231111238,-1,-1,-1
441,775,1623231112250,-1,-1,-1
442,783,1623231112250,-1,-1,-1
443,807,1623231113242,-1,-1,-1
444,783,1623231114236,-1,-1,-1
445,791,1623231115271,-1,-1,-1
446,791,1623231116235,-1,-1,-1
447,783,1623231116235,-1,-1,-1
448,791,1623231117245,-1,-1,-1
449,791,1623231118236,-1,-1,-1
450,815,1623231119269,-1,-1,-1
451,815,1623231120235,-1,-1,-1
452,775,1623231120235,-1,-1,-1
453,783,1623231121276,-1,-1,-1
454,775,1623231122243,-1,-1,-1
455,759,1623231123236,-1,-1,-1
456,743,1623231123236,-1,-1,-1
457,735,1623231124265,-1,-1,-1
458,767,1623231125237,-1,-1,-1
459,767,1623231126248,-1,-1,-1
460,751,1623231126248,-1,-1,-1
461,775,1623231127238,-1,-1,-1
462,767,1623231128252,-1,-1,-1
463,751,1623231129240,-1,-1,-1
464,751,1623231129240,-1,-1,-1
465,767,1623231130272,-1,-1,-1
466,743,1623231131246,-1,-1,-1
467,727,1623231132257,-1,-1,-1
468,735,1623231132257,-1,-1,-1
469,735,1623231133248,-1,-1,-1
470,727,1623231134237,-1,-1,-1
471,735,1623231135245,-1,-1,-1
472,743,1623231135245,-1,-1,-1
473,719,1623231136239,-1,-1,-1
474,727,1623231137252,-1,-1,-1
475,767,1623231138242,-1,-1,-1
476,735,1623231138242,-1,-1,-1
477,727,1623231139254,-1,-1,-1
478,735,1623231140241,-1,-1,-1
479,783,1623231141235,-1,-1,-1
480,855,1623231141235,-1,-1,-1
481,895,1623231142247,-1,-1,-1
482,815,1623231143237,-1,-1,-1
483,775,1623231144244,-1,-1,-1
484,751,1623231145235,-1,-1,-1
485,703,1623231145235,-1,-1,-1
486,695,1623231146252,-1,-1,-1
487,719,1623231147239,-1,-1,-1
488,719,1623231148252,-1,-1,-1
489,743,1623231148252,-1,-1,-1
490,759,1623231149245,-1,-1,-1
491,783,1623231150234,-1,-1,-1
492,791,1623231151241,-1,-1,-1
493,783,1623231151241,-1,-1,-1
494,791,1623231152231,-1,-1,-1
495,783,1623231153244,-1,-1,-1
496,767,1623231154234,-1,-1,-1
497,751,1623231154234,-1,-1,-1
498,759,1623231155251,-1,-1,-1
499,767,1623231156240,-1,-1,-1
500,783,1623231157255,-1,-1,-1
501,775,1623231158241,-1,-1,-1
502,767,1623231158241,-1,-1,-1
503,807,1623231159230,-1,-1,-1
504,895,1623231160244,-1,-1,-1
505,879,1623231161252,-1,-1,-1
506,823,1623231162249,-1,-1,-1
507,807,1623231163242,-1,-1,-1
508,807,1623231163242,-1,-1,-1
509,759,1623231164268,-1,-1,-1
510,767,1623231165266,-1,-1,-1
511,759,1623231166227,-1,-1,-1
512,783,1623231166227,-1,-1,-1
513,831,1623231167265,-1,-1,-1
514,791,1623231168235,-1,-1,-1
515,799,1623231169247,-1,-1,-1
516,791,1623231170237,-1,-1,-1
517,783,1623231170237,-1,-1,-1
518,743,1623231171251,-1,-1,-1
519,743,1623231172234,-1,-1,-1
520,711,1623231173272,-1,-1,-1
521,695,1623231173272,-1,-1,-1
522,687,1623231176245,-1,-1,-1
523,695,1623231177233,-1,-1,-1
524,727,1623231177233,-1,-1,-1
525,695,1623231178248,-1,-1,-1
526,711,1623231179231,-1,-1,-1
527,719,1623231180244,-1,-1,-1
528,751,1623231180244,-1,-1,-1
529,759,1623231181256,-1,-1,-1
530,759,1623231182253,-1,-1,-1
531,735,1623231183239,-1,-1,-1
532,727,1623231183239,-1,-1,-1
533,655,1623231184230,-1,-1,-1
534,663,1623231185243,-1,-1,-1
535,647,1623231187247,-1,-1,-1
536,695,1623231187247,-1,-1,-1
537,703,1623231188237,-1,-1,-1
538,799,1623231189246,-1,-1,-1
539,791,1623231190238,-1,-1,-1
540,783,1623231190238,-1,-1,-1
541,799,1623231191227,-1,-1,-1
542,831,1623231192241,-1,-1,-1
543,863,1623231193232,-1,-1,-1
544,815,1623231194238,-1,-1,-1
545,775,1623231194238,-1,-1,-1
546,775,1623231195236,-1,-1,-1
547,799,1623231196246,-1,-1,-1
548,783,1623231197234,-1,-1,-1
549,767,1623231198248,-1,-1,-1
550,799,1623231198248,-1,-1,-1
551,791,1623231199240,-1,-1,-1
552,815,1623231200228,-1,-1,-1
553,815,1623231201241,-1,-1,-1
554,791,1623231202231,-1,-1,-1
555,791,1623231202231,-1,-1,-1
556,783,1623231203245,-1,-1,-1
557,767,1623231204234,-1,-1,-1
558,759,1623231205268,-1,-1,-1
559,759,1623231205268,-1,-1,-1
560,719,1623231206233,-1,-1,-1
561,695,1623231207251,-1,-1,-1
562,695,1623231208237,-1,-1,-1
563,711,1623231208237,-1,-1,-1
564,751,1623231209228,-1,-1,-1
565,791,1623231210242,-1,-1,-1
566,783,1623231211231,-1,-1,-1
567,823,1623231211231,-1,-1,-1
568,799,1623231212245,-1,-1,-1
569,791,1623231213230,-1,-1,-1
570,791,1623231214224,-1,-1,-1
571,783,1623231215236,-1,-1,-1
572,751,1623231215236,-1,-1,-1
573,767,1623231216226,-1,-1,-1
574,775,1623231217238,-1,-1,-1
575,791,1623231218225,-1,-1,-1
576,767,1623231218225,-1,-1,-1
577,671,1623231219241,-1,-1,-1
578,919,1623231220232,-1,-1,-1
579,719,1623231221245,-1,-1,-1
580,751,1623231222232,-1,-1,-1
581,695,1623231224232,-1,-1,-1
582,631,1623231224232,-1,-1,-1
583,783,1623231225245,-1,-1,-1
584,791,1623231226241,-1,-1,-1
585,799,1623231227231,-1,-1,-1
586,679,1623231227231,-1,-1,-1
587,919,1623231228242,-1,-1,-1
588,751,1623231229235,-1,-1,-1
589,767,1623231230266,-1,-1,-1
590,815,1623231231279,-1,-1,-1
591,703,1623231231279,-1,-1,-1
592,727,1623231232246,-1,-1,-1
593,719,1623231233237,-1,-1,-1
594,711,1623231233237,-1,-1,-1
595,719,1623231234250,-1,-1,-1
596,751,1623231235241,-1,-1,-1
597,823,1623231236230,-1,-1,-1
598,839,1623231237241,-1,-1,-1
599,839,1623231237241,-1,-1,-1
600,823,1623231238233,-1,-1,-1
601,799,1623231239242,-1,-1,-1
602,775,1623231240229,-1,-1,-1
603,759,1623231241246,-1,-1,-1
604,743,1623231241246,-1,-1,-1
605,751,1623231242236,-1,-1,-1
606,719,1623231243225,-1,-1,-1
607,735,1623231244241,-1,-1,-1
608,743,1623231244241,-1,-1,-1
609,759,1623231245233,-1,-1,-1
610,767,1623231246242,-1,-1,-1
611,791,1623231247228,-1,-1,-1
612,791,1623231247228,-1,-1,-1
613,791,1623231248245,-1,-1,-1
614,791,1623231249236,-1,-1,-1
615,807,1623231250252,-1,-1,-1
616,807,1623231251237,-1,-1,-1
617,807,1623231251237,-1,-1,-1
618,791,1623231252233,-1,-1,-1
619,767,1623231253241,-1,-1,-1
620,727,1623231254228,-1,-1,-1
621,711,1623231254228,-1,-1,-1
622,695,1623231255235,-1,-1,-1
623,719,1623231256247,-1,-1,-1
624,743,1623231257246,-1,-1,-1
625,807,1623231257246,-1,-1,-1
626,807,1623231258236,-1,-1,-1
627,807,1623231259245,-1,-1,-1
628,807,1623231260231,-1,-1,-1
629,799,1623231261220,-1,-1,-1
630,759,1623231261220,-1,-1,-1
631,759,1623231262234,-1,-1,-1
632,743,1623231263228,-1,-1,-1
633,719,1623231264242,-1,-1,-1
634,743,1623231264242,-1,-1,-1
635,751,1623231265230,-1,-1,-1
636,775,1623231266244,-1,-1,-1
637,783,1623231267230,-1,-1,-1
638,799,1623231267230,-1,-1,-1
639,815,1623231268246,-1,-1,-1
640,799,1623231269236,-1,-1,-1
641,823,1623231270226,-1,-1,-1
642,719,1623231271261,-1,-1,-1
643,767,1623231271261,-1,-1,-1
644,759,1623231272229,-1,-1,-1
645,751,1623231273241,-1,-1,-1
646,719,1623231274231,-1,-1,-1
647,719,1623231274231,-1,-1,-1
648,727,1623231275244,-1,-1,-1
649,759,1623231276234,-1,-1,-1
650,727,1623231277247,-1,-1,-1
651,727,1623231277247,-1,-1,-1
652,735,1623231278236,-1,-1,-1
653,711,1623231279224,-1,-1,-1
654,711,1623231279224,-1,-1,-1
655,679,1623231280259,-1,-1,-1
656,679,1623231281246,-1,-1,-1
657,679,1623231282235,-1,-1,-1
658,695,1623231282235,-1,-1,-1
659,711,1623231283232,-1,-1,-1
660,711,1623231284243,-1,-1,-1
661,719,1623231284243,-1,-1,-1
662,735,1623231285233,-1,-1,-1
663,767,1623231286246,-1,-1,-1
664,767,1623231287236,-1,-1,-1
665,767,1623231287236,-1,-1,-1
666,775,1623231288250,-1,-1,-1
667,751,1623231289239,-1,-1,-1
668,727,1623231290231,-1,-1,-1
669,735,1623231290231,-1,-1,-1
670,751,1623231291240,-1,-1,-1
671,743,1623231292231,-1,-1,-1
672,767,1623231293244,-1,-1,-1
673,775,1623231293244,-1,-1,-1
674,751,1623231294235,-1,-1,-1
675,751,1623231295246,-1,-1,-1
676,607,1623231296231,-1,-1,-1
677,887,1623231296231,-1,-1,-1
678,695,1623231297247,-1,-1,-1
679,591,1623231298241,-1,-1,-1
680,727,1623231300241,-1,-1,-1
681,751,1623231301233,-1,-1,-1
682,791,1623231302237,-1,-1,-1
683,671,1623231302237,-1,-1,-1
684,839,1623231303234,-1,-1,-1
685,903,1623231307240,-1,-1,-1
686,487,1623231307240,-1,-1,-1
687,711,1623231309264,-1,-1,-1
688,751,1623231310231,-1,-1,-1
689,743,1623231311221,-1,-1,-1
690,743,1623231311221,-1,-1,-1
691,759,1623231312236,-1,-1,-1
692,759,1623231313224,-1,-1,-1
693,743,1623231314232,-1,-1,-1
694,759,1623231314232,-1,-1,-1
695,727,1623231315225,-1,-1,-1
696,783,1623231316236,-1,-1,-1
697,735,1623231317228,-1,-1,-1
698,703,1623231317228,-1,-1,-1
699,767,1623231318236,-1,-1,-1
700,719,1623231319232,-1,-1,-1
701,727,1623231319232,-1,-1,-1
702,727,1623231320244,-1,-1,-1
703,671,1623231324223,-1,-1,-1
704,695,1623231326251,-1,-1,-1
705,687,1623231326251,-1,-1,-1
706,687,1623231327241,-1,-1,-1
707,735,1623231328226,-1,-1,-1
708,743,1623231329217,-1,-1,-1
709,703,1623231329217,-1,-1,-1
710,751,1623231330250,-1,-1,-1
711,759,1623231331222,-1,-1,-1
712,743,1623231332232,-1,-1,-1
713,735,1623231332232,-1,-1,-1
714,695,1623231333224,-1,-1,-1
715,679,1623231334235,-1,-1,-1
716,655,1623231334235,-1,-1,-1
717,623,1623231335224,-1,-1,-1
718,631,1623231336237,-1,-1,-1
719,703,1623231338218,-1,-1,-1
720,695,1623231338218,-1,-1,-1
721,719,1623231339228,-1,-1,-1
722,831,1623231340223,-1,-1,-1
723,783,1623231341237,-1,-1,-1
724,839,1623231341237,-1,-1,-1
725,831,1623231342220,-1,-1,-1
726,815,1623231343240,-1,-1,-1
727,791,1623231344230,-1,-1,-1
728,759,1623231345241,-1,-1,-1
729,751,1623231345241,-1,-1,-1
730,743,1623231346254,-1,-1,-1
731,719,1623231347245,-1,-1,-1
732,727,1623231348234,-1,-1,-1
733,759,1623231348234,-1,-1,-1
734,831,1623231349217,-1,-1,-1
735,815,1623231350236,-1,-1,-1
736,951,1623231353228,-1,-1,-1
737,911,1623231354242,-1,-1,-1
738,855,1623231355256,-1,-1,-1
739,823,1623231355256,-1,-1,-1
740,775,1623231356221,-1,-1,-1
741,743,1623231357233,-1,-1,-1
742,735,1623231358220,-1,-1,-1
743,759,1623231358220,-1,-1,-1
744,735,1623231359236,-1,-1,-1
745,703,1623231361235,-1,-1,-1
746,727,1623231362228,-1,-1,-1
747,743,1623231363242,-1,-1,-1
748,759,1623231364232,-1,-1,-1
749,767,1623231364233,-1,-1,-1
750,775,1623231365219,-1,-1,-1
751,775,1623231366233,-1,-1,-1
752,815,1623231367217,-1,-1,-1
753,759,1623231370233,-1,-1,-1
754,775,1623231370233,-1,-1,-1
755,775,1623231371228,-1,-1,-1
756,767,1623231374216,-1,-1,-1
757,775,1623231374217,-1,-1,-1
758,799,1623231375233,-1,-1,-1
759,775,1623231376225,-1,-1,-1
760,767,1623231377230,-1,-1,-1
761,767,1623231377230,-1,-1,-1
762,743,1623231378226,-1,-1,-1
763,703,1623231379211,-1,-1,-1
764,759,1623231380229,-1,-1,-1
765,767,1623231380229,-1,-1,-1
766,743,1623231381241,-1,-1,-1
767,743,1623231382227,-1,-1,-1
768,703,1623231383221,-1,-1,-1
769,703,1623231383221,-1,-1,-1
770,679,1623231384251,-1,-1,-1
771,655,1623231385222,-1,-1,-1
772,719,1623231385222,-1,-1,-1
773,679,1623231386236,-1,-1,-1
774,687,1623231387224,-1,-1,-1
775,703,1623231387224,-1,-1,-1
776,735,1623231388214,-1,-1,-1
777,743,1623231389222,-1,-1,-1
778,751,1623231390218,-1,-1,-1
779,791,1623231390218,-1,-1,-1
780,767,1623231391231,-1,-1,-1
781,767,1623231392222,-1,-1,-1
782,775,1623231393234,-1,-1,-1
783,783,1623231394225,-1,-1,-1
784,751,1623231394225,-1,-1,-1
785,759,1623231395232,-1,-1,-1
786,767,1623231396248,-1,-1,-1
787,735,1623231397234,-1,-1,-1
788,743,1623231397234,-1,-1,-1
789,767,1623231398229,-1,-1,-1
790,759,1623231399219,-1,-1,-1
791,775,1623231401221,-1,-1,-1
792,775,1623231402234,-1,-1,-1
793,823,1623231403223,-1,-1,-1
794,831,1623231404236,-1,-1,-1
795,783,1623231404236,-1,-1,-1
796,735,1623231408213,-1,-1,-1
797,751,1623231408213,-1,-1,-1
798,711,1623231409224,-1,-1,-1
799,719,1623231410217,-1,-1,-1
800,703,1623231410217,-1,-1,-1
801,703,1623231411228,-1,-1,-1
802,703,1623231412221,-1,-1,-1
803,703,1623231413237,-1,-1,-1
804,727,1623231413237,-1,-1,-1
805,775,1623231414227,-1,-1,-1
806,743,1623231415210,-1,-1,-1
807,815,1623231417218,-1,-1,-1
808,823,1623231418247,-1,-1,-1
809,767,1623231419217,-1,-1,-1
810,815,1623231420228,-1,-1,-1
811,791,1623231420228,-1,-1,-1
812,743,1623231421246,-1,-1,-1
813,703,1623231422236,-1,-1,-1
814,727,1623231424216,-1,-1,-1
815,735,1623231425228,-1,-1,-1
816,719,1623231426221,-1,-1,-1
817,703,1623231426221,-1,-1,-1
818,711,1623231427231,-1,-1,-1
819,703,1623231428220,-1,-1,-1
820,703,1623231428220,-1,-1,-1
821,695,1623231429234,-1,-1,-1
822,703,1623231430223,-1,-1,-1
823,711,1623231431236,-1,-1,-1
824,695,1623231431236,-1,-1,-1
825,711,1623231432226,-1,-1,-1
826,711,1623231433216,-1,-1,-1
827,759,1623231433216,-1,-1,-1
828,775,1623231434228,-1,-1,-1
829,743,1623231435219,-1,-1,-1
830,727,1623231436231,-1,-1,-1
831,759,1623231436231,-1,-1,-1
832,775,1623231437219,-1,-1,-1
833,775,1623231438234,-1,-1,-1
834,839,1623231439222,-1,-1,-1
835,807,1623231440234,-1,-1,-1
836,783,1623231440234,-1,-1,-1
837,775,1623231441226,-1,-1,-1
838,751,1623231442216,-1,-1,-1
839,719,1623231443228,-1,-1,-1
840,711,1623231443228,-1,-1,-1
841,711,1623231444241,-1,-1,-1
842,703,1623231445252,-1,-1,-1
843,719,1623231445252,-1,-1,-1
844,743,1623231446237,-1,-1,-1
845,759,1623231447232,-1,-1,-1
846,727,1623231448241,-1,-1,-1
847,831,1623231449214,-1,-1,-1
848,863,1623231449214,-1,-1,-1
849,847,1623231450227,-1,-1,-1
850,839,1623231451212,-1,-1,-1
851,815,1623231452228,-1,-1,-1
852,791,1623231453218,-1,-1,-1
853,775,1623231453218,-1,-1,-1
854,767,1623231454231,-1,-1,-1
855,751,1623231455219,-1,-1,-1
856,775,1623231456212,-1,-1,-1
857,727,1623231457223,-1,-1,-1
858,735,1623231457223,-1,-1,-1
859,671,1623231458214,-1,-1,-1
860,839,1623231460217,-1,-1,-1
861,783,1623231461251,-1,-1,-1
862,743,1623231462217,-1,-1,-1
863,711,1623231463228,-1,-1,-1
864,695,1623231463228,-1,-1,-1
865,695,1623231464221,-1,-1,-1
866,623,1623231465211,-1,-1,-1
867,767,1623231465211,-1,-1,-1
868,711,1623231466218,-1,-1,-1
869,719,1623231467212,-1,-1,-1
870,735,1623231468225,-1,-1,-1
871,727,1623231468225,-1,-1,-1
872,751,1623231469214,-1,-1,-1
873,735,1623231470224,-1,-1,-1
874,735,1623231471213,-1,-1,-1
875,735,1623231471213,-1,-1,-1
876,743,1623231472232,-1,-1,-1
877,727,1623231473221,-1,-1,-1
878,711,1623231473221,-1,-1,-1
879,679,1623231474209,-1,-1,-1
880,711,1623231475224,-1,-1,-1
881,743,1623231476234,-1,-1,-1
882,855,1623231476234,-1,-1,-1
883,855,1623231477222,-1,-1,-1
884,807,1623231478216,-1,-1,-1
885,823,1623231479226,-1,-1,-1
886,831,1623231480237,-1,-1,-1
887,823,1623231481232,-1,-1,-1
888,815,1623231481232,-1,-1,-1
889,799,1623231482215,-1,-1,-1
890,767,1623231483204,-1,-1,-1
891,759,1623231484218,-1,-1,-1
892,751,1623231485207,-1,-1,-1
893,735,1623231485207,-1,-1,-1
894,759,1623231486219,-1,-1,-1
895,767,1623231487235,-1,-1,-1
896,759,1623231488223,-1,-1,-1
897,775,1623231488223,-1,-1,-1
898,791,1623231489213,-1,-1,-1
899,799,1623231490230,-1,-1,-1
900,783,1623231491215,-1,-1,-1
901,775,1623231491215,-1,-1,-1
902,759,1623231492210,-1,-1,-1
903,735,1623231493218,-1,-1,-1
904,735,1623231494207,-1,-1,-1
905,775,1623231494207,-1,-1,-1
906,783,1623231495243,-1,-1,-1
907,759,1623231496232,-1,-1,-1
908,791,1623231497227,-1,-1,-1
909,815,1623231498215,-1,-1,-1
910,791,1623231498215,-1,-1,-1
911,807,1623231499224,-1,-1,-1
912,807,1623231500218,-1,-1,-1
913,767,1623231501204,-1,-1,-1
914,783,1623231502217,-1,-1,-1
915,775,1623231502217,-1,-1,-1
916,767,1623231503210,-1,-1,-1
917,751,1623231504221,-1,-1,-1
918,743,1623231505210,-1,-1,-1
919,743,1623231505210,-1,-1,-1
920,743,1623231506224,-1,-1,-1
921,767,1623231507212,-1,-1,-1
922,751,1623231508232,-1,-1,-1
923,751,1623231508232,-1,-1,-1
924,759,1623231509221,-1,-1,-1
925,735,1623231510205,-1,-1,-1
926,735,1623231511218,-1,-1,-1
927,711,1623231511218,-1,-1,-1
928,703,1623231512234,-1,-1,-1
929,719,1623231513220,-1,-1,-1
930,719,1623231513220,-1,-1,-1
931,711,1623231514216,-1,-1,-1
932,695,1623231515224,-1,-1,-1
933,751,1623231516217,-1,-1,-1
934,743,1623231516217,-1,-1,-1
935,767,1623231517228,-1,-1,-1
936,767,1623231518219,-1,-1,-1
937,831,1623231519204,-1,-1,-1
938,791,1623231520225,-1,-1,-1
939,807,1623231520225,-1,-1,-1
940,783,1623231521208,-1,-1,-1
941,759,1623231522246,-1,-1,-1
942,743,1623231523209,-1,-1,-1
943,751,1623231523209,-1,-1,-1
944,719,1623231524201,-1,-1,-1
945,743,1623231525213,-1,-1,-1
946,751,1623231526203,-1,-1,-1
947,775,1623231526203,-1,-1,-1
948,767,1623231527220,-1,-1,-1
949,743,1623231528213,-1,-1,-1
950,727,1623231529222,-1,-1,-1
951,695,1623231529222,-1,-1,-1
952,703,1623231530231,-1,-1,-1
953,703,1623231531221,-1,-1,-1
954,719,1623231531221,-1,-1,-1
955,711,1623231532212,-1,-1,-1
956,703,1623231533207,-1,-1,-1
957,727,1623231534216,-1,-1,-1
958,727,1623231534216,-1,-1,-1
959,719,1623231535204,-1,-1,-1
960,719,1623231536217,-1,-1,-1
961,703,1623231536217,-1,-1,-1
962,759,1623231537209,-1,-1,-1
963,727,1623231538222,-1,-1,-1
964,783,1623231539214,-1,-1,-1
965,823,1623231540220,-1,-1,-1
966,855,1623231540220,-1,-1,-1
967,871,1623231541215,-1,-1,-1
968,823,1623231542201,-1,-1,-1
969,767,1623231543213,-1,-1,-1
970,735,1623231544207,-1,-1,-1
971,719,1623231544207,-1,-1,-1
972,711,1623231545237,-1,-1,-1
973,719,1623231546211,-1,-1,-1
974,727,1623231546211,-1,-1,-1
975,727,1623231547223,-1,-1,-1
976,751,1623231548210,-1,-1,-1
977,791,1623231549225,-1,-1,-1
978,863,1623231550215,-1,-1,-1
979,855,1623231550215,-1,-1,-1
980,839,1623231551200,-1,-1,-1
981,839,1623231552218,-1,-1,-1
982,799,1623231553207,-1,-1,-1
983,783,1623231554221,-1,-1,-1
984,751,1623231554221,-1,-1,-1
985,759,1623231555205,-1,-1,-1
986,719,1623231556223,-1,-1,-1
987,727,1623231557208,-1,-1,-1
988,735,1623231557208,-1,-1,-1
989,711,1623231558219,-1,-1,-1
990,711,1623231559218,-1,-1,-1
991,695,1623231560205,-1,-1,-1
992,711,1623231560206,-1,-1,-1
993,687,1623231561241,-1,-1,-1
994,671,1623231562230,-1,-1,-1
995,655,1623231562231,-1,-1,-1
996,663,1623231563215,-1,-1,-1
997,687,1623231564208,-1,-1,-1
998,727,1623231564208,-1,-1,-1
999,719,1623231565217,-1,-1,-1
1000,727,1623231567224,-1,-1,-1
1001,727,1623231568215,-1,-1,-1
1002,743,1623231569200,-1,-1,-1
1003,767,1623231569200,-1,-1,-1
1004,743,1623231572220,-1,-1,-1
1005,703,1623231573209,-1,-1,-1
1006,687,1623231574223,-1,-1,-1
1007,711,1623231574223,-1,-1,-1
1008,671,1623231576267,-1,-1,-1
1009,671,1623231577216,-1,-1,-1
1010,599,1623231578206,-1,-1,-1
1011,855,1623231579241,-1,-1,-1
1012,735,1623231579241,-1,-1,-1
1013,743,1623231580209,-1,-1,-1
1014,719,1623231581220,-1,-1,-1
1015,711,1623231581220,-1,-1,-1
1016,671,1623231582208,-1,-1,-1
1017,671,1623231583222,-1,-1,-1
1018,663,1623231583222,-1,-1,-1
1019,671,1623231584213,-1,-1,-1
1020,671,1623231585225,-1,-1,-1
1021,671,1623231585225,-1,-1,-1
1022,655,1623231586215,-1,-1,-1
1023,663,1623231587227,-1,-1,-1
1024,663,1623231587227,-1,-1,-1
1025,671,1623231588235,-1,-1,-1
1026,671,1623231589208,-1,-1,-1
1027,671,1623231589208,-1,-1,-1
1028,663,1623231590219,-1,-1,-1
1029,663,1623231591210,-1,-1,-1
1030,703,1623231591210,-1,-1,-1
1031,727,1623231592200,-1,-1,-1
1032,759,1623231593212,-1,-1,-1
1033,767,1623231594201,-1,-1,-1
1034,743,1623231594201,-1,-1,-1
1035,743,1623231595215,-1,-1,-1
1036,759,1623231596200,-1,-1,-1
1037,767,1623231597218,-1,-1,-1
1038,759,1623231598208,-1,-1,-1
1039,775,1623231598208,-1,-1,-1
1040,775,1623231599219,-1,-1,-1
1041,759,1623231600204,-1,-1,-1
1042,767,1623231601194,-1,-1,-1
1043,783,1623231601194,-1,-1,-1
1044,759,1623231602211,-1,-1,-1
1045,759,1623231603196,-1,-1,-1
1046,767,1623231604215,-1,-1,-1
1047,767,1623231604215,-1,-1,-1
1048,735,1623231605206,-1,-1,-1
1049,743,1623231606218,-1,-1,-1
1050,775,1623231607202,-1,-1,-1
1051,791,1623231607202,-1,-1,-1
1052,791,1623231608240,-1,-1,-1
1053,815,1623231609210,-1,-1,-1
1054,839,1623231610199,-1,-1,-1
1055,815,1623231611234,-1,-1,-1
1056,831,1623231612221,-1,-1,-1
1057,839,1623231612221,-1,-1,-1
1058,783,1623231613211,-1,-1,-1
1059,759,1623231614200,-1,-1,-1
1060,759,1623231615210,-1,-1,-1
1061,671,1623231615211,-1,-1,-1
1062,1063,1623231616201,-1,-1,-1
1063,807,1623231618208,-1,-1,-1
1064,791,1623231619198,-1,-1,-1
1065,743,1623231620211,-1,-1,-1
1066,711,1623231621196,-1,-1,-1
1067,679,1623231621196,-1,-1,-1
1068,663,1623231622209,-1,-1,-1
1069,671,1623231623199,-1,-1,-1
1070,671,1623231623199,-1,-1,-1
1071,719,1623231624217,-1,-1,-1
1072,799,1623231625207,-1,-1,-1
1073,855,1623231626213,-1,-1,-1
1074,839,1623231627207,-1,-1,-1
1075,815,1623231627207,-1,-1,-1
1076,695,1623231628222,-1,-1,-1
1077,719,1623231629214,-1,-1,-1
1078,703,1623231630201,-1,-1,-1
1079,703,1623231630201,-1,-1,-1
1080,695,1623231631210,-1,-1,-1
1081,671,1623231632206,-1,-1,-1
1082,687,1623231632206,-1,-1,-1
1083,647,1623231633212,-1,-1,-1
1084,655,1623231634231,-1,-1,-1
1085,855,1623231636204,-1,-1,-1
1086,895,1623231637194,-1,-1,-1
1087,895,1623231638206,-1,-1,-1
1088,863,1623231638206,-1,-1,-1
1089,831,1623231639198,-1,-1,-1
1090,791,1623231640234,-1,-1,-1
1091,711,1623231641198,-1,-1,-1
1092,663,1623231641199,-1,-1,-1
1093,727,1623231642211,-1,-1,-1
1094,719,1623231643201,-1,-1,-1
1095,815,1623231644219,-1,-1,-1
1096,895,1623231645210,-1,-1,-1
1097,919,1623231646197,-1,-1,-1
1098,807,1623231646197,-1,-1,-1
1099,791,1623231647206,-1,-1,-1
1100,791,1623231648197,-1,-1,-1
1101,767,1623231649215,-1,-1,-1
1102,743,1623231649215,-1,-1,-1
1103,719,1623231650206,-1,-1,-1
1104,687,1623231651213,-1,-1,-1
1105,671,1623231652201,-1,-1,-1
1106,639,1623231652201,-1,-1,-1
1107,631,1623231653216,-1,-1,-1
1108,631,1623231653216,-1,-1,-1
1109,663,1623231654208,-1,-1,-1
1110,727,1623231655200,-1,-1,-1
1111,807,1623231656206,-1,-1,-1
1112,679,1623231657198,-1,-1,-1
1113,895,1623231658215,-1,-1,-1
1114,903,1623231659201,-1,-1,-1
1115,919,1623231660236,-1,-1,-1
1116,839,1623231661226,-1,-1,-1
1117,935,1623231662219,-1,-1,-1
1118,863,1623231663208,-1,-1,-1
1119,863,1623231664196,-1,-1,-1
1120,815,1623231664196,-1,-1,-1
1121,759,1623231665214,-1,-1,-1
1122,687,1623231667210,-1,-1,-1
1123,695,1623231668205,-1,-1,-1
1124,727,1623231669195,-1,-1,-1
1125,727,1623231670205,-1,-1,-1
1126,751,1623231670205,-1,-1,-1
1127,711,1623231671192,-1,-1,-1
1128,695,1623231672230,-1,-1,-1
1129,727,1623231672230,-1,-1,-1
1130,759,1623231673201,-1,-1,-1
1131,799,1623231674206,-1,-1,-1
1132,823,1623231675199,-1,-1,-1
1133,815,1623231676215,-1,-1,-1
1134,711,1623231676215,-1,-1,-1
1135,743,1623231677222,-1,-1,-1
1136,791,1623231678214,-1,-1,-1
1137,743,1623231680192,-1,-1,-1
1138,743,1623231681206,-1,-1,-1
1139,815,1623231682194,-1,-1,-1
1140,783,1623231682194,-1,-1,-1
1141,871,1623231683208,-1,-1,-1
1142,671,1623231684204,-1,-1,-1
1143,575,1623231686200,-1,-1,-1
1144,879,1623231687192,-1,-1,-1
1145,687,1623231688205,-1,-1,-1
1146,559,1623231692206,-1,-1,-1
1147,663,1623231693204,-1,-1,-1
1148,623,1623231695205,-1,-1,-1
1149,519,1623231696192,-1,-1,-1
1150,767,1623231696192,-1,-1,-1
1151,615,1623231698192,-1,-1,-1
1152,567,1623231700195,-1,-1,-1
1153,543,1623231701205,-1,-1,-1
1154,687,1623231702197,-1,-1,-1
1155,767,1623231703210,-1,-1,-1
1156,727,1623231704204,-1,-1,-1
1157,743,1623231706224,-1,-1,-1
1158,519,1623231707196,-1,-1,-1
1159,783,1623231709195,-1,-1,-1
1160,647,1623231713205,-1,-1,-1
1161,583,1623231713205,-1,-1,-1
1162,703,1623231714190,-1,-1,-1
1163,655,1623231715203,-1,-1,-1
1164,703,1623231715203,-1,-1,-1
1165,535,1623231716193,-1,-1,-1
1166,543,1623231716193,-1,-1,-1
1167,615,1623231719207,-1,-1,-1
1168,591,1623231720196,-1,-1,-1
1169,615,1623231721214,-1,-1,-1
1170,695,1623231721214,-1,-1,-1
1171,623,1623231722206,-1,-1,-1
1172,647,1623231723216,-1,-1,-1
1173,631,1623231734197,-1,-1,-1
1174,663,1623231738200,-1,-1,-1
1175,767,1623231740206,-1,-1,-1
1176,703,1623231741193,-1,-1,-1
1177,687,1623231741193,-1,-1,-1
1178,703,1623231742205,-1,-1,-1
1179,687,1623231743196,-1,-1,-1
1180,663,1623231743196,-1,-1,-1
1181,679,1623231744212,-1,-1,-1
1182,743,1623231745199,-1,-1,-1
1183,615,1623231747201,-1,-1,-1
1184,671,1623231747201,-1,-1,-1
1185,695,1623231748192,-1,-1,-1
1186,695,1623231749206,-1,-1,-1
1187,759,1623231750196,-1,-1,-1
1188,727,1623231750196,-1,-1,-1
1189,719,1623231751205,-1,-1,-1
1190,727,1623231752198,-1,-1,-1
1191,703,1623231752198,-1,-1,-1
1192,543,1623231753208,-1,-1,-1
1193,719,1623231754198,-1,-1,-1
1194,847,1623231755185,-1,-1,-1
1195,663,1623231755185,-1,-1,-1
1196,663,1623231756197,-1,-1,-1
1197,623,1623231756197,-1,-1,-1
1198,575,1623231758206,-1,-1,-1
1199,727,1623231759192,-1,-1,-1
1200,711,1623231760202,-1,-1,-1
1201,783,1623231761215,-1,-1,-1
1202,791,1623231761215,-1,-1,-1
1203,743,1623231762208,-1,-1,-1
1204,743,1623231763216,-1,-1,-1
1205,735,1623231764190,-1,-1,-1
1206,791,1623231764190,-1,-1,-1
1207,743,1623231765202,-1,-1,-1
1208,567,1623231766214,-1,-1,-1
1209,903,1623231767203,-1,-1,-1
1210,535,1623231767203,-1,-1,-1
1211,695,1623231768188,-1,-1,-1
1212,647,1623231768188,-1,-1,-1
1213,711,1623231769206,-1,-1,-1
1214,647,1623231770193,-1,-1,-1
1215,679,1623231770193,-1,-1,-1
1216,695,1623231771209,-1,-1,-1
1217,719,1623231772224,-1,-1,-1
1218,711,1623231773182,-1,-1,-1
1219,799,1623231773182,-1,-1,-1
1220,751,1623231782211,-1,-1,-1
1221,719,1623231782211,-1,-1,-1
1222,815,1623231783200,-1,-1,-1
1223,695,1623231784189,-1,-1,-1
1224,935,1623231785203,-1,-1,-1
1225,855,1623231793190,-1,-1,-1
1226,703,1623231796206,-1,-1,-1
1227,567,1623231797191,-1,-1,-1
1228,823,1623231800230,-1,-1,-1
1229,871,1623231803201,-1,-1,-1
1230,879,1623231803201,-1,-1,-1
1231,871,1623231804190,-1,-1,-1
1232,791,1623231805205,-1,-1,-1
1233,751,1623231806195,-1,-1,-1
1234,791,1623231807203,-1,-1,-1
1235,503,1623231807203,-1,-1,-1
1236,911,1623231808245,-1,-1,-1
1237,703,1623231809251,-1,-1,-1
1238,711,1623231810196,-1,-1,-1
1239,631,1623231810196,-1,-1,-1
1240,711,1623231811190,-1,-1,-1
1241,743,1623231812203,-1,-1,-1
1242,695,1623231812203,-1,-1,-1
1243,663,1623231813215,-1,-1,-1
1244,503,1623231813215,-1,-1,-1
1245,903,1623231814202,-1,-1,-1
1246,647,1623231815190,-1,-1,-1
1247,719,1623231816180,-1,-1,-1
1248,703,1623231816180,-1,-1,-1
1249,631,1623231817193,-1,-1,-1
1250,711,1623231818184,-1,-1,-1
1251,655,1623231818184,-1,-1,-1
1252,663,1623231819198,-1,-1,-1
1253,679,1623231820190,-1,-1,-1
1254,631,1623231826216,-1,-1,-1
1255,623,1623231827205,-1,-1,-1
1256,679,1623231828201,-1,-1,-1
1257,535,1623231828201,-1,-1,-1
1258,639,1623231829185,-1,-1,-1
1259,639,1623231829186,-1,-1,-1
1260,607,1623231830199,-1,-1,-1
1261,487,1623231831213,-1,-1,-1
1262,671,1623231831213,-1,-1,-1
1263,711,1623231832203,-1,-1,-1
1264,751,1623231834181,-1,-1,-1
1265,607,1623231835195,-1,-1,-1
1266,671,1623231836183,-1,-1,-1
1267,623,1623231836183,-1,-1,-1
1268,567,1623231838192,-1,-1,-1
1269,479,1623231840189,-1,-1,-1
1270,583,1623231841200,-1,-1,-1
1271,567,1623231841200,-1,-1,-1
1272,559,1623231843208,-1,-1,-1
1273,663,1623231844192,-1,-1,-1
1274,639,1623231844192,-1,-1,-1
1275,647,1623231845183,-1,-1,-1
1276,655,1623231848202,-1,-1,-1
1277,727,1623231849195,-1,-1,-1
1278,719,1623231850206,-1,-1,-1
1279,751,1623231852186,-1,-1,-1
1280,575,1623231852186,-1,-1,-1
1281,807,1623231854187,-1,-1,-1
1282,455,1623231855196,-1,-1,-1
1283,607,1623231857200,-1,-1,-1
1284,567,1623231858187,-1,-1,-1
1285,543,1623231858187,-1,-1,-1
1286,783,1623231859203,-1,-1,-1
1287,663,1623231864202,-1,-1,-1
1288,751,1623231865192,-1,-1,-1
1289,695,1623231867190,-1,-1,-1
1290,727,1623231868225,-1,-1,-1
1291,727,1623231870187,-1,-1,-1
1292,871,1623231872185,-1,-1,-1
1293,631,1623231872185,-1,-1,-1
1294,511,1623231874185,-1,-1,-1
1295,839,1623231875221,-1,-1,-1
1296,719,1623231876211,-1,-1,-1
1297,527,1623231876211,-1,-1,-1
1298,583,1623231884175,-1,-1,-1
1299,975,1623231885194,-1,-1,-1
1300,799,1623231888187,-1,-1,-1
1301,647,1623231893198,-1,-1,-1
1302,727,1623231893199,-1,-1,-1
1303,679,1623231894189,-1,-1,-1
1304,719,1623231896190,-1,-1,-1
1305,719,1623231897181,-1,-1,-1
1306,695,1623231905195,-1,-1,-1
1307,679,1623231908187,-1,-1,-1
1308,695,1623231912189,-1,-1,-1
1309,735,1623231913179,-1,-1,-1
1310,711,1623231915185,-1,-1,-1
