,RR,Timestamp,SensorContact,errorEstimate,blockerBit
0,743,1623119642323,-1,-1,-1
1,655,1623119642323,-1,-1,-1
2,471,1623119642323,-1,-1,-1
3,903,1623119643346,-1,-1,-1
4,583,1623119643346,-1,-1,-1
5,799,1623119644372,-1,-1,-1
6,535,1623119644372,-1,-1,-1
7,863,1623119648329,-1,-1,-1
8,567,1623119648329,-1,-1,-1
9,695,1623119649315,-1,-1,-1
10,623,1623119650307,-1,-1,-1
11,791,1623119651328,-1,-1,-1
12,543,1623119651328,-1,-1,-1
13,559,1623119654329,-1,-1,-1
14,639,1623119654330,-1,-1,-1
15,599,1623119658318,-1,-1,-1
16,735,1623119660358,-1,-1,-1
17,655,1623119660358,-1,-1,-1
18,655,1623119661323,-1,-1,-1
19,727,1623119662310,-1,-1,-1
20,687,1623119664319,-1,-1,-1
21,679,1623119664319,-1,-1,-1
22,679,1623119665340,-1,-1,-1
23,703,1623119666329,-1,-1,-1
24,711,1623119667317,-1,-1,-1
25,655,1623119667318,-1,-1,-1
26,679,1623119668309,-1,-1,-1
27,655,1623119670319,-1,-1,-1
28,671,1623119671310,-1,-1,-1
29,663,1623119671310,-1,-1,-1
30,679,1623119672329,-1,-1,-1
31,687,1623119673317,-1,-1,-1
32,479,1623119675329,-1,-1,-1
33,831,1623119675329,-1,-1,-1
34,727,1623119676319,-1,-1,-1
35,711,1623119678330,-1,-1,-1
36,719,1623119679318,-1,-1,-1
37,479,1623119679318,-1,-1,-1
38,855,1623119680310,-1,-1,-1
39,855,1623119682321,-1,-1,-1
40,663,1623119684329,-1,-1,-1
41,703,1623119686310,-1,-1,-1
42,583,1623119690330,-1,-1,-1
43,727,1623119691318,-1,-1,-1
44,759,1623119691319,-1,-1,-1
45,727,1623119692309,-1,-1,-1
46,655,1623119693360,-1,-1,-1
47,719,1623119695306,-1,-1,-1
48,663,1623119695306,-1,-1,-1
49,887,1623119696329,-1,-1,-1
50,1000,1623119707310,-1,-1,-1
51,919,1623119708330,-1,-1,-1
52,719,1623119709320,-1,-1,-1
53,727,1623119709320,-1,-1,-1
54,679,1623119711329,-1,-1,-1
55,703,1623119713309,-1,-1,-1
56,583,1623119714328,-1,-1,-1
57,687,1623119716310,-1,-1,-1
58,655,1623119718319,-1,-1,-1
59,679,1623119719308,-1,-1,-1
60,591,1623119719308,-1,-1,-1
61,687,1623119720328,-1,-1,-1
62,671,1623119721319,-1,-1,-1
63,671,1623119721319,-1,-1,-1
64,519,1623119722309,-1,-1,-1
65,687,1623119724320,-1,-1,-1
66,655,1623119725310,-1,-1,-1
67,647,1623119727319,-1,-1,-1
68,679,1623119727319,-1,-1,-1
69,503,1623119728310,-1,-1,-1
70,799,1623119729330,-1,-1,-1
71,695,1623119729330,-1,-1,-1
72,839,1623119731309,-1,-1,-1
73,535,1623119736320,-1,-1,-1
74,647,1623119736320,-1,-1,-1
75,575,1623119738331,-1,-1,-1
76,591,1623119742320,-1,-1,-1
77,703,1623119743310,-1,-1,-1
78,703,1623119743310,-1,-1,-1
79,591,1623119744331,-1,-1,-1
80,839,1623119748318,-1,-1,-1
81,751,1623119751319,-1,-1,-1
82,631,1623119751319,-1,-1,-1
83,663,1623119752309,-1,-1,-1
84,735,1623119753328,-1,-1,-1
85,631,1623119753328,-1,-1,-1
86,751,1623119754319,-1,-1,-1
87,519,1623119755309,-1,-1,-1
88,711,1623119757319,-1,-1,-1
89,655,1623119757319,-1,-1,-1
90,511,1623119758309,-1,-1,-1
91,887,1623119759299,-1,-1,-1
92,623,1623119759299,-1,-1,-1
93,783,1623119760320,-1,-1,-1
94,607,1623119761309,-1,-1,-1
95,727,1623119762329,-1,-1,-1
96,735,1623119762330,-1,-1,-1
97,615,1623119763319,-1,-1,-1
98,743,1623119764307,-1,-1,-1
99,679,1623119764307,-1,-1,-1
100,727,1623119765329,-1,-1,-1
101,687,1623119766319,-1,-1,-1
102,495,1623119766319,-1,-1,-1
103,847,1623119767310,-1,-1,-1
104,815,1623119768329,-1,-1,-1
105,591,1623119769320,-1,-1,-1
106,839,1623119769321,-1,-1,-1
107,615,1623119770308,-1,-1,-1
108,679,1623119771329,-1,-1,-1
109,719,1623119773309,-1,-1,-1
110,679,1623119773309,-1,-1,-1
111,855,1623119774329,-1,-1,-1
112,919,1623119775326,-1,-1,-1
113,719,1623119777330,-1,-1,-1
114,607,1623119778319,-1,-1,-1
115,607,1623119778319,-1,-1,-1
116,663,1623119779309,-1,-1,-1
117,663,1623119780329,-1,-1,-1
118,671,1623119780329,-1,-1,-1
119,663,1623119781320,-1,-1,-1
120,559,1623119782309,-1,-1,-1
121,775,1623119782309,-1,-1,-1
122,631,1623119783329,-1,-1,-1
123,671,1623119784319,-1,-1,-1
124,615,1623119788310,-1,-1,-1
125,727,1623119789328,-1,-1,-1
126,711,1623119789329,-1,-1,-1
127,703,1623119790320,-1,-1,-1
128,703,1623119791309,-1,-1,-1
129,719,1623119791310,-1,-1,-1
130,647,1623119792329,-1,-1,-1
131,559,1623119793319,-1,-1,-1
132,799,1623119793319,-1,-1,-1
133,703,1623119794308,-1,-1,-1
134,719,1623119795328,-1,-1,-1
135,703,1623119796321,-1,-1,-1
136,671,1623119796321,-1,-1,-1
137,751,1623119797309,-1,-1,-1
138,711,1623119798329,-1,-1,-1
139,623,1623119800306,-1,-1,-1
140,631,1623119800306,-1,-1,-1
141,711,1623119801326,-1,-1,-1
142,679,1623119802316,-1,-1,-1
143,615,1623119802316,-1,-1,-1
144,767,1623119805317,-1,-1,-1
145,831,1623119809338,-1,-1,-1
146,735,1623119810326,-1,-1,-1
147,623,1623119811316,-1,-1,-1
148,527,1623119811316,-1,-1,-1
149,807,1623119814319,-1,-1,-1
150,631,1623119816329,-1,-1,-1
151,655,1623119817319,-1,-1,-1
152,743,1623119819329,-1,-1,-1
153,687,1623119821309,-1,-1,-1
154,759,1623119823319,-1,-1,-1
155,639,1623119824309,-1,-1,-1
156,671,1623119825299,-1,-1,-1
157,679,1623119825299,-1,-1,-1
158,647,1623119826319,-1,-1,-1
159,551,1623119827309,-1,-1,-1
160,583,1623119829319,-1,-1,-1
161,863,1623119830309,-1,-1,-1
162,847,1623119830309,-1,-1,-1
163,623,1623119835321,-1,-1,-1
164,479,1623119836307,-1,-1,-1
165,575,1623119839309,-1,-1,-1
166,687,1623119840300,-1,-1,-1
167,719,1623119841319,-1,-1,-1
168,687,1623119842339,-1,-1,-1
169,687,1623119842339,-1,-1,-1
170,679,1623119843329,-1,-1,-1
171,543,1623119846299,-1,-1,-1
172,703,1623119846299,-1,-1,-1
173,775,1623119847319,-1,-1,-1
174,711,1623119848310,-1,-1,-1
175,623,1623119848310,-1,-1,-1
176,687,1623119850319,-1,-1,-1
177,471,1623119851307,-1,-1,-1
178,887,1623119852299,-1,-1,-1
179,679,1623119852299,-1,-1,-1
180,647,1623119853319,-1,-1,-1
181,671,1623119855299,-1,-1,-1
182,647,1623119857309,-1,-1,-1
183,687,1623119858301,-1,-1,-1
184,703,1623119858301,-1,-1,-1
185,719,1623119859319,-1,-1,-1
186,623,1623119860309,-1,-1,-1
187,623,1623119860309,-1,-1,-1
188,887,1623119861299,-1,-1,-1
189,719,1623119864299,-1,-1,-1
190,671,1623119868319,-1,-1,-1
191,623,1623119869306,-1,-1,-1
192,719,1623119871319,-1,-1,-1
193,727,1623119871319,-1,-1,-1
194,671,1623119872309,-1,-1,-1
195,551,1623119873299,-1,-1,-1
196,911,1623119877319,-1,-1,-1
197,695,1623119878309,-1,-1,-1
198,511,1623119879295,-1,-1,-1
199,687,1623119879295,-1,-1,-1
200,695,1623119881308,-1,-1,-1
201,703,1623119882295,-1,-1,-1
202,703,1623119883318,-1,-1,-1
203,719,1623119883319,-1,-1,-1
204,791,1623119884310,-1,-1,-1
205,647,1623119888299,-1,-1,-1
206,719,1623119889316,-1,-1,-1
207,503,1623119891299,-1,-1,-1
208,871,1623119892319,-1,-1,-1
209,695,1623119895319,-1,-1,-1
210,679,1623119900299,-1,-1,-1
211,743,1623119900299,-1,-1,-1
212,623,1623119901319,-1,-1,-1
213,767,1623119905309,-1,-1,-1
214,1111,1623119906299,-1,-1,-1
215,991,1623119907319,-1,-1,-1
216,695,1623119908399,-1,-1,-1
217,711,1623119912300,-1,-1,-1
218,671,1623119915298,-1,-1,-1
219,615,1623119915299,-1,-1,-1
220,615,1623119916290,-1,-1,-1
221,623,1623119917309,-1,-1,-1
222,615,1623119917309,-1,-1,-1
223,663,1623119918298,-1,-1,-1
224,567,1623119921299,-1,-1,-1
225,647,1623119922289,-1,-1,-1
226,599,1623119922289,-1,-1,-1
227,543,1623119923307,-1,-1,-1
228,823,1623119924299,-1,-1,-1
229,751,1623119926308,-1,-1,-1
230,823,1623119926309,-1,-1,-1
231,655,1623119927299,-1,-1,-1
232,719,1623119928319,-1,-1,-1
233,623,1623119928319,-1,-1,-1
234,695,1623119929309,-1,-1,-1
235,679,1623119930297,-1,-1,-1
236,719,1623119931319,-1,-1,-1
237,759,1623119931319,-1,-1,-1
238,599,1623119933299,-1,-1,-1
239,711,1623119934317,-1,-1,-1
240,599,1623119934317,-1,-1,-1
241,679,1623119935307,-1,-1,-1
242,775,1623119936299,-1,-1,-1
243,663,1623119937319,-1,-1,-1
244,783,1623119937319,-1,-1,-1
245,735,1623119938309,-1,-1,-1
246,831,1623119942330,-1,-1,-1
247,687,1623119944309,-1,-1,-1
248,855,1623119946289,-1,-1,-1
249,687,1623119947310,-1,-1,-1
250,687,1623119949289,-1,-1,-1
251,671,1623119957300,-1,-1,-1
252,591,1623119958289,-1,-1,-1
253,599,1623119963299,-1,-1,-1
254,607,1623119965310,-1,-1,-1
255,623,1623119967318,-1,-1,-1
256,671,1623119967318,-1,-1,-1
257,503,1623119968309,-1,-1,-1
258,823,1623119969300,-1,-1,-1
259,559,1623119969300,-1,-1,-1
260,439,1623119970286,-1,-1,-1
261,815,1623119971309,-1,-1,-1
262,703,1623119973350,-1,-1,-1
263,671,1623119973350,-1,-1,-1
264,855,1623119976286,-1,-1,-1
265,727,1623119977305,-1,-1,-1
266,823,1623119980309,-1,-1,-1
267,711,1623119986309,-1,-1,-1
268,623,1623119986309,-1,-1,-1
269,607,1623119987299,-1,-1,-1
270,607,1623119988289,-1,-1,-1
271,687,1623119988289,-1,-1,-1
272,615,1623119989308,-1,-1,-1
273,631,1623119989308,-1,-1,-1
274,663,1623119990299,-1,-1,-1
275,815,1623119992309,-1,-1,-1
276,567,1623119993299,-1,-1,-1
277,695,1623119993299,-1,-1,-1
278,631,1623119997287,-1,-1,-1
279,735,1623120002296,-1,-1,-1
280,687,1623120006284,-1,-1,-1
281,527,1623120007337,-1,-1,-1
282,663,1623120009287,-1,-1,-1
283,623,1623120009287,-1,-1,-1
284,607,1623120010306,-1,-1,-1
285,751,1623120012289,-1,-1,-1
286,647,1623120016309,-1,-1,-1
287,791,1623120018286,-1,-1,-1
288,855,1623120019309,-1,-1,-1
289,599,1623120020300,-1,-1,-1
290,583,1623120023296,-1,-1,-1
291,607,1623120024289,-1,-1,-1
292,759,1623120024289,-1,-1,-1
293,623,1623120025309,-1,-1,-1
294,639,1623120026299,-1,-1,-1
295,687,1623120026299,-1,-1,-1
296,655,1623120030291,-1,-1,-1
297,687,1623120030293,-1,-1,-1
298,711,1623120031309,-1,-1,-1
299,655,1623120032298,-1,-1,-1
300,615,1623120032298,-1,-1,-1
301,719,1623120033287,-1,-1,-1
302,567,1623120034313,-1,-1,-1
303,727,1623120034313,-1,-1,-1
304,791,1623120035305,-1,-1,-1
305,463,1623120036286,-1,-1,-1
306,735,1623120037317,-1,-1,-1
307,703,1623120038299,-1,-1,-1
308,759,1623120039288,-1,-1,-1
309,623,1623120039288,-1,-1,-1
310,679,1623120040339,-1,-1,-1
311,631,1623120041300,-1,-1,-1
312,767,1623120042289,-1,-1,-1
313,663,1623120047298,-1,-1,-1
314,607,1623120047298,-1,-1,-1
315,703,1623120050299,-1,-1,-1
316,711,1623120052309,-1,-1,-1
317,703,1623120053299,-1,-1,-1
318,863,1623120055309,-1,-1,-1
319,903,1623120056300,-1,-1,-1
320,607,1623120056300,-1,-1,-1
321,879,1623120059330,-1,-1,-1
322,855,1623120064309,-1,-1,-1
323,671,1623120065299,-1,-1,-1
324,591,1623120080299,-1,-1,-1
325,591,1623120080299,-1,-1,-1
326,903,1623120081289,-1,-1,-1
327,559,1623120084289,-1,-1,-1
328,871,1623120088306,-1,-1,-1
329,727,1623120089300,-1,-1,-1
330,647,1623120090289,-1,-1,-1
331,711,1623120090289,-1,-1,-1
332,783,1623120092299,-1,-1,-1
333,727,1623120093289,-1,-1,-1
334,887,1623120094309,-1,-1,-1
335,695,1623120100309,-1,-1,-1
336,767,1623120103309,-1,-1,-1
337,711,1623120107298,-1,-1,-1
338,583,1623120107298,-1,-1,-1
339,751,1623120114289,-1,-1,-1
340,847,1623120115278,-1,-1,-1
341,439,1623120121279,-1,-1,-1
342,487,1623120121279,-1,-1,-1
343,639,1623120124309,-1,-1,-1
344,743,1623120125299,-1,-1,-1
345,767,1623120132289,-1,-1,-1
346,695,1623120133279,-1,-1,-1
347,695,1623120138288,-1,-1,-1
348,559,1623120139278,-1,-1,-1
349,559,1623120143299,-1,-1,-1
350,863,1623120144289,-1,-1,-1
351,727,1623120145280,-1,-1,-1
352,719,1623120145280,-1,-1,-1
353,791,1623120148277,-1,-1,-1
354,695,1623120149300,-1,-1,-1
355,679,1623120150289,-1,-1,-1
356,695,1623120152298,-1,-1,-1
357,623,1623120152298,-1,-1,-1
358,615,1623120156317,-1,-1,-1
359,671,1623120156317,-1,-1,-1
360,767,1623120157309,-1,-1,-1
361,855,1623120159289,-1,-1,-1
362,639,1623120166279,-1,-1,-1
363,519,1623120168289,-1,-1,-1
364,647,1623120173299,-1,-1,-1
365,551,1623120177288,-1,-1,-1
366,719,1623120181279,-1,-1,-1
367,671,1623120184278,-1,-1,-1
368,583,1623120184278,-1,-1,-1
369,855,1623120185300,-1,-1,-1
370,695,1623120186289,-1,-1,-1
371,647,1623120187278,-1,-1,-1
372,743,1623120192289,-1,-1,-1
373,655,1623120193279,-1,-1,-1
374,623,1623120193279,-1,-1,-1
375,695,1623120194299,-1,-1,-1
376,719,1623120195288,-1,-1,-1
377,695,1623120198289,-1,-1,-1
378,767,1623120198289,-1,-1,-1
379,711,1623120199278,-1,-1,-1
380,647,1623120201289,-1,-1,-1
381,847,1623120202278,-1,-1,-1
382,767,1623120202279,-1,-1,-1
383,687,1623120203299,-1,-1,-1
384,639,1623120204288,-1,-1,-1
385,847,1623120206298,-1,-1,-1
386,663,1623120206298,-1,-1,-1
387,711,1623120209299,-1,-1,-1
388,719,1623120209299,-1,-1,-1
389,823,1623120210290,-1,-1,-1
390,591,1623120211279,-1,-1,-1
391,623,1623120213287,-1,-1,-1
392,719,1623120215268,-1,-1,-1
393,655,1623120218266,-1,-1,-1
394,591,1623120230269,-1,-1,-1
395,615,1623120231289,-1,-1,-1
396,455,1623120232279,-1,-1,-1
397,511,1623120235279,-1,-1,-1
398,559,1623120238279,-1,-1,-1
399,799,1623120243289,-1,-1,-1
400,639,1623120244279,-1,-1,-1
401,703,1623120244279,-1,-1,-1
402,911,1623120247279,-1,-1,-1
403,679,1623120248269,-1,-1,-1
404,551,1623120248269,-1,-1,-1
405,847,1623120249289,-1,-1,-1
406,799,1623120251269,-1,-1,-1
407,735,1623120252289,-1,-1,-1
408,639,1623120258289,-1,-1,-1
409,727,1623120258289,-1,-1,-1
410,591,1623120259279,-1,-1,-1
411,679,1623120261289,-1,-1,-1
412,671,1623120262277,-1,-1,-1
413,671,1623120263268,-1,-1,-1
414,639,1623120271279,-1,-1,-1
415,543,1623120271279,-1,-1,-1
416,815,1623120272269,-1,-1,-1
417,655,1623120274278,-1,-1,-1
418,631,1623120275269,-1,-1,-1
419,727,1623120277279,-1,-1,-1
420,631,1623120277279,-1,-1,-1
421,623,1623120278269,-1,-1,-1
422,783,1623120279291,-1,-1,-1
423,639,1623120279291,-1,-1,-1
424,767,1623120280278,-1,-1,-1
425,727,1623120281269,-1,-1,-1
426,735,1623120283278,-1,-1,-1
427,551,1623120285290,-1,-1,-1
428,719,1623120287269,-1,-1,-1
429,719,1623120288321,-1,-1,-1
430,631,1623120289309,-1,-1,-1
431,743,1623120289309,-1,-1,-1
432,903,1623120290269,-1,-1,-1
433,791,1623120293269,-1,-1,-1
434,703,1623120297291,-1,-1,-1
435,591,1623120299269,-1,-1,-1
436,615,1623120301278,-1,-1,-1
437,807,1623120304278,-1,-1,-1
438,799,1623120305269,-1,-1,-1
439,631,1623120308269,-1,-1,-1
440,743,1623120308269,-1,-1,-1
441,519,1623120309289,-1,-1,-1
442,775,1623120313279,-1,-1,-1
443,799,1623120318289,-1,-1,-1
444,623,1623120320268,-1,-1,-1
445,623,1623120324289,-1,-1,-1
446,823,1623120324289,-1,-1,-1
447,719,1623120325279,-1,-1,-1
448,671,1623120326269,-1,-1,-1
449,711,1623120326269,-1,-1,-1
450,687,1623120327288,-1,-1,-1
451,575,1623120330287,-1,-1,-1
452,759,1623120331279,-1,-1,-1
453,671,1623120331279,-1,-1,-1
454,695,1623120332269,-1,-1,-1
455,551,1623120334278,-1,-1,-1
456,759,1623120335299,-1,-1,-1
457,655,1623120335299,-1,-1,-1
458,655,1623120336288,-1,-1,-1
459,719,1623120339289,-1,-1,-1
460,663,1623120340276,-1,-1,-1
461,687,1623120342289,-1,-1,-1
462,759,1623120343277,-1,-1,-1
463,759,1623120344269,-1,-1,-1
464,703,1623120346279,-1,-1,-1
465,767,1623120346279,-1,-1,-1
466,759,1623120351290,-1,-1,-1
467,703,1623120352277,-1,-1,-1
468,839,1623120355309,-1,-1,-1
469,807,1623120362269,-1,-1,-1
470,823,1623120363289,-1,-1,-1
471,687,1623120364279,-1,-1,-1
472,647,1623120366289,-1,-1,-1
473,663,1623120367279,-1,-1,-1
474,735,1623120368269,-1,-1,-1
475,711,1623120371266,-1,-1,-1
476,663,1623120373279,-1,-1,-1
477,623,1623120374269,-1,-1,-1
478,783,1623120378259,-1,-1,-1
479,631,1623120381259,-1,-1,-1
480,647,1623120383269,-1,-1,-1
481,671,1623120387259,-1,-1,-1
482,567,1623120388310,-1,-1,-1
483,839,1623120389269,-1,-1,-1
484,719,1623120390258,-1,-1,-1
485,839,1623120393259,-1,-1,-1
486,583,1623120394279,-1,-1,-1
487,807,1623120395269,-1,-1,-1
488,751,1623120397308,-1,-1,-1
489,503,1623120398298,-1,-1,-1
490,775,1623120400279,-1,-1,-1
491,575,1623120403279,-1,-1,-1
492,831,1623120406279,-1,-1,-1
493,871,1623120407268,-1,-1,-1
494,679,1623120409279,-1,-1,-1
495,895,1623120411092,-1,-1,-1
496,767,1623120412115,-1,-1,-1
497,711,1623120413105,-1,-1,-1
498,751,1623120417095,-1,-1,-1
499,623,1623120417095,-1,-1,-1
500,775,1623120424115,-1,-1,-1
501,855,1623120426096,-1,-1,-1
502,967,1623120430707,-1,-1,-1
503,591,1623120431699,-1,-1,-1
504,615,1623120433709,-1,-1,-1
505,559,1623120434697,-1,-1,-1
506,455,1623120437718,-1,-1,-1
507,767,1623120445698,-1,-1,-1
508,695,1623120446688,-1,-1,-1
509,695,1623120446688,-1,-1,-1
510,663,1623120448698,-1,-1,-1
511,751,1623120449716,-1,-1,-1
512,559,1623120450707,-1,-1,-1
513,663,1623120450707,-1,-1,-1
514,767,1623120453708,-1,-1,-1
515,655,1623120453709,-1,-1,-1
516,615,1623120459707,-1,-1,-1
517,783,1623120461688,-1,-1,-1
518,807,1623120464688,-1,-1,-1
519,679,1623120465708,-1,-1,-1
520,615,1623120465708,-1,-1,-1
521,679,1623120466699,-1,-1,-1
522,631,1623120469191,-1,-1,-1
523,655,1623120470182,-1,-1,-1
524,687,1623120472190,-1,-1,-1
525,559,1623120473181,-1,-1,-1
526,743,1623120475191,-1,-1,-1
527,791,1623120476213,-1,-1,-1
528,743,1623120476213,-1,-1,-1
529,695,1623120477171,-1,-1,-1
530,727,1623120478191,-1,-1,-1
531,727,1623120480170,-1,-1,-1
532,791,1623120481192,-1,-1,-1
533,767,1623120482181,-1,-1,-1
534,615,1623120482182,-1,-1,-1
535,767,1623120483171,-1,-1,-1
536,687,1623120484191,-1,-1,-1
537,655,1623120484192,-1,-1,-1
538,887,1623120486169,-1,-1,-1
539,743,1623120487192,-1,-1,-1
540,503,1623120489481,-1,-1,-1
541,647,1623120491491,-1,-1,-1
542,679,1623120492345,-1,-1,-1
543,735,1623120493368,-1,-1,-1
544,671,1623120493368,-1,-1,-1
545,655,1623120497356,-1,-1,-1
546,719,1623120498349,-1,-1,-1
547,759,1623120498349,-1,-1,-1
548,759,1623120502366,-1,-1,-1
549,679,1623120514369,-1,-1,-1
550,567,1623120514369,-1,-1,-1
551,807,1623120515358,-1,-1,-1
552,663,1623120517339,-1,-1,-1
553,551,1623120519349,-1,-1,-1
554,919,1623120520339,-1,-1,-1
555,655,1623120521360,-1,-1,-1
556,583,1623120522348,-1,-1,-1
557,703,1623120530357,-1,-1,-1
558,543,1623120530357,-1,-1,-1
559,855,1623120531348,-1,-1,-1
560,719,1623120535339,-1,-1,-1
561,711,1623120535339,-1,-1,-1
562,735,1623120536388,-1,-1,-1
563,703,1623120538368,-1,-1,-1
564,607,1623120539358,-1,-1,-1
565,767,1623120539358,-1,-1,-1
566,727,1623120540345,-1,-1,-1
567,647,1623120541338,-1,-1,-1
568,671,1623120542359,-1,-1,-1
569,703,1623120542359,-1,-1,-1
570,711,1623120543349,-1,-1,-1
571,711,1623120544339,-1,-1,-1
572,727,1623120550366,-1,-1,-1
573,735,1623120551359,-1,-1,-1
574,479,1623120551359,-1,-1,-1
575,615,1623120552348,-1,-1,-1
576,751,1623120554358,-1,-1,-1
577,639,1623120557388,-1,-1,-1
578,655,1623120559338,-1,-1,-1
579,719,1623120560357,-1,-1,-1
580,655,1623120561348,-1,-1,-1
581,495,1623120561348,-1,-1,-1
582,679,1623120563359,-1,-1,-1
583,663,1623120565339,-1,-1,-1
584,671,1623120565339,-1,-1,-1
585,1055,1623120575358,-1,-1,-1
586,687,1623120575359,-1,-1,-1
587,543,1623120576347,-1,-1,-1
588,983,1623120577338,-1,-1,-1
589,631,1623120579348,-1,-1,-1
590,799,1623120580338,-1,-1,-1
591,735,1623120580338,-1,-1,-1
592,807,1623120581358,-1,-1,-1
593,623,1623120584359,-1,-1,-1
594,959,1623120596356,-1,-1,-1
595,751,1623120602386,-1,-1,-1
596,671,1623120605356,-1,-1,-1
597,719,1623120611358,-1,-1,-1
598,839,1623120612349,-1,-1,-1
599,799,1623120613337,-1,-1,-1
600,751,1623120616339,-1,-1,-1
601,519,1623120617359,-1,-1,-1
602,903,1623120618346,-1,-1,-1
603,807,1623120619339,-1,-1,-1
604,615,1623120623358,-1,-1,-1
605,655,1623120623359,-1,-1,-1
606,711,1623120632359,-1,-1,-1
607,607,1623120632359,-1,-1,-1
608,703,1623120635390,-1,-1,-1
609,847,1623120636374,-1,-1,-1
610,799,1623120638388,-1,-1,-1
611,695,1623120639349,-1,-1,-1
612,591,1623120639349,-1,-1,-1
613,823,1623120640339,-1,-1,-1
614,759,1623120641357,-1,-1,-1
615,671,1623120641357,-1,-1,-1
616,695,1623120646338,-1,-1,-1
617,503,1623120647359,-1,-1,-1
618,567,1623120650359,-1,-1,-1
619,935,1623120651349,-1,-1,-1
620,807,1623120653359,-1,-1,-1
621,799,1623120655371,-1,-1,-1
622,815,1623120663350,-1,-1,-1
623,831,1623120664344,-1,-1,-1
624,695,1623120664345,-1,-1,-1
625,847,1623120674329,-1,-1,-1
626,727,1623120677328,-1,-1,-1
627,655,1623120684348,-1,-1,-1
628,671,1623120684348,-1,-1,-1
629,783,1623120685340,-1,-1,-1
630,735,1623120686329,-1,-1,-1
631,671,1623120686329,-1,-1,-1
632,735,1623120687349,-1,-1,-1
633,735,1623120688339,-1,-1,-1
634,623,1623120689328,-1,-1,-1
635,823,1623120689328,-1,-1,-1
636,503,1623120690349,-1,-1,-1
637,847,1623120691341,-1,-1,-1
638,863,1623120692328,-1,-1,-1
639,687,1623120692328,-1,-1,-1
640,735,1623120694338,-1,-1,-1
641,783,1623120697338,-1,-1,-1
642,679,1623120698329,-1,-1,-1
643,815,1623120699348,-1,-1,-1
644,703,1623120699348,-1,-1,-1
645,695,1623120700341,-1,-1,-1
646,663,1623120701326,-1,-1,-1
647,775,1623120707328,-1,-1,-1
648,607,1623120708348,-1,-1,-1
649,679,1623120708348,-1,-1,-1
650,735,1623120717349,-1,-1,-1
651,655,1623120718370,-1,-1,-1
652,727,1623120719329,-1,-1,-1
653,655,1623120719329,-1,-1,-1
654,679,1623120720348,-1,-1,-1
655,719,1623120726349,-1,-1,-1
656,647,1623120727338,-1,-1,-1
657,831,1623120729353,-1,-1,-1
658,623,1623120730336,-1,-1,-1
659,615,1623120730336,-1,-1,-1
660,727,1623120733339,-1,-1,-1
661,807,1623120736340,-1,-1,-1
662,695,1623120736340,-1,-1,-1
663,655,1623120737329,-1,-1,-1
664,687,1623120741348,-1,-1,-1
665,623,1623120741349,-1,-1,-1
666,639,1623120746329,-1,-1,-1
667,727,1623120746329,-1,-1,-1
668,735,1623120747349,-1,-1,-1
669,735,1623120748339,-1,-1,-1
670,719,1623120748339,-1,-1,-1
671,751,1623120749329,-1,-1,-1
672,703,1623120750349,-1,-1,-1
673,687,1623120751339,-1,-1,-1
674,671,1623120753349,-1,-1,-1
675,839,1623120754339,-1,-1,-1
676,703,1623120758328,-1,-1,-1
677,735,1623120769339,-1,-1,-1
678,759,1623120770328,-1,-1,-1
679,639,1623120771349,-1,-1,-1
680,671,1623120771349,-1,-1,-1
681,607,1623120772338,-1,-1,-1
682,855,1623120773328,-1,-1,-1
683,719,1623120773328,-1,-1,-1
684,759,1623120781339,-1,-1,-1
685,783,1623120786346,-1,-1,-1
686,503,1623120786346,-1,-1,-1
687,895,1623120790340,-1,-1,-1
688,807,1623120791327,-1,-1,-1
689,583,1623120792349,-1,-1,-1
690,927,1623120798349,-1,-1,-1
691,775,1623120799339,-1,-1,-1
692,479,1623120800328,-1,-1,-1
693,559,1623120801349,-1,-1,-1
694,735,1623120802339,-1,-1,-1
695,527,1623120805339,-1,-1,-1
696,759,1623120807319,-1,-1,-1
697,767,1623120807319,-1,-1,-1
698,663,1623120808339,-1,-1,-1
699,727,1623120809335,-1,-1,-1
700,743,1623120811338,-1,-1,-1
701,671,1623120813319,-1,-1,-1
702,719,1623120815329,-1,-1,-1
703,799,1623120820336,-1,-1,-1
704,887,1623120821326,-1,-1,-1
705,679,1623120825319,-1,-1,-1
706,743,1623120828319,-1,-1,-1
707,431,1623120828319,-1,-1,-1
708,783,1623120835339,-1,-1,-1
709,735,1623120836328,-1,-1,-1
710,783,1623120843346,-1,-1,-1
711,623,1623120843347,-1,-1,-1
712,695,1623120844339,-1,-1,-1
713,775,1623120845329,-1,-1,-1
714,639,1623120850337,-1,-1,-1
715,719,1623120851357,-1,-1,-1
716,703,1623120853338,-1,-1,-1
717,751,1623120855316,-1,-1,-1
718,879,1623120858348,-1,-1,-1
719,775,1623120858348,-1,-1,-1
720,671,1623120868339,-1,-1,-1
721,815,1623120872326,-1,-1,-1
722,727,1623120877339,-1,-1,-1
723,863,1623120886339,-1,-1,-1
724,959,1623120887329,-1,-1,-1
725,711,1623120888318,-1,-1,-1
726,719,1623120889339,-1,-1,-1
727,919,1623120899329,-1,-1,-1
728,807,1623120913339,-1,-1,-1
729,943,1623120916369,-1,-1,-1
730,751,1623120917359,-1,-1,-1
731,655,1623120917359,-1,-1,-1
732,759,1623120920326,-1,-1,-1
733,535,1623120924321,-1,-1,-1
734,655,1623120927319,-1,-1,-1
735,527,1623120928339,-1,-1,-1
736,799,1623120930319,-1,-1,-1
737,655,1623120935325,-1,-1,-1
738,751,1623120936318,-1,-1,-1
739,495,1623120936318,-1,-1,-1
740,679,1623120939319,-1,-1,-1
741,679,1623120939319,-1,-1,-1
742,751,1623120940339,-1,-1,-1
743,503,1623120941329,-1,-1,-1
744,791,1623120944327,-1,-1,-1
745,695,1623120946339,-1,-1,-1
746,615,1623120948319,-1,-1,-1
747,823,1623120951347,-1,-1,-1
748,671,1623120951347,-1,-1,-1
749,807,1623120953328,-1,-1,-1
750,583,1623120957318,-1,-1,-1
751,519,1623120958337,-1,-1,-1
752,735,1623120959328,-1,-1,-1
753,871,1623120959328,-1,-1,-1
754,655,1623120960321,-1,-1,-1
755,791,1623120963319,-1,-1,-1
756,623,1623120964339,-1,-1,-1
757,607,1623120971327,-1,-1,-1
758,703,1623120972319,-1,-1,-1
759,671,1623120973309,-1,-1,-1
760,583,1623120973309,-1,-1,-1
761,711,1623120974329,-1,-1,-1
762,583,1623120980329,-1,-1,-1
763,783,1623120980330,-1,-1,-1
764,575,1623120981318,-1,-1,-1
765,703,1623120982309,-1,-1,-1
766,655,1623120994310,-1,-1,-1
767,703,1623121001328,-1,-1,-1
768,1015,1623121006308,-1,-1,-1
769,679,1623121006308,-1,-1,-1
770,911,1623121014319,-1,-1,-1
771,735,1623121020318,-1,-1,-1
772,663,1623121021309,-1,-1,-1
773,655,1623121023319,-1,-1,-1
774,471,1623121023319,-1,-1,-1
775,791,1623121024337,-1,-1,-1
776,839,1623121025328,-1,-1,-1
777,855,1623121028329,-1,-1,-1
778,647,1623121031326,-1,-1,-1
779,879,1623121033309,-1,-1,-1
780,703,1623121034329,-1,-1,-1
781,663,1623121034329,-1,-1,-1
782,623,1623121035318,-1,-1,-1
783,751,1623121042309,-1,-1,-1
784,751,1623121043329,-1,-1,-1
785,527,1623121044319,-1,-1,-1
786,879,1623121045309,-1,-1,-1
787,631,1623121047315,-1,-1,-1
788,695,1623121049358,-1,-1,-1
789,647,1623121050319,-1,-1,-1
790,759,1623121052329,-1,-1,-1
791,735,1623121054309,-1,-1,-1
792,599,1623121054309,-1,-1,-1
793,695,1623121057308,-1,-1,-1
794,711,1623121058329,-1,-1,-1
795,615,1623121059319,-1,-1,-1
796,831,1623121059320,-1,-1,-1
797,679,1623121060309,-1,-1,-1
798,751,1623121063309,-1,-1,-1
799,711,1623121067329,-1,-1,-1
800,911,1623121068319,-1,-1,-1
801,479,1623121068319,-1,-1,-1
802,639,1623121072309,-1,-1,-1
803,631,1623121074324,-1,-1,-1
804,663,1623121075309,-1,-1,-1
805,647,1623121078309,-1,-1,-1
806,711,1623121079329,-1,-1,-1
807,799,1623121079329,-1,-1,-1
808,647,1623121080318,-1,-1,-1
809,695,1623121081308,-1,-1,-1
810,687,1623121082359,-1,-1,-1
811,719,1623121082359,-1,-1,-1
812,719,1623121083319,-1,-1,-1
813,695,1623121084309,-1,-1,-1
814,767,1623121084309,-1,-1,-1
815,743,1623121088328,-1,-1,-1
816,631,1623121090309,-1,-1,-1
817,527,1623121095320,-1,-1,-1
818,543,1623121098319,-1,-1,-1
819,911,1623121099307,-1,-1,-1
820,751,1623121106299,-1,-1,-1
821,719,1623121108309,-1,-1,-1
822,519,1623121109299,-1,-1,-1
823,839,1623121110320,-1,-1,-1
824,623,1623121112299,-1,-1,-1
825,911,1623121114309,-1,-1,-1
826,695,1623121115358,-1,-1,-1
827,647,1623121115358,-1,-1,-1
828,735,1623121116319,-1,-1,-1
829,703,1623121117308,-1,-1,-1
830,727,1623121118329,-1,-1,-1
831,607,1623121118329,-1,-1,-1
832,823,1623121119319,-1,-1,-1
833,727,1623121121326,-1,-1,-1
834,639,1623121122318,-1,-1,-1
835,703,1623121122318,-1,-1,-1
836,695,1623121123308,-1,-1,-1
837,623,1623121125319,-1,-1,-1
838,695,1623121126306,-1,-1,-1
839,607,1623121128318,-1,-1,-1
840,735,1623121129309,-1,-1,-1
841,703,1623121132344,-1,-1,-1
842,599,1623121133328,-1,-1,-1
843,919,1623121140318,-1,-1,-1
844,783,1623121144309,-1,-1,-1
845,511,1623121144309,-1,-1,-1
846,695,1623121148299,-1,-1,-1
847,735,1623121149319,-1,-1,-1
848,503,1623121150308,-1,-1,-1
849,767,1623121153307,-1,-1,-1
850,575,1623121153307,-1,-1,-1
851,855,1623121154299,-1,-1,-1
852,671,1623121155320,-1,-1,-1
853,671,1623121156309,-1,-1,-1
854,639,1623121158317,-1,-1,-1
855,791,1623121158317,-1,-1,-1
856,751,1623121161318,-1,-1,-1
857,695,1623121162309,-1,-1,-1
858,623,1623121163299,-1,-1,-1
859,783,1623121163299,-1,-1,-1
860,655,1623121164320,-1,-1,-1
861,655,1623121165339,-1,-1,-1
862,767,1623121165339,-1,-1,-1
863,743,1623121166329,-1,-1,-1
864,655,1623121167319,-1,-1,-1
865,719,1623121168309,-1,-1,-1
866,743,1623121168309,-1,-1,-1
867,807,1623121170319,-1,-1,-1
868,503,1623121171310,-1,-1,-1
869,559,1623121176319,-1,-1,-1
870,495,1623121176319,-1,-1,-1
871,951,1623121180309,-1,-1,-1
872,607,1623121180309,-1,-1,-1
873,583,1623121182319,-1,-1,-1
874,735,1623121188318,-1,-1,-1
875,823,1623121193296,-1,-1,-1
876,607,1623121199328,-1,-1,-1
877,703,1623121199328,-1,-1,-1
878,935,1623121202296,-1,-1,-1
879,679,1623121202296,-1,-1,-1
880,711,1623121203317,-1,-1,-1
881,807,1623121207309,-1,-1,-1
882,647,1623121207309,-1,-1,-1
883,783,1623121221318,-1,-1,-1
884,687,1623121221318,-1,-1,-1
885,703,1623121222307,-1,-1,-1
886,703,1623121236319,-1,-1,-1
887,711,1623121238299,-1,-1,-1
888,623,1623121243308,-1,-1,-1
889,623,1623121246308,-1,-1,-1
890,727,1623121247299,-1,-1,-1
891,831,1623121248319,-1,-1,-1
892,607,1623121248319,-1,-1,-1
893,823,1623121254318,-1,-1,-1
894,775,1623121255309,-1,-1,-1
895,791,1623121256298,-1,-1,-1
896,575,1623121256298,-1,-1,-1
897,695,1623121257319,-1,-1,-1
898,631,1623121261308,-1,-1,-1
899,743,1623121261309,-1,-1,-1
900,727,1623121266320,-1,-1,-1
901,559,1623121267308,-1,-1,-1
902,911,1623121268298,-1,-1,-1
903,831,1623121270309,-1,-1,-1
904,839,1623121276308,-1,-1,-1
905,551,1623121281289,-1,-1,-1
906,711,1623121283297,-1,-1,-1
907,703,1623121286298,-1,-1,-1
908,663,1623121286298,-1,-1,-1
909,743,1623121293289,-1,-1,-1
910,695,1623121294309,-1,-1,-1
911,559,1623121310299,-1,-1,-1
912,935,1623121313298,-1,-1,-1
913,791,1623121314289,-1,-1,-1
914,695,1623121320289,-1,-1,-1
915,1039,1623121325298,-1,-1,-1
916,703,1623121325299,-1,-1,-1
917,871,1623121328299,-1,-1,-1
918,791,1623121329288,-1,-1,-1
919,887,1623121330339,-1,-1,-1
920,679,1623121330339,-1,-1,-1
921,695,1623121331329,-1,-1,-1
922,887,1623121334299,-1,-1,-1
923,935,1623121335288,-1,-1,-1
924,687,1623121335288,-1,-1,-1
925,695,1623121347289,-1,-1,-1
926,735,1623121349300,-1,-1,-1
927,607,1623121350319,-1,-1,-1
928,751,1623121353289,-1,-1,-1
929,655,1623121358299,-1,-1,-1
930,751,1623121360308,-1,-1,-1
931,647,1623121360308,-1,-1,-1
932,871,1623121365288,-1,-1,-1
933,791,1623121365288,-1,-1,-1
934,687,1623121366308,-1,-1,-1
935,1047,1623121367299,-1,-1,-1
936,607,1623121369307,-1,-1,-1
937,639,1623121369307,-1,-1,-1
938,751,1623121372308,-1,-1,-1
939,735,1623121375309,-1,-1,-1
940,631,1623121377289,-1,-1,-1
941,743,1623121380289,-1,-1,-1
942,879,1623121382298,-1,-1,-1
943,543,1623121385299,-1,-1,-1
944,727,1623121388299,-1,-1,-1
945,623,1623121393308,-1,-1,-1
946,927,1623121394299,-1,-1,-1
947,727,1623121395291,-1,-1,-1
948,727,1623121396339,-1,-1,-1
949,815,1623121403299,-1,-1,-1
950,559,1623121404291,-1,-1,-1
951,567,1623121404291,-1,-1,-1
952,639,1623121409299,-1,-1,-1
953,543,1623121409301,-1,-1,-1
954,815,1623121414310,-1,-1,-1
955,615,1623121416289,-1,-1,-1
956,751,1623121417309,-1,-1,-1
957,679,1623121418299,-1,-1,-1
958,719,1623121419289,-1,-1,-1
959,711,1623121424299,-1,-1,-1
960,727,1623121426309,-1,-1,-1
961,535,1623121426309,-1,-1,-1
962,703,1623121429279,-1,-1,-1
963,727,1623121430301,-1,-1,-1
964,823,1623121435279,-1,-1,-1
965,679,1623121438278,-1,-1,-1
966,663,1623121442298,-1,-1,-1
967,735,1623121444278,-1,-1,-1
968,575,1623121445299,-1,-1,-1
969,647,1623121448299,-1,-1,-1
970,647,1623121450280,-1,-1,-1
971,751,1623121451299,-1,-1,-1
972,751,1623121452289,-1,-1,-1
973,615,1623121453279,-1,-1,-1
974,855,1623121453279,-1,-1,-1
975,711,1623121454299,-1,-1,-1
976,663,1623121455288,-1,-1,-1
977,575,1623121460299,-1,-1,-1
978,831,1623121461288,-1,-1,-1
979,943,1623121463299,-1,-1,-1
980,479,1623121466299,-1,-1,-1
981,631,1623121466299,-1,-1,-1
982,935,1623121467288,-1,-1,-1
983,695,1623121468279,-1,-1,-1
984,751,1623121469297,-1,-1,-1
985,695,1623121470288,-1,-1,-1
986,639,1623121470288,-1,-1,-1
987,647,1623121472299,-1,-1,-1
988,903,1623121474279,-1,-1,-1
989,783,1623121475300,-1,-1,-1
990,687,1623121476288,-1,-1,-1
991,735,1623121478299,-1,-1,-1
992,727,1623121483308,-1,-1,-1
993,671,1623121484301,-1,-1,-1
994,799,1623121487297,-1,-1,-1
995,911,1623121490299,-1,-1,-1
996,807,1623121498309,-1,-1,-1
997,735,1623121498309,-1,-1,-1
998,767,1623121503285,-1,-1,-1
999,735,1623121503285,-1,-1,-1
1000,695,1623121506288,-1,-1,-1
1001,623,1623121508299,-1,-1,-1
1002,807,1623121509289,-1,-1,-1
1003,663,1623121510277,-1,-1,-1
1004,695,1623121510277,-1,-1,-1
1005,735,1623121511299,-1,-1,-1
1006,607,1623121512319,-1,-1,-1
1007,855,1623121513309,-1,-1,-1
1008,567,1623121513309,-1,-1,-1
1009,903,1623121514298,-1,-1,-1
1010,727,1623121519276,-1,-1,-1
1011,727,1623121521289,-1,-1,-1
1012,719,1623121523298,-1,-1,-1
1013,679,1623121524289,-1,-1,-1
1014,735,1623121526298,-1,-1,-1
1015,695,1623121526298,-1,-1,-1
1016,863,1623121529297,-1,-1,-1
1017,863,1623121531278,-1,-1,-1
1018,727,1623121540309,-1,-1,-1
1019,823,1623121541300,-1,-1,-1
1020,743,1623121545319,-1,-1,-1
1021,599,1623121545319,-1,-1,-1
1022,655,1623121551286,-1,-1,-1
1023,767,1623121552278,-1,-1,-1
1024,679,1623121554289,-1,-1,-1
1025,655,1623121556299,-1,-1,-1
1026,727,1623121558279,-1,-1,-1
1027,695,1623121559298,-1,-1,-1
1028,847,1623121561279,-1,-1,-1
1029,887,1623121562297,-1,-1,-1
1030,711,1623121564279,-1,-1,-1
1031,695,1623121566289,-1,-1,-1
1032,727,1623121567276,-1,-1,-1
1033,663,1623121567277,-1,-1,-1
1034,711,1623121568299,-1,-1,-1
1035,871,1623121570279,-1,-1,-1
1036,655,1623121571298,-1,-1,-1
1037,671,1623121571298,-1,-1,-1
1038,695,1623121572289,-1,-1,-1
1039,631,1623121574299,-1,-1,-1
1040,671,1623121583269,-1,-1,-1
1041,663,1623121584289,-1,-1,-1
1042,679,1623121586269,-1,-1,-1
1043,711,1623121587292,-1,-1,-1
1044,735,1623121591276,-1,-1,-1
1045,687,1623121591277,-1,-1,-1
1046,631,1623121598268,-1,-1,-1
1047,719,1623121598268,-1,-1,-1
1048,623,1623121599288,-1,-1,-1
1049,647,1623121599288,-1,-1,-1
1050,759,1623121600279,-1,-1,-1
1051,575,1623121601269,-1,-1,-1
1052,791,1623121602288,-1,-1,-1
1053,671,1623121606279,-1,-1,-1
1054,759,1623121608289,-1,-1,-1
1055,671,1623121609279,-1,-1,-1
1056,671,1623121609279,-1,-1,-1
1057,647,1623121611319,-1,-1,-1
1058,823,1623121612309,-1,-1,-1
1059,703,1623121613268,-1,-1,-1
1060,839,1623121614288,-1,-1,-1
1061,935,1623121617288,-1,-1,-1
1062,799,1623121619269,-1,-1,-1
1063,751,1623121626289,-1,-1,-1
1064,655,1623121626289,-1,-1,-1
1065,727,1623121627281,-1,-1,-1
1066,743,1623121628269,-1,-1,-1
1067,679,1623121628269,-1,-1,-1
1068,823,1623121633279,-1,-1,-1
1069,727,1623121637269,-1,-1,-1
1070,727,1623121638290,-1,-1,-1
1071,719,1623121640268,-1,-1,-1
1072,639,1623121643269,-1,-1,-1
1073,679,1623121647289,-1,-1,-1
1074,791,1623121652267,-1,-1,-1
1075,687,1623121653289,-1,-1,-1
1076,615,1623121654279,-1,-1,-1
1077,703,1623121655268,-1,-1,-1
1078,727,1623121657278,-1,-1,-1
1079,703,1623121658269,-1,-1,-1
1080,679,1623121659288,-1,-1,-1
1081,799,1623121659288,-1,-1,-1
1082,647,1623121660278,-1,-1,-1
1083,727,1623121661268,-1,-1,-1
1084,751,1623121665289,-1,-1,-1
1085,799,1623121666279,-1,-1,-1
1086,703,1623121667269,-1,-1,-1
1087,751,1623121669278,-1,-1,-1
1088,599,1623121669278,-1,-1,-1
1089,775,1623121670269,-1,-1,-1
1090,591,1623121671289,-1,-1,-1
1091,727,1623121671289,-1,-1,-1
1092,735,1623121672279,-1,-1,-1
1093,743,1623121673268,-1,-1,-1
1094,687,1623121674288,-1,-1,-1
1095,647,1623121674288,-1,-1,-1
1096,735,1623121675278,-1,-1,-1
1097,663,1623121676269,-1,-1,-1
1098,847,1623121677321,-1,-1,-1
1099,655,1623121677321,-1,-1,-1
1100,823,1623121678308,-1,-1,-1
1101,607,1623121679268,-1,-1,-1
1102,967,1623121681278,-1,-1,-1
1103,687,1623121682269,-1,-1,-1
1104,807,1623121682269,-1,-1,-1
1105,703,1623121683289,-1,-1,-1
1106,679,1623121684284,-1,-1,-1
1107,687,1623121685269,-1,-1,-1
1108,671,1623121685269,-1,-1,-1
1109,855,1623121686287,-1,-1,-1
1110,703,1623121687276,-1,-1,-1
1111,815,1623121688269,-1,-1,-1
1112,671,1623121688269,-1,-1,-1
1113,743,1623121694269,-1,-1,-1
1114,703,1623121698288,-1,-1,-1
1115,663,1623121698288,-1,-1,-1
1116,767,1623121699279,-1,-1,-1
1117,639,1623121700269,-1,-1,-1
1118,663,1623121700269,-1,-1,-1
1119,703,1623121701289,-1,-1,-1
1120,943,1623121705278,-1,-1,-1
1121,639,1623121712269,-1,-1,-1
1122,767,1623121713287,-1,-1,-1
1123,703,1623121713287,-1,-1,-1
1124,711,1623121714279,-1,-1,-1
1125,863,1623121718268,-1,-1,-1
1126,535,1623121719289,-1,-1,-1
1127,783,1623121720278,-1,-1,-1
1128,607,1623121720278,-1,-1,-1
1129,655,1623121721269,-1,-1,-1
1130,919,1623121722289,-1,-1,-1
1131,695,1623121723283,-1,-1,-1
1132,631,1623121723283,-1,-1,-1
1133,599,1623121724269,-1,-1,-1
1134,783,1623121743258,-1,-1,-1
1135,711,1623121748269,-1,-1,-1
1136,711,1623121749259,-1,-1,-1
1137,671,1623121750278,-1,-1,-1
1138,735,1623121765279,-1,-1,-1
1139,703,1623121766269,-1,-1,-1
1140,911,1623121767258,-1,-1,-1
1141,903,1623121771280,-1,-1,-1
1142,1039,1623121772266,-1,-1,-1
1143,775,1623121774279,-1,-1,-1
1144,1183,1623121776259,-1,-1,-1
1145,1151,1623121779256,-1,-1,-1
1146,1183,1623121788259,-1,-1,-1
1147,1079,1623121804280,-1,-1,-1
1148,1327,1623121805267,-1,-1,-1
1149,1239,1623121810279,-1,-1,-1
1150,1095,1623121821259,-1,-1,-1
1151,783,1623121821259,-1,-1,-1
1152,583,1623121825279,-1,-1,-1
1153,783,1623121839259,-1,-1,-1
1154,791,1623121841269,-1,-1,-1
1155,639,1623121843276,-1,-1,-1
1156,935,1623121844266,-1,-1,-1
1157,719,1623121845259,-1,-1,-1
1158,855,1623121846278,-1,-1,-1
1159,831,1623121851259,-1,-1,-1
1160,775,1623121853269,-1,-1,-1
1161,631,1623121854259,-1,-1,-1
1162,871,1623121858279,-1,-1,-1
1163,631,1623121860289,-1,-1,-1
1164,887,1623121861279,-1,-1,-1
1165,775,1623121866258,-1,-1,-1
1166,719,1623121868269,-1,-1,-1
1167,623,1623121878256,-1,-1,-1
1168,743,1623121879276,-1,-1,-1
1169,671,1623121879276,-1,-1,-1
1170,735,1623121882275,-1,-1,-1
1171,727,1623121888244,-1,-1,-1
1172,711,1623121889266,-1,-1,-1
1173,815,1623121891249,-1,-1,-1
1174,535,1623121891249,-1,-1,-1
1175,823,1623121892298,-1,-1,-1
1176,727,1623121905259,-1,-1,-1
1177,535,1623121905259,-1,-1,-1
1178,711,1623121906249,-1,-1,-1
1179,671,1623121907266,-1,-1,-1
1180,663,1623121910269,-1,-1,-1
1181,663,1623121911259,-1,-1,-1
1182,879,1623121916269,-1,-1,-1
1183,695,1623121919268,-1,-1,-1
1184,783,1623121920287,-1,-1,-1
1185,511,1623121922268,-1,-1,-1
1186,607,1623121929260,-1,-1,-1
1187,719,1623121930249,-1,-1,-1
1188,503,1623121931269,-1,-1,-1
1189,631,1623121934269,-1,-1,-1
1190,607,1623121951249,-1,-1,-1
1191,607,1623121962259,-1,-1,-1
1192,551,1623121965256,-1,-1,-1
1193,927,1623121967269,-1,-1,-1
1194,751,1623121968256,-1,-1,-1
1195,703,1623121969249,-1,-1,-1
1196,783,1623121974259,-1,-1,-1
1197,663,1623121977259,-1,-1,-1
1198,855,1623121985269,-1,-1,-1
1199,719,1623121985269,-1,-1,-1
1200,535,1623121990248,-1,-1,-1
1201,847,1623121990249,-1,-1,-1
1202,719,1623121993249,-1,-1,-1
1203,695,1623121997269,-1,-1,-1
1204,663,1623122006269,-1,-1,-1
1205,695,1623122008249,-1,-1,-1
1206,711,1623122011248,-1,-1,-1
1207,647,1623122017248,-1,-1,-1
1208,703,1623122018270,-1,-1,-1
1209,815,1623122021268,-1,-1,-1
1210,639,1623122022258,-1,-1,-1
1211,831,1623122023246,-1,-1,-1
1212,503,1623122026249,-1,-1,-1
1213,935,1623122027266,-1,-1,-1
1214,727,1623122043256,-1,-1,-1
1215,847,1623122045238,-1,-1,-1
1216,719,1623122047248,-1,-1,-1
1217,719,1623122048239,-1,-1,-1
1218,687,1623122048239,-1,-1,-1
1219,775,1623122049258,-1,-1,-1
1220,727,1623122051238,-1,-1,-1
1221,615,1623122057240,-1,-1,-1
1222,839,1623122060239,-1,-1,-1
1223,895,1623122060239,-1,-1,-1
1224,591,1623122061258,-1,-1,-1
1225,871,1623122063239,-1,-1,-1
1226,831,1623122066239,-1,-1,-1
1227,543,1623122070259,-1,-1,-1
1228,807,1623122072239,-1,-1,-1
1229,551,1623122073259,-1,-1,-1
1230,919,1623122087239,-1,-1,-1
1231,599,1623122087239,-1,-1,-1
1232,743,1623122091288,-1,-1,-1
1233,687,1623122099238,-1,-1,-1
1234,639,1623122100256,-1,-1,-1
1235,679,1623122101248,-1,-1,-1
1236,655,1623122101248,-1,-1,-1
1237,1239,1623122123237,-1,-1,-1
1238,855,1623122124259,-1,-1,-1
1239,1199,1623122126241,-1,-1,-1
1240,1000,1623122135239,-1,-1,-1
1241,687,1623122140248,-1,-1,-1
1242,551,1623122141266,-1,-1,-1
1243,743,1623122143248,-1,-1,-1
1244,599,1623122143248,-1,-1,-1
1245,679,1623122145258,-1,-1,-1
1246,615,1623122146249,-1,-1,-1
1247,655,1623122146249,-1,-1,-1
1248,639,1623122147236,-1,-1,-1
1249,727,1623122149248,-1,-1,-1
1250,855,1623122150237,-1,-1,-1
1251,543,1623122154259,-1,-1,-1
1252,631,1623122160258,-1,-1,-1
1253,527,1623122160258,-1,-1,-1
1254,471,1623122161249,-1,-1,-1
1255,663,1623122162239,-1,-1,-1
1256,807,1623122162239,-1,-1,-1
1257,583,1623122163259,-1,-1,-1
1258,815,1623122164248,-1,-1,-1
1259,423,1623122164248,-1,-1,-1
1260,647,1623122171236,-1,-1,-1
1261,799,1623122171236,-1,-1,-1
1262,495,1623122172256,-1,-1,-1
