,RR,Timestamp,SensorContact,errorEstimate,blockerBit
0,559,1620742567930,-1,-1,-1
1,567,1620742567930,-1,-1,-1
2,575,1620742567931,-1,-1,-1
3,607,1620742567931,-1,-1,-1
4,639,1620742567931,-1,-1,-1
5,639,1620742567931,-1,-1,-1
6,639,1620742567931,-1,-1,-1
7,647,1620742567931,-1,-1,-1
8,663,1620742567931,-1,-1,-1
9,663,1620742568379,-1,-1,-1
10,655,1620742568379,-1,-1,-1
11,639,1620742568379,-1,-1,-1
12,655,1620742569378,-1,-1,-1
13,663,1620742569378,-1,-1,-1
14,631,1620742570429,-1,-1,-1
15,623,1620742570430,-1,-1,-1
16,623,1620742571406,-1,-1,-1
17,623,1620742572404,-1,-1,-1
18,599,1620742572404,-1,-1,-1
19,615,1620742573403,-1,-1,-1
20,615,1620742574403,-1,-1,-1
21,631,1620742574403,-1,-1,-1
22,639,1620742575405,-1,-1,-1
23,623,1620742575405,-1,-1,-1
24,615,1620742576445,-1,-1,-1
25,623,1620742577405,-1,-1,-1
26,623,1620742577405,-1,-1,-1
27,631,1620742578404,-1,-1,-1
28,607,1620742579483,-1,-1,-1
29,615,1620742579483,-1,-1,-1
30,623,1620742580406,-1,-1,-1
31,639,1620742580406,-1,-1,-1
32,639,1620742581405,-1,-1,-1
33,623,1620742582404,-1,-1,-1
34,623,1620742582404,-1,-1,-1
35,623,1620742583405,-1,-1,-1
36,647,1620742584405,-1,-1,-1
37,647,1620742584405,-1,-1,-1
38,639,1620742585404,-1,-1,-1
39,639,1620742585404,-1,-1,-1
40,655,1620742586406,-1,-1,-1
41,687,1620742587405,-1,-1,-1
42,671,1620742588447,-1,-1,-1
43,647,1620742588447,-1,-1,-1
44,639,1620742589405,-1,-1,-1
45,631,1620742589405,-1,-1,-1
46,655,1620742590406,-1,-1,-1
47,639,1620742593566,-1,-1,-1
48,679,1620742593566,-1,-1,-1
49,663,1620742594403,-1,-1,-1
50,631,1620742595405,-1,-1,-1
51,735,1620742595405,-1,-1,-1
52,575,1620742598403,-1,-1,-1
53,607,1620742599405,-1,-1,-1
54,495,1620742599405,-1,-1,-1
55,815,1620742600404,-1,-1,-1
56,639,1620742600404,-1,-1,-1
57,575,1620742601405,-1,-1,-1
58,663,1620742606404,-1,-1,-1
59,647,1620742607412,-1,-1,-1
60,687,1620742607412,-1,-1,-1
61,671,1620742608407,-1,-1,-1
62,679,1620742609445,-1,-1,-1
63,407,1620742609445,-1,-1,-1
64,615,1620742612403,-1,-1,-1
65,639,1620742612403,-1,-1,-1
66,623,1620742613406,-1,-1,-1
67,663,1620742614404,-1,-1,-1
68,615,1620742614404,-1,-1,-1
69,631,1620742615405,-1,-1,-1
70,607,1620742616405,-1,-1,-1
71,607,1620742616405,-1,-1,-1
72,591,1620742617405,-1,-1,-1
73,591,1620742617405,-1,-1,-1
74,583,1620742618404,-1,-1,-1
75,583,1620742619406,-1,-1,-1
76,575,1620742619406,-1,-1,-1
77,583,1620742620451,-1,-1,-1
78,575,1620742620451,-1,-1,-1
79,583,1620742621409,-1,-1,-1
80,583,1620742621409,-1,-1,-1
81,607,1620742622411,-1,-1,-1
82,615,1620742623406,-1,-1,-1
83,631,1620742623406,-1,-1,-1
84,631,1620742624412,-1,-1,-1
85,623,1620742625571,-1,-1,-1
86,623,1620742625571,-1,-1,-1
87,631,1620742626411,-1,-1,-1
88,655,1620742626411,-1,-1,-1
89,663,1620742627412,-1,-1,-1
90,647,1620742628410,-1,-1,-1
91,663,1620742628410,-1,-1,-1
92,679,1620742629405,-1,-1,-1
93,695,1620742630406,-1,-1,-1
94,639,1620742630406,-1,-1,-1
95,703,1620742631405,-1,-1,-1
96,591,1620742632412,-1,-1,-1
97,671,1620742632412,-1,-1,-1
98,623,1620742633412,-1,-1,-1
99,631,1620742634404,-1,-1,-1
100,631,1620742634404,-1,-1,-1
101,655,1620742635409,-1,-1,-1
102,663,1620742636445,-1,-1,-1
103,671,1620742636445,-1,-1,-1
104,663,1620742637404,-1,-1,-1
105,703,1620742638411,-1,-1,-1
106,639,1620742638411,-1,-1,-1
107,631,1620742639411,-1,-1,-1
108,623,1620742640410,-1,-1,-1
109,599,1620742640410,-1,-1,-1
110,591,1620742641412,-1,-1,-1
111,575,1620742641412,-1,-1,-1
112,599,1620742642452,-1,-1,-1
113,591,1620742643491,-1,-1,-1
114,591,1620742643491,-1,-1,-1
115,599,1620742644411,-1,-1,-1
116,615,1620742644411,-1,-1,-1
117,615,1620742645413,-1,-1,-1
118,623,1620742646411,-1,-1,-1
119,639,1620742646411,-1,-1,-1
120,647,1620742647411,-1,-1,-1
121,679,1620742648405,-1,-1,-1
122,679,1620742648405,-1,-1,-1
123,655,1620742649407,-1,-1,-1
124,607,1620742651413,-1,-1,-1
125,687,1620742652451,-1,-1,-1
126,679,1620742652451,-1,-1,-1
127,687,1620742653411,-1,-1,-1
128,663,1620742654412,-1,-1,-1
129,679,1620742654412,-1,-1,-1
130,647,1620742655409,-1,-1,-1
131,639,1620742656408,-1,-1,-1
132,631,1620742656408,-1,-1,-1
133,623,1620742657409,-1,-1,-1
134,607,1620742657409,-1,-1,-1
135,615,1620742658446,-1,-1,-1
136,647,1620742659414,-1,-1,-1
137,663,1620742659414,-1,-1,-1
138,655,1620742660411,-1,-1,-1
139,663,1620742661407,-1,-1,-1
140,679,1620742661407,-1,-1,-1
141,687,1620742662412,-1,-1,-1
142,679,1620742663411,-1,-1,-1
143,671,1620742663411,-1,-1,-1
144,679,1620742664411,-1,-1,-1
145,695,1620742665410,-1,-1,-1
146,679,1620742665410,-1,-1,-1
147,655,1620742666531,-1,-1,-1
148,671,1620742667408,-1,-1,-1
149,679,1620742673409,-1,-1,-1
150,655,1620742674409,-1,-1,-1
151,647,1620742675491,-1,-1,-1
152,655,1620742678404,-1,-1,-1
153,623,1620742679410,-1,-1,-1
154,559,1620742680410,-1,-1,-1
155,559,1620742680410,-1,-1,-1
156,631,1620742681409,-1,-1,-1
157,623,1620742681409,-1,-1,-1
158,607,1620742682413,-1,-1,-1
159,623,1620742683409,-1,-1,-1
160,607,1620742683409,-1,-1,-1
161,559,1620742684450,-1,-1,-1
162,671,1620742684450,-1,-1,-1
163,647,1620742685411,-1,-1,-1
164,735,1620742686410,-1,-1,-1
165,527,1620742686410,-1,-1,-1
166,711,1620742687412,-1,-1,-1
167,639,1620742688411,-1,-1,-1
168,615,1620742688411,-1,-1,-1
169,607,1620742689411,-1,-1,-1
170,599,1620742691531,-1,-1,-1
171,671,1620742692409,-1,-1,-1
172,607,1620742693411,-1,-1,-1
173,631,1620742693411,-1,-1,-1
174,671,1620742694412,-1,-1,-1
175,559,1620742695413,-1,-1,-1
176,687,1620742695413,-1,-1,-1
177,599,1620742697403,-1,-1,-1
178,663,1620742698524,-1,-1,-1
179,623,1620742698524,-1,-1,-1
180,639,1620742699403,-1,-1,-1
181,607,1620742700403,-1,-1,-1
182,591,1620742700403,-1,-1,-1
183,599,1620742701403,-1,-1,-1
184,583,1620742701403,-1,-1,-1
185,583,1620742703411,-1,-1,-1
186,695,1620742704411,-1,-1,-1
187,575,1620742704411,-1,-1,-1
188,615,1620742705411,-1,-1,-1
189,623,1620742706411,-1,-1,-1
190,655,1620742706411,-1,-1,-1
191,599,1620742707492,-1,-1,-1
192,591,1620742711409,-1,-1,-1
193,615,1620742712410,-1,-1,-1
194,655,1620742713412,-1,-1,-1
195,543,1620742716445,-1,-1,-1
196,535,1620742716445,-1,-1,-1
197,663,1620742717404,-1,-1,-1
198,615,1620742718409,-1,-1,-1
199,599,1620742718409,-1,-1,-1
200,551,1620742719411,-1,-1,-1
201,631,1620742719411,-1,-1,-1
202,607,1620742720411,-1,-1,-1
203,607,1620742721572,-1,-1,-1
204,655,1620742721572,-1,-1,-1
205,583,1620742723411,-1,-1,-1
206,671,1620742724450,-1,-1,-1
207,599,1620742724450,-1,-1,-1
208,615,1620742725412,-1,-1,-1
209,623,1620742726412,-1,-1,-1
210,591,1620742726412,-1,-1,-1
211,591,1620742727410,-1,-1,-1
212,599,1620742727410,-1,-1,-1
213,607,1620742728410,-1,-1,-1
214,615,1620742729411,-1,-1,-1
215,615,1620742729411,-1,-1,-1
216,639,1620742730531,-1,-1,-1
217,559,1620742736410,-1,-1,-1
218,559,1620742736410,-1,-1,-1
219,551,1620742737408,-1,-1,-1
220,607,1620742737408,-1,-1,-1
221,575,1620742738410,-1,-1,-1
222,607,1620742739410,-1,-1,-1
223,679,1620742739410,-1,-1,-1
224,695,1620742740410,-1,-1,-1
225,679,1620742741409,-1,-1,-1
226,687,1620742741409,-1,-1,-1
227,663,1620742742411,-1,-1,-1
228,647,1620742743409,-1,-1,-1
229,631,1620742743409,-1,-1,-1
230,639,1620742744411,-1,-1,-1
231,631,1620742745407,-1,-1,-1
232,599,1620742746409,-1,-1,-1
233,591,1620742747408,-1,-1,-1
234,607,1620742748410,-1,-1,-1
235,631,1620742748411,-1,-1,-1
236,631,1620742749411,-1,-1,-1
237,647,1620742749411,-1,-1,-1
238,655,1620742750408,-1,-1,-1
239,647,1620742751411,-1,-1,-1
240,631,1620742751411,-1,-1,-1
241,623,1620742752410,-1,-1,-1
242,639,1620742753403,-1,-1,-1
243,631,1620742753403,-1,-1,-1
244,655,1620742754403,-1,-1,-1
245,575,1620742755412,-1,-1,-1
246,623,1620742756411,-1,-1,-1
247,575,1620742759404,-1,-1,-1
248,663,1620742760404,-1,-1,-1
249,647,1620742760404,-1,-1,-1
250,647,1620742761402,-1,-1,-1
251,639,1620742761402,-1,-1,-1
252,679,1620742762527,-1,-1,-1
253,607,1620742763412,-1,-1,-1
254,575,1620742763412,-1,-1,-1
255,671,1620742764449,-1,-1,-1
256,559,1620742765411,-1,-1,-1
257,631,1620742765411,-1,-1,-1
258,583,1620742766412,-1,-1,-1
259,607,1620742766412,-1,-1,-1
260,583,1620742767406,-1,-1,-1
261,583,1620742768410,-1,-1,-1
262,527,1620742768410,-1,-1,-1
263,623,1620742769406,-1,-1,-1
264,623,1620742769406,-1,-1,-1
265,551,1620742770403,-1,-1,-1
266,679,1620742771483,-1,-1,-1
267,535,1620742771483,-1,-1,-1
268,607,1620742772411,-1,-1,-1
269,543,1620742772411,-1,-1,-1
270,639,1620742773443,-1,-1,-1
271,591,1620742773443,-1,-1,-1
272,623,1620742774408,-1,-1,-1
273,615,1620742775408,-1,-1,-1
274,599,1620742775408,-1,-1,-1
275,567,1620742776411,-1,-1,-1
276,583,1620742776411,-1,-1,-1
277,647,1620742777411,-1,-1,-1
278,575,1620742778411,-1,-1,-1
279,551,1620742778411,-1,-1,-1
280,583,1620742779405,-1,-1,-1
281,559,1620742779405,-1,-1,-1
282,559,1620742782402,-1,-1,-1
283,607,1620742783408,-1,-1,-1
284,647,1620742784406,-1,-1,-1
285,591,1620742785405,-1,-1,-1
286,559,1620742785405,-1,-1,-1
287,599,1620742786404,-1,-1,-1
288,607,1620742786405,-1,-1,-1
289,599,1620742792405,-1,-1,-1
290,599,1620742792405,-1,-1,-1
291,623,1620742793408,-1,-1,-1
292,487,1620742795410,-1,-1,-1
293,615,1620742795410,-1,-1,-1
294,591,1620742796410,-1,-1,-1
295,599,1620742797401,-1,-1,-1
296,591,1620742797401,-1,-1,-1
297,639,1620742798410,-1,-1,-1
298,511,1620742798410,-1,-1,-1
299,631,1620742799404,-1,-1,-1
300,631,1620742800403,-1,-1,-1
301,543,1620742800403,-1,-1,-1
302,623,1620742803491,-1,-1,-1
303,551,1620742803491,-1,-1,-1
304,679,1620742804409,-1,-1,-1
305,551,1620742804409,-1,-1,-1
306,615,1620742805449,-1,-1,-1
307,607,1620742806370,-1,-1,-1
308,591,1620742806370,-1,-1,-1
309,591,1620742807370,-1,-1,-1
310,591,1620742807370,-1,-1,-1
311,591,1620742808366,-1,-1,-1
312,607,1620742809404,-1,-1,-1
313,607,1620742809404,-1,-1,-1
314,583,1620742810491,-1,-1,-1
315,615,1620742810491,-1,-1,-1
316,631,1620742811373,-1,-1,-1
317,631,1620742812448,-1,-1,-1
318,631,1620742812448,-1,-1,-1
319,623,1620742813369,-1,-1,-1
320,623,1620742814370,-1,-1,-1
321,631,1620742814370,-1,-1,-1
322,631,1620742815369,-1,-1,-1
323,607,1620742815369,-1,-1,-1
324,615,1620742816369,-1,-1,-1
325,567,1620742820368,-1,-1,-1
326,583,1620742820368,-1,-1,-1
327,615,1620742821404,-1,-1,-1
328,607,1620742821404,-1,-1,-1
329,639,1620742822370,-1,-1,-1
330,575,1620742823370,-1,-1,-1
331,607,1620742823370,-1,-1,-1
332,615,1620742824372,-1,-1,-1
333,567,1620742824372,-1,-1,-1
334,647,1620742827364,-1,-1,-1
335,599,1620742829369,-1,-1,-1
336,623,1620742829369,-1,-1,-1
337,623,1620742830369,-1,-1,-1
338,559,1620742830369,-1,-1,-1
339,559,1620742831362,-1,-1,-1
340,591,1620742832362,-1,-1,-1
341,583,1620742832362,-1,-1,-1
342,599,1620742833363,-1,-1,-1
343,591,1620742833363,-1,-1,-1
344,623,1620742834368,-1,-1,-1
345,551,1620742834368,-1,-1,-1
346,535,1620742837363,-1,-1,-1
347,671,1620742838365,-1,-1,-1
348,567,1620742840370,-1,-1,-1
349,543,1620742840370,-1,-1,-1
350,543,1620742842405,-1,-1,-1
351,503,1620742843369,-1,-1,-1
352,567,1620742843369,-1,-1,-1
353,495,1620742844442,-1,-1,-1
354,551,1620742844442,-1,-1,-1
355,503,1620742845370,-1,-1,-1
356,503,1620742845370,-1,-1,-1
357,503,1620742846362,-1,-1,-1
358,519,1620742846362,-1,-1,-1
359,495,1620742847364,-1,-1,-1
360,527,1620742847364,-1,-1,-1
361,511,1620742848369,-1,-1,-1
362,527,1620742848369,-1,-1,-1
363,527,1620742849371,-1,-1,-1
364,543,1620742849371,-1,-1,-1
365,543,1620742850370,-1,-1,-1
366,543,1620742850370,-1,-1,-1
367,527,1620742851443,-1,-1,-1
368,479,1620742852361,-1,-1,-1
369,703,1620742853403,-1,-1,-1
370,519,1620742854362,-1,-1,-1
371,607,1620742854362,-1,-1,-1
372,487,1620742855370,-1,-1,-1
373,711,1620742856364,-1,-1,-1
374,503,1620742857368,-1,-1,-1
375,503,1620742857368,-1,-1,-1
376,527,1620742858523,-1,-1,-1
377,543,1620742858523,-1,-1,-1
378,551,1620742859372,-1,-1,-1
379,559,1620742860364,-1,-1,-1
380,575,1620742860364,-1,-1,-1
381,583,1620742861369,-1,-1,-1
382,575,1620742861369,-1,-1,-1
383,567,1620742862365,-1,-1,-1
384,575,1620742862365,-1,-1,-1
385,583,1620742863363,-1,-1,-1
386,575,1620742864363,-1,-1,-1
387,575,1620742864363,-1,-1,-1
388,591,1620742865362,-1,-1,-1
389,543,1620742865362,-1,-1,-1
390,447,1620742867365,-1,-1,-1
391,519,1620742869362,-1,-1,-1
392,543,1620742869362,-1,-1,-1
393,567,1620742870365,-1,-1,-1
394,559,1620742870365,-1,-1,-1
395,591,1620742871367,-1,-1,-1
396,567,1620742871367,-1,-1,-1
397,575,1620742872368,-1,-1,-1
398,575,1620742873367,-1,-1,-1
399,567,1620742873367,-1,-1,-1
400,551,1620742874370,-1,-1,-1
401,559,1620742874370,-1,-1,-1
402,559,1620742875409,-1,-1,-1
403,551,1620742875409,-1,-1,-1
404,551,1620742876443,-1,-1,-1
405,551,1620742877370,-1,-1,-1
406,543,1620742877370,-1,-1,-1
407,543,1620742878369,-1,-1,-1
408,567,1620742878369,-1,-1,-1
409,567,1620742879369,-1,-1,-1
410,575,1620742879369,-1,-1,-1
411,607,1620742880369,-1,-1,-1
412,631,1620742881365,-1,-1,-1
413,687,1620742881365,-1,-1,-1
414,703,1620742882366,-1,-1,-1
415,695,1620742883370,-1,-1,-1
416,679,1620742883370,-1,-1,-1
417,503,1620742884367,-1,-1,-1
418,615,1620742885409,-1,-1,-1
419,607,1620742887366,-1,-1,-1
420,631,1620742888364,-1,-1,-1
421,631,1620742889364,-1,-1,-1
422,599,1620742889364,-1,-1,-1
423,711,1620742890362,-1,-1,-1
424,631,1620742892362,-1,-1,-1
425,671,1620742892362,-1,-1,-1
426,583,1620742893364,-1,-1,-1
427,655,1620742893364,-1,-1,-1
428,631,1620742894362,-1,-1,-1
429,583,1620742895366,-1,-1,-1
430,751,1620742895366,-1,-1,-1
431,511,1620742896367,-1,-1,-1
432,727,1620742897362,-1,-1,-1
433,735,1620742897362,-1,-1,-1
434,655,1620742901368,-1,-1,-1
435,575,1620742901368,-1,-1,-1
436,583,1620742902367,-1,-1,-1
437,623,1620742903369,-1,-1,-1
438,471,1620742903369,-1,-1,-1
439,607,1620742905368,-1,-1,-1
440,615,1620742906363,-1,-1,-1
441,671,1620742906363,-1,-1,-1
442,639,1620742907370,-1,-1,-1
443,479,1620742910362,-1,-1,-1
444,671,1620742911369,-1,-1,-1
445,615,1620742911369,-1,-1,-1
446,623,1620742912362,-1,-1,-1
447,575,1620742913369,-1,-1,-1
448,527,1620742915367,-1,-1,-1
449,623,1620742915367,-1,-1,-1
450,599,1620742916368,-1,-1,-1
451,591,1620742917413,-1,-1,-1
452,615,1620742920365,-1,-1,-1
453,607,1620742920365,-1,-1,-1
454,527,1620742926364,-1,-1,-1
455,639,1620742927370,-1,-1,-1
456,463,1620742928363,-1,-1,-1
457,631,1620742930370,-1,-1,-1
458,623,1620742933406,-1,-1,-1
459,583,1620742933406,-1,-1,-1
460,511,1620742936363,-1,-1,-1
461,655,1620742950362,-1,-1,-1
462,599,1620742959363,-1,-1,-1
463,575,1620742960362,-1,-1,-1
464,535,1620742960362,-1,-1,-1
465,599,1620742961361,-1,-1,-1
466,567,1620742962363,-1,-1,-1
467,567,1620742962363,-1,-1,-1
468,519,1620742963482,-1,-1,-1
469,559,1620742963482,-1,-1,-1
470,543,1620742964361,-1,-1,-1
471,551,1620742964361,-1,-1,-1
472,479,1620742965366,-1,-1,-1
473,487,1620742965366,-1,-1,-1
474,559,1620742966361,-1,-1,-1
475,575,1620742966361,-1,-1,-1
476,359,1620742967362,-1,-1,-1
477,639,1620742967362,-1,-1,-1
478,551,1620742968362,-1,-1,-1
479,495,1620742968362,-1,-1,-1
480,527,1620742969362,-1,-1,-1
481,503,1620742970362,-1,-1,-1
482,695,1620742971362,-1,-1,-1
483,375,1620742971362,-1,-1,-1
484,671,1620742972442,-1,-1,-1
485,415,1620742973362,-1,-1,-1
486,599,1620742973362,-1,-1,-1
487,511,1620742974401,-1,-1,-1
488,535,1620742974401,-1,-1,-1
489,511,1620742975364,-1,-1,-1
490,479,1620742975364,-1,-1,-1
491,479,1620742976362,-1,-1,-1
492,487,1620742976362,-1,-1,-1
493,559,1620742977362,-1,-1,-1
494,463,1620742977362,-1,-1,-1
495,519,1620742978362,-1,-1,-1
496,447,1620742978362,-1,-1,-1
497,535,1620742979369,-1,-1,-1
498,519,1620742979369,-1,-1,-1
499,447,1620742980368,-1,-1,-1
500,559,1620742980368,-1,-1,-1
501,431,1620742981404,-1,-1,-1
502,495,1620742981404,-1,-1,-1
503,487,1620742982363,-1,-1,-1
504,519,1620742982363,-1,-1,-1
505,431,1620742983362,-1,-1,-1
506,527,1620742983362,-1,-1,-1
507,431,1620742984364,-1,-1,-1
508,447,1620742985366,-1,-1,-1
509,495,1620742985366,-1,-1,-1
510,439,1620742986527,-1,-1,-1
511,495,1620742986527,-1,-1,-1
512,367,1620742987362,-1,-1,-1
513,575,1620742987362,-1,-1,-1
514,503,1620742988363,-1,-1,-1
515,343,1620742988363,-1,-1,-1
516,487,1620742990404,-1,-1,-1
517,335,1620742991408,-1,-1,-1
518,551,1620743024250,-1,-1,-1
519,551,1620743025246,-1,-1,-1
520,535,1620743026247,-1,-1,-1
521,543,1620743026247,-1,-1,-1
522,543,1620743027364,-1,-1,-1
523,543,1620743027364,-1,-1,-1
524,503,1620743028251,-1,-1,-1
525,543,1620743028251,-1,-1,-1
526,519,1620743029248,-1,-1,-1
527,551,1620743029248,-1,-1,-1
528,543,1620743030247,-1,-1,-1
529,543,1620743030247,-1,-1,-1
530,583,1620743031242,-1,-1,-1
531,567,1620743033250,-1,-1,-1
532,375,1620743033250,-1,-1,-1
533,503,1620743035248,-1,-1,-1
534,591,1620743035248,-1,-1,-1
535,527,1620743036242,-1,-1,-1
536,551,1620743036242,-1,-1,-1
537,535,1620743037245,-1,-1,-1
538,551,1620743038282,-1,-1,-1
539,511,1620743038282,-1,-1,-1
540,551,1620743039248,-1,-1,-1
541,455,1620743040321,-1,-1,-1
542,519,1620743041242,-1,-1,-1
543,647,1620743041242,-1,-1,-1
544,519,1620743042240,-1,-1,-1
545,503,1620743042240,-1,-1,-1
546,359,1620743043242,-1,-1,-1
547,527,1620743044240,-1,-1,-1
548,551,1620743044240,-1,-1,-1
549,567,1620743045286,-1,-1,-1
550,567,1620743046242,-1,-1,-1
551,527,1620743046242,-1,-1,-1
552,543,1620743047242,-1,-1,-1
553,519,1620743048246,-1,-1,-1
554,543,1620743049243,-1,-1,-1
555,623,1620743049243,-1,-1,-1
556,607,1620743054246,-1,-1,-1
557,471,1620743055287,-1,-1,-1
558,503,1620743059241,-1,-1,-1
559,519,1620743059241,-1,-1,-1
560,495,1620743060287,-1,-1,-1
561,511,1620743060287,-1,-1,-1
562,511,1620743061241,-1,-1,-1
563,511,1620743061241,-1,-1,-1
564,527,1620743062247,-1,-1,-1
565,527,1620743062247,-1,-1,-1
566,559,1620743063247,-1,-1,-1
567,551,1620743063247,-1,-1,-1
568,551,1620743064288,-1,-1,-1
569,591,1620743065247,-1,-1,-1
570,663,1620743065247,-1,-1,-1
571,703,1620743067247,-1,-1,-1
572,663,1620743067247,-1,-1,-1
573,655,1620743068328,-1,-1,-1
574,655,1620743069247,-1,-1,-1
575,631,1620743069247,-1,-1,-1
576,615,1620743070247,-1,-1,-1
577,583,1620743071247,-1,-1,-1
578,575,1620743071247,-1,-1,-1
579,583,1620743072246,-1,-1,-1
580,559,1620743072247,-1,-1,-1
581,599,1620743073245,-1,-1,-1
582,551,1620743073245,-1,-1,-1
583,607,1620743074326,-1,-1,-1
584,599,1620743075245,-1,-1,-1
585,631,1620743075245,-1,-1,-1
586,575,1620743076241,-1,-1,-1
587,647,1620743076241,-1,-1,-1
588,671,1620743077285,-1,-1,-1
589,591,1620743078247,-1,-1,-1
590,719,1620743078247,-1,-1,-1
591,495,1620743079241,-1,-1,-1
592,735,1620743080248,-1,-1,-1
593,615,1620743080248,-1,-1,-1
594,599,1620743081246,-1,-1,-1
595,567,1620743081246,-1,-1,-1
596,535,1620743082244,-1,-1,-1
597,559,1620743083247,-1,-1,-1
598,575,1620743083247,-1,-1,-1
599,575,1620743084247,-1,-1,-1
600,575,1620743084247,-1,-1,-1
601,543,1620743087241,-1,-1,-1
602,583,1620743088287,-1,-1,-1
603,519,1620743091247,-1,-1,-1
604,511,1620743091247,-1,-1,-1
605,527,1620743093245,-1,-1,-1
606,479,1620743093245,-1,-1,-1
607,455,1620743093245,-1,-1,-1
608,503,1620743095242,-1,-1,-1
609,639,1620743097248,-1,-1,-1
610,583,1620743097248,-1,-1,-1
611,631,1620743099244,-1,-1,-1
612,551,1620743103282,-1,-1,-1
613,391,1620743104281,-1,-1,-1
614,495,1620743107248,-1,-1,-1
615,551,1620743108247,-1,-1,-1
616,375,1620743108247,-1,-1,-1
617,655,1620743110249,-1,-1,-1
618,599,1620743110249,-1,-1,-1
619,639,1620743111246,-1,-1,-1
620,567,1620743113284,-1,-1,-1
621,575,1620743114240,-1,-1,-1
622,591,1620743114240,-1,-1,-1
623,503,1620743115242,-1,-1,-1
624,551,1620743116244,-1,-1,-1
625,487,1620743119243,-1,-1,-1
626,511,1620743120244,-1,-1,-1
627,567,1620743121280,-1,-1,-1
628,591,1620743122245,-1,-1,-1
629,615,1620743122245,-1,-1,-1
630,719,1620743123240,-1,-1,-1
631,567,1620743123240,-1,-1,-1
632,615,1620743124240,-1,-1,-1
633,559,1620743125241,-1,-1,-1
634,559,1620743125241,-1,-1,-1
635,647,1620743126243,-1,-1,-1
636,615,1620743126243,-1,-1,-1
637,591,1620743127246,-1,-1,-1
638,599,1620743128240,-1,-1,-1
639,599,1620743128240,-1,-1,-1
640,583,1620743129246,-1,-1,-1
641,591,1620743129246,-1,-1,-1
642,567,1620743130240,-1,-1,-1
643,583,1620743131240,-1,-1,-1
644,575,1620743131240,-1,-1,-1
645,583,1620743132240,-1,-1,-1
646,591,1620743132240,-1,-1,-1
647,575,1620743133240,-1,-1,-1
648,559,1620743133240,-1,-1,-1
649,383,1620743134322,-1,-1,-1
650,671,1620743137202,-1,-1,-1
651,607,1620743137202,-1,-1,-1
652,615,1620743138202,-1,-1,-1
653,615,1620743138202,-1,-1,-1
654,631,1620743139246,-1,-1,-1
655,631,1620743140247,-1,-1,-1
656,639,1620743140247,-1,-1,-1
657,607,1620743141206,-1,-1,-1
658,591,1620743142201,-1,-1,-1
659,583,1620743142201,-1,-1,-1
660,559,1620743143200,-1,-1,-1
661,567,1620743143200,-1,-1,-1
662,551,1620743144206,-1,-1,-1
663,551,1620743144206,-1,-1,-1
664,551,1620743145210,-1,-1,-1
665,551,1620743146204,-1,-1,-1
666,559,1620743146204,-1,-1,-1
667,551,1620743147202,-1,-1,-1
668,543,1620743147202,-1,-1,-1
669,551,1620743148202,-1,-1,-1
670,575,1620743148202,-1,-1,-1
671,583,1620743149201,-1,-1,-1
672,623,1620743152200,-1,-1,-1
673,663,1620743153204,-1,-1,-1
674,639,1620743154201,-1,-1,-1
675,615,1620743155243,-1,-1,-1
676,583,1620743156243,-1,-1,-1
677,615,1620743156243,-1,-1,-1
678,535,1620743157205,-1,-1,-1
679,583,1620743158201,-1,-1,-1
680,519,1620743159203,-1,-1,-1
681,591,1620743160200,-1,-1,-1
682,527,1620743160200,-1,-1,-1
683,575,1620743162200,-1,-1,-1
684,463,1620743162201,-1,-1,-1
685,567,1620743163204,-1,-1,-1
686,543,1620743164204,-1,-1,-1
687,535,1620743164204,-1,-1,-1
688,495,1620743165200,-1,-1,-1
689,527,1620743165200,-1,-1,-1
690,543,1620743166255,-1,-1,-1
691,535,1620743166255,-1,-1,-1
692,535,1620743167214,-1,-1,-1
693,535,1620743167214,-1,-1,-1
694,519,1620743168202,-1,-1,-1
695,575,1620743168202,-1,-1,-1
696,607,1620743169204,-1,-1,-1
697,591,1620743170205,-1,-1,-1
698,583,1620743170205,-1,-1,-1
699,575,1620743171203,-1,-1,-1
700,567,1620743171203,-1,-1,-1
701,599,1620743172200,-1,-1,-1
702,543,1620743172200,-1,-1,-1
703,559,1620743174202,-1,-1,-1
704,527,1620743175200,-1,-1,-1
705,559,1620743175200,-1,-1,-1
706,543,1620743176200,-1,-1,-1
707,551,1620743176200,-1,-1,-1
708,559,1620743177202,-1,-1,-1
709,575,1620743177202,-1,-1,-1
710,479,1620743178215,-1,-1,-1
711,655,1620743179202,-1,-1,-1
712,631,1620743179202,-1,-1,-1
713,583,1620743180220,-1,-1,-1
714,615,1620743180220,-1,-1,-1
715,583,1620743181201,-1,-1,-1
716,583,1620743182242,-1,-1,-1
717,567,1620743182242,-1,-1,-1
718,559,1620743183208,-1,-1,-1
719,543,1620743183208,-1,-1,-1
720,567,1620743184201,-1,-1,-1
721,527,1620743184201,-1,-1,-1
722,543,1620743185201,-1,-1,-1
723,543,1620743185201,-1,-1,-1
724,551,1620743186205,-1,-1,-1
725,559,1620743187219,-1,-1,-1
726,543,1620743187219,-1,-1,-1
727,551,1620743188203,-1,-1,-1
728,551,1620743188203,-1,-1,-1
729,591,1620743189254,-1,-1,-1
730,567,1620743189254,-1,-1,-1
731,655,1620743190204,-1,-1,-1
732,647,1620743191201,-1,-1,-1
733,679,1620743191201,-1,-1,-1
734,639,1620743192207,-1,-1,-1
735,615,1620743193215,-1,-1,-1
736,607,1620743193216,-1,-1,-1
737,575,1620743194201,-1,-1,-1
738,591,1620743194201,-1,-1,-1
739,551,1620743195201,-1,-1,-1
740,551,1620743195201,-1,-1,-1
741,575,1620743196214,-1,-1,-1
742,543,1620743197200,-1,-1,-1
743,535,1620743197200,-1,-1,-1
744,535,1620743198204,-1,-1,-1
745,535,1620743198204,-1,-1,-1
746,575,1620743199204,-1,-1,-1
747,551,1620743199204,-1,-1,-1
748,527,1620743200201,-1,-1,-1
749,551,1620743200201,-1,-1,-1
750,647,1620743202222,-1,-1,-1
751,615,1620743203219,-1,-1,-1
752,743,1620743204212,-1,-1,-1
753,735,1620743204212,-1,-1,-1
754,631,1620743205199,-1,-1,-1
755,655,1620743206241,-1,-1,-1
756,535,1620743208213,-1,-1,-1
757,583,1620743209216,-1,-1,-1
758,591,1620743211210,-1,-1,-1
759,559,1620743212203,-1,-1,-1
760,527,1620743213217,-1,-1,-1
761,543,1620743213217,-1,-1,-1
762,535,1620743214254,-1,-1,-1
763,559,1620743214254,-1,-1,-1
764,575,1620743215219,-1,-1,-1
765,583,1620743216213,-1,-1,-1
766,567,1620743216213,-1,-1,-1
767,559,1620743217215,-1,-1,-1
768,543,1620743217215,-1,-1,-1
769,551,1620743218214,-1,-1,-1
770,559,1620743218214,-1,-1,-1
771,519,1620743219213,-1,-1,-1
772,527,1620743219213,-1,-1,-1
773,519,1620743220212,-1,-1,-1
774,527,1620743221214,-1,-1,-1
775,543,1620743221214,-1,-1,-1
776,511,1620743222245,-1,-1,-1
777,495,1620743222245,-1,-1,-1
778,575,1620743223216,-1,-1,-1
779,535,1620743223216,-1,-1,-1
780,567,1620743224215,-1,-1,-1
781,631,1620743224217,-1,-1,-1
782,615,1620743225209,-1,-1,-1
783,599,1620743226214,-1,-1,-1
784,551,1620743228210,-1,-1,-1
785,647,1620743228210,-1,-1,-1
786,623,1620743229199,-1,-1,-1
787,551,1620743230205,-1,-1,-1
788,559,1620743230205,-1,-1,-1
789,567,1620743232202,-1,-1,-1
790,519,1620743232203,-1,-1,-1
791,527,1620743233208,-1,-1,-1
792,527,1620743233208,-1,-1,-1
793,527,1620743234214,-1,-1,-1
794,535,1620743234214,-1,-1,-1
795,535,1620743235215,-1,-1,-1
796,575,1620743236216,-1,-1,-1
797,583,1620743236216,-1,-1,-1
798,575,1620743237201,-1,-1,-1
799,551,1620743237201,-1,-1,-1
800,543,1620743238215,-1,-1,-1
801,551,1620743238215,-1,-1,-1
802,543,1620743239253,-1,-1,-1
803,535,1620743239253,-1,-1,-1
804,527,1620743240208,-1,-1,-1
805,527,1620743241214,-1,-1,-1
806,535,1620743241214,-1,-1,-1
807,527,1620743242201,-1,-1,-1
808,543,1620743242202,-1,-1,-1
809,567,1620743243204,-1,-1,-1
810,615,1620743243204,-1,-1,-1
811,599,1620743244214,-1,-1,-1
812,575,1620743244214,-1,-1,-1
813,607,1620743245200,-1,-1,-1
814,551,1620743246254,-1,-1,-1
815,575,1620743246254,-1,-1,-1
816,567,1620743247215,-1,-1,-1
817,551,1620743247215,-1,-1,-1
818,543,1620743248206,-1,-1,-1
819,559,1620743248206,-1,-1,-1
820,551,1620743249217,-1,-1,-1
821,551,1620743250214,-1,-1,-1
822,559,1620743250214,-1,-1,-1
823,519,1620743251214,-1,-1,-1
824,535,1620743251214,-1,-1,-1
825,527,1620743252204,-1,-1,-1
826,511,1620743252205,-1,-1,-1
827,567,1620743254217,-1,-1,-1
828,559,1620743254217,-1,-1,-1
829,543,1620743255240,-1,-1,-1
830,551,1620743256214,-1,-1,-1
831,607,1620743256214,-1,-1,-1
832,535,1620743257202,-1,-1,-1
833,559,1620743257202,-1,-1,-1
834,551,1620743259201,-1,-1,-1
835,527,1620743259201,-1,-1,-1
836,583,1620743263202,-1,-1,-1
837,447,1620743264213,-1,-1,-1
838,535,1620743264213,-1,-1,-1
839,375,1620743265211,-1,-1,-1
840,647,1620743265211,-1,-1,-1
841,543,1620743266219,-1,-1,-1
842,463,1620743266219,-1,-1,-1
843,535,1620743267214,-1,-1,-1
844,343,1620743267214,-1,-1,-1
845,359,1620743269199,-1,-1,-1
846,599,1620743270205,-1,-1,-1
847,567,1620743271200,-1,-1,-1
848,335,1620743271200,-1,-1,-1
849,591,1620743272277,-1,-1,-1
850,583,1620743273202,-1,-1,-1
851,639,1620743277200,-1,-1,-1
852,567,1620743278239,-1,-1,-1
853,511,1620743278239,-1,-1,-1
854,511,1620743279206,-1,-1,-1
855,503,1620743279206,-1,-1,-1
856,543,1620743280201,-1,-1,-1
857,535,1620743281211,-1,-1,-1
858,495,1620743281211,-1,-1,-1
859,527,1620743282203,-1,-1,-1
860,487,1620743282203,-1,-1,-1
861,479,1620743283202,-1,-1,-1
862,535,1620743283202,-1,-1,-1
863,479,1620743284215,-1,-1,-1
864,487,1620743284216,-1,-1,-1
865,527,1620743285200,-1,-1,-1
866,487,1620743285200,-1,-1,-1
867,471,1620743286211,-1,-1,-1
868,567,1620743286211,-1,-1,-1
869,455,1620743287201,-1,-1,-1
870,527,1620743287201,-1,-1,-1
871,519,1620743288245,-1,-1,-1
872,479,1620743288245,-1,-1,-1
873,471,1620743289207,-1,-1,-1
874,527,1620743289207,-1,-1,-1
875,591,1620743290213,-1,-1,-1
876,575,1620743290213,-1,-1,-1
877,583,1620743291216,-1,-1,-1
878,551,1620743291216,-1,-1,-1
879,447,1620743294212,-1,-1,-1
880,583,1620743295201,-1,-1,-1
881,527,1620743301201,-1,-1,-1
882,439,1620743301201,-1,-1,-1
883,519,1620743302214,-1,-1,-1
884,503,1620743302215,-1,-1,-1
885,519,1620743303213,-1,-1,-1
886,551,1620743305213,-1,-1,-1
887,463,1620743305213,-1,-1,-1
888,535,1620743306213,-1,-1,-1
889,647,1620743306213,-1,-1,-1
890,695,1620743308213,-1,-1,-1
891,575,1620743309215,-1,-1,-1
892,631,1620743313200,-1,-1,-1
893,503,1620743313200,-1,-1,-1
894,535,1620743314202,-1,-1,-1
895,399,1620743314202,-1,-1,-1
896,551,1620743315207,-1,-1,-1
897,487,1620743316206,-1,-1,-1
898,535,1620743317205,-1,-1,-1
899,511,1620743317205,-1,-1,-1
900,495,1620743318208,-1,-1,-1
901,511,1620743318208,-1,-1,-1
902,343,1620743318208,-1,-1,-1
903,495,1620743320207,-1,-1,-1
904,527,1620743320208,-1,-1,-1
905,455,1620743321240,-1,-1,-1
906,431,1620743322199,-1,-1,-1
907,599,1620743323202,-1,-1,-1
908,511,1620743323203,-1,-1,-1
909,487,1620743324205,-1,-1,-1
910,623,1620743325200,-1,-1,-1
911,487,1620743326213,-1,-1,-1
912,583,1620743327202,-1,-1,-1
913,575,1620743330202,-1,-1,-1
914,407,1620743330202,-1,-1,-1
915,487,1620743331214,-1,-1,-1
916,503,1620743331214,-1,-1,-1
917,431,1620743332200,-1,-1,-1
918,447,1620743335215,-1,-1,-1
919,519,1620743335215,-1,-1,-1
920,495,1620743336214,-1,-1,-1
921,495,1620743336215,-1,-1,-1
922,495,1620743337215,-1,-1,-1
923,479,1620743337216,-1,-1,-1
924,479,1620743338213,-1,-1,-1
925,495,1620743338214,-1,-1,-1
926,495,1620743339212,-1,-1,-1
927,503,1620743339212,-1,-1,-1
928,487,1620743340214,-1,-1,-1
929,487,1620743340214,-1,-1,-1
930,487,1620743341214,-1,-1,-1
931,487,1620743341214,-1,-1,-1
932,495,1620743342255,-1,-1,-1
933,487,1620743342255,-1,-1,-1
934,487,1620743343211,-1,-1,-1
935,487,1620743343211,-1,-1,-1
936,479,1620743344213,-1,-1,-1
937,487,1620743344213,-1,-1,-1
938,479,1620743345212,-1,-1,-1
939,479,1620743345212,-1,-1,-1
940,471,1620743346213,-1,-1,-1
941,471,1620743346213,-1,-1,-1
942,487,1620743347217,-1,-1,-1
943,471,1620743347217,-1,-1,-1
944,487,1620743347217,-1,-1,-1
945,487,1620743348214,-1,-1,-1
946,503,1620743348214,-1,-1,-1
947,503,1620743350213,-1,-1,-1
948,503,1620743350213,-1,-1,-1
949,471,1620743351214,-1,-1,-1
950,471,1620743351214,-1,-1,-1
951,471,1620743352206,-1,-1,-1
952,455,1620743353203,-1,-1,-1
953,431,1620743358211,-1,-1,-1
954,511,1620743361202,-1,-1,-1
955,511,1620743362202,-1,-1,-1
956,495,1620743362202,-1,-1,-1
957,511,1620743363214,-1,-1,-1
958,511,1620743363214,-1,-1,-1
959,543,1620743364213,-1,-1,-1
960,551,1620743364213,-1,-1,-1
961,535,1620743366216,-1,-1,-1
962,527,1620743367214,-1,-1,-1
963,495,1620743367214,-1,-1,-1
964,519,1620743369215,-1,-1,-1
965,527,1620743370254,-1,-1,-1
966,543,1620743370254,-1,-1,-1
967,567,1620743371201,-1,-1,-1
968,623,1620743371201,-1,-1,-1
969,655,1620743373200,-1,-1,-1
970,631,1620743373200,-1,-1,-1
971,639,1620743374249,-1,-1,-1
972,639,1620743375214,-1,-1,-1
973,607,1620743375214,-1,-1,-1
974,559,1620743377207,-1,-1,-1
975,575,1620743378218,-1,-1,-1
976,559,1620743380212,-1,-1,-1
977,463,1620743380212,-1,-1,-1
978,583,1620743383201,-1,-1,-1
979,591,1620743383201,-1,-1,-1
980,599,1620743384199,-1,-1,-1
981,575,1620743385213,-1,-1,-1
982,551,1620743386215,-1,-1,-1
983,575,1620743387243,-1,-1,-1
984,559,1620743388205,-1,-1,-1
985,559,1620743388205,-1,-1,-1
986,551,1620743389201,-1,-1,-1
987,575,1620743389201,-1,-1,-1
988,559,1620743390211,-1,-1,-1
989,567,1620743390211,-1,-1,-1
990,575,1620743391217,-1,-1,-1
991,559,1620743391217,-1,-1,-1
992,551,1620743392199,-1,-1,-1
993,559,1620743393213,-1,-1,-1
994,567,1620743393213,-1,-1,-1
995,559,1620743394212,-1,-1,-1
996,567,1620743394212,-1,-1,-1
997,551,1620743395201,-1,-1,-1
998,575,1620743395201,-1,-1,-1
999,583,1620743396201,-1,-1,-1
1000,535,1620743397199,-1,-1,-1
1001,551,1620743397200,-1,-1,-1
1002,575,1620743398205,-1,-1,-1
1003,567,1620743398205,-1,-1,-1
1004,583,1620743399213,-1,-1,-1
1005,583,1620743399213,-1,-1,-1
1006,583,1620743400201,-1,-1,-1
1007,599,1620743401200,-1,-1,-1
1008,583,1620743401200,-1,-1,-1
1009,567,1620743402205,-1,-1,-1
1010,583,1620743402205,-1,-1,-1
1011,583,1620743403254,-1,-1,-1
1012,567,1620743403254,-1,-1,-1
1013,567,1620743404217,-1,-1,-1
1014,583,1620743405199,-1,-1,-1
1015,567,1620743405199,-1,-1,-1
1016,567,1620743406252,-1,-1,-1
1017,567,1620743406252,-1,-1,-1
1018,583,1620743407211,-1,-1,-1
1019,575,1620743408215,-1,-1,-1
1020,583,1620743408215,-1,-1,-1
1021,567,1620743409204,-1,-1,-1
1022,583,1620743409204,-1,-1,-1
1023,575,1620743410215,-1,-1,-1
1024,575,1620743410215,-1,-1,-1
1025,575,1620743411212,-1,-1,-1
1026,575,1620743412200,-1,-1,-1
1027,591,1620743412200,-1,-1,-1
1028,463,1620743415219,-1,-1,-1
1029,599,1620743418212,-1,-1,-1
1030,575,1620743419214,-1,-1,-1
1031,575,1620743419214,-1,-1,-1
1032,623,1620743420253,-1,-1,-1
1033,599,1620743421214,-1,-1,-1
1034,527,1620743422204,-1,-1,-1
1035,607,1620743423211,-1,-1,-1
1036,575,1620743423211,-1,-1,-1
1037,559,1620743424204,-1,-1,-1
1038,591,1620743424204,-1,-1,-1
1039,583,1620743425201,-1,-1,-1
1040,591,1620743426202,-1,-1,-1
1041,591,1620743426202,-1,-1,-1
1042,607,1620743427201,-1,-1,-1
1043,591,1620743427201,-1,-1,-1
1044,583,1620743428211,-1,-1,-1
1045,591,1620743428211,-1,-1,-1
1046,607,1620743429208,-1,-1,-1
1047,551,1620743430212,-1,-1,-1
1048,567,1620743430213,-1,-1,-1
1049,607,1620743432205,-1,-1,-1
1050,607,1620743433212,-1,-1,-1
1051,519,1620743433213,-1,-1,-1
1052,607,1620743434213,-1,-1,-1
1053,591,1620743434213,-1,-1,-1
1054,583,1620743435212,-1,-1,-1
1055,591,1620743435212,-1,-1,-1
1056,583,1620743436251,-1,-1,-1
1057,575,1620743437200,-1,-1,-1
1058,559,1620743440212,-1,-1,-1
1059,559,1620743441202,-1,-1,-1
1060,559,1620743441202,-1,-1,-1
1061,567,1620743442205,-1,-1,-1
1062,559,1620743442205,-1,-1,-1
1063,551,1620743443215,-1,-1,-1
1064,551,1620743443215,-1,-1,-1
1065,559,1620743444214,-1,-1,-1
1066,567,1620743444214,-1,-1,-1
1067,559,1620743445212,-1,-1,-1
1068,559,1620743446213,-1,-1,-1
1069,551,1620743446213,-1,-1,-1
1070,567,1620743447199,-1,-1,-1
1071,551,1620743447199,-1,-1,-1
1072,559,1620743448213,-1,-1,-1
1073,559,1620743448213,-1,-1,-1
1074,559,1620743449213,-1,-1,-1
1075,599,1620743450204,-1,-1,-1
1076,583,1620743450204,-1,-1,-1
1077,591,1620743451214,-1,-1,-1
1078,583,1620743451214,-1,-1,-1
1079,599,1620743452200,-1,-1,-1
1080,583,1620743452200,-1,-1,-1
1081,583,1620743453239,-1,-1,-1
1082,567,1620743454210,-1,-1,-1
1083,575,1620743454210,-1,-1,-1
1084,543,1620743458215,-1,-1,-1
1085,615,1620743459204,-1,-1,-1
1086,567,1620743459204,-1,-1,-1
1087,575,1620743460199,-1,-1,-1
1088,591,1620743461200,-1,-1,-1
1089,567,1620743461200,-1,-1,-1
1090,559,1620743462201,-1,-1,-1
1091,575,1620743462202,-1,-1,-1
1092,559,1620743463202,-1,-1,-1
1093,543,1620743463202,-1,-1,-1
1094,543,1620743464200,-1,-1,-1
1095,551,1620743464200,-1,-1,-1
1096,575,1620743465200,-1,-1,-1
1097,567,1620743467201,-1,-1,-1
1098,567,1620743467201,-1,-1,-1
1099,583,1620743474213,-1,-1,-1
1100,535,1620743475199,-1,-1,-1
1101,527,1620743475199,-1,-1,-1
1102,519,1620743476215,-1,-1,-1
1103,503,1620743476215,-1,-1,-1
1104,519,1620743477200,-1,-1,-1
1105,583,1620743477200,-1,-1,-1
1106,519,1620743479213,-1,-1,-1
1107,519,1620743479213,-1,-1,-1
1108,527,1620743480201,-1,-1,-1
1109,519,1620743480201,-1,-1,-1
1110,511,1620743481202,-1,-1,-1
1111,511,1620743481202,-1,-1,-1
1112,511,1620743482203,-1,-1,-1
1113,503,1620743482203,-1,-1,-1
1114,511,1620743483209,-1,-1,-1
1115,535,1620743483209,-1,-1,-1
1116,591,1620743484215,-1,-1,-1
1117,647,1620743485200,-1,-1,-1
1118,655,1620743485200,-1,-1,-1
1119,687,1620743486255,-1,-1,-1
1120,703,1620743488211,-1,-1,-1
1121,671,1620743489214,-1,-1,-1
1122,631,1620743490201,-1,-1,-1
1123,631,1620743490201,-1,-1,-1
1124,607,1620743491201,-1,-1,-1
1125,599,1620743491201,-1,-1,-1
1126,599,1620743492202,-1,-1,-1
1127,591,1620743493212,-1,-1,-1
1128,591,1620743493212,-1,-1,-1
1129,575,1620743494205,-1,-1,-1
1130,575,1620743494205,-1,-1,-1
1131,583,1620743495200,-1,-1,-1
1132,575,1620743496199,-1,-1,-1
1133,567,1620743496200,-1,-1,-1
1134,551,1620743497211,-1,-1,-1
1135,567,1620743497211,-1,-1,-1
1136,575,1620743498212,-1,-1,-1
1137,599,1620743498212,-1,-1,-1
1138,631,1620743499201,-1,-1,-1
1139,615,1620743500215,-1,-1,-1
1140,599,1620743500215,-1,-1,-1
1141,591,1620743501215,-1,-1,-1
1142,591,1620743501215,-1,-1,-1
1143,583,1620743502245,-1,-1,-1
1144,575,1620743503208,-1,-1,-1
1145,559,1620743503208,-1,-1,-1
1146,567,1620743504202,-1,-1,-1
1147,551,1620743504202,-1,-1,-1
1148,535,1620743505212,-1,-1,-1
1149,559,1620743505212,-1,-1,-1
1150,551,1620743506211,-1,-1,-1
1151,551,1620743507206,-1,-1,-1
1152,559,1620743507206,-1,-1,-1
1153,543,1620743508210,-1,-1,-1
1154,535,1620743508210,-1,-1,-1
1155,535,1620743509218,-1,-1,-1
1156,543,1620743509218,-1,-1,-1
1157,559,1620743510213,-1,-1,-1
1158,567,1620743510213,-1,-1,-1
1159,543,1620743511212,-1,-1,-1
1160,559,1620743511212,-1,-1,-1
1161,543,1620743512201,-1,-1,-1
1162,511,1620743513216,-1,-1,-1
1163,519,1620743513216,-1,-1,-1
1164,495,1620743514213,-1,-1,-1
1165,511,1620743514213,-1,-1,-1
1166,519,1620743515215,-1,-1,-1
1167,543,1620743515215,-1,-1,-1
1168,703,1620743516213,-1,-1,-1
1169,623,1620743520201,-1,-1,-1
1170,703,1620743521211,-1,-1,-1
1171,639,1620743521211,-1,-1,-1
1172,607,1620743522212,-1,-1,-1
1173,615,1620743522212,-1,-1,-1
1174,639,1620743523213,-1,-1,-1
1175,631,1620743524214,-1,-1,-1
1176,615,1620743524215,-1,-1,-1
1177,607,1620743525200,-1,-1,-1
1178,599,1620743526211,-1,-1,-1
1179,599,1620743526211,-1,-1,-1
1180,591,1620743527204,-1,-1,-1
1181,583,1620743527204,-1,-1,-1
1182,567,1620743528201,-1,-1,-1
1183,567,1620743528201,-1,-1,-1
1184,535,1620743529204,-1,-1,-1
1185,535,1620743531211,-1,-1,-1
1186,527,1620743531211,-1,-1,-1
1187,543,1620743532213,-1,-1,-1
1188,543,1620743532213,-1,-1,-1
1189,551,1620743533214,-1,-1,-1
1190,551,1620743533214,-1,-1,-1
1191,543,1620743534253,-1,-1,-1
1192,543,1620743534253,-1,-1,-1
1193,543,1620743535252,-1,-1,-1
1194,543,1620743536212,-1,-1,-1
1195,527,1620743536212,-1,-1,-1
1196,519,1620743537212,-1,-1,-1
1197,527,1620743537212,-1,-1,-1
1198,535,1620743538211,-1,-1,-1
1199,591,1620743538211,-1,-1,-1
1200,671,1620743539212,-1,-1,-1
1201,719,1620743543212,-1,-1,-1
1202,663,1620743544213,-1,-1,-1
1203,663,1620743545212,-1,-1,-1
1204,679,1620743545213,-1,-1,-1
1205,695,1620743546213,-1,-1,-1
1206,671,1620743547212,-1,-1,-1
1207,663,1620743547212,-1,-1,-1
1208,671,1620743548212,-1,-1,-1
1209,655,1620743549215,-1,-1,-1
1210,647,1620743549215,-1,-1,-1
1211,631,1620743550212,-1,-1,-1
1212,639,1620743551212,-1,-1,-1
1213,631,1620743551212,-1,-1,-1
1214,575,1620743554212,-1,-1,-1
1215,551,1620743555212,-1,-1,-1
1216,527,1620743555212,-1,-1,-1
1217,551,1620743556210,-1,-1,-1
1218,415,1620743556210,-1,-1,-1
1219,567,1620743558202,-1,-1,-1
1220,559,1620743559200,-1,-1,-1
1221,567,1620743559200,-1,-1,-1
1222,535,1620743560201,-1,-1,-1
1223,527,1620743560201,-1,-1,-1
1224,527,1620743561202,-1,-1,-1
1225,559,1620743563199,-1,-1,-1
1226,599,1620743564200,-1,-1,-1
1227,495,1620743565202,-1,-1,-1
1228,439,1620743565202,-1,-1,-1
1229,431,1620743565202,-1,-1,-1
1230,527,1620743567221,-1,-1,-1
1231,535,1620743567221,-1,-1,-1
1232,543,1620743568258,-1,-1,-1
1233,567,1620743568258,-1,-1,-1
1234,567,1620743569201,-1,-1,-1
1235,575,1620743570213,-1,-1,-1
1236,575,1620743570213,-1,-1,-1
1237,575,1620743571211,-1,-1,-1
1238,583,1620743571212,-1,-1,-1
1239,591,1620743572212,-1,-1,-1
1240,599,1620743572212,-1,-1,-1
1241,559,1620743573211,-1,-1,-1
1242,575,1620743575199,-1,-1,-1
1243,583,1620743575199,-1,-1,-1
1244,495,1620743576201,-1,-1,-1
1245,655,1620743576201,-1,-1,-1
1246,527,1620743577202,-1,-1,-1
1247,551,1620743578202,-1,-1,-1
1248,527,1620743578202,-1,-1,-1
1249,575,1620743579200,-1,-1,-1
1250,551,1620743579200,-1,-1,-1
1251,519,1620743580199,-1,-1,-1
1252,519,1620743580199,-1,-1,-1
1253,519,1620743581199,-1,-1,-1
1254,543,1620743581199,-1,-1,-1
1255,543,1620743582200,-1,-1,-1
1256,543,1620743582200,-1,-1,-1
1257,535,1620743583199,-1,-1,-1
1258,519,1620743583199,-1,-1,-1
1259,559,1620743584201,-1,-1,-1
1260,583,1620743585207,-1,-1,-1
1261,559,1620743585207,-1,-1,-1
1262,575,1620743586199,-1,-1,-1
1263,583,1620743586199,-1,-1,-1
1264,607,1620743587200,-1,-1,-1
1265,543,1620743587200,-1,-1,-1
1266,607,1620743588202,-1,-1,-1
1267,607,1620743589200,-1,-1,-1
1268,543,1620743589201,-1,-1,-1
1269,599,1620743590202,-1,-1,-1
1270,607,1620743590202,-1,-1,-1
1271,535,1620743591203,-1,-1,-1
1272,583,1620743592202,-1,-1,-1
1273,559,1620743592202,-1,-1,-1
1274,583,1620743593199,-1,-1,-1
1275,559,1620743593199,-1,-1,-1
1276,567,1620743594199,-1,-1,-1
1277,575,1620743594199,-1,-1,-1
1278,599,1620743595201,-1,-1,-1
